WORD,Channel_1,Channel_2,Channel_3,Channel_4,Channel_5,Channel_6,Channel_7,Channel_8
não,1505.8146722095814,-8002.9973987337835,6393.850611907317,11994.0801851845,-187500.02235174447,-187500.02235174447,-187500.02235174447,-187500.02235174447
não,1762.233884600864,-7935.04809558965,6943.412952829952,11950.65074570784,-187500.02235174447,-187500.02235174447,-187500.02235174447,-187500.02235174447
não,1693.6140291230715,-7912.651647645432,6920.278897318709,11972.331937829487,-187500.02235174447,-187500.02235174447,-187500.02235174447,-187500.02235174447
não,1428.8352643055039,-7972.19669487437,6385.602818203309,12021.371665164432,-187500.02235174447,-187500.02235174447,-187500.02235174447,-187500.02235174447
não,1452.8186861060485,-8009.725273814831,6300.733244506508,12006.038368468091,-187500.02235174447,-187500.02235174447,-187500.02235174447,-187500.02235174447
não,1742.1620180799985,-7946.872168406507,6880.336329977075,11952.617699219907,-187500.02235174447,-187500.02235174447,-187500.02235174447,-187500.02235174447
não,1735.3447360211296,-7909.365941210502,6985.881267295035,11965.626414492895,-187500.02235174447,-187500.02235174447,-187500.02235174447,-187500.02235174447
não,1478.0761573405455,-7956.14814235546,6494.299351489467,12015.85078428397,-187500.02235174447,-187500.02235174447,-187500.02235174447,-187500.02235174447
não,1416.8770810219146,-8008.719445314342,6253.8392846392735,12018.600048851973,-187500.02235174447,-187500.02235174447,-187500.02235174447,-187500.02235174447
não,1707.1368345185322,-7963.2559970922475,6784.782622430637,11958.429152778286,-187500.02235174447,-187500.02235174447,-187500.02235174447,-187500.02235174447
não,1758.791715954747,-7911.221136000292,7014.647962409015,11953.93645214277,-187500.02235174447,-187500.02235174447,-187500.02235174447,-187500.02235174447
não,1520.4327130833524,-7943.631165460488,6596.06684399448,12004.876077756415,-187500.02235174447,-187500.02235174447,-187500.02235174447,-187500.02235174447
não,1387.7751097411049,-8002.148032444482,6238.215415265014,12025.551441377575,-187500.02235174447,-187500.02235174447,-187500.02235174447,-187500.02235174447
não,1654.789049004203,-7976.756450743253,6677.471897300708,11964.285309825578,-187500.02235174447,-187500.02235174447,-187500.02235174447,-187500.02235174447
não,1773.4544603174284,-7920.1171302935045,7018.134834544044,11945.398085760842,-187500.02235174447,-187500.02235174447,-187500.02235174447,-187500.02235174447
não,1565.3820711829749,-7934.891633378463,6691.218220140722,11996.337711374488,-187500.02235174447,-187500.02235174447,-187500.02235174447,-187500.02235174447
não,1379.8625922039262,-7993.073224195627,6248.899549114651,12030.692342602295,-187500.02235174447,-187500.02235174447,-187500.02235174447,-187500.02235174447
não,1598.3955977434634,-7990.167497416437,6565.847285490905,11973.56128377453,-187500.02235174447,-187500.02235174447,-187500.02235174447,-187500.02235174447
não,1775.8237452296908,-7929.102531564538,7001.616895391571,11938.93843161326,-187500.02235174447,-187500.02235174447,-187500.02235174447,-187500.02235174447
não,1611.3596095275414,-7928.588441442066,6776.110145581979,11983.530161801596,-187500.02235174447,-187500.02235174447,-187500.02235174447,-187500.02235174447
não,1389.7420632531719,-7983.618436291032,6283.634159998198,12031.787578080604,-187500.02235174447,-187500.02235174447,-187500.02235174447,-187500.02235174447
não,1546.5171988626957,-7997.342407386591,6461.911673773727,11986.301778114055,-187500.02235174447,-187500.02235174447,-187500.02235174447,-187500.02235174447
não,1775.242599873853,-7942.0665433486165,6964.2671304067535,11933.663419921806,-187500.02235174447,-187500.02235174447,-187500.02235174447,-187500.02235174447
não,1653.604406548072,-7927.917889108407,6848.753315061726,11967.45925753823,-187500.02235174447,-187500.02235174447,-187500.02235174447,-187500.02235174447
não,1405.1424151828785,-7971.503790796255,6348.476570663044,12030.222955968733,-187500.02235174447,-187500.02235174447,-187500.02235174447,-187500.02235174447
não,1491.5989627360061,-7998.728215542819,6380.126640811759,12006.127775445912,-187500.02235174447,-187500.02235174447,-187500.02235174447,-187500.02235174447
não,1752.9355589074564,-7949.442619018868,6912.187565825888,11942.961745615214,-187500.02235174447,-187500.02235174447,-187500.02235174447,-187500.02235174447
não,1687.4002441644961,-7924.408665228923,6908.521879735217,11960.261995823623,-187500.02235174447,-187500.02235174447,-187500.02235174447,-187500.02235174447
não,1436.9712992872358,-7961.847837191563,6423.421969821688,12025.86436579995,-187500.02235174447,-187500.02235174447,-187500.02235174447,-187500.02235174447
não,1448.5942064039955,-7999.264657409747,6306.3882358537,12019.76233956365,-187500.02235174447,-187500.02235174447,-187500.02235174447,-187500.02235174447
não,1723.788884137736,-7959.880883679496,6842.4054196364195,11945.711010183217,-187500.02235174447,-187500.02235174447,-187500.02235174447,-187500.02235174447
não,1730.919090618979,-7919.580688426578,6986.015377761767,11948.281460795577,-187500.02235174447,-187500.02235174447,-187500.02235174447,-187500.02235174447
não,1472.5329247156292,-7952.90713940944,6507.0621975734475,12016.074301728524,-187500.02235174447,-187500.02235174447,-187500.02235174447,-187500.02235174447
não,1417.704095566761,-7997.72238704233,6277.286264572891,12028.09954024548,-187500.02235174447,-187500.02235174447,-187500.02235174447,-187500.02235174447
não,1666.9707497323454,-7972.509619296744,6726.444569402286,11960.396106290355,-187500.02235174447,-187500.02235174447,-187500.02235174447,-187500.02235174447
não,1731.72375341937,-7925.906232107429,6977.164086957466,11946.69448693925,-187500.02235174447,-187500.02235174447,-187500.02235174447,-187500.02235174447
não,1517.1470066484221,-7942.625336959999,6605.700445854717,12006.23953416819,-187500.02235174447,-187500.02235174447,-187500.02235174447,-187500.02235174447
não,1390.8596504759373,-7992.514430584244,6248.608976436732,12038.493101417196,-187500.02235174447,-187500.02235174447,-187500.02235174447,-187500.02235174447
não,1628.2351765912983,-7980.15391590046,6643.273728284089,11968.487437783175,-187500.02235174447,-187500.02235174447,-187500.02235174447,-187500.02235174447
não,1747.5487884937274,-7929.661325175921,6990.485726652829,11937.597326945941,-187500.02235174447,-187500.02235174447,-187500.02235174447,-187500.02235174447
não,1558.9671205243017,-7934.936336867373,6695.3085893760435,11990.570961305018,-187500.02235174447,-187500.02235174447,-187500.02235174447,-187500.02235174447
não,1385.7187492512167,-7986.0324246922055,6256.275624784902,12037.554328150074,-187500.02235174447,-187500.02235174447,-187500.02235174447,-187500.02235174447
não,1577.988455055768,-7988.982854960305,6539.8745584338385,11983.597217034963,-187500.02235174447,-187500.02235174447,-187500.02235174447,-187500.02235174447
não,1747.302919304719,-7933.23760428877,6981.477973637339,11938.849024635438,-187500.02235174447,-187500.02235174447,-187500.02235174447,-187500.02235174447
não,1597.2556587762426,-7927.0461710746495,6781.631026462439,11980.892655955871,-187500.02235174447,-187500.02235174447,-187500.02235174447,-187500.02235174447
não,1395.061778433535,-7976.018843176227,6293.513631047444,12038.113121761457,-187500.02235174447,-187500.02235174447,-187500.02235174447,-187500.02235174447
não,1527.92054747588,-7995.0178259632385,6437.74943801754,11998.32701663101,-187500.02235174447,-187500.02235174447,-187500.02235174447,-187500.02235174447
não,1741.7373349353475,-7941.194825314859,6944.575243541628,11940.570108958496,-187500.02235174447,-187500.02235174447,-187500.02235174447,-187500.02235174447
não,1639.791028474692,-7922.575822183589,6856.822294810092,11973.449525052254,-187500.02235174447,-187500.02235174447,-187500.02235174447,-187500.02235174447
não,1411.3785518859092,-7966.1393721269815,6357.014937044971,12036.324982205031,-187500.02235174447,-187500.02235174447,-187500.02235174447,-187500.02235174447
não,1473.4046427493863,-7996.91772424194,6355.696184122108,12016.789557551094,-187500.02235174447,-187500.02235174447,-187500.02235174447,-187500.02235174447
não,1712.9482880769121,-7946.603947473043,6894.7085016618375,11951.187187574767,-187500.02235174447,-187500.02235174447,-187500.02235174447,-187500.02235174447
não,1667.596598577094,-7916.227926758281,6922.759940953249,11968.956824416737,-187500.02235174447,-187500.02235174447,-187500.02235174447,-187500.02235174447
não,1443.0509737790792,-7952.884787664984,6433.592013548853,12030.602935624473,-187500.02235174447,-187500.02235174447,-187500.02235174447,-187500.02235174447
não,1434.937290541803,-7995.040177707694,6283.500049531466,12029.127720490424,-187500.02235174447,-187500.02235174447,-187500.02235174447,-187500.02235174447
não,1686.528526130739,-7957.824523189608,6809.213079120288,11955.143446343356,-187500.02235174447,-187500.02235174447,-187500.02235174447,-187500.02235174447
não,1700.6771803709485,-7917.680790147876,6960.176761171432,11958.406801033832,-187500.02235174447,-187500.02235174447,-187500.02235174447,-187500.02235174447
não,1476.8468113955037,-7944.391124771968,6521.233203558112,12021.081092486513,-187500.02235174447,-187500.02235174447,-187500.02235174447,-187500.02235174447
não,1398.4592435907416,-7993.967293973839,6238.908319343129,12035.989706038203,-187500.02235174447,-187500.02235174447,-187500.02235174447,-187500.02235174447
não,1641.601519775572,-7965.357061071046,6719.4931768766855,11965.715821470718,-187500.02235174447,-187500.02235174447,-187500.02235174447,-187500.02235174447
não,1714.468206699873,-7916.47379594729,6994.777261588248,11953.757638187128,-187500.02235174447,-187500.02235174447,-187500.02235174447,-187500.02235174447
não,1527.4958643312293,-7939.272575291703,6622.196033262734,12009.502888858664,-187500.02235174447,-187500.02235174447,-187500.02235174447,-187500.02235174447
não,1396.2911243785768,-7997.476517853323,6225.8996040701395,12036.995534538692,-187500.02235174447,-187500.02235174447,-187500.02235174447,-187500.02235174447
não,1608.1633100704325,-7981.740889756787,6608.606172633908,11976.556417531541,-187500.02235174447,-187500.02235174447,-187500.02235174447,-187500.02235174447
não,1728.8403783846354,-7922.66522916141,6991.357444686586,11948.259109051121,-187500.02235174447,-187500.02235174447,-187500.02235174447,-187500.02235174447
não,1564.376242682486,-7932.4999967217445,6710.2172029277335,11998.036443953091,-187500.02235174447,-187500.02235174447,-187500.02235174447,-187500.02235174447
não,1386.255191118144,-7989.452241593867,6243.423371723101,12041.488235174207,-187500.02235174447,-187500.02235174447,-187500.02235174447,-187500.02235174447
não,1551.6133965985057,-7990.05573869416,6502.323627748922,11989.006339193147,-187500.02235174447,-187500.02235174447,-187500.02235174447,-187500.02235174447
não,1734.7859424097471,-7927.001467585739,6977.521714868751,11946.403914261331,-187500.02235174447,-187500.02235174447,-187500.02235174447,-187500.02235174447
não,1602.4189117454187,-7922.642877416954,6794.438576035331,11981.89848445636,-187500.02235174447,-187500.02235174447,-187500.02235174447,-187500.02235174447
não,1382.8130224720267,-7977.717575754831,6283.276532086913,12037.062589772057,-187500.02235174447,-187500.02235174447,-187500.02235174447,-187500.02235174447
não,1495.5328697601403,-7995.844840508085,6407.239306836046,12005.099595200969,-187500.02235174447,-187500.02235174447,-187500.02235174447,-187500.02235174447
não,1721.9560410924007,-7932.701162421842,6952.912444223457,11953.51176899812,-187500.02235174447,-187500.02235174447,-187500.02235174447,-187500.02235174447
não,1640.37217383053,-7914.596249413044,6883.420870711908,11979.663310010828,-187500.02235174447,-187500.02235174447,-187500.02235174447,-187500.02235174447
não,1415.3348106544986,-7970.252093106758,6359.853608590795,12032.90516530337,-187500.02235174447,-187500.02235174447,-187500.02235174447,-187500.02235174447
não,1459.47950595373,-8006.01488423525,6314.658381302164,12014.621438338929,-187500.02235174447,-187500.02235174447,-187500.02235174447,-187500.02235174447
não,1713.2835642437417,-7947.207444573337,6881.520972433206,11956.752771944139,-187500.02235174447,-187500.02235174447,-187500.02235174447,-187500.02235174447
não,1681.4770318838398,-7912.338723223058,6929.599574756572,11969.023879650102,-187500.02235174447,-187500.02235174447,-187500.02235174447,-187500.02235174447
não,1446.0684592805458,-7956.349308055557,6441.392772363755,12027.339580933998,-187500.02235174447,-187500.02235174447,-187500.02235174447,-187500.02235174447
não,1411.5797175860068,-8002.39390163349,6259.874255642207,12023.517432632141,-187500.02235174447,-187500.02235174447,-187500.02235174447,-187500.02235174447
não,1672.4469271238956,-7956.282252822191,6798.998331904213,11962.497170269153,-187500.02235174447,-187500.02235174447,-187500.02235174447,-187500.02235174447
não,1709.1261397750545,-7915.557374424622,6976.806459046181,11962.921853413804,-187500.02235174447,-187500.02235174447,-187500.02235174447,-187500.02235174447
não,1487.0392068671235,-7949.1743980854035,6548.144703882302,12021.081092486513,-187500.02235174447,-187500.02235174447,-187500.02235174447,-187500.02235174447
não,1384.0200166726133,-8003.667951067442,6227.575984904288,12034.134511248412,-187500.02235174447,-187500.02235174447,-187500.02235174447,-187500.02235174447
não,1638.338165085097,-7970.1850378733925,6692.648731785862,11972.734269229684,-187500.02235174447,-187500.02235174447,-187500.02235174447,-187500.02235174447
não,1729.7791516517582,-7911.623467400488,6996.207773233387,11964.642937736862,-187500.02235174447,-187500.02235174447,-187500.02235174447,-187500.02235174447
não,1526.0430009416343,-7936.411552001424,6631.941393845248,12013.19092669379,-187500.02235174447,-187500.02235174447,-187500.02235174447,-187500.02235174447
não,1379.1473363813564,-8004.137337701004,6215.103711498226,12037.554328150074,-187500.02235174447,-187500.02235174447,-187500.02235174447,-187500.02235174447
não,1605.279935035698,-7988.759337515752,6606.460405166198,11983.954844946247,-187500.02235174447,-187500.02235174447,-187500.02235174447,-187500.02235174447
não,1750.6333292285597,-7920.430054715879,7015.072645553666,11952.1706643308,-187500.02235174447,-187500.02235174447,-187500.02235174447,-187500.02235174447
não,1580.022463801201,-7931.136540309971,6721.95186876677,11992.582618305996,-187500.02235174447,-187500.02235174447,-187500.02235174447,-187500.02235174447
não,1384.7799759840937,-8001.455128366367,6225.7207901144975,12028.032485012112,-187500.02235174447,-187500.02235174447,-187500.02235174447,-187500.02235174447
não,1563.1916002263547,-8004.651427823476,6473.579284379397,11985.363004846931,-187500.02235174447,-187500.02235174447,-187500.02235174447,-187500.02235174447
não,1767.7771172257803,-7932.14236881046,6978.907523024979,11953.109437597925,-187500.02235174447,-187500.02235174447,-187500.02235174447,-187500.02235174447
não,1632.437304548896,-7924.8109966291195,6827.072122940079,11993.521391573118,-187500.02235174447,-187500.02235174447,-187500.02235174447,-187500.02235174447
não,1394.1453569108673,-7992.335616628602,6291.725491491019,12021.706941331262,-187500.02235174447,-187500.02235174447,-187500.02235174447,-187500.02235174447
não,1510.2626693561876,-8017.615439607554,6386.005149603504,11988.335786859489,-187500.02235174447,-187500.02235174447,-187500.02235174447,-187500.02235174447
não,1759.4399165439509,-7943.564110227122,6959.841485004603,11944.325202026988,-187500.02235174447,-187500.02235174447,-187500.02235174447,-187500.02235174447
não,1698.6431716255156,-7925.816825129608,6926.202109599365,11969.761487217127,-187500.02235174447,-187500.02235174447,-187500.02235174447,-187500.02235174447
não,1456.864351852459,-7996.157764930459,6383.0323675909485,12009.681702814307,-187500.02235174447,-187500.02235174447,-187500.02235174447,-187500.02235174447
não,1481.7194916867604,-8039.967184062861,6298.118090405237,11981.406746078343,-187500.02235174447,-187500.02235174447,-187500.02235174447,-187500.02235174447
não,1748.8898931610458,-7965.915854682429,6884.247885256754,11932.299963510033,-187500.02235174447,-187500.02235174447,-187500.02235174447,-187500.02235174447
não,1732.237843541842,-7930.756560654231,6973.654863077983,11948.08029509548,-187500.02235174447,-187500.02235174447,-187500.02235174447,-187500.02235174447
não,1493.185936592333,-7980.042157178183,6471.522923889509,11995.153068918356,-187500.02235174447,-187500.02235174447,-187500.02235174447,-187500.02235174447
não,1457.6466629083948,-8033.798102593197,6266.222151067514,11993.163763661834,-187500.02235174447,-187500.02235174447,-187500.02235174447,-187500.02235174447
não,1745.4700762593839,-7985.361872358546,6827.452102595819,11933.909289110816,-187500.02235174447,-187500.02235174447,-187500.02235174447,-187500.02235174447
não,1775.1531928960317,-7933.483473477778,7023.834529380147,11922.152271527324,-187500.02235174447,-187500.02235174447,-187500.02235174447,-187500.02235174447
não,1545.2207976842878,-7985.29481712518,6593.317579426477,11968.08510638298,-187500.02235174447,-187500.02235174447,-187500.02235174447,-187500.02235174447
não,1449.220055248744,-8045.3763062210455,6246.127932802193,11984.312472857533,-187500.02235174447,-187500.02235174447,-187500.02235174447,-187500.02235174447
não,1719.0950178021214,-8003.243267922791,6707.959676737747,11937.373809501387,-187500.02235174447,-187500.02235174447,-187500.02235174447,-187500.02235174447
não,1827.4786266659055,-7949.822598674607,7049.092000614643,11920.565297670997,-187500.02235174447,-187500.02235174447,-187500.02235174447,-187500.02235174447
não,1625.2847463231979,-7971.459087307345,6694.258057386644,11964.911158670326,-187500.02235174447,-187500.02235174447,-187500.02235174447,-187500.02235174447
não,1451.991671561202,-8035.765056105263,6253.481656727989,11993.454336339753,-187500.02235174447,-187500.02235174447,-187500.02235174447,-187500.02235174447
não,1664.176781675432,-8030.2888787137135,6604.78402433205,11934.490434466654,-187500.02235174447,-187500.02235174447,-187500.02235174447,-187500.02235174447
não,1843.3483652291734,-7963.166590114426,7065.945215933945,11907.73539635365,-187500.02235174447,-187500.02235174447,-187500.02235174447,-187500.02235174447
não,1681.8793632840352,-7970.095630895571,6805.68150349635,11953.17649283129,-187500.02235174447,-187500.02235174447,-187500.02235174447,-187500.02235174447
não,1452.9527965727802,-8059.413201738978,6264.881046400195,11970.588501761975,-187500.02235174447,-187500.02235174447,-187500.02235174447,-187500.02235174447
não,1632.5267115267172,-8066.521056475766,6488.756118864551,11929.729512897673,-187500.02235174447,-187500.02235174447,-187500.02235174447,-187500.02235174447
não,1853.4513537229723,-7985.853610736563,7039.301936543219,11896.805393315006,-187500.02235174447,-187500.02235174447,-187500.02235174447,-187500.02235174447
não,1739.0551256007107,-7975.951787942861,6917.261411817242,11932.165853043301,-187500.02235174447,-187500.02235174447,-187500.02235174447,-187500.02235174447
não,1527.6299747979613,-8014.419140150445,6384.194658302625,11996.47182184122,-187500.02235174447,-187500.02235174447,-187500.02235174447,-187500.02235174447
não,1622.244909077276,-8036.323849716646,6431.915632714705,11964.330013314488,-187500.02235174447,-187500.02235174447,-187500.02235174447,-187500.02235174447
não,1825.7575423428468,-8031.831149081129,6950.699621522382,11857.421619584755,-187500.02235174447,-187500.02235174447,-187500.02235174447,-187500.02235174447
não,1781.6799022769812,-8004.651427823476,6962.478990850329,11915.804376102016,-187500.02235174447,-187500.02235174447,-187500.02235174447,-187500.02235174447
não,1546.7183645627933,-8059.122629061059,6434.240214138057,11974.343594830465,-187500.02235174447,-187500.02235174447,-187500.02235174447,-187500.02235174447
não,1563.5268763931842,-8089.252780586813,6325.521329107443,11928.991905330648,-187500.02235174447,-187500.02235174447,-187500.02235174447,-187500.02235174447
não,1845.6058914191594,-8022.532823387722,6916.769673439226,11885.651872831808,-187500.02235174447,-187500.02235174447,-187500.02235174447,-187500.02235174447
não,1845.8741123526231,-7986.144183414482,7038.989012120845,11904.047358518525,-187500.02235174447,-187500.02235174447,-187500.02235174447,-187500.02235174447
não,1600.407254744441,-8046.337431232623,6553.754991740584,11969.985004661681,-187500.02235174447,-187500.02235174447,-187500.02235174447,-187500.02235174447
não,1544.3043761616202,-8096.472394045877,6301.917886962639,11964.374716803399,-187500.02235174447,-187500.02235174447,-187500.02235174447,-187500.02235174447
não,1816.1686439715202,-8045.152788776492,6846.182864449366,11899.487602649642,-187500.02235174447,-187500.02235174447,-187500.02235174447,-187500.02235174447
não,1869.678720197525,-8002.170384188937,7093.057881958232,11903.44386141823,-187500.02235174447,-187500.02235174447,-187500.02235174447,-187500.02235174447
não,1646.6083105335606,-8034.82628283814,6648.526388231086,11939.40781824682,-187500.02235174447,-187500.02235174447,-187500.02235174447,-187500.02235174447
não,1521.7738177506708,-8102.350902837623,6266.4009650231565,11964.285309825578,-187500.02235174447,-187500.02235174447,-187500.02235174447,-187500.02235174447
não,1764.7372799798586,-8074.053594357204,6711.021865728124,11910.059977777002,-187500.02235174447,-187500.02235174447,-187500.02235174447,-187500.02235174447
não,1878.775880190835,-8012.496890127289,7066.861637456613,11878.074631461459,-187500.02235174447,-187500.02235174447,-187500.02235174447,-187500.02235174447
não,1685.5897528636162,-8029.215994979859,6751.679688892328,11941.88886188136,-187500.02235174447,-187500.02235174447,-187500.02235174447,-187500.02235174447
não,1519.605698538506,-8095.354806823112,6304.287171874902,11987.888751970382,-187500.02235174447,-187500.02235174447,-187500.02235174447,-187500.02235174447
não,1729.2874132737415,-8090.79505095423,6616.943373315737,11928.097835552435,-187500.02235174447,-187500.02235174447,-187500.02235174447,-187500.02235174447
não,1892.5445547753043,-8026.556137389677,7070.147343891543,11889.205800200201,-187500.02235174447,-187500.02235174447,-187500.02235174447,-187500.02235174447
não,1737.8257796556688,-8028.053704268183,6851.010841251713,11930.89180360935,-187500.02235174447,-187500.02235174447,-187500.02235174447,-187500.02235174447
não,1522.2879078731428,-8087.621103241576,6345.861416561773,11978.813943721527,-187500.02235174447,-187500.02235174447,-187500.02235174447,-187500.02235174447
não,1657.8959414834908,-8101.076853403671,6514.818252899439,11948.281460795577,-187500.02235174447,-187500.02235174447,-187500.02235174447,-187500.02235174447
não,1873.0538336102766,-8039.386038707023,7032.261137039797,11895.486640392142,-187500.02235174447,-187500.02235174447,-187500.02235174447,-187500.02235174447
não,1771.0181201717999,-8026.623192623043,6918.468406017829,11919.738283126151,-187500.02235174447,-187500.02235174447,-187500.02235174447,-187500.02235174447
não,1530.8039225106147,-8076.065251358182,6402.83601317835,11986.860571725438,-187500.02235174447,-187500.02235174447,-187500.02235174447,-187500.02235174447
não,1598.88733612148,-8102.663827259998,6420.963277931604,11969.783838961583,-187500.02235174447,-187500.02235174447,-187500.02235174447,-187500.02235174447
não,1845.1141530411428,-8043.901091086995,6963.462467606362,11904.69555910773,-187500.02235174447,-187500.02235174447,-187500.02235174447,-187500.02235174447
não,1784.719739522903,-8016.117872729048,6972.179647943932,11921.369960471387,-187500.02235174447,-187500.02235174447,-187500.02235174447,-187500.02235174447
não,1533.6649458008942,-8063.078887829649,6474.607464624341,11997.321188130521,-187500.02235174447,-187500.02235174447,-187500.02235174447,-187500.02235174447
não,1526.311221875098,-8102.775585982274,6336.004297256983,12001.61272306594,-187500.02235174447,-187500.02235174447,-187500.02235174447,-187500.02235174447
não,1796.208536172931,-8054.875797614551,6878.324672976098,11938.804321146526,-187500.02235174447,-187500.02235174447,-187500.02235174447,-187500.02235174447
não,1788.944219224956,-8013.256849438769,7017.643096166026,11953.489417253664,-187500.02235174447,-187500.02235174447,-187500.02235174447,-187500.02235174447
não,1551.6133965985057,-8042.761152119774,6555.766648741562,12013.749720305172,-187500.02235174447,-187500.02235174447,-187500.02235174447,-187500.02235174447
não,1459.5912646760064,-8092.471431788377,6272.078308114804,12015.157880205856,-187500.02235174447,-187500.02235174447,-187500.02235174447,-187500.02235174447
não,1700.632476882038,-8058.5861871941315,6762.38617448642,11950.382524774377,-187500.02235174447,-187500.02235174447,-187500.02235174447,-187500.02235174447
não,1755.5730647531827,-8010.664047081954,7018.090131055133,11941.754751414628,-187500.02235174447,-187500.02235174447,-187500.02235174447,-187500.02235174447
não,1538.1352946919556,-8030.557099647177,6636.009411336114,12002.797365522072,-187500.02235174447,-187500.02235174447,-187500.02235174447,-187500.02235174447
não,1401.029694203102,-8084.871838673573,6255.582720706788,12031.42995016932,-187500.02235174447,-187500.02235174447,-187500.02235174447,-187500.02235174447
não,1617.6851532083933,-8069.136210577037,6644.860702140415,11961.312527813021,-187500.02235174447,-187500.02235174447,-187500.02235174447,-187500.02235174447
não,1724.750009149314,-8010.664047081954,7003.5391454147275,11938.759617657617,-187500.02235174447,-187500.02235174447,-187500.02235174447,-187500.02235174447
não,1546.7183645627933,-8019.269468697246,6714.195813440778,11991.733252016695,-187500.02235174447,-187500.02235174447,-187500.02235174447,-187500.02235174447
não,1361.7129757062169,-8072.354861778601,6257.996709107961,12034.782711837615,-187500.02235174447,-187500.02235174447,-187500.02235174447,-187500.02235174447
não,1541.6892220603493,-8074.2547600573025,6531.224433329634,11975.79645822006,-187500.02235174447,-187500.02235174447,-187500.02235174447,-187500.02235174447
não,1717.6421544125265,-8017.548384374188,6992.877363309546,11932.545832699041,-187500.02235174447,-187500.02235174447,-187500.02235174447,-187500.02235174447
não,1571.1264695079888,-8014.039160494704,6798.9759801597575,11971.974309918203,-187500.02235174447,-187500.02235174447,-187500.02235174447,-187500.02235174447
não,1347.8995976328372,-8066.5657599646765,6297.671055516131,12020.142319219389,-187500.02235174447,-187500.02235174447,-187500.02235174447,-187500.02235174447
não,1474.4328229943303,-8085.207114840403,6439.89520548525,11990.2803886271,-187500.02235174447,-187500.02235174447,-187500.02235174447,-187500.02235174447
não,1695.111596001577,-8024.276259455235,6957.896883236991,11934.333972255467,-187500.02235174447,-187500.02235174447,-187500.02235174447,-187500.02235174447
não,1590.572487184106,-8004.539669101199,6867.975815293291,11952.416533519809,-187500.02235174447,-187500.02235174447,-187500.02235174447,-187500.02235174447
não,1349.4642197447085,-8050.852483612595,6355.226797488546,12009.771109792127,-187500.02235174447,-187500.02235174447,-187500.02235174447,-187500.02235174447
não,1403.1978134152669,-8082.994292139327,6333.67971583363,11988.671063026317,-187500.02235174447,-187500.02235174447,-187500.02235174447,-187500.02235174447
não,1650.2516448797758,-8030.914727558462,6879.777536365693,11919.760634870605,-187500.02235174447,-187500.02235174447,-187500.02235174447,-187500.02235174447
não,1612.119568839022,-8008.831204036618,6930.94067942389,11945.398085760842,-187500.02235174447,-187500.02235174447,-187500.02235174447,-187500.02235174447
não,1376.3310165799876,-8049.779599878741,6442.264490397512,12006.23953416819,-187500.02235174447,-187500.02235174447,-187500.02235174447,-187500.02235174447
não,1366.6974147197504,-8087.509344519299,6283.231828598003,12005.658388812351,-187500.02235174447,-187500.02235174447,-187500.02235174447,-187500.02235174447
não,1623.8095311891475,-8042.02354455275,6812.1188058994785,11929.103664052924,-187500.02235174447,-187500.02235174447,-187500.02235174447,-187500.02235174447
não,1634.2030923608652,-7996.649503308476,6976.270017179253,11936.099760067435,-187500.02235174447,-187500.02235174447,-187500.02235174447,-187500.02235174447
não,1404.7847872715936,-8028.478387412833,6533.236090330612,11993.61079855094,-187500.02235174447,-187500.02235174447,-187500.02235174447,-187500.02235174447
não,1310.1027977589129,-8080.692062460431,6234.7061913855305,12004.89842950087,-187500.02235174447,-187500.02235174447,-187500.02235174447,-187500.02235174447
não,1567.9078183064246,-8045.979803321338,6710.977162239214,11943.006449104125,-187500.02235174447,-187500.02235174447,-187500.02235174447,-187500.02235174447
não,1653.7161652703483,-7994.4366806074,7004.500270426306,11935.004524589125,-187500.02235174447,-187500.02235174447,-187500.02235174447,-187500.02235174447
não,1447.7001366257832,-8023.717465843853,6634.824768879983,11979.484496055185,-187500.02235174447,-187500.02235174447,-187500.02235174447,-187500.02235174447
não,1301.4079691657985,-8083.038995628238,6227.732447115475,12009.055853969558,-187500.02235174447,-187500.02235174447,-187500.02235174447,-187500.02235174447
não,1528.702858531816,-8065.694041930919,6607.890916811338,11950.337821285466,-187500.02235174447,-187500.02235174447,-187500.02235174447,-187500.02235174447
não,1678.3924911490074,-8010.664047081954,7002.175689002954,11922.733416883162,-187500.02235174447,-187500.02235174447,-187500.02235174447,-187500.02235174447
não,1507.0440181546235,-8016.274334940235,6724.499967634674,11977.808115221038,-187500.02235174447,-187500.02235174447,-187500.02235174447,-187500.02235174447
não,1306.0794837569576,-8074.4559257574,6240.718810644008,12000.450432354264,-187500.02235174447,-187500.02235174447,-187500.02235174447,-187500.02235174447
não,1479.9313521303359,-8076.735803691841,6489.471374687121,11949.197882318245,-187500.02235174447,-187500.02235174447,-187500.02235174447,-187500.02235174447
não,1686.7967470642027,-8008.138299958504,6981.209752703876,11918.821861603483,-187500.02235174447,-187500.02235174447,-187500.02235174447,-187500.02235174447
não,1556.1955042118436,-8003.310323156157,6816.142119901433,11955.36696378791,-187500.02235174447,-187500.02235174447,-187500.02235174447,-187500.02235174447
não,1324.4973211881306,-8061.246044784313,6307.639933543198,12011.022807481624,-187500.02235174447,-187500.02235174447,-187500.02235174447,-187500.02235174447
não,1435.9207672978364,-8078.054556614704,6413.788367961451,11994.147240417868,-187500.02235174447,-187500.02235174447,-187500.02235174447,-187500.02235174447
não,1666.5684183321498,-8012.25102093828,6952.755982012271,11938.804321146526,-187500.02235174447,-187500.02235174447,-187500.02235174447,-187500.02235174447
não,1574.3227689650976,-7990.994511961283,6896.206068540343,11965.067620881513,-187500.02235174447,-187500.02235174447,-187500.02235174447,-187500.02235174447
não,1325.0114113106026,-8044.59399516511,6376.7515273990075,12021.304609931065,-187500.02235174447,-187500.02235174447,-187500.02235174447,-187500.02235174447
$SILENCE,1357.5331994930746,-8078.792164181729,6321.274497660935,12004.205525422756,-187500.02235174447,-187500.02235174447,-187500.02235174447,-187500.02235174447
$SILENCE,1628.0340108912005,-8019.694151841897,6879.352853221042,11943.721704926695,-187500.02235174447,-187500.02235174447,-187500.02235174447,-187500.02235174447
$SILENCE,1607.045722847667,-7986.814735748141,6955.259377391265,11960.150237101345,-187500.02235174447,-187500.02235174447,-187500.02235174447,-187500.02235174447
$SILENCE,1362.3611762954208,-8027.919593801451,6467.387851165277,12011.559249348551,-187500.02235174447,-187500.02235174447,-187500.02235174447,-187500.02235174447
$SILENCE,1322.7538851206166,-8075.841733913629,6258.868427141718,12007.75945279115,-187500.02235174447,-187500.02235174447,-187500.02235174447,-187500.02235174447
$SILENCE,1597.7697488987149,-8028.947774046394,6789.923523655359,11943.922870626793,-187500.02235174447,-187500.02235174447,-187500.02235174447,-187500.02235174447
$SILENCE,1630.7385719702927,-7983.149049657471,6988.943456285412,11946.202748561234,-187500.02235174447,-187500.02235174447,-187500.02235174447,-187500.02235174447
$SILENCE,1397.2746011346105,-8017.2578116962695,6555.386669085821,12001.478612599209,-187500.02235174447,-187500.02235174447,-187500.02235174447,-187500.02235174447
$SILENCE,1292.78019580605,-8070.767887922274,6225.497272669944,12019.449415141275,-187500.02235174447,-187500.02235174447,-187500.02235174447,-187500.02235174447
$SILENCE,1546.7183645627933,-8036.055628783182,6695.75562426515,11960.440809779264,-187500.02235174447,-187500.02235174447,-187500.02235174447,-187500.02235174447
$SILENCE,1645.110743655055,-7980.891523467484,7017.173709532465,11944.638126449363,-187500.02235174447,-187500.02235174447,-187500.02235174447,-187500.02235174447
$SILENCE,1438.513569654652,-8000.829279521618,6656.997699379647,11994.951903218258,-187500.02235174447,-187500.02235174447,-187500.02235174447,-187500.02235174447
$SILENCE,1275.3011316419997,-8061.178989550947,6219.886984811662,12025.551441377575,-187500.02235174447,-187500.02235174447,-187500.02235174447,-187500.02235174447
$SILENCE,1494.7952621931151,-8046.605652166088,6584.175715944257,11975.572940775508,-187500.02235174447,-187500.02235174447,-187500.02235174447,-187500.02235174447
$SILENCE,1646.9659384448455,-7980.690357767387,7012.6363054080375,11945.576899716485,-187500.02235174447,-187500.02235174447,-187500.02235174447,-187500.02235174447
$SILENCE,1476.444479995308,-7989.921628227428,6750.159770269367,11985.251246124655,-187500.02235174447,-187500.02235174447,-187500.02235174447,-187500.02235174447
$SILENCE,1272.8871432408266,-8053.311175502679,6247.647851425154,12029.57475537953,-187500.02235174447,-187500.02235174447,-187500.02235174447,-187500.02235174447
$SILENCE,1434.8478835639817,-8055.322832503657,6469.444211655165,11979.395089077365,-187500.02235174447,-187500.02235174447,-187500.02235174447,-187500.02235174447
$SILENCE,1650.7433832577924,-7984.758375258252,6986.797688817703,11942.425303748287,-187500.02235174447,-187500.02235174447,-187500.02235174447,-187500.02235174447
$SILENCE,1527.6299747979613,-7974.275407108714,6840.125541701978,11981.65261526735,-187500.02235174447,-187500.02235174447,-187500.02235174447,-187500.02235174447
$SILENCE,1286.3652451473768,-8035.206262493881,6306.187070153603,12030.357066435465,-187500.02235174447,-187500.02235174447,-187500.02235174447,-187500.02235174447
$SILENCE,1383.0141881721245,-8058.07209707166,6378.338501255334,12002.909124244348,-187500.02235174447,-187500.02235174447,-187500.02235174447,-187500.02235174447
$SILENCE,1633.9348714274015,-7988.759337515752,6947.726839509826,11953.109437597925,-187500.02235174447,-187500.02235174447,-187500.02235174447,-187500.02235174447
$SILENCE,1560.442335658352,-7967.324014583113,6914.243926315776,11971.348461073454,-187500.02235174447,-187500.02235174447,-187500.02235174447,-187500.02235174447
$SILENCE,1311.3097919594995,-8024.097445499593,6381.3559867568,12022.958639020759,-187500.02235174447,-187500.02235174447,-187500.02235174447,-187500.02235174447
$SILENCE,1331.0240305690802,-8060.754306406297,6294.00536942546,12010.866345270437,-187500.02235174447,-187500.02235174447,-187500.02235174447,-187500.02235174447
$SILENCE,1605.8163769026253,-7998.214125420347,6869.78630659417,11953.400010275844,-187500.02235174447,-187500.02235174447,-187500.02235174447,-187500.02235174447
$SILENCE,1592.8523651185471,-7959.389145301479,6970.972653743345,11971.683737240284,-187500.02235174447,-187500.02235174447,-187500.02235174447,-187500.02235174447
$SILENCE,1350.872379645393,-8008.495927869789,6474.383947179788,12026.959601278259,-187500.02235174447,-187500.02235174447,-187500.02235174447,-187500.02235174447
$SILENCE,1306.2582977126,-8062.855370385096,6240.025906565894,12026.66902860034,-187500.02235174447,-187500.02235174447,-187500.02235174447,-187500.02235174447
$SILENCE,1574.6803968763825,-8009.2782389257245,6781.653378206895,11968.152161616346,-187500.02235174447,-187500.02235174447,-187500.02235174447,-187500.02235174447
$SILENCE,1622.7813509442033,-7954.918796410418,7010.602296662605,11969.292100583567,-187500.02235174447,-187500.02235174447,-187500.02235174447,-187500.02235174447
$SILENCE,1404.0695314490238,-7991.352139872568,6574.2738931505555,12015.47080462823,-187500.02235174447,-187500.02235174447,-187500.02235174447,-187500.02235174447
$SILENCE,1290.1426899603237,-8052.908844102484,6211.862708552207,12038.2919357171,-187500.02235174447,-187500.02235174447,-187500.02235174447,-187500.02235174447
$SILENCE,1539.2081784258103,-8020.521166386744,6679.237685112677,11989.520429315618,-187500.02235174447,-187500.02235174447,-187500.02235174447,-187500.02235174447
$SILENCE,1642.048554664678,-7956.773991200208,7032.194081806431,11976.489362298174,-187500.02235174447,-187500.02235174447,-187500.02235174447,-187500.02235174447
$SILENCE,1441.7769243451269,-7976.24236062078,6685.116193904423,12026.33375243351,-187500.02235174447,-187500.02235174447,-187500.02235174447,-187500.02235174447
$SILENCE,1273.6918060412177,-8042.202358508392,6225.027886036383,12054.876930102937,-187500.02235174447,-187500.02235174447,-187500.02235174447,-187500.02235174447
$SILENCE,1486.6815789558386,-8028.791311835207,6569.1106401813795,12005.211353923245,-187500.02235174447,-187500.02235174447,-187500.02235174447,-187500.02235174447
$SILENCE,1657.180685660921,-7958.539779012178,7026.986125348345,11979.573903033008,-187500.02235174447,-187500.02235174447,-187500.02235174447,-187500.02235174447
$SILENCE,1492.8059569365928,-7964.306529081647,6782.994482874213,12024.09857798798,-187500.02235174447,-187500.02235174447,-187500.02235174447,-187500.02235174447
$SILENCE,1273.7365095301282,-8029.3501054465905,6264.232845810991,12064.599938940995,-187500.02235174447,-187500.02235174447,-187500.02235174447,-187500.02235174447
$SILENCE,1424.700191581272,-8034.356896204579,6457.486028371576,12015.917839517337,-187500.02235174447,-187500.02235174447,-187500.02235174447,-187500.02235174447
$SILENCE,1650.7433832577924,-7962.451334291856,6989.815174319169,11972.041365151568,-187500.02235174447,-187500.02235174447,-187500.02235174447,-187500.02235174447
$SILENCE,1546.4277918848745,-7953.734153954287,6865.539475147662,12008.072377213524,-187500.02235174447,-187500.02235174447,-187500.02235174447,-187500.02235174447
$SILENCE,1305.4089314232983,-8016.3190384291465,6326.303640163379,12059.928424349837,-187500.02235174447,-187500.02235174447,-187500.02235174447,-187500.02235174447
$SILENCE,1382.4106910718313,-8043.0293730532385,6362.938149325628,12027.89837454538,-187500.02235174447,-187500.02235174447,-187500.02235174447,-187500.02235174447
$SILENCE,1642.2273686203205,-7974.454221064356,6945.357554597564,11980.490324555674,-187500.02235174447,-187500.02235174447,-187500.02235174447,-187500.02235174447
$SILENCE,1589.119623794511,-7946.626299217499,6946.810417987159,12008.653522569362,-187500.02235174447,-187500.02235174447,-187500.02235174447,-187500.02235174447
$SILENCE,1349.1959988112449,-7999.82345102113,6422.84082446585,12059.101409804989,-187500.02235174447,-187500.02235174447,-187500.02235174447,-187500.02235174447
$SILENCE,1353.5992924689403,-8040.145998018504,6299.81682298384,12049.91484283386,-187500.02235174447,-187500.02235174447,-187500.02235174447,-187500.02235174447
$SILENCE,1620.3003073096643,-7983.417270590934,6868.489905415762,11995.242475896177,-187500.02235174447,-187500.02235174447,-187500.02235174447,-187500.02235174447
$SILENCE,1623.0048683887564,-7945.016973616716,6993.6149708765715,11997.879981741904,-187500.02235174447,-187500.02235174447,-187500.02235174447,-187500.02235174447
$SILENCE,1393.5642115550295,-7986.591218303588,6512.985409854104,12043.298726475088,-187500.02235174447,-187500.02235174447,-187500.02235174447,-187500.02235174447
$SILENCE,1333.3039085035216,-8040.3918672075115,6249.078363070294,12049.28899398911,-187500.02235174447,-187500.02235174447,-187500.02235174447,-187500.02235174447
$SILENCE,1599.893164621969,-7998.705863798365,6770.8574856349815,11990.235685138188,-187500.02235174447,-187500.02235174447,-187500.02235174447,-187500.02235174447
$SILENCE,1651.793915247192,-7947.855645162541,7025.309744514197,11987.911103714838,-187500.02235174447,-187500.02235174447,-187500.02235174447,-187500.02235174447
$SILENCE,1429.6399271058951,-7975.214180375837,6612.830652335961,12038.537804906107,-187500.02235174447,-187500.02235174447,-187500.02235174447,-187500.02235174447
$SILENCE,1317.9482600627257,-8032.2334804813245,6232.873348340196,12056.285090003621,-187500.02235174447,-187500.02235174447,-187500.02235174447,-187500.02235174447
$SILENCE,1562.923379292891,-8009.68057032592,6670.118173374913,11996.024786952114,-187500.02235174447,-187500.02235174447,-187500.02235174447,-187500.02235174447
$SILENCE,1671.239932923309,-7951.3425172975685,7043.3923057785405,11982.345519345465,-187500.02235174447,-187500.02235174447,-187500.02235174447,-187500.02235174447
$SILENCE,1484.6922736993163,-7966.318186082624,6720.946040266281,12028.703037345773,-187500.02235174447,-187500.02235174447,-187500.02235174447,-187500.02235174447
$SILENCE,1337.0590015720131,-8026.869061812051,6255.828589895796,12055.636889414418,-187500.02235174447,-187500.02235174447,-187500.02235174447,-187500.02235174447
$SILENCE,1543.5220651056845,-8024.946811788895,6569.937654726226,12005.412519623342,-187500.02235174447,-187500.02235174447,-187500.02235174447,-187500.02235174447
$SILENCE,1712.4789014433507,-7956.036383633183,7055.283433828764,11961.983080146681,-187500.02235174447,-187500.02235174447,-187500.02235174447,-187500.02235174447
$SILENCE,1544.1702656948885,-7951.722496953309,6817.662038524394,12011.04515922608,-187500.02235174447,-187500.02235174447,-187500.02235174447,-187500.02235174447
$SILENCE,1333.0803910589684,-8012.675704082931,6308.131671921215,12063.012965084668,-187500.02235174447,-187500.02235174447,-187500.02235174447,-187500.02235174447
$SILENCE,1467.1014508129897,-8026.936117045417,6458.916540016716,12025.774958822127,-187500.02235174447,-187500.02235174447,-187500.02235174447,-187500.02235174447
$SILENCE,1690.3283226881413,-7965.4911715377775,6980.1145172255665,11979.998586177659,-187500.02235174447,-187500.02235174447,-187500.02235174447,-187500.02235174447
$SILENCE,1595.60162968655,-7949.107342852038,6892.920362105413,12008.877040013915,-187500.02235174447,-187500.02235174447,-187500.02235174447,-187500.02235174447
$SILENCE,1360.7965541835492,-8001.991570233295,6371.185943029635,12059.973127838746,-187500.02235174447,-187500.02235174447,-187500.02235174447,-187500.02235174447
$SILENCE,1425.4601508927526,-8032.904032814984,6378.494963466521,12039.09659851749,-187500.02235174447,-187500.02235174447,-187500.02235174447,-187500.02235174447
$SILENCE,1681.2088109503761,-7975.683567009398,6941.043667917689,11978.925702443803,-187500.02235174447,-187500.02235174447,-187500.02235174447,-187500.02235174447
$SILENCE,1636.1253423840217,-7947.855645162541,6963.462467606362,11994.99660670717,-187500.02235174447,-187500.02235174447,-187500.02235174447,-187500.02235174447
$SILENCE,1394.9723714557138,-7991.508602083755,6460.548217361953,12060.308404005576,-187500.02235174447,-187500.02235174447,-187500.02235174447,-187500.02235174447
$SILENCE,1391.3066853650434,-8034.8709863270515,6316.133596436214,12061.20247378379,-187500.02235174447,-187500.02235174447,-187500.02235174447,-187500.02235174447
$SILENCE,1658.4547350948735,-7987.015901448239,6865.628882125483,11994.0801851845,-187500.02235174447,-187500.02235174447,-187500.02235174447,-187500.02235174447
$SILENCE,1665.2273136648314,-7945.598118972554,7013.1056920415995,11995.80126950756,-187500.02235174447,-187500.02235174447,-187500.02235174447,-187500.02235174447
$SILENCE,1435.09375275299,-7978.745755999775,6556.01251793057,12052.798217868592,-187500.02235174447,-187500.02235174447,-187500.02235174447,-187500.02235174447
$SILENCE,1358.7848971825717,-8030.557099647177,6274.67111047162,12065.158732552378,-187500.02235174447,-187500.02235174447,-187500.02235174447,-187500.02235174447
$SILENCE,1618.1321880974995,-7999.510526598755,6763.2802442646325,11994.750737518161,-187500.02235174447,-187500.02235174447,-187500.02235174447,-187500.02235174447
$SILENCE,1694.9998372793004,-7947.453313762345,7036.6420789530375,11980.266807111122,-187500.02235174447,-187500.02235174447,-187500.02235174447,-187500.02235174447
$SILENCE,1484.7593289326824,-7968.866284950529,6659.098763358446,12035.09563625999,-187500.02235174447,-187500.02235174447,-187500.02235174447,-187500.02235174447
$SILENCE,1346.2008650542339,-8026.5337856452215,6269.9772441360055,12065.896340119403,-187500.02235174447,-187500.02235174447,-187500.02235174447,-187500.02235174447
$SILENCE,1583.8222603586032,-8012.027503493728,6669.961711163725,12004.920781245326,-187500.02235174447,-187500.02235174447,-187500.02235174447,-187500.02235174447
$SILENCE,1712.2330322543423,-7951.521331253211,7047.907358158513,11972.331937829487,-187500.02235174447,-187500.02235174447,-187500.02235174447,-187500.02235174447
$SILENCE,1529.2393003987434,-7959.769124957219,6755.904168594381,12021.773996564627,-187500.02235174447,-187500.02235174447,-187500.02235174447,-187500.02235174447
$SILENCE,1341.998737096636,-8018.39775066349,6290.987883923994,12064.53288370763,-187500.02235174447,-187500.02235174447,-187500.02235174447,-187500.02235174447
$SILENCE,1530.6474602994276,-8020.96820127585,6558.940596454215,12007.37947313541,-187500.02235174447,-187500.02235174447,-187500.02235174447,-187500.02235174447
$SILENCE,1724.5711951936717,-7960.57378775761,7035.904471386012,11966.475780782197,-187500.02235174447,-187500.02235174447,-187500.02235174447,-187500.02235174447
$SILENCE,1583.1070045360334,-7954.494113265767,6849.937957517857,12009.90522025886,-187500.02235174447,-187500.02235174447,-187500.02235174447,-187500.02235174447
$SILENCE,1356.3709087813984,-8008.540631358699,6337.367753668756,12061.962433095268,-187500.02235174447,-187500.02235174447,-187500.02235174447,-187500.02235174447
$SILENCE,1475.639817194917,-8027.919593801451,6459.363574905822,12022.980990765214,-187500.02235174447,-187500.02235174447,-187500.02235174447,-187500.02235174447
$SILENCE,1712.657715398993,-7967.994566916772,6997.191249989421,11969.56032151703,-187500.02235174447,-187500.02235174447,-187500.02235174447,-187500.02235174447
$SILENCE,1621.8649294215359,-7949.487322507778,6929.3984090564745,11998.751699775661,-187500.02235174447,-187500.02235174447,-187500.02235174447,-187500.02235174447
$SILENCE,1381.2036968712446,-7998.169421931437,6411.732007471563,12056.687421403816,-187500.02235174447,-187500.02235174447,-187500.02235174447,-187500.02235174447
$SILENCE,1429.1705404723336,-8032.904032814984,6379.187867544636,12036.548499649585,-187500.02235174447,-187500.02235174447,-187500.02235174447,-187500.02235174447
$SILENCE,1689.791880821214,-7976.644692020976,6935.567490526139,11974.231836108189,-187500.02235174447,-187500.02235174447,-187500.02235174447,-187500.02235174447
$SILENCE,1657.180685660921,-7943.787627671675,6990.575133630649,11990.012167693636,-187500.02235174447,-187500.02235174447,-187500.02235174447,-187500.02235174447
$SILENCE,1416.0724182215235,-7985.920665969928,6497.585057924397,12047.120874776945,-187500.02235174447,-187500.02235174447,-187500.02235174447,-187500.02235174447
$SILENCE,1392.7595487546384,-8032.099370014593,6319.329895893324,12046.763246865661,-187500.02235174447,-187500.02235174447,-187500.02235174447,-187500.02235174447
$SILENCE,1667.9765782328343,-7990.1451456719815,6858.565730877606,11980.400917577854,-187500.02235174447,-187500.02235174447,-187500.02235174447,-187500.02235174447
$SILENCE,1698.687875114426,-7946.849816662052,7037.312631286697,11980.870304211416,-187500.02235174447,-187500.02235174447,-187500.02235174447,-187500.02235174447
$SILENCE,1467.2355612797214,-7976.4658780653335,6595.508050383098,12036.794368838593,-187500.02235174447,-187500.02235174447,-187500.02235174447,-187500.02235174447
$SILENCE,1373.9617316677252,-8031.227651980836,6282.449517542067,12050.853616100982,-187500.02235174447,-187500.02235174447,-187500.02235174447,-187500.02235174447
$SILENCE,1630.336240570097,-8002.5280121002215,6757.401735472887,11985.854743224949,-187500.02235174447,-187500.02235174447,-187500.02235174447,-187500.02235174447
$SILENCE,1712.8365293546356,-7947.162741084426,7057.0715733851885,11971.929606429292,-187500.02235174447,-187500.02235174447,-187500.02235174447,-187500.02235174447
$SILENCE,1505.0994163870116,-7965.826447704608,6692.916952719325,12024.277391943622,-187500.02235174447,-187500.02235174447,-187500.02235174447,-187500.02235174447
$SILENCE,1358.449621015742,-8025.215032722358,6278.873238429218,12055.05574405858,-187500.02235174447,-187500.02235174447,-187500.02235174447,-187500.02235174447
$SILENCE,1584.0010743142457,-8012.832166294118,6655.567187734508,11996.22595265221,-187500.02235174447,-187500.02235174447,-187500.02235174447,-187500.02235174447
$SILENCE,1729.6003376961157,-7950.2249300748035,7062.972433921389,11966.22991159319,-187500.02235174447,-187500.02235174447,-187500.02235174447,-187500.02235174447
$SILENCE,1555.1002687335335,-7957.24337783377,6788.560067243585,12011.201621437267,-187500.02235174447,-187500.02235174447,-187500.02235174447,-187500.02235174447
$SILENCE,1354.6274727138846,-8017.2578116962695,6303.81778524134,12053.178197524334,-187500.02235174447,-187500.02235174447,-187500.02235174447,-187500.02235174447
$SILENCE,1530.9156812328913,-8022.689285598909,6551.564520783963,12009.569944092029,-187500.02235174447,-187500.02235174447,-187500.02235174447,-187500.02235174447
$SILENCE,1729.309765018197,-7957.601005745055,7045.806294179713,11967.436905793777,-187500.02235174447,-187500.02235174447,-187500.02235174447,-187500.02235174447
$SILENCE,1600.7201791668153,-7951.923662653407,6881.4986206887515,12002.797365522072,-187500.02235174447,-187500.02235174447,-187500.02235174447,-187500.02235174447
$SILENCE,1372.12888862239,-8008.0488929806825,6361.485285936033,12054.42989521383,-187500.02235174447,-187500.02235174447,-187500.02235174447,-187500.02235174447
$SILENCE,1475.6174654504616,-8028.836015324118,6448.299461400445,12018.264772685145,-187500.02235174447,-187500.02235174447,-187500.02235174447,-187500.02235174447
$SILENCE,1717.1280642900545,-7967.324014583113,6998.644113379016,11964.218254592211,-187500.02235174447,-187500.02235174447,-187500.02235174447,-187500.02235174447
$SILENCE,1640.8192087196362,-7946.603947473043,6955.885226236013,11990.123926415912,-187500.02235174447,-187500.02235174447,-187500.02235174447,-187500.02235174447
$SILENCE,1400.3144383805322,-7995.934247485906,6434.754304260529,12043.656354386372,-187500.02235174447,-187500.02235174447,-187500.02235174447,-187500.02235174447
$SILENCE,1431.8080463180597,-8034.043971782205,6368.190809272624,12027.943078034292,-187500.02235174447,-187500.02235174447,-187500.02235174447,-187500.02235174447
$SILENCE,1693.7034361008928,-7978.701052510864,6932.348839324575,11971.013184906626,-187500.02235174447,-187500.02235174447,-187500.02235174447,-187500.02235174447
$SILENCE,1673.6539213244823,-7943.452351504845,7016.972543832368,11986.011205436136,-187500.02235174447,-187500.02235174447,-187500.02235174447,-187500.02235174447
$SILENCE,1434.0655725080458,-7984.803078747163,6527.446988516687,12039.923613062336,-187500.02235174447,-187500.02235174447,-187500.02235174447,-187500.02235174447
$SILENCE,1390.7031882647502,-8032.859329326074,6308.109320176759,12037.040238027601,-187500.02235174447,-187500.02235174447,-187500.02235174447,-187500.02235174447
$SILENCE,1662.8356770081136,-7991.218029405836,6845.2887946711535,11972.242530851667,-187500.02235174447,-187500.02235174447,-187500.02235174447,-187500.02235174447
$SILENCE,1702.4429681829176,-7943.899386393951,7057.652718741027,11973.56128377453,-187500.02235174447,-187500.02235174447,-187500.02235174447,-187500.02235174447
$SILENCE,1473.8516776384924,-7974.38716583099,6625.9287745867705,12030.692342602295,-187500.02235174447,-187500.02235174447,-187500.02235174447,-187500.02235174447
$SILENCE,1367.3009118200437,-8031.2947072142015,6284.528229776411,12049.62427015594,-187500.02235174447,-187500.02235174447,-187500.02235174447,-187500.02235174447
$SILENCE,1617.0593043636447,-8000.069320210138,6747.186988256811,11985.2288943802,-187500.02235174447,-187500.02235174447,-187500.02235174447,-187500.02235174447
$SILENCE,1717.753913134803,-7942.267709048714,7074.774154993792,11968.330975571987,-187500.02235174447,-187500.02235174447,-187500.02235174447,-187500.02235174447
$SILENCE,1514.375390335964,-7961.490209280278,6720.633115843906,12020.209374452756,-187500.02235174447,-187500.02235174447,-187500.02235174447,-187500.02235174447
$SILENCE,1351.1629523233119,-8023.024561765738,6281.086061130293,12054.787523125116,-187500.02235174447,-187500.02235174447,-187500.02235174447,-187500.02235174447
$SILENCE,1570.7911933411592,-8013.368608161046,6635.070638068991,12000.964522476736,-187500.02235174447,-187500.02235174447,-187500.02235174447,-187500.02235174447
$SILENCE,1734.7412389208364,-7949.1743980854035,7076.003500938833,11975.930568686792,-187500.02235174447,-187500.02235174447,-187500.02235174447,-187500.02235174447
$SILENCE,1564.018614771201,-7953.041249876172,6821.238317637243,12018.018903496135,-187500.02235174447,-187500.02235174447,-187500.02235174447,-187500.02235174447
$SILENCE,1358.069641360002,-8015.514375628755,6315.351285380279,12057.62619467094,-187500.02235174447,-187500.02235174447,-187500.02235174447,-187500.02235174447
$SILENCE,1514.4647973137853,-8022.465768154356,6527.514043750053,12012.162746448845,-187500.02235174447,-187500.02235174447,-187500.02235174447,-187500.02235174447
$SILENCE,1723.5653666931828,-7954.918796410418,7047.259157569309,11971.057888395535,-187500.02235174447,-187500.02235174447,-187500.02235174447,-187500.02235174447
$SILENCE,1601.3236762671086,-7944.368773027512,6905.929077378402,12006.619513823929,-187500.02235174447,-187500.02235174447,-187500.02235174447,-187500.02235174447
$SILENCE,1372.0394816445687,-8004.293799912191,6375.276312264957,12059.079058060535,-187500.02235174447,-187500.02235174447,-187500.02235174447,-187500.02235174447
$SILENCE,1465.514476956663,-8030.266526969258,6434.061400182414,12031.027618769123,-187500.02235174447,-187500.02235174447,-187500.02235174447,-187500.02235174447
$SILENCE,1714.1552822774986,-7964.5300465262,6999.985218046334,11980.378565833398,-187500.02235174447,-187500.02235174447,-187500.02235174447,-187500.02235174447
$SILENCE,1639.791028474692,-7938.758485169231,6980.718014325859,12001.791537021583,-187500.02235174447,-187500.02235174447,-187500.02235174447,-187500.02235174447
$SILENCE,1396.0676069340238,-7990.72629102782,6455.317909159411,12055.659241158872,-187500.02235174447,-187500.02235174447,-187500.02235174447,-187500.02235174447
$SILENCE,1416.1841769438001,-8031.629983381032,6354.3997829437,12036.034409527114,-187500.02235174447,-187500.02235174447,-187500.02235174447,-187500.02235174447
$SILENCE,1693.9046018009903,-7975.460049564845,6932.639412002494,11980.199751877755,-187500.02235174447,-187500.02235174447,-187500.02235174447,-187500.02235174447
$SILENCE,1681.3876249060186,-7936.791531657163,7042.989974378344,11992.89554272837,-187500.02235174447,-187500.02235174447,-187500.02235174447,-187500.02235174447
$SILENCE,1435.8313603200152,-7978.164610643937,6549.843436460905,12043.52224391964,-187500.02235174447,-187500.02235174447,-187500.02235174447,-187500.02235174447
$SILENCE,1380.063757904024,-8030.154768246981,6301.157927651158,12044.081037531023,-187500.02235174447,-187500.02235174447,-187500.02235174447,-187500.02235174447
$SILENCE,1650.18458964641,-7987.1500119149705,6831.92245148688,11983.172533890312,-187500.02235174447,-187500.02235174447,-187500.02235174447,-187500.02235174447
$SILENCE,1703.3146862166748,-7937.015049101717,7070.504971802828,11980.22210362221,-187500.02235174447,-187500.02235174447,-187500.02235174447,-187500.02235174447
$SILENCE,1481.7194916867604,-7967.569883772121,6650.761562676616,12033.039275770101,-187500.02235174447,-187500.02235174447,-187500.02235174447,-187500.02235174447
$SILENCE,1359.4554495162308,-8027.070227512148,6284.550581520865,12053.468770202253,-187500.02235174447,-187500.02235174447,-187500.02235174447,-187500.02235174447
$SILENCE,1602.7541879122482,-7998.370587631534,6732.077209005023,11992.672025283817,-187500.02235174447,-187500.02235174447,-187500.02235174447,-187500.02235174447
$SILENCE,1717.0386573122332,-7936.679772934887,7090.912114490523,11975.975272175703,-187500.02235174447,-187500.02235174447,-187500.02235174447,-187500.02235174447
$SILENCE,1531.340364377542,-7957.601005745055,6757.446438961797,12025.506737888663,-187500.02235174447,-187500.02235174447,-187500.02235174447,-187500.02235174447
$SILENCE,1360.9753681391917,-8022.532823387722,6294.72062524803,12057.469732459753,-187500.02235174447,-187500.02235174447,-187500.02235174447,-187500.02235174447
$SILENCE,1559.7717833246927,-8012.5639453606545,6620.877280339871,12005.94896149027,-187500.02235174447,-187500.02235174447,-187500.02235174447,-187500.02235174447
$SILENCE,1729.622689440571,-7945.016973616716,7080.87618123009,11974.790629719571,-187500.02235174447,-187500.02235174447,-187500.02235174447,-187500.02235174447
$SILENCE,1568.600722384539,-7946.827464917596,6850.943786018346,12017.504813373664,-187500.02235174447,-187500.02235174447,-187500.02235174447,-187500.02235174447
$SILENCE,1353.3087197910213,-8009.68057032592,6332.562128610865,12055.301613247588,-187500.02235174447,-187500.02235174447,-187500.02235174447,-187500.02235174447
$SILENCE,1500.7184744737715,-8021.236422209314,6514.594735454886,12010.95575224826,-187500.02235174447,-187500.02235174447,-187500.02235174447,-187500.02235174447
$SILENCE,1716.3681049785741,-7952.571863242611,7044.375782534574,11963.838274936472,-187500.02235174447,-187500.02235174447,-187500.02235174447,-187500.02235174447
$SILENCE,1614.377095029008,-7941.552453226144,6930.18072011241,11993.856667739949,-187500.02235174447,-187500.02235174447,-187500.02235174447,-187500.02235174447
$SILENCE,1377.6721212473062,-7999.82345102113,6396.555172986409,12045.600956153985,-187500.02235174447,-187500.02235174447,-187500.02235174447,-187500.02235174447
$SILENCE,1440.1899504888,-8028.009000779271,6425.299516355934,12025.216165210744,-187500.02235174447,-187500.02235174447,-187500.02235174447,-187500.02235174447
$SILENCE,1702.7335408608367,-7965.759392471242,6992.363273187074,11971.661385495829,-187500.02235174447,-187500.02235174447,-187500.02235174447,-187500.02235174447
$SILENCE,1665.4061276204739,-7941.060714848128,7001.885116325036,11984.245417624166,-187500.02235174447,-187500.02235174447,-187500.02235174447,-187500.02235174447
$SILENCE,1435.7196015977386,-7990.234552649803,6488.264380486534,12036.257926971666,-187500.02235174447,-187500.02235174447,-187500.02235174447,-187500.02235174447
$SILENCE,1426.9800695157135,-8033.082846770627,6355.003280043993,12028.568926879041,-187500.02235174447,-187500.02235174447,-187500.02235174447,-187500.02235174447
$SILENCE,1702.9570583053899,-7980.690357767387,6912.791062926181,11966.900463926848,-187500.02235174447,-187500.02235174447,-187500.02235174447,-187500.02235174447
$SILENCE,1701.5265466602502,-7939.406685758435,7049.91901515949,11974.36594657492,-187500.02235174447,-187500.02235174447,-187500.02235174447,-187500.02235174447
$SILENCE,1464.285131011621,-7978.969273444328,6586.92498051226,12032.055799014068,-187500.02235174447,-187500.02235174447,-187500.02235174447,-187500.02235174447
$SILENCE,1393.1395284103785,-8030.691210113909,6315.9994859694825,12041.063552029556,-187500.02235174447,-187500.02235174447,-187500.02235174447,-187500.02235174447
$SILENCE,1649.3799268460189,-7991.82152650613,6819.137253658445,11976.355251831443,-187500.02235174447,-187500.02235174447,-187500.02235174447,-187500.02235174447
$SILENCE,1712.9929915658226,-7938.222043302303,7081.658492286026,11971.303757584545,-187500.02235174447,-187500.02235174447,-187500.02235174447,-187500.02235174447
$SILENCE,1490.4366720243302,-7961.154933113448,6685.809097982538,12028.14424373439,-187500.02235174447,-187500.02235174447,-187500.02235174447,-187500.02235174447
$SILENCE,1351.5876354679629,-8022.756340832275,6304.957724208561,12055.10044754749,-187500.02235174447,-187500.02235174447,-187500.02235174447,-187500.02235174447
$SILENCE,1575.440356187863,-8003.1762126894255,6720.9013367773705,11996.091842185479,-187500.02235174447,-187500.02235174447,-187500.02235174447,-187500.02235174447
$SILENCE,1712.7918258657248,-7943.161778826926,7091.090928446166,11967.79453370506,-187500.02235174447,-187500.02235174447,-187500.02235174447,-187500.02235174447
$SILENCE,1552.0827832320672,-7957.757467956241,6783.307407296587,12014.084996472002,-187500.02235174447,-187500.02235174447,-187500.02235174447,-187500.02235174447
$SILENCE,1367.3456153089542,-8017.883660541018,6321.408608127667,12057.089752804011,-187500.02235174447,-187500.02235174447,-187500.02235174447,-187500.02235174447
$SILENCE,1561.7387368367597,-8015.804948306674,6613.3670942028875,12003.154993433356,-187500.02235174447,-187500.02235174447,-187500.02235174447,-187500.02235174447
$SILENCE,1752.6673379739927,-7951.521331253211,7080.652663785537,11962.2736528246,-187500.02235174447,-187500.02235174447,-187500.02235174447,-187500.02235174447
$SILENCE,1604.8105484021364,-7949.107342852038,6875.374242707997,12001.165688176834,-187500.02235174447,-187500.02235174447,-187500.02235174447,-187500.02235174447
$SILENCE,1388.2444963746664,-8009.233535436814,6365.441544704622,12053.245252757699,-187500.02235174447,-187500.02235174447,-187500.02235174447,-187500.02235174447
$SILENCE,1512.0508089126122,-8025.237384466814,6512.158395309258,12016.52133661763,-187500.02235174447,-187500.02235174447,-187500.02235174447,-187500.02235174447
$SILENCE,1732.8413406421353,-7961.914892424928,7049.4943320148395,11972.019013407114,-187500.02235174447,-187500.02235174447,-187500.02235174447,-187500.02235174447
$SILENCE,1624.8600631785469,-7945.419305016912,6965.943511240901,12007.647694068874,-187500.02235174447,-187500.02235174447,-187500.02235174447,-187500.02235174447
$SILENCE,1389.0715109195128,-7997.029482964216,6436.877719983783,12056.463903959264,-187500.02235174447,-187500.02235174447,-187500.02235174447,-187500.02235174447
$SILENCE,1463.8157443780594,-8029.797140335696,6429.792216991451,12035.207394982266,-187500.02235174447,-187500.02235174447,-187500.02235174447,-187500.02235174447
$SILENCE,1696.5197559022613,-7971.213218118337,6987.445889406907,11980.266807111122,-187500.02235174447,-187500.02235174447,-187500.02235174447,-187500.02235174447
$SILENCE,1648.2846913677088,-7939.518444480711,7022.448721223917,11994.817792751526,-187500.02235174447,-187500.02235174447,-187500.02235174447,-187500.02235174447
não,1404.673028549317,-7982.00911069025,6524.273040804034,12056.061572559069,-187500.02235174447,-187500.02235174447,-187500.02235174447,-187500.02235174447
não,1392.1336999098899,-8029.439512424411,6357.976062056549,12046.316211976555,-187500.02235174447,-187500.02235174447,-187500.02235174447,-187500.02235174447
não,1698.687875114426,-7989.2063724048585,6895.043777828668,11970.02970815059,-187500.02235174447,-187500.02235174447,-187500.02235174447,-187500.02235174447
não,1746.2523873153195,-7946.827464917596,7062.838323454657,11973.673042496806,-187500.02235174447,-187500.02235174447,-187500.02235174447,-187500.02235174447
não,1488.7155877012715,-7975.10242165356,6616.161062259801,12037.688438616806,-187500.02235174447,-187500.02235174447,-187500.02235174447,-187500.02235174447
não,1383.0365399165798,-8027.427855423433,6318.413474370655,12055.48042720323,-187500.02235174447,-187500.02235174447,-187500.02235174447,-187500.02235174447
não,1651.9950809472898,-7997.029482964216,6807.380236074953,11996.829449752504,-187500.02235174447,-187500.02235174447,-187500.02235174447,-187500.02235174447
não,1722.8948143595237,-7941.328935781591,7095.918905248512,11989.162801404334,-187500.02235174447,-187500.02235174447,-187500.02235174447,-187500.02235174447
não,1501.8807651854474,-7960.819656946619,6719.582583854507,12043.455188686276,-187500.02235174447,-187500.02235174447,-187500.02235174447,-187500.02235174447
não,1358.1590483378232,-8020.521166386744,6313.406683612667,12069.562026210073,-187500.02235174447,-187500.02235174447,-187500.02235174447,-187500.02235174447
não,1598.3285425100973,-8008.25005868078,6704.450452858264,12012.252153426667,-187500.02235174447,-187500.02235174447,-187500.02235174447,-187500.02235174447
não,1749.7169077058923,-7948.302680051646,7102.780890796291,11988.201676392757,-187500.02235174447,-187500.02235174447,-187500.02235174447,-187500.02235174447
não,1571.9534840528352,-7955.946976655362,6817.617335035484,12035.453264171276,-187500.02235174447,-187500.02235174447,-187500.02235174447,-187500.02235174447
não,1357.6673099598063,-8012.943925016395,6338.373582169245,12080.134401337435,-187500.02235174447,-187500.02235174447,-187500.02235174447,-187500.02235174447
não,1512.5201955461737,-8014.910878528462,6596.2233062056675,12031.340543191498,-187500.02235174447,-187500.02235174447,-187500.02235174447,-187500.02235174447
não,1705.5051571732947,-7950.649613219454,7082.060823686222,11992.202638650257,-187500.02235174447,-187500.02235174447,-187500.02235174447,-187500.02235174447
não,1563.728042093282,-7944.681697449887,6899.044740086168,12036.213223482755,-187500.02235174447,-187500.02235174447,-187500.02235174447,-187500.02235174447
não,1376.50983053563,-8001.1198521995375,6376.997396588015,12078.323910036554,-187500.02235174447,-187500.02235174447,-187500.02235174447,-187500.02235174447
não,1529.1945969098326,-8023.583355377121,6498.277962002512,12039.85655782897,-187500.02235174447,-187500.02235174447,-187500.02235174447,-187500.02235174447
não,1736.4846749883504,-7963.300700581158,7039.704267943414,11990.950940960758,-187500.02235174447,-187500.02235174447,-187500.02235174447,-187500.02235174447
não,1637.46644705134,-7943.519406738211,6980.852124792591,12023.80800531006,-187500.02235174447,-187500.02235174447,-187500.02235174447,-187500.02235174447
não,1366.9879873976693,-7991.687416039398,6461.062307484425,12083.777735683649,-187500.02235174447,-187500.02235174447,-187500.02235174447,-187500.02235174447
não,1421.2356711906996,-8027.718428101352,6412.246097594035,12057.514435948664,-187500.02235174447,-187500.02235174447,-187500.02235174447,-187500.02235174447
não,1709.6849333864373,-7975.683567009398,6970.592674087606,11991.465031083231,-187500.02235174447,-187500.02235174447,-187500.02235174447,-187500.02235174447
não,1691.557668633183,-7938.624374702499,7043.1017331006215,12015.694322072784,-187500.02235174447,-187500.02235174447,-187500.02235174447,-187500.02235174447
não,1437.4630376652526,-7975.840029220585,6549.977546927637,12076.781639669138,-187500.02235174447,-187500.02235174447,-187500.02235174447,-187500.02235174447
não,1398.1686709128228,-8024.656239110976,6353.25984397648,12076.267549546666,-187500.02235174447,-187500.02235174447,-187500.02235174447,-187500.02235174447
não,1672.0892992126107,-7983.014939190739,6897.100138318556,12024.478557643719,-187500.02235174447,-187500.02235174447,-187500.02235174447,-187500.02235174447
não,1691.2000407218982,-7932.298831021647,7083.625445798093,12023.271563443133,-187500.02235174447,-187500.02235174447,-187500.02235174447,-187500.02235174447
não,1481.987712620224,-7965.848799449062,6651.946205132748,12069.62908144344,-187500.02235174447,-187500.02235174447,-187500.02235174447,-187500.02235174447
não,1353.8898651468594,-8024.678590855431,6327.689448319608,12087.91280840788,-187500.02235174447,-187500.02235174447,-187500.02235174447,-187500.02235174447
não,1609.4150077599297,-7993.564962573643,6794.550334757607,12027.227822211722,-187500.02235174447,-187500.02235174447,-187500.02235174447,-187500.02235174447
não,1743.2349018138532,-7935.718647923309,7114.224983957409,12017.370702906932,-187500.02235174447,-187500.02235174447,-187500.02235174447,-187500.02235174447
não,1497.3657128054754,-7957.24337783377,6749.28805223561,12065.605767441484,-187500.02235174447,-187500.02235174447,-187500.02235174447,-187500.02235174447
não,1320.0493240415244,-8018.710675085864,6320.045151715894,12097.814631201582,-187500.02235174447,-187500.02235174447,-187500.02235174447,-187500.02235174447
não,1576.9602748108239,-8002.907991755962,6689.340673606476,12039.789502595604,-187500.02235174447,-187500.02235174447,-187500.02235174447,-187500.02235174447
não,1760.8257247001798,-7941.708915437332,7116.750731080858,12014.532031361108,-187500.02235174447,-187500.02235174447,-187500.02235174447,-187500.02235174447
não,1583.151708024944,-7950.2249300748035,6849.200349950833,12057.939119093315,-187500.02235174447,-187500.02235174447,-187500.02235174447,-187500.02235174447
não,1379.5049642926413,-8010.3958261484895,6354.556245154888,12097.278189334655,-187500.02235174447,-187500.02235174447,-187500.02235174447,-187500.02235174447
não,1539.0517162146232,-8014.754416317274,6585.360358400388,12048.506682933174,-187500.02235174447,-187500.02235174447,-187500.02235174447,-187500.02235174447
não,1736.596433710627,-7951.834255675585,7088.207553411431,12002.864420755437,-187500.02235174447,-187500.02235174447,-187500.02235174447,-187500.02235174447
não,1616.8357869190918,-7945.307546294635,6935.232214359309,12040.974145051736,-187500.02235174447,-187500.02235174447,-187500.02235174447,-187500.02235174447
não,1375.5040020351414,-8001.1198521995375,6411.419083049189,12092.405509043398,-187500.02235174447,-187500.02235174447,-187500.02235174447,-187500.02235174447
não,1507.7592739771933,-8028.031352523727,6492.757081122051,12054.318136491554,-187500.02235174447,-187500.02235174447,-187500.02235174447,-187500.02235174447
não,1754.433125785962,-7969.268616350725,7050.947195404434,11999.891638742882,-187500.02235174447,-187500.02235174447,-187500.02235174447,-187500.02235174447
não,1669.9658834893567,-7946.961575384328,7018.24659326632,12024.85853729946,-187500.02235174447,-187500.02235174447,-187500.02235174447,-187500.02235174447
não,1430.6904590952945,-7997.901200997973,6495.506345690053,12077.899226891903,-187500.02235174447,-187500.02235174447,-187500.02235174447,-187500.02235174447
não,1475.6174654504616,-8037.039105539216,6415.330638328867,12057.223863270745,-187500.02235174447,-187500.02235174447,-187500.02235174447,-187500.02235174447
não,1742.8772739025683,-7982.746718257275,6975.577113101139,11994.147240417868,-187500.02235174447,-187500.02235174447,-187500.02235174447,-187500.02235174447
não,1738.8092564117023,-7946.983927128784,7068.82859096868,12004.1831736783,-187500.02235174447,-187500.02235174447,-187500.02235174447,-187500.02235174447
não,1508.1616053773887,-7987.641750292987,6582.991073488125,12061.20247378379,-187500.02235174447,-187500.02235174447,-187500.02235174447,-187500.02235174447
não,1447.186046503311,-8035.943870060906,6355.047983532904,12065.114029063467,-187500.02235174447,-187500.02235174447,-187500.02235174447,-187500.02235174447
não,1699.4254826814513,-7990.793346261185,6884.449050956852,12004.56315333404,-187500.02235174447,-187500.02235174447,-187500.02235174447,-187500.02235174447
não,1735.1882738099425,-7943.3629445270235,7103.429091385495,12006.083071957002,-187500.02235174447,-187500.02235174447,-187500.02235174447,-187500.02235174447
não,1525.2606898856986,-7971.660253007442,6675.326129832999,12059.05670631608,-187500.02235174447,-187500.02235174447,-187500.02235174447,-187500.02235174447
não,1412.3843803863979,-8027.11493100106,6320.268669160446,12074.725279179249,-187500.02235174447,-187500.02235174447,-187500.02235174447,-187500.02235174447
não,1659.3935083619963,-7996.381282375012,6776.4901252377185,12015.224935439222,-187500.02235174447,-187500.02235174447,-187500.02235174447,-187500.02235174447
não,1746.8782361600681,-7934.802226400641,7121.913984050034,12000.450432354264,-187500.02235174447,-187500.02235174447,-187500.02235174447,-187500.02235174447
não,1549.4899808752516,-7952.19188358687,6778.524133983152,12050.585395167518,-187500.02235174447,-187500.02235174447,-187500.02235174447,-187500.02235174447
não,1383.5953335279626,-8014.553250617177,6327.957669253072,12081.63196821594,-187500.02235174447,-187500.02235174447,-187500.02235174447,-187500.02235174447
não,1594.1934697858655,-8004.20439293437,6672.420403053809,12027.652505356373,-187500.02235174447,-187500.02235174447,-187500.02235174447,-187500.02235174447
não,1758.7023089769257,-7938.602022958044,7115.029646757799,11996.717691030228,-187500.02235174447,-187500.02235174447,-187500.02235174447,-187500.02235174447
não,1590.952466839846,-7943.80997941613,6863.684280357872,12032.033447269612,-187500.02235174447,-187500.02235174447,-187500.02235174447,-187500.02235174447
não,1384.6682172618173,-8005.165517945948,6347.738963096019,12070.143171565911,-187500.02235174447,-187500.02235174447,-187500.02235174447,-187500.02235174447
não,1545.8689982734918,-8012.698055827386,6550.826913216939,12032.771054836638,-187500.02235174447,-187500.02235174447,-187500.02235174447,-187500.02235174447
não,1757.9870531543559,-7939.987831114273,7076.4952393168505,11988.067565926023,-187500.02235174447,-187500.02235174447,-187500.02235174447,-187500.02235174447
não,1637.7570197292591,-7926.643839674454,6947.592729043095,12016.320170917532,-187500.02235174447,-187500.02235174447,-187500.02235174447,-187500.02235174447
não,1395.41940634482,-7989.184020660404,6401.807832933407,12065.270491274654,-187500.02235174447,-187500.02235174447,-187500.02235174447,-187500.02235174447
não,1474.9692648612577,-8014.888526784007,6437.3694583618,12031.876985058427,-187500.02235174447,-187500.02235174447,-187500.02235174447,-187500.02235174447
não,1744.10661984761,-7951.655441719943,7012.6363054080375,11983.731327501695,-187500.02235174447,-187500.02235174447,-187500.02235174447,-187500.02235174447
não,1693.5469738897054,-7926.509729207723,7020.571174689672,12015.359045905954,-187500.02235174447,-187500.02235174447,-187500.02235174447,-187500.02235174447
não,1441.1510755003783,-7973.828372219607,6491.572438665919,12063.080020318035,-187500.02235174447,-187500.02235174447,-187500.02235174447,-187500.02235174447
não,1455.255026251677,-8018.665971596954,6384.731100169552,12044.595127653496,-187500.02235174447,-187500.02235174447,-187500.02235174447,-187500.02235174447
não,1721.8666341145795,-7966.72051748282,6921.731760708304,11988.983987448692,-187500.02235174447,-187500.02235174447,-187500.02235174447,-187500.02235174447
não,1706.3768752070519,-7921.5699936831,7036.373858019574,11982.032594923092,-187500.02235174447,-187500.02235174447,-187500.02235174447,-187500.02235174447
não,1487.0168551226682,-7954.449409776857,6599.754881829605,12076.11108733548,-187500.02235174447,-187500.02235174447,-187500.02235174447,-187500.02235174447
não,1425.7283718262163,-8012.988628505305,6330.773989054441,12065.829284886036,-187500.02235174447,-187500.02235174447,-187500.02235174447,-187500.02235174447
não,1679.3536161605855,-7981.204447889859,6808.25195410871,11973.270711096611,-187500.02235174447,-187500.02235174447,-187500.02235174447,-187500.02235174447
não,1751.7732681957805,-7917.479624447778,7071.73431774787,11983.75367924615,-187500.02235174447,-187500.02235174447,-187500.02235174447,-187500.02235174447
não,1533.6872975453493,-7941.61950845951,6674.432060054786,12035.319153704544,-187500.02235174447,-187500.02235174447,-187500.02235174447,-187500.02235174447
não,1401.029694203102,-7992.5367823287,6279.9014186741615,12046.047991043091,-187500.02235174447,-187500.02235174447,-187500.02235174447,-187500.02235174447
não,1641.1544848864658,-7976.711747254342,6728.52328163663,12019.605877352462,-187500.02235174447,-187500.02235174447,-187500.02235174447,-187500.02235174447
não,1722.9618695928896,-7948.5261974961995,7056.289262329253,11965.872283681903,-187500.02235174447,-187500.02235174447,-187500.02235174447,-187500.02235174447
não,1536.503617346718,-7969.000395417261,6743.767171355149,12061.224825528245,-187500.02235174447,-187500.02235174447,-187500.02235174447,-187500.02235174447
não,1369.6031414989402,-7998.214125420347,6301.694369518086,12088.471602019263,-187500.02235174447,-187500.02235174447,-187500.02235174447,-187500.02235174447
não,1568.7795363401815,-7987.708805526353,6588.646064835319,12035.542671149096,-187500.02235174447,-187500.02235174447,-187500.02235174447,-187500.02235174447
não,1722.492482959328,-7941.507749737233,7032.551709717716,11988.76047000414,-187500.02235174447,-187500.02235174447,-187500.02235174447,-187500.02235174447
não,1575.4180044434077,-7947.363906784524,6816.030361179157,12022.735121576205,-187500.02235174447,-187500.02235174447,-187500.02235174447,-187500.02235174447
não,1364.7528129521386,-8000.784576032708,6316.245355158491,12101.010930658691,-187500.02235174447,-187500.02235174447,-187500.02235174447,-187500.02235174447
não,1493.2082883367884,-8018.420102407945,6469.891246544272,12035.967354293747,-187500.02235174447,-187500.02235174447,-187500.02235174447,-187500.02235174447
não,1716.7033811454037,-7957.802171445152,6994.754909843792,11986.70410951425,-187500.02235174447,-187500.02235174447,-187500.02235174447,-187500.02235174447
não,1629.2410050917872,-7922.128787294482,6925.866833432536,12039.945964806791,-187500.02235174447,-187500.02235174447,-187500.02235174447,-187500.02235174447
não,1385.8528597179486,-7987.753509015264,6407.641638236241,12086.661110718383,-187500.02235174447,-187500.02235174447,-187500.02235174447,-187500.02235174447
não,1434.4902556526968,-8025.170329233448,6382.607684446298,12049.646621900394,-187500.02235174447,-187500.02235174447,-187500.02235174447,-187500.02235174447
não,1716.725732889859,-7963.680680236898,6946.676307520427,12018.443586640786,-187500.02235174447,-187500.02235174447,-187500.02235174447,-187500.02235174447
não,1642.048554664678,-7949.777895185697,6943.122380152033,11973.516580285619,-187500.02235174447,-187500.02235174447,-187500.02235174447,-187500.02235174447
não,1404.963601227236,-7976.801154232163,6472.908732045738,12043.388133452909,-187500.02235174447,-187500.02235174447,-187500.02235174447,-187500.02235174447
não,1405.6565053053505,-8007.601858091576,6351.181131742136,12073.160657067378,-187500.02235174447,-187500.02235174447,-187500.02235174447,-187500.02235174447
não,1647.6811942674153,-7972.219046618825,6866.969986792802,11977.674004754306,-187500.02235174447,-187500.02235174447,-187500.02235174447,-187500.02235174447
não,1645.2001506328763,-7952.437752775879,7020.414712478485,11990.258036882644,-187500.02235174447,-187500.02235174447,-187500.02235174447,-187500.02235174447
não,1432.4562469072637,-7977.047023421172,6560.43816333272,12054.899281847393,-187500.02235174447,-187500.02235174447,-187500.02235174447,-187500.02235174447
não,1354.6945279472504,-8030.668858369453,6266.937406890083,12048.350220721988,-187500.02235174447,-187500.02235174447,-187500.02235174447,-187500.02235174447
não,1618.1768915864102,-7981.226799634314,6783.039186363124,11992.962597961736,-187500.02235174447,-187500.02235174447,-187500.02235174447,-187500.02235174447
não,1701.5041949157949,-7927.8061303861305,7060.267872842297,11997.2317811527,-187500.02235174447,-187500.02235174447,-187500.02235174447,-187500.02235174447
não,1467.2579130241768,-7974.4095175754455,6644.078391084479,12013.928534260815,-187500.02235174447,-187500.02235174447,-187500.02235174447,-187500.02235174447
não,1338.9588998507143,-8033.865157826563,6265.730412689497,12065.315194763565,-187500.02235174447,-187500.02235174447,-187500.02235174447,-187500.02235174447
não,1589.3207894946088,-8003.019750478238,6692.425214341309,12017.2365924402,-187500.02235174447,-187500.02235174447,-187500.02235174447,-187500.02235174447
não,1706.019247295767,-7940.792493914663,7065.140553133554,11966.006394148637,-187500.02235174447,-187500.02235174447,-187500.02235174447,-187500.02235174447
não,1509.2568408556988,-7960.842008691074,6753.870159848948,12000.875115498915,-187500.02235174447,-187500.02235174447,-187500.02235174447,-187500.02235174447
não,1338.4448097282423,-8017.704846585375,6298.475718316522,12067.326851764543,-187500.02235174447,-187500.02235174447,-187500.02235174447,-187500.02235174447
não,1524.0760474295673,-8013.659180838965,6581.895838009816,12017.147185462378,-187500.02235174447,-187500.02235174447,-187500.02235174447,-187500.02235174447
não,1712.210680509887,-7948.9955841297615,7062.368936821096,11979.618606521917,-187500.02235174447,-187500.02235174447,-187500.02235174447,-187500.02235174447
não,1576.7144056218156,-7949.9343573968845,6872.133239761978,12019.628229096917,-187500.02235174447,-187500.02235174447,-187500.02235174447,-187500.02235174447
não,1357.8237721709934,-8008.607686592065,6353.952748054594,12063.86233137397,-187500.02235174447,-187500.02235174447,-187500.02235174447,-187500.02235174447
não,1490.4366720243302,-8026.109102500571,6484.218714740124,12024.009171010157,-187500.02235174447,-187500.02235174447,-187500.02235174447,-187500.02235174447
não,1720.6149364250823,-7964.731212226297,7026.226166036865,11969.649728494851,-187500.02235174447,-187500.02235174447,-187500.02235174447,-187500.02235174447
não,1619.115664853533,-7945.955746883839,6948.285633121209,11985.005376935647,-187500.02235174447,-187500.02235174447,-187500.02235174447,-187500.02235174447
não,1385.383473084387,-8001.455128366367,6439.291708384956,12044.058685786567,-187500.02235174447,-187500.02235174447,-187500.02235174447,-187500.02235174447
não,1431.7409910846939,-8039.698963129397,6408.267487080991,12030.245307713189,-187500.02235174447,-187500.02235174447,-187500.02235174447,-187500.02235174447
não,1687.0649679976664,-7982.254979879258,6961.741383283304,11967.861588938427,-187500.02235174447,-187500.02235174447,-187500.02235174447,-187500.02235174447
não,1655.7725257602365,-7953.488284765278,7012.546898430217,11980.736193744684,-187500.02235174447,-187500.02235174447,-187500.02235174447,-187500.02235174447
não,1414.060761220546,-7997.096538197582,6518.640401201296,12037.129645005423,-187500.02235174447,-187500.02235174447,-187500.02235174447,-187500.02235174447
não,1386.098728906957,-8040.123646274048,6340.92168103715,12030.960563535758,-187500.02235174447,-187500.02235174447,-187500.02235174447,-187500.02235174447
não,1647.5247320562282,-7992.4920788397885,6880.962178821824,11966.408725548832,-187500.02235174447,-187500.02235174447,-187500.02235174447,-187500.02235174447
não,1673.0057207352784,-7948.794418429664,7059.8878931865565,11967.07927788249,-187500.02235174447,-187500.02235174447,-187500.02235174447,-187500.02235174447
não,1449.6894418823056,-7982.634959534998,6628.253356010122,12025.484386144208,-187500.02235174447,-187500.02235174447,-187500.02235174447,-187500.02235174447
não,1367.1668013533117,-8036.25679448328,6348.230701474035,12038.00136303918,-187500.02235174447,-187500.02235174447,-187500.02235174447,-187500.02235174447
não,1603.3800367569968,-8008.071244725138,6782.525096240652,11979.015109421625,-187500.02235174447,-187500.02235174447,-187500.02235174447,-187500.02235174447
não,1707.494462429817,-7949.979060885795,7117.913021792534,11973.673042496806,-187500.02235174447,-187500.02235174447,-187500.02235174447,-187500.02235174447
não,1480.668959697361,-7972.95665418585,6711.46890061723,12032.838110070004,-187500.02235174447,-187500.02235174447,-187500.02235174447,-187500.02235174447
não,1325.614908410896,-8038.223747995347,6290.987883923994,12054.273433002643,-187500.02235174447,-187500.02235174447,-187500.02235174447,-187500.02235174447
não,1554.9438065223464,-8021.616401865054,6677.047214156058,11997.097670685967,-187500.02235174447,-187500.02235174447,-187500.02235174447,-187500.02235174447
não,1702.3535612050964,-7956.550473755655,7091.2920941462635,11969.269748839111,-187500.02235174447,-187500.02235174447,-187500.02235174447,-187500.02235174447
não,1525.573614308073,-7961.5572645136435,6813.281096611154,12011.648656326373,-187500.02235174447,-187500.02235174447,-187500.02235174447,-187500.02235174447
não,1333.4156672257982,-8021.571698376143,6330.416361143156,12053.692287646805,-187500.02235174447,-187500.02235174447,-187500.02235174447,-187500.02235174447
não,1507.021666410168,-8024.544480388699,6574.855038506394,12006.41834812383,-187500.02235174447,-187500.02235174447,-187500.02235174447,-187500.02235174447
não,1701.817119338169,-7958.852703434552,7068.202742123931,11968.487437783175,-187500.02235174447,-187500.02235174447,-187500.02235174447,-187500.02235174447
não,1574.121603265,-7950.33668879708,6903.000998854756,12003.914952744837,-187500.02235174447,-187500.02235174447,-187500.02235174447,-187500.02235174447
não,1344.9715191091918,-8005.590201090598,6384.060547835893,12055.815703370059,-187500.02235174447,-187500.02235174447,-187500.02235174447,-187500.02235174447
não,1456.0149855631573,-8027.427855423433,6484.732804862596,12028.09954024548,-187500.02235174447,-187500.02235174447,-187500.02235174447,-187500.02235174447
não,1693.010532022778,-7965.804095960152,7031.7693986617805,11975.438830308776,-187500.02235174447,-187500.02235174447,-187500.02235174447,-187500.02235174447
não,1612.3207345391197,-7948.034459118183,6978.862819536069,11988.827525237504,-187500.02235174447,-187500.02235174447,-187500.02235174447,-187500.02235174447
não,1370.899542677348,-7996.046006208183,6454.110914958825,12044.013982297658,-187500.02235174447,-187500.02235174447,-187500.02235174447,-187500.02235174447
não,1408.1599006843448,-8032.9934397928055,6395.906972397205,12033.95569729277,-187500.02235174447,-187500.02235174447,-187500.02235174447,-187500.02235174447
não,1671.9328370014236,-7975.013014675738,6954.655880290971,11975.08120239749,-187500.02235174447,-187500.02235174447,-187500.02235174447,-187500.02235174447
não,1644.2837291102087,-7939.920775880907,7032.037619595244,11984.021900179614,-187500.02235174447,-187500.02235174447,-187500.02235174447,-187500.02235174447
não,1410.7527030411607,-7985.026596191717,6548.703497493684,12047.500854432685,-187500.02235174447,-187500.02235174447,-187500.02235174447,-187500.02235174447
não,1374.7887462125716,-8030.534747902721,6339.49116939201,12056.977994081735,-187500.02235174447,-187500.02235174447,-187500.02235174447,-187500.02235174447
não,1635.6783074949155,-7985.25011363627,6864.399536180442,11984.647749024361,-187500.02235174447,-187500.02235174447,-187500.02235174447,-187500.02235174447
não,1669.049461966689,-7934.154025811437,7065.140553133554,11977.718708243217,-187500.02235174447,-187500.02235174447,-187500.02235174447,-187500.02235174447
não,1442.2686627231435,-7962.9654244143285,6638.110475314913,12038.582508395019,-187500.02235174447,-187500.02235174447,-187500.02235174447,-187500.02235174447
não,1335.1367515488569,-8023.449244910389,6300.733244506508,12053.938156835815,-187500.02235174447,-187500.02235174447,-187500.02235174447,-187500.02235174447
não,1591.6453709179607,-7995.375453874523,6765.62717743244,11992.22499039471,-187500.02235174447,-187500.02235174447,-187500.02235174447,-187500.02235174447
não,1696.855032069091,-7934.511653722722,7093.571972080705,11981.384394333887,-187500.02235174447,-187500.02235174447,-187500.02235174447,-187500.02235174447
não,1494.3705790484644,-7953.778857443197,6740.123837008934,12037.531976405618,-187500.02235174447,-187500.02235174447,-187500.02235174447,-187500.02235174447
não,1331.35930673591,-8009.747625559286,6304.957724208561,12071.417220999863,-187500.02235174447,-187500.02235174447,-187500.02235174447,-187500.02235174447
não,1544.505541861718,-7998.080014953615,6653.242606311155,12013.503851116164,-187500.02235174447,-187500.02235174447,-187500.02235174447,-187500.02235174447
não,1693.6810843564374,-7940.948956125851,7079.713890518415,11978.255150110144,-187500.02235174447,-187500.02235174447,-187500.02235174447,-187500.02235174447
não,1527.54056782014,-7950.604909730543,6830.246070652732,12021.505775631163,-187500.02235174447,-187500.02235174447,-187500.02235174447,-187500.02235174447
não,1341.2834812740662,-8000.717520799341,6361.887617336228,12071.640738444417,-187500.02235174447,-187500.02235174447,-187500.02235174447,-187500.02235174447
não,1488.2685528121654,-8008.96531450335,6551.408058572777,12031.251136213677,-187500.02235174447,-187500.02235174447,-187500.02235174447,-187500.02235174447
não,1701.0348082822334,-7950.2249300748035,7057.093925129643,11984.893618213371,-187500.02235174447,-187500.02235174447,-187500.02235174447,-187500.02235174447
não,1582.637617902472,-7937.99852585775,6921.4188362859295,12023.875060543425,-187500.02235174447,-187500.02235174447,-187500.02235174447,-187500.02235174447
não,1346.6926034322505,-7991.441546850389,6393.917667140683,12069.517322721164,-187500.02235174447,-187500.02235174447,-187500.02235174447,-187500.02235174447
não,1438.0888865100012,-8017.928364029928,6456.211978937624,12035.922650804836,-187500.02235174447,-187500.02235174447,-187500.02235174447,-187500.02235174447
não,1682.95224701789,-7958.428020289901,7011.362255974085,11985.340653102476,-187500.02235174447,-187500.02235174447,-187500.02235174447,-187500.02235174447
não,1615.829958418603,-7935.919813623406,6990.91040979748,12005.434871367797,-187500.02235174447,-187500.02235174447,-187500.02235174447,-187500.02235174447
não,1371.0113013996247,-7980.735061256298,6469.8465430553615,12060.129590049934,-187500.02235174447,-187500.02235174447,-187500.02235174447,-187500.02235174447
não,1390.9043539648478,-8022.085788498615,6371.275350007457,12045.533900920618,-187500.02235174447,-187500.02235174447,-187500.02235174447,-187500.02235174447
não,1659.7511362732812,-7965.9605581713395,6933.734647480804,11986.413536836331,-187500.02235174447,-187500.02235174447,-187500.02235174447,-187500.02235174447
não,1649.983423946312,-7926.509729207723,7042.654698211515,12004.071414956024,-187500.02235174447,-187500.02235174447,-187500.02235174447,-187500.02235174447
não,1407.8916797508812,-7967.86045645004,6561.600454044396,12057.402677226386,-187500.02235174447,-187500.02235174447,-187500.02235174447,-187500.02235174447
não,1354.2027895692338,-8014.575602361632,6321.542718594399,12059.280223760632,-187500.02235174447,-187500.02235174447,-187500.02235174447,-187500.02235174447
não,1621.9096329104464,-7978.075203666116,6845.981698749269,11995.242475896177,-187500.02235174447,-187500.02235174447,-187500.02235174447,-187500.02235174447
não,1671.374043390041,-7926.286211763169,7079.468021329406,11994.348406117966,-187500.02235174447,-187500.02235174447,-187500.02235174447,-187500.02235174447
não,1448.638909892906,-7951.208406830837,6663.546760505053,12052.619403912951,-187500.02235174447,-187500.02235174447,-187500.02235174447,-187500.02235174447
não,1323.3126787319993,-8013.6815325834195,6298.408663083156,12076.91575013587,-187500.02235174447,-187500.02235174447,-187500.02235174447,-187500.02235174447
não,1568.0419287731563,-7989.005206704761,6738.022773030135,12014.912011016848,-187500.02235174447,-187500.02235174447,-187500.02235174447,-187500.02235174447
não,1680.0465202387002,-7922.642877416954,7080.3173876187075,11991.286217127588,-187500.02235174447,-187500.02235174447,-187500.02235174447,-187500.02235174447
não,1487.8215179230592,-7939.540796225167,6752.886683092915,12041.801159596582,-187500.02235174447,-187500.02235174447,-187500.02235174447,-187500.02235174447
não,1319.3787717078653,-7991.977988717317,6302.811956740851,12074.501761734697,-187500.02235174447,-187500.02235174447,-187500.02235174447,-187500.02235174447
não,1528.859320743003,-7942.960613126828,6632.611946178908,12015.984894750703,-187500.02235174447,-187500.02235174447,-187500.02235174447,-187500.02235174447
não,1700.1854419929318,-7904.046226030139,7085.882971988079,11989.878057226904,-187500.02235174447,-187500.02235174447,-187500.02235174447,-187500.02235174447
não,1544.7514110507263,-7947.140389339971,6853.089553486056,12044.52807242013,-187500.02235174447,-187500.02235174447,-187500.02235174447,-187500.02235174447
não,1336.746077149639,-8008.384169147512,6345.97317528405,12103.134346381945,-187500.02235174447,-187500.02235174447,-187500.02235174447,-187500.02235174447
não,1476.5785904620398,-8014.083863983616,6521.054389602469,12059.86136911647,-187500.02235174447,-187500.02235174447,-187500.02235174447,-187500.02235174447
não,1695.3574651905853,-7947.1180375955155,7041.090076099644,12000.271618398621,-187500.02235174447,-187500.02235174447,-187500.02235174447,-187500.02235174447
não,1578.569600411606,-7928.85666237553,6921.016504885734,12027.47369140073,-187500.02235174447,-187500.02235174447,-187500.02235174447,-187500.02235174447
não,1351.230007556678,-7976.398822831968,6403.730082956563,12086.683462462839,-187500.02235174447,-187500.02235174447,-187500.02235174447,-187500.02235174447
não,1432.031563762613,-8005.187869690403,6433.167330404202,12058.162636537867,-187500.02235174447,-187500.02235174447,-187500.02235174447,-187500.02235174447
não,1684.5392208742169,-7943.80997941613,6995.894848811013,12010.911048759348,-187500.02235174447,-187500.02235174447,-187500.02235174447,-187500.02235174447
não,1630.8056272036586,-7915.445615702345,7004.612029148582,12033.95569729277,-187500.02235174447,-187500.02235174447,-187500.02235174447,-187500.02235174447
não,1385.8305079734932,-7965.4911715377775,6494.813441611939,12092.87489567696,-187500.02235174447,-187500.02235174447,-187500.02235174447,-187500.02235174447
não,1383.41651957232,-8008.875907525529,6365.374489471256,12091.377328798453,-187500.02235174447,-187500.02235174447,-187500.02235174447,-187500.02235174447
não,1657.7841827612142,-7956.818694689119,6925.330391565609,12021.461072142252,-187500.02235174447,-187500.02235174447,-187500.02235174447,-187500.02235174447
não,1665.920217742946,-7915.177394768882,7057.093925129643,12023.09274948749,-187500.02235174447,-187500.02235174447,-187500.02235174447,-187500.02235174447
não,1429.8187410615376,-7951.722496953309,6588.802527046505,12076.669880946862,-187500.02235174447,-187500.02235174447,-187500.02235174447,-187500.02235174447
não,1356.9744058816918,-8003.846765023085,6316.20065166958,12081.430802515843,-187500.02235174447,-187500.02235174447,-187500.02235174447,-187500.02235174447
não,1620.1438450984772,-7964.351232570557,6822.44531183783,12017.728330818216,-187500.02235174447,-187500.02235174447,-187500.02235174447,-187500.02235174447
não,1687.9590377758789,-7912.606944156521,7084.675977787492,12013.816775538538,-187500.02235174447,-187500.02235174447,-187500.02235174447,-187500.02235174447
não,1469.6942531698053,-7938.266746791214,6684.467993315219,12070.813723899571,-187500.02235174447,-187500.02235174447,-187500.02235174447,-187500.02235174447
não,1335.5390829490523,-7997.700035297876,6298.8556979722625,12097.568762012574,-187500.02235174447,-187500.02235174447,-187500.02235174447,-187500.02235174447
não,1575.1050800210335,-7976.577636787611,6717.99560999818,12037.174348494334,-187500.02235174447,-187500.02235174447,-187500.02235174447,-187500.02235174447
não,1699.4925379148171,-7916.451444202834,7092.767309280313,12014.04029298309,-187500.02235174447,-187500.02235174447,-187500.02235174447,-187500.02235174447
não,1513.280154857654,-7928.85666237553,6783.553276485596,12061.515398206164,-187500.02235174447,-187500.02235174447,-187500.02235174447,-187500.02235174447
não,1329.906443346315,-7989.653407293965,6315.910078991661,12098.686349235339,-187500.02235174447,-187500.02235174447,-187500.02235174447,-187500.02235174447
não,1526.4006288529192,-7986.166535158937,6611.109568012902,12046.159749765367,-187500.02235174447,-187500.02235174447,-187500.02235174447,-187500.02235174447
não,1708.7461601193143,-7920.2288890157815,7082.73137601988,12010.70988305925,-187500.02235174447,-187500.02235174447,-187500.02235174447,-187500.02235174447
não,1561.7163850923046,-7919.04424655965,6873.809620596126,12049.244290500199,-187500.02235174447,-187500.02235174447,-187500.02235174447,-187500.02235174447
não,1339.74121090665,-7978.276369366214,6357.998413801005,12094.998311400213,-187500.02235174447,-187500.02235174447,-187500.02235174447,-187500.02235174447
$SILENCE,1466.9226368573472,-7993.006168962261,6503.172994038224,12053.71463939126,-187500.02235174447,-187500.02235174447,-187500.02235174447,-187500.02235174447
$SILENCE,1696.0056657797893,-7927.314392008114,7041.827683666669,12005.323112645521,-187500.02235174447,-187500.02235174447,-187500.02235174447,-187500.02235174447
$SILENCE,1603.2682780347202,-7911.735226122764,6958.478028592829,12036.839072327504,-187500.02235174447,-187500.02235174447,-187500.02235174447,-187500.02235174447
$SILENCE,1359.902484405337,-7964.507694781744,6429.792216991451,12089.455078775298,-187500.02235174447,-187500.02235174447,-187500.02235174447,-187500.02235174447
$SILENCE,1420.0733804790236,-7995.643674807987,6418.705751741619,12067.013927342168,-187500.02235174447,-187500.02235174447,-187500.02235174447,-187500.02235174447
$SILENCE,1680.3594446610743,-7936.657421190432,6983.534334127228,12009.99462723668,-187500.02235174447,-187500.02235174447,-187500.02235174447,-187500.02235174447
$SILENCE,1639.2545866077646,-7907.868374331996,7020.280602011753,12028.278354201122,-187500.02235174447,-187500.02235174447,-187500.02235174447,-187500.02235174447
$SILENCE,1395.709979022739,-7953.264767320725,6515.801729655473,12084.62710197295,-187500.02235174447,-187500.02235174447,-187500.02235174447,-187500.02235174447
$SILENCE,1384.8917347063702,-7998.169421931437,6354.511541665976,12077.116915835968,-187500.02235174447,-187500.02235174447,-187500.02235174447,-187500.02235174447
$SILENCE,1658.5664938171499,-7949.66613646342,6905.124414578011,12015.180231950311,-187500.02235174447,-187500.02235174447,-187500.02235174447,-187500.02235174447
$SILENCE,1674.2127149358648,-7905.052054530627,7070.773192736291,12024.52326113263,-187500.02235174447,-187500.02235174447,-187500.02235174447,-187500.02235174447
$SILENCE,1443.766229601649,-7939.630203202988,6618.30682972751,12082.213113571777,-187500.02235174447,-187500.02235174447,-187500.02235174447,-187500.02235174447
$SILENCE,1361.4000512838427,-7995.397805618979,6319.978096482528,12091.042052631623,-187500.02235174447,-187500.02235174447,-187500.02235174447,-187500.02235174447
$SILENCE,1620.70263870986,-7961.847837191563,6810.151852387411,12023.182156465311,-187500.02235174447,-187500.02235174447,-187500.02235174447,-187500.02235174447
$SILENCE,1695.8268518241468,-7906.795490598141,7094.421338370006,12012.408615637853,-187500.02235174447,-187500.02235174447,-187500.02235174447,-187500.02235174447
$SILENCE,1488.1120906009783,-7929.549566453644,6716.56509835304,12067.639776186918,-187500.02235174447,-187500.02235174447,-187500.02235174447,-187500.02235174447
$SILENCE,1342.0881440744572,-7989.072261938127,6311.305619633868,12094.953607911302,-187500.02235174447,-187500.02235174447,-187500.02235174447,-187500.02235174447
$SILENCE,1573.4063474424302,-7972.889598952484,6707.266772659633,12035.766188593649,-187500.02235174447,-187500.02235174447,-187500.02235174447,-187500.02235174447
$SILENCE,1713.7976543662137,-7911.064673789106,7104.010236741333,12008.720577802727,-187500.02235174447,-187500.02235174447,-187500.02235174447,-187500.02235174447
$SILENCE,1536.995355724735,-7921.257069260725,6814.599849534017,12053.71463939126,-187500.02235174447,-187500.02235174447,-187500.02235174447,-187500.02235174447
$SILENCE,1341.5069987186193,-7980.846819978574,6334.193805956103,12094.01483464418,-187500.02235174447,-187500.02235174447,-187500.02235174447,-187500.02235174447
$SILENCE,1522.1314456619557,-7982.143221156982,6595.4633468941865,12043.09756077499,-187500.02235174447,-187500.02235174447,-187500.02235174447,-187500.02235174447
$SILENCE,1715.4740352003616,-7917.61373491451,7079.043338184755,12002.216220166234,-187500.02235174447,-187500.02235174447,-187500.02235174447,-187500.02235174447
$SILENCE,1579.955408567835,-7914.037455801661,6902.3975017544635,12042.963450308258,-187500.02235174447,-187500.02235174447,-187500.02235174447,-187500.02235174447
$SILENCE,1354.0910308469572,-7974.141296641982,6386.519239725976,12092.15963985439,-187500.02235174447,-187500.02235174447,-187500.02235174447,-187500.02235174447
$SILENCE,1474.6339886944281,-7993.341445129091,6501.697778904174,12053.20054926879,-187500.02235174447,-187500.02235174447,-187500.02235174447,-187500.02235174447
$SILENCE,1709.2378984973311,-7927.962592597318,7042.788808678247,11999.779880020606,-187500.02235174447,-187500.02235174447,-187500.02235174447,-187500.02235174447
$SILENCE,1627.7881417021922,-7907.980133054273,6980.136868970021,12027.987781523203,-187500.02235174447,-187500.02235174447,-187500.02235174447,-187500.02235174447
$SILENCE,1387.1716126408116,-7958.986813901283,6457.530731860487,12080.022642615157,-187500.02235174447,-187500.02235174447,-187500.02235174447,-187500.02235174447
$SILENCE,1425.7283718262163,-7993.542610829189,6412.760187716507,12061.761267395172,-187500.02235174447,-187500.02235174447,-187500.02235174447,-187500.02235174447
$SILENCE,1695.5139274017724,-7938.087932835571,6980.203924203387,12004.361987633943,-187500.02235174447,-187500.02235174447,-187500.02235174447,-187500.02235174447
$SILENCE,1670.2788079117308,-7906.191993497849,7047.460323269406,12019.225897696722,-187500.02235174447,-187500.02235174447,-187500.02235174447,-187500.02235174447
$SILENCE,1429.1481887278783,-7949.442619018868,6553.911453951771,12073.562988467573,-187500.02235174447,-187500.02235174447,-187500.02235174447,-187500.02235174447
$SILENCE,1398.481595335197,-7996.96242773085,6359.83125684634,12073.071250089557,-187500.02235174447,-187500.02235174447,-187500.02235174447,-187500.02235174447
$SILENCE,1666.501363098784,-7951.0519446196495,6896.541344707173,12007.446528368775,-187500.02235174447,-187500.02235174447,-187500.02235174447,-187500.02235174447
$SILENCE,1700.207793737387,-7905.387330697457,7088.095794689155,12004.920781245326,-187500.02235174447,-187500.02235174447,-187500.02235174447,-187500.02235174447
$SILENCE,1475.0810235835343,-7938.199691557848,6648.951071375736,12058.296747004599,-187500.02235174447,-187500.02235174447,-187500.02235174447,-187500.02235174447
$SILENCE,1372.575923511496,-7993.363796873546,6325.118997707248,12076.602825713495,-187500.02235174447,-187500.02235174447,-187500.02235174447,-187500.02235174447
$SILENCE,1628.9951359027787,-7963.881845936996,6797.947799914814,12015.157880205856,-187500.02235174447,-187500.02235174447,-187500.02235174447,-187500.02235174447
$SILENCE,1727.365163250585,-7910.103548777527,7112.0121612563335,12000.741005032183,-187500.02235174447,-187500.02235174447,-187500.02235174447,-187500.02235174447
$SILENCE,1529.6192800544836,-7931.494168221256,6756.351203483487,12053.178197524334,-187500.02235174447,-187500.02235174447,-187500.02235174447,-187500.02235174447
$SILENCE,1368.4408507872643,-7991.240381150292,6329.544643109399,12085.208247328788,-187500.02235174447,-187500.02235174447,-187500.02235174447,-187500.02235174447
$SILENCE,1584.9398475813684,-7976.734098998797,6694.570981809018,12025.14910997738,-187500.02235174447,-187500.02235174447,-187500.02235174447,-187500.02235174447
$SILENCE,1739.8150849121912,-7913.94804882384,7113.643838601571,11993.811964251037,-187500.02235174447,-187500.02235174447,-187500.02235174447,-187500.02235174447
$SILENCE,1574.1886584983658,-7921.100607049538,6848.26157668371,12038.00136303918,-187500.02235174447,-187500.02235174447,-187500.02235174447,-187500.02235174447
$SILENCE,1368.7984786985492,-7980.95857870085,6353.9750997990495,12076.982805369236,-187500.02235174447,-187500.02235174447,-187500.02235174447,-187500.02235174447
$SILENCE,1538.3811638809639,-7989.049910193671,6585.11448921138,12028.680685601317,-187500.02235174447,-187500.02235174447,-187500.02235174447,-187500.02235174447
$SILENCE,1748.1075821051102,-7925.973287340795,7092.789661024769,11986.391185091876,-187500.02235174447,-187500.02235174447,-187500.02235174447,-187500.02235174447
$SILENCE,1620.9708596433236,-7916.630258158477,6941.021316173234,12023.293915187587,-187500.02235174447,-187500.02235174447,-187500.02235174447,-187500.02235174447
$SILENCE,1391.3066853650434,-7973.873075708518,6414.682437739663,12072.870084389458,-187500.02235174447,-187500.02235174447,-187500.02235174447,-187500.02235174447
$SILENCE,1493.8564889259922,-7997.498869597777,6490.52190667652,12041.175310751834,-187500.02235174447,-187500.02235174447,-187500.02235174447,-187500.02235174447
$SILENCE,1740.4409337569398,-7935.003392100739,7043.72758194537,11986.100612413957,-187500.02235174447,-187500.02235174447,-187500.02235174447,-187500.02235174447
$SILENCE,1668.8035927776807,-7913.277496490181,7010.870517596069,12009.838165025492,-187500.02235174447,-187500.02235174447,-187500.02235174447,-187500.02235174447
$SILENCE,1428.6788020943168,-7964.105363381549,6494.433461956199,12067.595072698006,-187500.02235174447,-187500.02235174447,-187500.02235174447,-187500.02235174447
$SILENCE,1451.768154116649,-8002.885640011506,6412.067283638392,12051.680630645827,-187500.02235174447,-187500.02235174447,-187500.02235174447,-187500.02235174447
$SILENCE,1723.0512765707108,-7949.733191696787,6974.839505534113,11991.688548527783,-187500.02235174447,-187500.02235174447,-187500.02235174447,-187500.02235174447
$SILENCE,1708.634401397038,-7914.819766857597,7072.15900089252,12004.85372601196,-187500.02235174447,-187500.02235174447,-187500.02235174447,-187500.02235174447
$SILENCE,1469.6271979364394,-7956.438715033379,6588.422547390765,12060.598976683495,-187500.02235174447,-187500.02235174447,-187500.02235174447,-187500.02235174447
$SILENCE,1423.7837700586047,-8006.886602269006,6361.708803380586,12063.080020318035,-187500.02235174447,-187500.02235174447,-187500.02235174447,-187500.02235174447
$SILENCE,1686.1932499639095,-7961.423154046912,6884.963141079324,11999.04227245358,-187500.02235174447,-187500.02235174447,-187500.02235174447,-187500.02235174447
$SILENCE,1725.4205614829734,-7909.94708656634,7105.2619344308305,12001.165688176834,-187500.02235174447,-187500.02235174447,-187500.02235174447,-187500.02235174447
$SILENCE,1498.416244794875,-7939.272575291703,6680.578789779996,12059.280223760632,-187500.02235174447,-187500.02235174447,-187500.02235174447,-187500.02235174447
$SILENCE,1388.3339033524876,-7996.873020753029,6326.236584930013,12081.408450771387,-187500.02235174447,-187500.02235174447,-187500.02235174447,-187500.02235174447
$SILENCE,1634.046630149678,-7967.905159938951,6776.62423570445,12021.863403542447,-187500.02235174447,-187500.02235174447,-187500.02235174447,-187500.02235174447
$SILENCE,1740.2844715457527,-7909.812976099608,7117.108358992143,12005.345464389977,-187500.02235174447,-187500.02235174447,-187500.02235174447,-187500.02235174447
$SILENCE,1545.9137017624023,-7928.789607142164,6778.591189216518,12050.920671334348,-187500.02235174447,-187500.02235174447,-187500.02235174447,-187500.02235174447
$SILENCE,1379.124984636901,-7990.346311372079,6332.360962910768,12084.113011850479,-187500.02235174447,-187500.02235174447,-187500.02235174447,-187500.02235174447
$SILENCE,1586.8844493489803,-7982.903180468462,6668.84412394096,12028.457168156763,-187500.02235174447,-187500.02235174447,-187500.02235174447,-187500.02235174447
$SILENCE,1755.9306926644676,-7920.720627393798,7114.515556635328,11993.968426462225,-187500.02235174447,-187500.02235174447,-187500.02235174447,-187500.02235174447
$SILENCE,1595.6239814310052,-7925.012162329217,6872.1108880175225,12035.52031940464,-187500.02235174447,-187500.02235174447,-187500.02235174447,-187500.02235174447
$SILENCE,1390.971409198214,-7986.591218303588,6370.73890814053,12079.016814114668,-187500.02235174447,-187500.02235174447,-187500.02235174447,-187500.02235174447
$SILENCE,1540.281062159665,-7994.615494563043,6570.451744848699,12037.107293260968,-187500.02235174447,-187500.02235174447,-187500.02235174447,-187500.02235174447
$SILENCE,1753.851980430124,-7928.253165275236,7084.698329531948,11993.320225873022,-187500.02235174447,-187500.02235174447,-187500.02235174447,-187500.02235174447
$SILENCE,1638.6510895074714,-7918.3513424815355,6953.2924238791975,12025.57379312203,-187500.02235174447,-187500.02235174447,-187500.02235174447,-187500.02235174447
$SILENCE,1410.864461763437,-7975.929436198407,6429.903975713727,12078.14509608091,-187500.02235174447,-187500.02235174447,-187500.02235174447,-187500.02235174447
$SILENCE,1496.181070349344,-8002.326846400124,6474.205133224146,12047.43379919932,-187500.02235174447,-187500.02235174447,-187500.02235174447,-187500.02235174447
$SILENCE,1738.6527942005152,-7939.183168313882,7030.808273650203,11990.727423516206,-187500.02235174447,-187500.02235174447,-187500.02235174447,-187500.02235174447
$SILENCE,1678.8171742936581,-7914.3056767351245,7029.623631194071,12019.605877352462,-187500.02235174447,-187500.02235174447,-187500.02235174447,-187500.02235174447
$SILENCE,1440.3017092110765,-7964.641805248476,6510.616124941841,12070.165523310367,-187500.02235174447,-187500.02235174447,-187500.02235174447,-187500.02235174447
$SILENCE,1448.3036337260764,-8006.05958772416,6395.795213674929,12053.357011479977,-187500.02235174447,-187500.02235174447,-187500.02235174447,-187500.02235174447
$SILENCE,1716.4575119563954,-7952.013069631228,6957.718069281348,11993.074356684012,-187500.02235174447,-187500.02235174447,-187500.02235174447,-187500.02235174447
$SILENCE,1714.5129101887835,-7913.880993590474,7080.965588207911,12003.870249255926,-187500.02235174447,-187500.02235174447,-187500.02235174447,-187500.02235174447
$SILENCE,1474.9022096278918,-7953.421229531912,6607.2650679665885,12057.156808037378,-187500.02235174447,-187500.02235174447,-187500.02235174447,-187500.02235174447
$SILENCE,1414.6642583208393,-8006.037235979705,6352.723402109552,12065.650470930395,-187500.02235174447,-187500.02235174447,-187500.02235174447,-187500.02235174447
$SILENCE,1681.2535144392866,-7966.362889571535,6868.400498437942,12006.194830679278,-187500.02235174447,-187500.02235174447,-187500.02235174447,-187500.02235174447
$SILENCE,1740.5079889903056,-7914.797415113141,7115.342571180174,12001.61272306594,-187500.02235174447,-187500.02235174447,-187500.02235174447,-187500.02235174447
$SILENCE,1519.53864330514,-7941.66421194842,6709.971333738725,12052.1947207683,-187500.02235174447,-187500.02235174447,-187500.02235174447,-187500.02235174447
$SILENCE,1394.5253365666076,-7999.845802765585,6336.853663546284,12072.423049500352,-187500.02235174447,-187500.02235174447,-187500.02235174447,-187500.02235174447
$SILENCE,1632.8396359490916,-7975.2365321202915,6763.615520431462,12011.603952837462,-187500.02235174447,-187500.02235174447,-187500.02235174447,-187500.02235174447
$SILENCE,1748.398154783029,-7914.752711624231,7128.284231219796,11994.437813095787,-187500.02235174447,-187500.02235174447,-187500.02235174447,-187500.02235174447
$SILENCE,1554.2956059331425,-7926.956764096829,6806.374407574464,12043.477540430731,-187500.02235174447,-187500.02235174447,-187500.02235174447,-187500.02235174447
$SILENCE,1378.7897084700714,-7989.474593338323,6349.035364274427,12080.380270526442,-187500.02235174447,-187500.02235174447,-187500.02235174447,-187500.02235174447
$SILENCE,1583.2411150027651,-7986.881790981507,6658.495266258153,12024.81383381055,-187500.02235174447,-187500.02235174447,-187500.02235174447,-187500.02235174447
$SILENCE,1764.4243555574842,-7925.481548962778,7119.12001599312,11985.631225780395,-187500.02235174447,-187500.02235174447,-187500.02235174447,-187500.02235174447
$SILENCE,1613.2595078062425,-7926.017990829706,6904.2750482887095,12023.89741228788,-187500.02235174447,-187500.02235174447,-187500.02235174447,-187500.02235174447
$SILENCE,1409.2327844181998,-7988.513468326744,6393.805908418407,12067.460962231275,-187500.02235174447,-187500.02235174447,-187500.02235174447,-187500.02235174447
$SILENCE,1562.8339723150698,-8004.450262123378,6554.716116752162,12025.596144866484,-187500.02235174447,-187500.02235174447,-187500.02235174447,-187500.02235174447
$SILENCE,1790.3300273811851,-7940.278403792192,7085.145364421054,11978.635129765884,-187500.02235174447,-187500.02235174447,-187500.02235174447,-187500.02235174447
$SILENCE,1685.5674011191609,-7925.638011173965,6989.0999184965995,12015.04612148358,-187500.02235174447,-187500.02235174447,-187500.02235174447,-187500.02235174447
$SILENCE,1446.4931424251965,-7979.840991478085,6462.246949940557,12072.1995320558,-187500.02235174447,-187500.02235174447,-187500.02235174447,-187500.02235174447
$SILENCE,1508.3627710774865,-8010.77580580423,6464.996214508559,12046.316211976555,-187500.02235174447,-187500.02235174447,-187500.02235174447,-187500.02235174447
$SILENCE,1758.5011432768279,-7947.855645162541,7028.81896839368,11988.648711281861,-187500.02235174447,-187500.02235174447,-187500.02235174447,-187500.02235174447
$SILENCE,1706.980372307345,-7916.965534325306,7050.857788426613,12002.66325505534,-187500.02235174447,-187500.02235174447,-187500.02235174447,-187500.02235174447
$SILENCE,1464.285131011621,-7962.831313947597,6542.087381134914,12058.944947593804,-187500.02235174447,-187500.02235174447,-187500.02235174447,-187500.02235174447
$SILENCE,1456.9090553413696,-8006.73014005782,6397.561001486898,12051.948851579291,-187500.02235174447,-187500.02235174447,-187500.02235174447,-187500.02235174447
$SILENCE,1723.1183318040767,-7956.416363288923,6951.459580833863,11990.570961305018,-187500.02235174447,-187500.02235174447,-187500.02235174447,-187500.02235174447
$SILENCE,1731.1202563190766,-7913.813938357108,7096.611809326627,11993.454336339753,-187500.02235174447,-187500.02235174447,-187500.02235174447,-187500.02235174447
$SILENCE,1497.991561650224,-7949.397915529957,6636.724667158684,12048.037296299613,-187500.02235174447,-187500.02235174447,-187500.02235174447,-187500.02235174447
$SILENCE,1423.7614183141493,-8006.216049935348,6356.523198666954,12059.235520271723,-187500.02235174447,-187500.02235174447,-187500.02235174447,-187500.02235174447
$SILENCE,1689.590715121116,-7972.666081507931,6855.369431420498,11993.543743317574,-187500.02235174447,-187500.02235174447,-187500.02235174447,-187500.02235174447
$SILENCE,1758.0988118766322,-7919.871261104497,7124.9314695515,11979.685661755284,-187500.02235174447,-187500.02235174447,-187500.02235174447,-187500.02235174447
$SILENCE,1547.1653994518995,-7944.726400938797,6735.80995032906,12031.854633313971,-187500.02235174447,-187500.02235174447,-187500.02235174447,-187500.02235174447
$SILENCE,1409.0092669736466,-8004.003227234272,6343.358021182778,12061.314232506065,-187500.02235174447,-187500.02235174447,-187500.02235174447,-187500.02235174447
$SILENCE,1645.8930547109908,-7985.227761891814,6748.304575479577,12001.18803992129,-187500.02235174447,-187500.02235174447,-187500.02235174447,-187500.02235174447
$SILENCE,1780.5176115653053,-7925.660362918421,7135.2579754898525,11979.484496055185,-187500.02235174447,-187500.02235174447,-187500.02235174447,-187500.02235174447
$SILENCE,1596.6521616759494,-7935.0257438451945,6836.057524211112,12027.853671056471,-187500.02235174447,-187500.02235174447,-187500.02235174447,-187500.02235174447
$SILENCE,1404.3377523824875,-7993.788480018196,6357.506675422987,12061.560101695073,-187500.02235174447,-187500.02235174447,-187500.02235174447,-187500.02235174447
$SILENCE,1587.4879464492735,-7992.067395695138,6634.400085735332,12008.854688269459,-187500.02235174447,-187500.02235174447,-187500.02235174447,-187500.02235174447
$SILENCE,1774.5720475401936,-7928.18611004187,7114.068521746221,11973.516580285619,-187500.02235174447,-187500.02235174447,-187500.02235174447,-187500.02235174447
$SILENCE,1633.241967349287,-7924.788644884664,6923.452845031363,12015.180231950311,-187500.02235174447,-187500.02235174447,-187500.02235174447,-187500.02235174447
$SILENCE,1415.580679843507,-7984.400747346967,6410.994399904537,12066.231616286233,-187500.02235174447,-187500.02235174447,-187500.02235174447,-187500.02235174447
$SILENCE,1539.92343424838,-8001.969218488839,6537.974660155137,12027.04900825608,-187500.02235174447,-187500.02235174447,-187500.02235174447,-187500.02235174447
$SILENCE,1771.9121899500121,-7938.602022958044,7074.170657893498,11974.522408786108,-187500.02235174447,-187500.02235174447,-187500.02235174447,-187500.02235174447
$SILENCE,1682.2593429397755,-7920.273592504692,6997.817098834169,12003.46791785573,-187500.02235174447,-187500.02235174447,-187500.02235174447,-187500.02235174447
$SILENCE,1442.9168633123475,-7971.324976840613,6474.763926835529,12059.794313883105,-187500.02235174447,-187500.02235174447,-187500.02235174447,-187500.02235174447
$SILENCE,1494.3929307929195,-8003.913820256451,6444.767885776507,12035.274450215633,-187500.02235174447,-187500.02235174447,-187500.02235174447,-187500.02235174447
$SILENCE,1757.2941490762412,-7946.849816662052,7011.138738529532,11977.539894287574,-187500.02235174447,-187500.02235174447,-187500.02235174447,-187500.02235174447
$SILENCE,1717.8656718570796,-7916.943182580851,7064.157076377521,11996.13654567439,-187500.02235174447,-187500.02235174447,-187500.02235174447,-187500.02235174447
$SILENCE,1471.8400206375147,-7958.472723778811,6562.874503478349,12053.893453346904,-187500.02235174447,-187500.02235174447,-187500.02235174447,-187500.02235174447
$SILENCE,1450.4941046826966,-8003.623247578532,6382.0935943238255,12053.312307991066,-187500.02235174447,-187500.02235174447,-187500.02235174447,-187500.02235174447
$SILENCE,1719.698514902415,-7955.768162699719,6925.665667732438,11994.884847984893,-187500.02235174447,-187500.02235174447,-187500.02235174447,-187500.02235174447
$SILENCE,1740.6644512014927,-7910.751749366731,7104.233754185886,12000.383377120897,-187500.02235174447,-187500.02235174447,-187500.02235174447,-187500.02235174447
$SILENCE,1509.6591722558944,-7944.18995907187,6656.595367979452,12054.541653936107,-187500.02235174447,-187500.02235174447,-187500.02235174447,-187500.02235174447
$SILENCE,1416.8547292774595,-7998.616456820543,6343.268614204957,12066.991575597713,-187500.02235174447,-187500.02235174447,-187500.02235174447,-187500.02235174447
$SILENCE,1669.6306073225269,-7965.066488393127,6824.658134538906,12001.702130043761,-187500.02235174447,-187500.02235174447,-187500.02235174447,-187500.02235174447
$SILENCE,1751.2144745843977,-7909.410644699413,7126.160815496542,11992.962597961736,-187500.02235174447,-187500.02235174447,-187500.02235174447,-187500.02235174447
$SILENCE,1543.2761959166762,-7931.337706010068,6753.154904026378,12044.438665442309,-187500.02235174447,-187500.02235174447,-187500.02235174447,-187500.02235174447
$SILENCE,1397.967505212725,-7991.86622999504,6337.524215879944,12074.010023356679,-187500.02235174447,-187500.02235174447,-187500.02235174447,-187500.02235174447
$SILENCE,1626.6705544794268,-7977.941093199384,6719.157900709856,12017.258944184656,-187500.02235174447,-187500.02235174447,-187500.02235174447,-187500.02235174447
$SILENCE,1769.4758498043836,-7915.356208724525,7126.540795152283,11989.498077571163,-187500.02235174447,-187500.02235174447,-187500.02235174447,-187500.02235174447
$SILENCE,1593.634676174483,-7921.61469717201,6849.647384839939,12033.709828103762,-187500.02235174447,-187500.02235174447,-187500.02235174447,-187500.02235174447
$SILENCE,1394.257115633144,-7980.042157178183,6364.301605737402,12077.765116425171,-187500.02235174447,-187500.02235174447,-187500.02235174447,-187500.02235174447
$SILENCE,1569.1818677403771,-7984.087822924594,6609.947277301226,12029.2394792127,-187500.02235174447,-187500.02235174447,-187500.02235174447,-187500.02235174447
$SILENCE,1765.5195910357943,-7918.753673881731,7102.400911140551,11987.75464150365,-187500.02235174447,-187500.02235174447,-187500.02235174447,-187500.02235174447
$SILENCE,1633.9572231718569,-7912.182261011871,6934.047571903178,12025.082054744013,-187500.02235174447,-187500.02235174447,-187500.02235174447,-187500.02235174447
$SILENCE,1404.673028549317,-7969.67094775092,6415.040065650948,12074.099430334501,-187500.02235174447,-187500.02235174447,-187500.02235174447,-187500.02235174447
$SILENCE,1510.7767594786596,-7991.15097417247,6512.739540665096,12038.336639206009,-187500.02235174447,-187500.02235174447,-187500.02235174447,-187500.02235174447
$SILENCE,1755.7295269643698,-7928.566089697611,7057.473904785384,11985.541818802574,-187500.02235174447,-187500.02235174447,-187500.02235174447,-187500.02235174447
$SILENCE,1680.985293505823,-7909.455348188323,7010.267020495775,12013.973237749726,-187500.02235174447,-187500.02235174447,-187500.02235174447,-187500.02235174447
$SILENCE,1442.223959234233,-7961.713726724831,6494.321703233923,12070.67961343284,-187500.02235174447,-187500.02235174447,-187500.02235174447,-187500.02235174447
$SILENCE,1473.0023113491907,-7996.649503308476,6431.848577481339,12052.418238212853,-187500.02235174447,-187500.02235174447,-187500.02235174447,-187500.02235174447
$SILENCE,1735.1659220654872,-7939.965479369817,6991.245685964309,11991.710900272239,-187500.02235174447,-187500.02235174447,-187500.02235174447,-187500.02235174447
$SILENCE,1713.6188404105712,-7905.27557197518,7071.3319863476745,12006.105423701458,-187500.02235174447,-187500.02235174447,-187500.02235174447,-187500.02235174447
$SILENCE,1468.5766659470398,-7946.089857350571,6580.77825078705,12064.085848818524,-187500.02235174447,-187500.02235174447,-187500.02235174447,-187500.02235174447
$SILENCE,1427.1812352158113,-7994.906067240962,6371.230646518547,12064.152904051889,-187500.02235174447,-187500.02235174447,-187500.02235174447,-187500.02235174447
$SILENCE,1694.2398779678201,-7950.71666845282,6905.191469811377,12002.305627144055,-187500.02235174447,-187500.02235174447,-187500.02235174447,-187500.02235174447
$SILENCE,1729.0191923402779,-7903.286266718658,7105.865431531123,11998.572885820018,-187500.02235174447,-187500.02235174447,-187500.02235174447,-187500.02235174447
$SILENCE,1509.6591722558944,-7937.23856654627,6674.096783887957,12054.161674280367,-187500.02235174447,-187500.02235174447,-187500.02235174447,-187500.02235174447
$SILENCE,1410.7303512967053,-7995.375453874523,6340.496997892499,12074.14413382341,-187500.02235174447,-187500.02235174447,-187500.02235174447,-187500.02235174447
$SILENCE,1659.6840810399153,-7964.172418614915,6801.4346720498415,12008.944095247281,-187500.02235174447,-187500.02235174447,-187500.02235174447,-187500.02235174447
$SILENCE,1754.9919193973446,-7906.32610396458,7125.847891074168,11993.677853784306,-187500.02235174447,-187500.02235174447,-187500.02235174447,-187500.02235174447
$SILENCE,1553.6250535994834,-7926.196804785348,6775.752517670694,12047.09852303249,-187500.02235174447,-187500.02235174447,-187500.02235174447,-187500.02235174447
$SILENCE,1391.2172783872222,-7987.306474126158,6342.553358382387,12079.19562807031,-187500.02235174447,-187500.02235174447,-187500.02235174447,-187500.02235174447
$SILENCE,1608.0739030926113,-7975.750622242764,6692.9616562082365,12020.634057597406,-187500.02235174447,-187500.02235174447,-187500.02235174447,-187500.02235174447
$SILENCE,1768.6264835150819,-7911.176432511382,7121.176376483009,11991.733252016695,-187500.02235174447,-187500.02235174447,-187500.02235174447,-187500.02235174447
$SILENCE,1605.212879802332,-7917.189051769859,6868.400498437942,12035.319153704544,-187500.02235174447,-187500.02235174447,-187500.02235174447,-187500.02235174447
$SILENCE,1401.6331913033953,-7979.975101944817,6375.790402387429,12078.905055392392,-187500.02235174447,-187500.02235174447,-187500.02235174447,-187500.02235174447
$SILENCE,1559.8835420469693,-7987.038253192694,6588.601361346407,12033.62042112594,-187500.02235174447,-187500.02235174447,-187500.02235174447,-187500.02235174447
$SILENCE,1766.234846858364,-7921.592345427555,7096.745919793359,11992.403804350353,-187500.02235174447,-187500.02235174447,-187500.02235174447,-187500.02235174447
$SILENCE,1645.602482033072,-7911.690522633854,6953.873569235036,12024.567964621541,-187500.02235174447,-187500.02235174447,-187500.02235174447,-187500.02235174447
$SILENCE,1415.2677554211325,-7967.86045645004,6433.949641460138,12079.173276325855,-187500.02235174447,-187500.02235174447,-187500.02235174447,-187500.02235174447
$SILENCE,1507.1334251324447,-7991.977988717317,6494.947552078671,12049.758380622672,-187500.02235174447,-187500.02235174447,-187500.02235174447,-187500.02235174447
$SILENCE,1753.8966839190346,-7929.23664203127,7047.437971524951,11995.04131019608,-187500.02235174447,-187500.02235174447,-187500.02235174447,-187500.02235174447
$SILENCE,1684.628627852038,-7904.984999297261,7026.516738714784,12018.488290129697,-187500.02235174447,-187500.02235174447,-187500.02235174447,-187500.02235174447
$SILENCE,1447.3872122034088,-7953.2200638318145,6528.788093184005,12069.182046554333,-187500.02235174447,-187500.02235174447,-187500.02235174447,-187500.02235174447
$SILENCE,1467.056747324079,-7989.385186360501,6445.259624154523,12056.754476637183,-187500.02235174447,-187500.02235174447,-187500.02235174447,-187500.02235174447
$SILENCE,1726.8734248725684,-7942.178302070893,6967.061098463667,11999.601066064963,-187500.02235174447,-187500.02235174447,-187500.02235174447,-187500.02235174447
$SILENCE,1731.2543667858085,-7901.9228103068845,7104.658437330537,12009.771109792127,-187500.02235174447,-187500.02235174447,-187500.02235174447,-187500.02235174447
$SILENCE,1469.1131078139674,-7945.598118972554,6589.204858446701,12068.332680265032,-187500.02235174447,-187500.02235174447,-187500.02235174447,-187500.02235174447
$SILENCE,1428.120008482934,-7996.649503308476,6369.509562195488,12070.00906109918,-187500.02235174447,-187500.02235174447,-187500.02235174447,-187500.02235174447
$SILENCE,1691.4459099109067,-7958.897406923463,6865.517123403207,12008.47470861372,-187500.02235174447,-187500.02235174447,-187500.02235174447,-187500.02235174447
$SILENCE,1747.8170094271911,-7907.533098165167,7109.151137966053,12004.09376670048,-187500.02235174447,-187500.02235174447,-187500.02235174447,-187500.02235174447
$SILENCE,1516.029419425657,-7934.534005467178,6693.408691097342,12049.400752711386,-187500.02235174447,-187500.02235174447,-187500.02235174447,-187500.02235174447
$SILENCE,1397.3416563679764,-7993.9002387404735,6341.994564771005,12070.836075644027,-187500.02235174447,-187500.02235174447,-187500.02235174447,-187500.02235174447
$SILENCE,1655.0349181932115,-7968.978043672806,6787.6436457209165,12011.358083648454,-187500.02235174447,-187500.02235174447,-187500.02235174447,-187500.02235174447
$SILENCE,1768.8947044485456,-7909.835327844064,7131.905213821557,11989.65453978235,-187500.02235174447,-187500.02235174447,-187500.02235174447,-187500.02235174447
$SILENCE,1571.9311323083798,-7927.068522819105,6800.406491804897,12038.157825250368,-187500.02235174447,-187500.02235174447,-187500.02235174447,-187500.02235174447
$SILENCE,1398.8615749909372,-7988.3793578600125,6356.009108544482,12073.361822767476,-187500.02235174447,-187500.02235174447,-187500.02235174447,-187500.02235174447
$SILENCE,1606.5539844696505,-7981.1597444009485,6680.534086291085,12017.169537206833,-187500.02235174447,-187500.02235174447,-187500.02235174447,-187500.02235174447
$SILENCE,1780.0705766761992,-7917.837252359063,7126.496091663372,11981.18322863379,-187500.02235174447,-187500.02235174447,-187500.02235174447,-187500.02235174447
$SILENCE,1622.4013712884632,-7921.3464762385465,6899.804699397648,12025.752607077671,-187500.02235174447,-187500.02235174447,-187500.02235174447,-187500.02235174447
$SILENCE,1411.9373454972917,-7982.992587446283,6398.186850331646,12072.512456478174,-187500.02235174447,-187500.02235174447,-187500.02235174447,-187500.02235174447
$SILENCE,1567.7737078396926,-7995.598971319077,6580.308864153489,12032.90516530337,-187500.02235174447,-187500.02235174447,-187500.02235174447,-187500.02235174447
$SILENCE,1785.7702715123025,-7928.655496675432,7097.55058259375,11986.525295558607,-187500.02235174447,-187500.02235174447,-187500.02235174447,-187500.02235174447
$SILENCE,1671.3293399011302,-7914.529194179678,6980.203924203387,12015.873136028426,-187500.02235174447,-187500.02235174447,-187500.02235174447,-187500.02235174447
$SILENCE,1430.7128108397499,-7969.134505883993,6460.011775495026,12067.77388665365,-187500.02235174447,-187500.02235174447,-187500.02235174447,-187500.02235174447
não,1506.5522797766066,-7997.409462619957,6487.169145008224,12041.62234564094,-187500.02235174447,-187500.02235174447,-187500.02235174447,-187500.02235174447
não,1764.0220241572888,-7937.529139224189,7045.403962779518,11986.413536836331,-187500.02235174447,-187500.02235174447,-187500.02235174447,-187500.02235174447
não,1708.634401397038,-7911.1317290224715,7051.461285526906,12006.105423701458,-187500.02235174447,-187500.02235174447,-187500.02235174447,-187500.02235174447
não,1455.925578585336,-7959.3220900681135,6539.427523544732,12060.554273194584,-187500.02235174447,-187500.02235174447,-187500.02235174447,-187500.02235174447
não,1461.8711426104478,-8003.913820256451,6410.726178971074,12049.244290500199,-187500.02235174447,-187500.02235174447,-187500.02235174447,-187500.02235174447
não,1738.3175180336855,-7951.789552186675,6965.764697285259,11987.285254870088,-187500.02235174447,-187500.02235174447,-187500.02235174447,-187500.02235174447
não,1738.1163523335879,-7909.723569121787,7099.0257977278,11995.555400318552,-187500.02235174447,-187500.02235174447,-187500.02235174447,-187500.02235174447
não,1501.6572477408945,-7948.19092132937,6637.238757281156,12052.57470042404,-187500.02235174447,-187500.02235174447,-187500.02235174447,-187500.02235174447
não,1434.1773312303224,-8002.170384188937,6375.857457620795,12066.00809884168,-187500.02235174447,-187500.02235174447,-187500.02235174447,-187500.02235174447
não,1705.9521920624009,-7963.635976747987,6884.158478278933,12000.383377120897,-187500.02235174447,-187500.02235174447,-187500.02235174447,-187500.02235174447
não,1782.5739720551935,-7905.99082779775,7164.717574681947,11987.888751970382,-187500.02235174447,-187500.02235174447,-187500.02235174447,-187500.02235174447
não,1539.9010825039247,-7935.785703156675,6729.015020014646,12047.880834088426,-187500.02235174447,-187500.02235174447,-187500.02235174447,-187500.02235174447
não,1417.7935025445822,-7997.387110875501,6364.21219875958,12070.120819821457,-187500.02235174447,-187500.02235174447,-187500.02235174447,-187500.02235174447
não,1654.2302553928205,-7975.929436198407,6754.3618982269645,12012.47567087122,-187500.02235174447,-187500.02235174447,-187500.02235174447,-187500.02235174447
não,1781.724605765892,-7915.535022680167,7129.290059720285,11985.497115313663,-187500.02235174447,-187500.02235174447,-187500.02235174447,-187500.02235174447
não,1584.1351847809774,-7930.309525765125,6825.887480483947,12032.636944369906,-187500.02235174447,-187500.02235174447,-187500.02235174447,-187500.02235174447
não,1398.9062784798477,-7991.732119528308,6365.240379004524,12071.528979722141,-187500.02235174447,-187500.02235174447,-187500.02235174447,-187500.02235174447
não,1602.5306704676952,-7988.5581718156545,6657.780010435583,12020.857575041959,-187500.02235174447,-187500.02235174447,-187500.02235174447,-187500.02235174447
não,1787.558411068727,-7921.5699936831,7120.997562527366,11984.446583324265,-187500.02235174447,-187500.02235174447,-187500.02235174447,-187500.02235174447
não,1632.5267115267172,-7920.273592504692,6916.099121105567,12020.924630275325,-187500.02235174447,-187500.02235174447,-187500.02235174447,-187500.02235174447
não,1407.9140314953365,-7979.751584500264,6410.547365015432,12068.91382562087,-187500.02235174447,-187500.02235174447,-187500.02235174447,-187500.02235174447
não,1547.277158174176,-7995.531916085711,6559.052355176492,12032.167557736346,-187500.02235174447,-187500.02235174447,-187500.02235174447,-187500.02235174447
não,1783.0880621776655,-7930.488339720767,7089.861582501124,11984.670100768817,-187500.02235174447,-187500.02235174447,-187500.02235174447,-187500.02235174447
não,1674.5703428471497,-7915.222098257792,7000.231087235343,12012.408615637853,-187500.02235174447,-187500.02235174447,-187500.02235174447,-187500.02235174447
não,1422.5544241135626,-7969.8944651954735,6475.970921036115,12062.811799384572,-187500.02235174447,-187500.02235174447,-187500.02235174447,-187500.02235174447
não,1485.385177777431,-8004.137337701004,6464.593883108364,12042.605822396974,-187500.02235174447,-187500.02235174447,-187500.02235174447,-187500.02235174447
não,1761.6750909894815,-7945.307546294635,7026.114407314588,11986.592350791974,-187500.02235174447,-187500.02235174447,-187500.02235174447,-187500.02235174447
não,1716.7704363787695,-7917.926659336885,7059.597320508638,11998.192906164279,-187500.02235174447,-187500.02235174447,-187500.02235174447,-187500.02235174447
não,1470.6777299258388,-7965.044136648672,6562.271006378056,12054.362839980466,-187500.02235174447,-187500.02235174447,-187500.02235174447,-187500.02235174447
não,1441.6875173673056,-8009.546459859188,6399.8185276768845,12043.164616008356,-187500.02235174447,-187500.02235174447,-187500.02235174447,-187500.02235174447
não,1717.2845265012415,-7961.3784505580015,6944.642298774994,11980.177400133301,-187500.02235174447,-187500.02235174447,-187500.02235174447,-187500.02235174447
não,1738.7645529227916,-7913.277496490181,7107.161832709531,11985.854743224949,-187500.02235174447,-187500.02235174447,-187500.02235174447,-187500.02235174447
não,1497.5892302500285,-7951.230758575292,6658.115286602412,12039.498929917685,-187500.02235174447,-187500.02235174447,-187500.02235174447,-187500.02235174447
não,1415.3124589100432,-8007.53480285821,6366.626187160753,12055.011040569669,-187500.02235174447,-187500.02235174447,-187500.02235174447,-187500.02235174447
não,1683.9580755183788,-7973.381337330501,6850.675565084883,11989.498077571163,-187500.02235174447,-187500.02235174447,-187500.02235174447,-187500.02235174447
não,1765.5195910357943,-7918.954839581828,7133.358077211151,11979.104516399446,-187500.02235174447,-187500.02235174447,-187500.02235174447,-187500.02235174447
não,1545.1760941953773,-7941.597156715055,6758.228750017733,12030.781749580116,-187500.02235174447,-187500.02235174447,-187500.02235174447,-187500.02235174447
não,1386.4340050737865,-8002.5280121002215,6358.534855667932,12057.782656882127,-187500.02235174447,-187500.02235174447,-187500.02235174447,-187500.02235174447
não,1625.0388771341893,-7982.858476979552,6750.338584225009,11999.399900364864,-187500.02235174447,-187500.02235174447,-187500.02235174447,-187500.02235174447
não,1769.8334777156686,-7921.480586705278,7139.974193569922,11971.639033751373,-187500.02235174447,-187500.02235174447,-187500.02235174447,-187500.02235174447
não,1579.8436498455585,-7930.778912398686,6854.564768620106,12012.743891804683,-187500.02235174447,-187500.02235174447,-187500.02235174447,-187500.02235174447
não,1401.5884878144848,-7990.122793927526,6412.581373760864,12053.804046369081,-187500.02235174447,-187500.02235174447,-187500.02235174447,-187500.02235174447
não,1573.6745683758938,-7990.927456727917,6649.867492898405,12011.84982202647,-187500.02235174447,-187500.02235174447,-187500.02235174447,-187500.02235174447
não,1771.755727738825,-7929.504862964734,7100.12103320611,11976.444658809265,-187500.02235174447,-187500.02235174447,-187500.02235174447,-187500.02235174447
não,1643.5461215431835,-7919.75950238222,6930.448941045874,12011.983932493202,-187500.02235174447,-187500.02235174447,-187500.02235174447,-187500.02235174447
não,1397.0734354345127,-7987.753509015264,6408.222783592079,12041.868214829949,-187500.02235174447,-187500.02235174447,-187500.02235174447,-187500.02235174447
não,1522.4220183398747,-8005.321980157135,6527.715209450151,12009.324074903021,-187500.02235174447,-187500.02235174447,-187500.02235174447,-187500.02235174447
não,1782.886896477568,-7932.477644977289,7097.5729343382045,11986.257074625144,-187500.02235174447,-187500.02235174447,-187500.02235174447,-187500.02235174447
não,1699.5148896592725,-7912.092854034049,7049.695497714937,12035.766188593649,-187500.02235174447,-187500.02235174447,-187500.02235174447,-187500.02235174447
não,1427.672973593828,-7961.646671491465,6503.754139394062,12051.680630645827,-187500.02235174447,-187500.02235174447,-187500.02235174447,-187500.02235174447
não,1470.096584570001,-7996.157764930459,6463.94568251916,12026.356104177965,-187500.02235174447,-187500.02235174447,-187500.02235174447,-187500.02235174447
não,1744.9336343924565,-7938.71378168032,7008.925915828457,11974.500057041652,-187500.02235174447,-187500.02235174447,-187500.02235174447,-187500.02235174447
não,1727.9239568619678,-7895.843135815041,7075.131782905077,12002.886772499893,-187500.02235174447,-187500.02235174447,-187500.02235174447,-187500.02235174447
não,1453.9139215843586,-7967.681642494398,6550.759857983573,12038.180176994823,-187500.02235174447,-187500.02235174447,-187500.02235174447,-187500.02235174447
não,1420.8109880460488,-8026.5337856452215,6375.745698898519,12040.080075273523,-187500.02235174447,-187500.02235174447,-187500.02235174447,-187500.02235174447
não,1697.5255844027502,-7969.693299495376,6932.639412002494,11958.94324290076,-187500.02235174447,-187500.02235174447,-187500.02235174447,-187500.02235174447
não,1747.2805675602638,-7909.18712725486,7126.138463752087,11979.730365244195,-187500.02235174447,-187500.02235174447,-187500.02235174447,-187500.02235174447
não,1527.1605881643998,-7938.177339813393,6710.440720372287,12075.48523849073,-187500.02235174447,-187500.02235174447,-187500.02235174447,-187500.02235174447
não,1410.9091652523477,-7989.4969450827775,6357.64078588972,12070.456095988286,-187500.02235174447,-187500.02235174447,-187500.02235174447,-187500.02235174447
não,1668.8482962665912,-7965.513523282233,6824.769893261182,12001.500964343664,-187500.02235174447,-187500.02235174447,-187500.02235174447,-187500.02235174447
não,1780.5176115653053,-7883.683786831354,7137.537853424294,12021.215202953244,-187500.02235174447,-187500.02235174447,-187500.02235174447,-187500.02235174447
não,1519.0022014382128,-7952.370697542513,6715.603973341463,12022.109272731457,-187500.02235174447,-187500.02235174447,-187500.02235174447,-187500.02235174447
não,1379.9519991817474,-7967.212255860836,6341.167550226159,12072.266587289167,-187500.02235174447,-187500.02235174447,-187500.02235174447,-187500.02235174447
não,1650.2739966242311,-7896.781909082164,6793.410395790386,12102.195573114823,-187500.02235174447,-187500.02235174447,-187500.02235174447,-187500.02235174447
não,1784.8314982451795,-7848.79271373662,7189.975045916444,12071.707793677782,-187500.02235174447,-187500.02235174447,-187500.02235174447,-187500.02235174447
não,1678.146621959999,-7735.6258315594005,6996.230124977842,12173.74350711626,-187500.02235174447,-187500.02235174447,-187500.02235174447,-187500.02235174447
não,1382.8800777053928,-7893.764423580697,6401.204335833113,12133.935050241358,-187500.02235174447,-187500.02235174447,-187500.02235174447,-187500.02235174447
não,1403.1978134152669,-8053.601748180598,6496.646284657274,11970.610853506429,-187500.02235174447,-187500.02235174447,-187500.02235174447,-187500.02235174447
não,1676.9396277594124,-7985.406575847456,7045.314555801697,12008.385301635899,-187500.02235174447,-187500.02235174447,-187500.02235174447,-187500.02235174447
não,1547.053640729623,-7966.474648293812,6852.843684297048,12032.368723436442,-187500.02235174447,-187500.02235174447,-187500.02235174447,-187500.02235174447
não,1368.8878856763704,-7973.068412908127,6406.255830080013,12138.78537878816,-187500.02235174447,-187500.02235174447,-187500.02235174447,-187500.02235174447
não,1421.5262438686186,-8052.908844102484,6411.352027815822,12044.036334042114,-187500.02235174447,-187500.02235174447,-187500.02235174447,-187500.02235174447
não,1710.24372699782,-7940.278403792192,6998.867630823569,12023.115101231946,-187500.02235174447,-187500.02235174447,-187500.02235174447,-187500.02235174447
não,1676.8949242705019,-7877.470001872779,7021.934631101446,12082.190761827322,-187500.02235174447,-187500.02235174447,-187500.02235174447,-187500.02235174447
não,1433.6632411078504,-7919.08895004856,6500.535488192498,12136.617259575994,-187500.02235174447,-187500.02235174447,-187500.02235174447,-187500.02235174447
não,1469.381328747431,-7953.018898131717,6443.404429364733,12123.228564647266,-187500.02235174447,-187500.02235174447,-187500.02235174447,-187500.02235174447
não,1780.9646464544114,-7875.41364138289,7049.58373899266,12113.81848023158,-187500.02235174447,-187500.02235174447,-187500.02235174447,-187500.02235174447
não,1766.7712887252915,-7825.479844269735,7135.190920256487,12126.916602482392,-187500.02235174447,-187500.02235174447,-187500.02235174447,-187500.02235174447
não,1510.3744280784642,-7889.428185156368,6659.724612203195,12173.430582693885,-187500.02235174447,-187500.02235174447,-187500.02235174447,-187500.02235174447
não,1472.0411863376125,-7934.913985122917,6449.104124200836,12180.963120575325,-187500.02235174447,-187500.02235174447,-187500.02235174447,-187500.02235174447
não,1770.8393062161574,-7869.4010221244125,6982.930837026935,12140.774684044682,-187500.02235174447,-187500.02235174447,-187500.02235174447,-187500.02235174447
não,1834.3406122136846,-7803.999817848185,7221.200432920508,12158.857245309026,-187500.02235174447,-187500.02235174447,-187500.02235174447,-187500.02235174447
não,1609.638525204483,-7829.525510016145,6817.4608728242965,12223.722007718326,-187500.02235174447,-187500.02235174447,-187500.02235174447,-187500.02235174447
não,1501.3666750629754,-7881.068632730083,6483.078775772903,12246.140807406999,-187500.02235174447,-187500.02235174447,-187500.02235174447,-187500.02235174447
não,1766.748936980836,-7846.088152657528,6940.440170817396,12196.74345216077,-187500.02235174447,-187500.02235174447,-187500.02235174447,-187500.02235174447
não,1888.6329994956257,-7773.646148877878,7284.768794151401,12194.307112015142,-187500.02235174447,-187500.02235174447,-187500.02235174447,-187500.02235174447
não,1700.274848970753,-7783.033881549107,6953.739458768304,12251.035839442711,-187500.02235174447,-187500.02235174447,-187500.02235174447,-187500.02235174447
não,1513.8389484690367,-7865.623577311466,6508.805633640962,12275.980386254834,-187500.02235174447,-187500.02235174447,-187500.02235174447,-187500.02235174447
não,1754.5001810193278,-7833.593527507011,6888.785289381181,12246.118455662545,-187500.02235174447,-187500.02235174447,-187500.02235174447,-187500.02235174447
não,1943.9535670225105,-7751.1826457002935,7323.191442870074,12228.907612431958,-187500.02235174447,-187500.02235174447,-187500.02235174447,-187500.02235174447
não,1741.558520979705,-7795.997893333184,7028.751913160314,12243.302135861175,-187500.02235174447,-187500.02235174447,-187500.02235174447,-187500.02235174447
não,1540.3034139041204,-7836.722771730754,6559.745259254606,12300.589656900127,-187500.02235174447,-187500.02235174447,-187500.02235174447,-187500.02235174447
não,1706.5556891626943,-7833.615879251466,6770.477505979241,12262.904615748479,-187500.02235174447,-187500.02235174447,-187500.02235174447,-187500.02235174447
não,1930.9672034939772,-7765.577169129511,7284.612331940214,12234.9872869238,-187500.02235174447,-187500.02235174447,-187500.02235174447,-187500.02235174447
não,1822.494187652372,-7755.273014935615,7163.354118270174,12271.018298985757,-187500.02235174447,-187500.02235174447,-187500.02235174447,-187500.02235174447
não,1578.726062622793,-7809.5430504731,6651.677984199284,12325.042465334232,-187500.02235174447,-187500.02235174447,-187500.02235174447,-187500.02235174447
não,1680.6053138500827,-7837.862710697975,6701.544726079074,12302.444851689917,-187500.02235174447,-187500.02235174447,-187500.02235174447,-187500.02235174447
não,1944.1100292336978,-7775.791916345587,7257.320851960284,12242.251603871777,-187500.02235174447,-187500.02235174447,-187500.02235174447,-187500.02235174447
não,1858.1899235474973,-7746.466427620224,7236.779598805857,12244.687944017405,-187500.02235174447,-187500.02235174447,-187500.02235174447,-187500.02235174447
não,1612.5442519836727,-7794.701492154777,6732.837168316504,12293.660616118983,-187500.02235174447,-187500.02235174447,-187500.02235174447,-187500.02235174447
não,1642.6073482760607,-7833.638230995922,6645.620661451896,12300.567305155671,-187500.02235174447,-187500.02235174447,-187500.02235174447,-187500.02235174447
não,1912.9293457185443,-7785.8725530949305,7189.393900560606,12244.285612617208,-187500.02235174447,-187500.02235174447,-187500.02235174447,-187500.02235174447
não,1909.3754183501505,-7749.10393346595,7296.861087901722,12242.27395561623,-187500.02235174447,-187500.02235174447,-187500.02235174447,-187500.02235174447
não,1666.2331421653203,-7785.760794372653,6838.158588189911,12293.839430074624,-187500.02235174447,-187500.02235174447,-187500.02235174447,-187500.02235174447
não,1598.9320396103908,-7836.4098473083795,6588.824878790961,12300.567305155671,-187500.02235174447,-187500.02235174447,-187500.02235174447,-187500.02235174447
não,1864.4484119949834,-7795.9084863553635,7086.777041766291,12220.235135583298,-187500.02235174447,-187500.02235174447,-187500.02235174447,-187500.02235174447
não,1921.1994911670079,-7748.589843343479,7331.0145534294315,12212.412025023941,-187500.02235174447,-187500.02235174447,-187500.02235174447,-187500.02235174447
não,1695.8268518241468,-7776.998910546174,6922.89405141998,12256.28849938971,-187500.02235174447,-187500.02235174447,-187500.02235174447,-187500.02235174447
não,1562.6775101038827,-7837.50508278669,6546.893006192805,12264.156313437978,-187500.02235174447,-187500.02235174447,-187500.02235174447,-187500.02235174447
não,1821.913042296534,-7821.009495378673,6989.926933041446,12241.402237582475,-187500.02235174447,-187500.02235174447,-187500.02235174447,-187500.02235174447
não,1936.5104361188933,-7764.057250506551,7340.35758261175,12198.330426017097,-187500.02235174447,-187500.02235174447,-187500.02235174447,-187500.02235174447
não,1733.3330790201521,-7777.647111135378,7022.314610757186,12245.023220184234,-187500.02235174447,-187500.02235174447,-187500.02235174447,-187500.02235174447
não,1548.0371174856566,-7830.821911194553,6570.943483226715,12290.307854450686,-187500.02235174447,-187500.02235174447,-187500.02235174447,-187500.02235174447
não,1751.7285647068697,-7831.358353061481,6868.378146693486,12229.578164765617,-187500.02235174447,-187500.02235174447,-187500.02235174447,-187500.02235174447
não,1926.9215377475666,-7775.456640178757,7315.457739288538,12180.829010108591,-187500.02235174447,-187500.02235174447,-187500.02235174447,-187500.02235174447
não,1769.0511666597329,-7782.16216351535,7098.668169816515,12223.520842018228,-187500.02235174447,-187500.02235174447,-187500.02235174447,-187500.02235174447
não,1549.601739597528,-7827.893832670908,6594.189297460234,12262.23406341482,-187500.02235174447,-187500.02235174447,-187500.02235174447,-187500.02235174447
não,1685.5897528636162,-7856.749934762709,6752.90903483737,12214.736606447294,-187500.02235174447,-187500.02235174447,-187500.02235174447,-187500.02235174447
não,1917.198528909508,-7791.6840066533105,7277.236256269963,12175.531646672684,-187500.02235174447,-187500.02235174447,-187500.02235174447,-187500.02235174447
não,1812.4806061363945,-7778.25060823567,7170.998414873889,12208.589876722084,-187500.02235174447,-187500.02235174447,-187500.02235174447,-187500.02235174447
não,1560.5540943806286,-7831.045428639106,6647.431152752776,12248.308926619164,-187500.02235174447,-187500.02235174447,-187500.02235174447,-187500.02235174447
não,1618.89214740898,-7865.064783700083,6650.001603365136,12216.32358030362,-187500.02235174447,-187500.02235174447,-187500.02235174447,-187500.02235174447
não,1871.5786184762262,-7817.187347076816,7192.456089550983,12142.07108522309,-187500.02235174447,-187500.02235174447,-187500.02235174447,-187500.02235174447
não,1835.2793854808076,-7773.199113988771,7223.614421321681,12183.801792121149,-187500.02235174447,-187500.02235174447,-187500.02235174447,-187500.02235174447
não,1589.41019647243,-7827.1338733594275,6727.785674069604,12244.553833550674,-187500.02235174447,-187500.02235174447,-187500.02235174447,-187500.02235174447
não,1583.1740597693993,-7873.089059959539,6576.084384451436,12229.958144421356,-187500.02235174447,-187500.02235174447,-187500.02235174447,-187500.02235174447
não,1856.8935223690896,-7820.942440145307,7112.7721205678135,12163.618166878006,-187500.02235174447,-187500.02235174447,-187500.02235174447,-187500.02235174447
não,1866.2812550403185,-7777.758869857654,7257.00792753791,12165.495713412252,-187500.02235174447,-187500.02235174447,-187500.02235174447,-187500.02235174447
não,1617.5063392527509,-7819.444873266802,6804.563916273584,12216.256525070254,-187500.02235174447,-187500.02235174447,-187500.02235174447,-187500.02235174447
não,1530.7815707661596,-7877.738222806242,6527.402285027777,12233.534423534205,-187500.02235174447,-187500.02235174447,-187500.02235174447,-187500.02235174447
não,1792.6769605489924,-7835.962812419273,7012.993933319322,12169.697841369849,-187500.02235174447,-187500.02235174447,-187500.02235174447,-187500.02235174447
não,1867.1306213296202,-7782.564494915545,7277.504477203426,12164.020498278202,-187500.02235174447,-187500.02235174447,-187500.02235174447,-187500.02235174447
não,1648.9999471902786,-7814.616896464455,6891.333388249086,12217.485871015297,-187500.02235174447,-187500.02235174447,-187500.02235174447,-187500.02235174447
não,1503.9147739308803,-7879.347548407024,6498.1438515357795,12238.27299335873,-187500.02235174447,-187500.02235174447,-187500.02235174447,-187500.02235174447
não,1743.5254744917722,-7860.102696431005,6901.861059887536,12176.805696106638,-187500.02235174447,-187500.02235174447,-187500.02235174447,-187500.02235174447
não,1876.4512987674832,-7798.166012545349,7277.526828947882,12151.83879755006,-187500.02235174447,-187500.02235174447,-187500.02235174447,-187500.02235174447
não,1682.304046428686,-7819.914259900363,6972.157296199477,12193.345987003564,-187500.02235174447,-187500.02235174447,-187500.02235174447,-187500.02235174447
não,1495.219945337766,-7881.426260641368,6507.732749907106,12241.357534093564,-187500.02235174447,-187500.02235174447,-187500.02235174447,-187500.02235174447
não,1683.891020285013,-7875.123068704971,6782.882724151937,12204.566562720129,-187500.02235174447,-187500.02235174447,-187500.02235174447,-187500.02235174447
não,1864.3813567616173,-7811.621762707444,7245.943814032533,12149.380105659975,-187500.02235174447,-187500.02235174447,-187500.02235174447,-187500.02235174447
não,1726.1134655610879,-7805.139756815405,7062.056012398722,12183.108888043034,-187500.02235174447,-187500.02235174447,-187500.02235174447,-187500.02235174447
não,1498.1703756058664,-7862.9413679768295,6549.083477149425,12240.351705593075,-187500.02235174447,-187500.02235174447,-187500.02235174447,-187500.02235174447
não,1619.0709613646225,-7883.214400197792,6672.46510654272,12198.531591717196,-187500.02235174447,-187500.02235174447,-187500.02235174447,-187500.02235174447
não,1858.2793305253185,-7820.517757000656,7203.028464678343,12144.97681200228,-187500.02235174447,-187500.02235174447,-187500.02235174447,-187500.02235174447
não,1759.0152333992999,-7805.430329493324,7125.579670140704,12174.905797827936,-187500.02235174447,-187500.02235174447,-187500.02235174447,-187500.02235174447
não,1506.8428524545257,-7856.794638251619,6608.0250272780695,12233.84734795658,-187500.02235174447,-187500.02235174447,-187500.02235174447,-187500.02235174447
não,1558.2742164461872,-7896.08900500405,6583.773384544062,12209.79687092267,-187500.02235174447,-187500.02235174447,-187500.02235174447,-187500.02235174447
não,1826.9421847989781,-7836.275736841648,7135.07916153421,12144.328611413075,-187500.02235174447,-187500.02235174447,-187500.02235174447,-187500.02235174447
não,1793.4145681160176,-7808.045483594595,7183.314226068763,12151.83879755006,-187500.02235174447,-187500.02235174447,-187500.02235174447,-187500.02235174447
não,1544.9302250063688,-7844.948213690307,6692.626380041406,12214.826013425114,-187500.02235174447,-187500.02235174447,-187500.02235174447,-187500.02235174447
não,1519.762160749693,-7893.384443924957,6515.8687848888385,12220.011618138746,-187500.02235174447,-187500.02235174447,-187500.02235174447,-187500.02235174447
não,1790.6206000591042,-7856.861693484985,7039.77132317678,12160.041887765157,-187500.02235174447,-187500.02235174447,-187500.02235174447,-187500.02235174447
não,1817.4426934054725,-7807.151413816383,7218.182947419042,12151.481169638773,-187500.02235174447,-187500.02235174447,-187500.02235174447,-187500.02235174447
não,1578.6590073894272,-7834.577004263045,6779.4852589947295,12197.190487049877,-187500.02235174447,-187500.02235174447,-187500.02235174447,-187500.02235174447
não,1485.0051981216907,-7890.32225493458,6475.926217547205,12221.889164672992,-187500.02235174447,-187500.02235174447,-187500.02235174447,-187500.02235174447
não,1753.91903566349,-7861.264987142681,6954.655880290971,12160.533626143173,-187500.02235174447,-187500.02235174447,-187500.02235174447,-187500.02235174447
não,1835.7711238588245,-7807.911373127863,7240.959375019,12149.648326593438,-187500.02235174447,-187500.02235174447,-187500.02235174447,-187500.02235174447
não,1620.4344177763962,-7828.117350115461,6871.21681823931,12212.70259770186,-187500.02235174447,-187500.02235174447,-187500.02235174447,-187500.02235174447
não,1467.5708374465512,-7887.103603733016,6464.102144730347,12246.81135974066,-187500.02235174447,-187500.02235174447,-187500.02235174447,-187500.02235174447
não,1696.4750524133508,-7869.311615146592,6838.1809399343665,12176.023385050701,-187500.02235174447,-187500.02235174447,-187500.02235174447,-187500.02235174447
não,1845.6505949080702,-7807.419634749846,7237.807779050801,12149.35775391552,-187500.02235174447,-187500.02235174447,-187500.02235174447,-187500.02235174447
não,1662.0980694410885,-7818.170823832849,6959.685022793416,12193.815373637126,-187500.02235174447,-187500.02235174447,-187500.02235174447,-187500.02235174447
não,1461.960549588269,-7883.884952531452,6479.077813515403,12236.462502057851,-187500.02235174447,-187500.02235174447,-187500.02235174447,-187500.02235174447
não,1644.2166738768428,-7890.299903190125,6722.354200166965,12186.908684600436,-187500.02235174447,-187500.02235174447,-187500.02235174447,-187500.02235174447
não,1851.5738071887265,-7826.329210559036,7207.878793225145,12146.049695736134,-187500.02235174447,-187500.02235174447,-187500.02235174447,-187500.02235174447
não,1718.6479829130153,-7820.7412744452095,7040.911262144001,12176.760992617727,-187500.02235174447,-187500.02235174447,-187500.02235174447,-187500.02235174447
não,1493.9682476482687,-7878.185257695349,6531.313840307455,12223.833766440603,-187500.02235174447,-187500.02235174447,-187500.02235174447,-187500.02235174447
não,1609.79498741567,-7902.369845195991,6626.420512964787,12189.903818357447,-187500.02235174447,-187500.02235174447,-187500.02235174447,-187500.02235174447
não,1859.687490426003,-7838.4662077982675,7160.694260679992,12135.343210142042,-187500.02235174447,-187500.02235174447,-187500.02235174447,-187500.02235174447
não,1780.4505563319394,-7817.410864521368,7108.592344354671,12160.086591254067,-187500.02235174447,-187500.02235174447,-187500.02235174447,-187500.02235174447
não,1535.4754371017739,-7871.658548314399,6598.145556228824,12214.133109347,-187500.02235174447,-187500.02235174447,-187500.02235174447,-187500.02235174447
não,1569.5618473961172,-7909.053016788128,6537.840549688405,12197.771632405715,-187500.02235174447,-187500.02235174447,-187500.02235174447,-187500.02235174447
não,1829.4232284335171,-7847.719830002765,7089.995692967856,12142.004029989725,-187500.02235174447,-187500.02235174447,-187500.02235174447,-187500.02235174447
não,1800.4553676194391,-7812.1135010854605,7169.076164850732,12155.906815040924,-187500.02235174447,-187500.02235174447,-187500.02235174447,-187500.02235174447
não,1545.4890186177515,-7854.626519039455,6690.793536996071,12213.060225613144,-187500.02235174447,-187500.02235174447,-187500.02235174447,-187500.02235174447
não,1503.2665733416766,-7906.70608362032,6481.536505405486,12210.802699423159,-187500.02235174447,-187500.02235174447,-187500.02235174447,-187500.02235174447
não,1784.5409255672605,-7863.768382521675,7004.544973915216,12147.815483548104,-187500.02235174447,-187500.02235174447,-187500.02235174447,-187500.02235174447
não,1818.6273358616038,-7817.120291843449,7201.217973377464,12144.507425368718,-187500.02235174447,-187500.02235174447,-187500.02235174447,-187500.02235174447
não,1585.2751237481982,-7853.754801005698,6778.792354916615,12198.129260317,-187500.02235174447,-187500.02235174447,-187500.02235174447,-187500.02235174447
não,1481.0042358641906,-7904.046226030139,6450.445228868155,12216.27887681471,-187500.02235174447,-187500.02235174447,-187500.02235174447,-187500.02235174447
não,1740.6197477125822,-7875.167772193882,6906.107891334044,12156.800884819137,-187500.02235174447,-187500.02235174447,-187500.02235174447,-187500.02235174447
não,1836.776952359313,-7818.014361621662,7220.529880586849,12139.098303210534,-187500.02235174447,-187500.02235174447,-187500.02235174447,-187500.02235174447
não,1626.6258509905163,-7838.488559542723,6872.736736862271,12185.813449122126,-187500.02235174447,-187500.02235174447,-187500.02235174447,-187500.02235174447
não,1461.8711426104478,-7901.073444017583,6446.265452655012,12217.552926248662,-187500.02235174447,-187500.02235174447,-187500.02235174447,-187500.02235174447
não,1684.6733313409486,-7891.618656112988,6793.4550992792965,12162.254710466232,-187500.02235174447,-187500.02235174447,-187500.02235174447,-187500.02235174447
não,1842.4095919620506,-7828.497329771201,7214.226688650452,12131.319896140087,-187500.02235174447,-187500.02235174447,-187500.02235174447,-187500.02235174447
não,1671.955188745879,-7833.370010062458,6964.311833895664,12176.40336470644,-187500.02235174447,-187500.02235174447,-187500.02235174447,-187500.02235174447
não,1462.3852327329198,-7893.60796136951,6476.060328013937,12214.669551213927,-187500.02235174447,-187500.02235174447,-187500.02235174447,-187500.02235174447
não,1628.4139905469408,-7899.911153305907,6688.714824761728,12173.74350711626,-187500.02235174447,-187500.02235174447,-187500.02235174447,-187500.02235174447
não,1835.2123302474417,-7833.370010062458,7182.531915012827,12123.07210243608,-187500.02235174447,-187500.02235174447,-187500.02235174447,-187500.02235174447
não,1709.3273054751523,-7825.613954736466,7042.520587744783,12155.1692074739,-187500.02235174447,-187500.02235174447,-187500.02235174447,-187500.02235174447
não,1472.9129043713695,-7883.929656020362,6526.664677460752,12205.862963898537,-187500.02235174447,-187500.02235174447,-187500.02235174447,-187500.02235174447
não,1566.7231758502933,-7911.422301700391,6584.622750833363,12170.79307684816,-187500.02235174447,-187500.02235174447,-187500.02235174447,-187500.02235174447
não,1822.5388911412826,-7849.575024792555,7134.185091755998,12117.283000622154,-187500.02235174447,-187500.02235174447,-187500.02235174447,-187500.02235174447
não,1748.8898931610458,-7825.323382058547,7113.129748479098,12141.042904978145,-187500.02235174447,-187500.02235174447,-187500.02235174447,-187500.02235174447
não,1499.6455907399168,-7874.0948884600275,6606.1474807438235,12193.055414325645,-187500.02235174447,-187500.02235174447,-187500.02235174447,-187500.02235174447
não,1522.9137567178914,-7913.411606956913,6510.079683074914,12181.79013512017,-187500.02235174447,-187500.02235174447,-187500.02235174447,-187500.02235174447
não,1794.4203966165062,-7859.320385375069,7058.323271074685,12119.205250645311,-187500.02235174447,-187500.02235174447,-187500.02235174447,-187500.02235174447
não,1780.8305359876797,-7822.954097146285,7160.89542638009,12126.201346659822,-187500.02235174447,-187500.02235174447,-187500.02235174447,-187500.02235174447
não,1537.1965214248326,-7867.322309890069,6690.6147230404285,12178.45972519633,-187500.02235174447,-187500.02235174447,-187500.02235174447,-187500.02235174447
não,1490.3249133020538,-7915.624429657988,6457.217807438113,12188.830934623593,-187500.02235174447,-187500.02235174447,-187500.02235174447,-187500.02235174447
não,1765.5419427802497,-7872.820839026075,6971.263226421264,12119.361712856498,-187500.02235174447,-187500.02235174447,-187500.02235174447,-187500.02235174447
não,1814.7604840708357,-7823.423483779846,7197.507583797883,12109.772814485172,-187500.02235174447,-187500.02235174447,-187500.02235174447,-187500.02235174447
não,1591.4665569623182,-7853.955966705796,6792.583381245539,12168.244977980254,-187500.02235174447,-187500.02235174447,-187500.02235174447,-187500.02235174447
não,1469.6942531698053,-7913.61277265701,6436.363629861311,12190.663777668928,-187500.02235174447,-187500.02235174447,-187500.02235174447,-187500.02235174447
não,1722.5595381926942,-7888.2435427002365,6867.752297848738,12133.398608374431,-187500.02235174447,-187500.02235174447,-187500.02235174447,-187500.02235174447
não,1835.949937814467,-7827.580908248533,7209.219897892463,12110.868049963481,-187500.02235174447,-187500.02235174447,-187500.02235174447,-187500.02235174447
não,1632.9737464158234,-7841.729562488743,6882.012710811224,12154.811579562614,-187500.02235174447,-187500.02235174447,-187500.02235174447,-187500.02235174447
não,1461.4241077213417,-7906.4378626868565,6440.297536885445,12189.322673001609,-187500.02235174447,-187500.02235174447,-187500.02235174447,-187500.02235174447
não,1670.1223457005437,-7901.609885884511,6756.462962205764,12130.738750784249,-187500.02235174447,-187500.02235174447,-187500.02235174447,-187500.02235174447
$SILENCE,1847.3046239977627,-7835.4710740412565,7200.145089643609,12098.865163190982,-187500.02235174447,-187500.02235174447,-187500.02235174447,-187500.02235174447
$SILENCE,1687.981389520334,-7839.650850254399,6975.487706123317,12138.360695643509,-187500.02235174447,-187500.02235174447,-187500.02235174447,-187500.02235174447
$SILENCE,1471.9070758708806,-7902.816880085097,6477.535543147987,12179.711422885826,-187500.02235174447,-187500.02235174447,-187500.02235174447,-187500.02235174447
$SILENCE,1627.8775486800134,-7918.038418059161,6656.550664490541,12138.919489254891,-187500.02235174447,-187500.02235174447,-187500.02235174447,-187500.02235174447
$SILENCE,1848.3551559871623,-7850.692612015321,7164.851685148679,12089.745651453215,-187500.02235174447,-187500.02235174447,-187500.02235174447,-187500.02235174447
$SILENCE,1734.5177214762834,-7837.5497862756,7047.683840713959,12126.06723619309,-187500.02235174447,-187500.02235174447,-187500.02235174447,-187500.02235174447
$SILENCE,1494.348227304009,-7891.015159012695,6534.621898486841,12174.45876293883,-187500.02235174447,-187500.02235174447,-187500.02235174447,-187500.02235174447
$SILENCE,1578.211972500321,-7918.083121548072,6564.640291290319,12148.821312048593,-187500.02235174447,-187500.02235174447,-187500.02235174447,-187500.02235174447
$SILENCE,1835.9275860700116,-7857.666356285376,7110.179318210998,12091.1538113539,-187500.02235174447,-187500.02235174447,-187500.02235174447,-187500.02235174447
$SILENCE,1778.4388993309617,-7832.297126328604,7116.147233980565,12110.488070307742,-187500.02235174447,-187500.02235174447,-187500.02235174447,-187500.02235174447
$SILENCE,1532.055620200112,-7880.979225752262,6615.311695970499,12164.35577444503,-187500.02235174447,-187500.02235174447,-187500.02235174447,-187500.02235174447
$SILENCE,1536.3248033910756,-7924.654534417932,6489.918409576227,12153.582233617573,-187500.02235174447,-187500.02235174447,-187500.02235174447,-187500.02235174447
$SILENCE,1814.9392980264781,-7875.056013471605,7043.302898800719,12097.38994805693,-187500.02235174447,-187500.02235174447,-187500.02235174447,-187500.02235174447
$SILENCE,1813.0841032366877,-7834.755818218687,7168.338557283707,12099.714529480283,-187500.02235174447,-187500.02235174447,-187500.02235174447,-187500.02235174447
$SILENCE,1571.3499869525417,-7871.904417503407,6708.473766860219,12151.21294870531,-187500.02235174447,-187500.02235174447,-187500.02235174447,-187500.02235174447
$SILENCE,1500.5620122625844,-7926.196804785348,6445.550196832442,12159.773666831692,-187500.02235174447,-187500.02235174447,-187500.02235174447,-187500.02235174447
$SILENCE,1778.461251075417,-7888.087080489049,6948.665612776949,12099.11103237999,-187500.02235174447,-187500.02235174447,-187500.02235174447,-187500.02235174447
$SILENCE,1847.5057896978606,-7836.655716497388,7200.390958832617,12088.2033810858,-187500.02235174447,-187500.02235174447,-187500.02235174447,-187500.02235174447
$SILENCE,1625.0388771341893,-7863.433106354846,6804.228640106755,12129.01766646119,-187500.02235174447,-187500.02235174447,-187500.02235174447,-187500.02235174447
$SILENCE,1490.928410402347,-7924.90040360694,6431.200376892135,12153.649288850938,-187500.02235174447,-187500.02235174447,-187500.02235174447,-187500.02235174447
$SILENCE,1738.138704078043,-7903.934467307862,6847.412210394408,12101.480317292253,-187500.02235174447,-187500.02235174447,-187500.02235174447,-187500.02235174447
$SILENCE,1856.8711706246343,-7842.847149711508,7202.983761189433,12079.10622109249,-187500.02235174447,-187500.02235174447,-187500.02235174447,-187500.02235174447
$SILENCE,1661.248703151787,-7856.101734173505,6895.93784760688,12128.63768680545,-187500.02235174447,-187500.02235174447,-187500.02235174447,-187500.02235174447
$SILENCE,1474.9469131168025,-7916.6526099029315,6439.850501996339,12166.45683842383,-187500.02235174447,-187500.02235174447,-187500.02235174447,-187500.02235174447
$SILENCE,1675.0173777362559,-7913.389255212457,6732.546595638585,12117.39475934443,-187500.02235174447,-187500.02235174447,-187500.02235174447,-187500.02235174447
$SILENCE,1862.1461823160867,-7848.479789314246,7191.6067232616815,12078.882703647936,-187500.02235174447,-187500.02235174447,-187500.02235174447,-187500.02235174447
$SILENCE,1715.6081456670936,-7848.166864891871,6989.256380707787,12111.96328544179,-187500.02235174447,-187500.02235174447,-187500.02235174447,-187500.02235174447
$SILENCE,1495.443462782319,-7909.298885977136,6490.566610165431,12157.113809241511,-187500.02235174447,-187500.02235174447,-187500.02235174447,-187500.02235174447
$SILENCE,1631.5879382595942,-7926.174453040893,6635.875300869382,12115.092529665533,-187500.02235174447,-187500.02235174447,-187500.02235174447,-187500.02235174447
$SILENCE,1876.7418714454022,-7860.996766209218,7183.247170835397,12065.091677319013,-187500.02235174447,-187500.02235174447,-187500.02235174447,-187500.02235174447
$SILENCE,1772.5156870503054,-7844.411771823379,7093.795489525258,12099.334549824544,-187500.02235174447,-187500.02235174447,-187500.02235174447,-187500.02235174447
$SILENCE,1521.72911426176,-7902.526307407178,6558.0688784204585,12149.715381826805,-187500.02235174447,-187500.02235174447,-187500.02235174447,-187500.02235174447
$SILENCE,1590.080748806089,-7931.985906599272,6567.970701214159,12129.2635356502,-187500.02235174447,-187500.02235174447,-187500.02235174447,-187500.02235174447
$SILENCE,1839.9509000719668,-7877.604112339511,7091.0238732128,12071.90895937788,-187500.02235174447,-187500.02235174447,-187500.02235174447,-187500.02235174447
$SILENCE,1804.4786816213946,-7842.847149711508,7149.451333218973,12088.292788063622,-187500.02235174447,-187500.02235174447,-187500.02235174447,-187500.02235174447
$SILENCE,1540.6833935598606,-7894.1667549808935,6617.368056460387,12146.78730330316,-187500.02235174447,-187500.02235174447,-187500.02235174447,-187500.02235174447
$SILENCE,1537.6882598028494,-7939.719610180809,6471.6123308673305,12140.439407877851,-187500.02235174447,-187500.02235174447,-187500.02235174447,-187500.02235174447
$SILENCE,1821.3989521740618,-7890.813993312597,7017.129006043555,12075.82051465756,-187500.02235174447,-187500.02235174447,-187500.02235174447,-187500.02235174447
$SILENCE,1836.5087314258494,-7847.049277669106,7176.787516687813,12074.747630923704,-187500.02235174447,-187500.02235174447,-187500.02235174447,-187500.02235174447
$SILENCE,1599.826109388603,-7881.135687963449,6740.816741087048,12134.672657808384,-187500.02235174447,-187500.02235174447,-187500.02235174447,-187500.02235174447
$SILENCE,1513.0119339241903,-7936.344496768057,6451.629871324286,12147.904890525924,-187500.02235174447,-187500.02235174447,-187500.02235174447,-187500.02235174447
$SILENCE,1779.8023557427355,-7902.772176596186,6933.846406203081,12085.655282217895,-187500.02235174447,-187500.02235174447,-187500.02235174447,-187500.02235174447
$SILENCE,1859.7992491482794,-7848.591548036522,7211.253906637897,12074.233540801233,-187500.02235174447,-187500.02235174447,-187500.02235174447,-187500.02235174447
$SILENCE,1644.1943221323875,-7871.41267912539,6837.957422489813,12124.2120414033,-187500.02235174447,-187500.02235174447,-187500.02235174447,-187500.02235174447
$SILENCE,1497.3657128054754,-7931.538871710167,6443.337374131367,12150.765913816203,-187500.02235174447,-187500.02235174447,-187500.02235174447,-187500.02235174447
$SILENCE,1735.2329772988533,-7915.132691279971,6828.860262496503,12091.578494498552,-187500.02235174447,-187500.02235174447,-187500.02235174447,-187500.02235174447
$SILENCE,1874.9313801445223,-7852.972489949762,7213.936115972533,12067.326851764543,-187500.02235174447,-187500.02235174447,-187500.02235174447,-187500.02235174447
$SILENCE,1690.9988750218006,-7861.60026330951,6929.063132889644,12111.739767997238,-187500.02235174447,-187500.02235174447,-187500.02235174447,-187500.02235174447
$SILENCE,1492.3365703030313,-7921.435883216368,6462.202246451646,12152.956384772824,-187500.02235174447,-187500.02235174447,-187500.02235174447,-187500.02235174447
$SILENCE,1677.5431248597056,-7924.207499528826,6725.99753451318,12106.576515028062,-187500.02235174447,-187500.02235174447,-187500.02235174447,-187500.02235174447
$SILENCE,1874.8866766556118,-7859.521551075167,7197.32876984224,12064.555235452084,-187500.02235174447,-187500.02235174447,-187500.02235174447,-187500.02235174447
$SILENCE,1737.468151744384,-7857.3087283740915,7018.425407221963,12101.636779503438,-187500.02235174447,-187500.02235174447,-187500.02235174447,-187500.02235174447
$SILENCE,1509.3238960890646,-7915.222098257792,6512.784244154006,12151.995259761246,-187500.02235174447,-187500.02235174447,-187500.02235174447,-187500.02235174447
$SILENCE,1628.346935313575,-7933.416418244412,6623.067751296491,12117.774739000171,-187500.02235174447,-187500.02235174447,-187500.02235174447,-187500.02235174447
$SILENCE,1863.2414177943967,-7868.596359324022,7152.357059998162,12063.549406951595,-187500.02235174447,-187500.02235174447,-187500.02235174447,-187500.02235174447
$SILENCE,1771.1969341274423,-7851.251405626704,7089.883934245579,12086.996386885214,-187500.02235174447,-187500.02235174447,-187500.02235174447,-187500.02235174447
$SILENCE,1526.9147189753915,-7902.258086473715,6581.649968820807,12143.12161721249,-187500.02235174447,-187500.02235174447,-187500.02235174447,-187500.02235174447
$SILENCE,1578.346082967053,-7939.473740991801,6541.707401479173,12127.788320516149,-187500.02235174447,-187500.02235174447,-187500.02235174447,-187500.02235174447
$SILENCE,1856.3794322466174,-7882.2532751862145,7107.698274576459,12065.941043608314,-187500.02235174447,-187500.02235174447,-187500.02235174447,-187500.02235174447
$SILENCE,1821.8683388076233,-7841.796617722109,7179.737946955914,12081.028471115646,-187500.02235174447,-187500.02235174447,-187500.02235174447,-187500.02235174447
$SILENCE,1558.7883065686592,-7889.875220045474,6660.551626748041,12139.433579377364,-187500.02235174447,-187500.02235174447,-187500.02235174447,-187500.02235174447
$SILENCE,1545.7348878067598,-7936.031572345683,6503.821194627428,12135.969058986791,-187500.02235174447,-187500.02235174447,-187500.02235174447,-187500.02235174447
$SILENCE,1802.3776176425956,-7896.692502104343,6993.659674365482,12075.507590235185,-187500.02235174447,-187500.02235174447,-187500.02235174447,-187500.02235174447
$SILENCE,1849.1821705320085,-7848.07745791405,7208.3928833476175,12070.67961343284,-187500.02235174447,-187500.02235174447,-187500.02235174447,-187500.02235174447
$SILENCE,1592.9641238408237,-7883.996711253729,6738.067476519046,12130.135253683955,-187500.02235174447,-187500.02235174447,-187500.02235174447,-187500.02235174447
$SILENCE,1499.8467564400146,-7943.340592782569,6431.066266425403,12145.69206782485,-187500.02235174447,-187500.02235174447,-187500.02235174447,-187500.02235174447
$SILENCE,1758.2329223433642,-7910.0811970330715,6901.615190698528,12086.504648507196,-187500.02235174447,-187500.02235174447,-187500.02235174447,-187500.02235174447
$SILENCE,1850.3444612436845,-7852.480751571746,7208.549345558804,12072.601863455995,-187500.02235174447,-187500.02235174447,-187500.02235174447,-187500.02235174447
$SILENCE,1648.9552437013679,-7873.200818681815,6856.68818434336,12113.170279642378,-187500.02235174447,-187500.02235174447,-187500.02235174447,-187500.02235174447
$SILENCE,1488.4697185122632,-7933.125845566493,6439.403467107233,12139.746503799737,-187500.02235174447,-187500.02235174447,-187500.02235174447,-187500.02235174447
$SILENCE,1716.5245671897612,-7918.977191326284,6798.596000504017,12084.783564184138,-187500.02235174447,-187500.02235174447,-187500.02235174447,-187500.02235174447
$SILENCE,1876.1607260895642,-7857.17461790736,7210.225726392952,12057.179159781834,-187500.02235174447,-187500.02235174447,-187500.02235174447,-187500.02235174447
$SILENCE,1703.9852385503339,-7863.276644143659,6951.7054500228705,12099.222791102266,-187500.02235174447,-187500.02235174447,-187500.02235174447,-187500.02235174447
$SILENCE,1500.092625629023,-7924.922755351396,6471.813496567428,12140.707628811317,-187500.02235174447,-187500.02235174447,-187500.02235174447,-187500.02235174447
$SILENCE,1666.7695840322476,-7929.191938542359,6699.264848144633,12096.071195134067,-187500.02235174447,-187500.02235174447,-187500.02235174447,-187500.02235174447
$SILENCE,1872.0033016208772,-7863.991899966229,7184.610627247171,12053.37936322443,-187500.02235174447,-187500.02235174447,-187500.02235174447,-187500.02235174447
$SILENCE,1747.8617129161016,-7857.800466752108,7032.886985884546,12089.790354942126,-187500.02235174447,-187500.02235174447,-187500.02235174447,-187500.02235174447
$SILENCE,1512.3413815905312,-7913.769234868198,6521.322610535934,12141.042904978145,-187500.02235174447,-187500.02235174447,-187500.02235174447,-187500.02235174447
$SILENCE,1615.8746619075134,-7937.529139224189,6600.492489396631,12112.007988930702,-187500.02235174447,-187500.02235174447,-187500.02235174447,-187500.02235174447
$SILENCE,1863.7331561724136,-7874.228998926759,7139.102475536165,12058.520264449153,-187500.02235174447,-187500.02235174447,-187500.02235174447,-187500.02235174447
$SILENCE,1785.2338296453752,-7851.74314400472,7104.010236741333,12080.782601926638,-187500.02235174447,-187500.02235174447,-187500.02235174447,-187500.02235174447
$SILENCE,1540.2587104152096,-7902.436900429357,6598.59259111793,12135.320858397587,-187500.02235174447,-187500.02235174447,-187500.02235174447,-187500.02235174447
$SILENCE,1571.6182078860054,-7942.37946777099,6524.2059855706675,12120.658114034906,-187500.02235174447,-187500.02235174447,-187500.02235174447,-187500.02235174447
$SILENCE,1843.974214073922,-7887.327121177569,7072.181352636976,12059.950776094292,-187500.02235174447,-187500.02235174447,-187500.02235174447,-187500.02235174447
$SILENCE,1825.6234318761149,-7851.609033537989,7161.253054291375,12071.528979722141,-187500.02235174447,-187500.02235174447,-187500.02235174447,-187500.02235174447
$SILENCE,1581.0059405572345,-7893.093871247038,6689.743005006672,12127.788320516149,-187500.02235174447,-187500.02235174447,-187500.02235174447,-187500.02235174447
$SILENCE,1535.6095475685058,-7944.346421283058,6467.94664477666,12130.515233339696,-187500.02235174447,-187500.02235174447,-187500.02235174447,-187500.02235174447
$SILENCE,1806.1103589666318,-7899.642932372443,6980.740366070315,12067.170389553356,-187500.02235174447,-187500.02235174447,-187500.02235174447,-187500.02235174447
$SILENCE,1841.8731500951233,-7848.79271373662,7193.104290140187,12065.605767441484,-187500.02235174447,-187500.02235174447,-187500.02235174447,-187500.02235174447
$SILENCE,1609.3032490376531,-7877.961740250796,6778.635892705428,12118.78056750066,-187500.02235174447,-187500.02235174447,-187500.02235174447,-187500.02235174447
$SILENCE,1499.086797128534,-7936.9032903794405,6438.218824651101,12138.539509599152,-187500.02235174447,-187500.02235174447,-187500.02235174447,-187500.02235174447
$SILENCE,1757.1600386095095,-7910.416473199902,6886.661873657928,12077.72041293626,-187500.02235174447,-187500.02235174447,-187500.02235174447,-187500.02235174447
$SILENCE,1881.2792755698295,-7850.0891149150275,7245.407372165606,12057.939119093315,-187500.02235174447,-187500.02235174447,-187500.02235174447,-187500.02235174447
$SILENCE,1655.3478426155857,-7869.445725613324,6866.366489692508,12112.879706964459,-187500.02235174447,-187500.02235174447,-187500.02235174447,-187500.02235174447
$SILENCE,1484.6475702104058,-7933.461121733323,6427.422932079188,12146.697896325339,-187500.02235174447,-187500.02235174447,-187500.02235174447,-187500.02235174447
$SILENCE,1705.6169158955713,-7922.620525672499,6767.996462344702,12091.220866587266,-187500.02235174447,-187500.02235174447,-187500.02235174447,-187500.02235174447
$SILENCE,1871.489211498405,-7857.88987372993,7198.222839620453,12059.682555160827,-187500.02235174447,-187500.02235174447,-187500.02235174447,-187500.02235174447
$SILENCE,1707.695628129915,-7862.024946454161,6962.926025739435,12100.87682019196,-187500.02235174447,-187500.02235174447,-187500.02235174447,-187500.02235174447
$SILENCE,1495.8904976714252,-7922.4640634613115,6474.741575091073,12146.563785858607,-187500.02235174447,-187500.02235174447,-187500.02235174447,-187500.02235174447
$SILENCE,1653.2020751478763,-7932.947031610851,6672.174533864801,12104.766023727183,-187500.02235174447,-187500.02235174447,-187500.02235174447,-187500.02235174447
$SILENCE,1867.689414941003,-7867.232902912248,7176.60870273217,12061.582453439529,-187500.02235174447,-187500.02235174447,-187500.02235174447,-187500.02235174447
$SILENCE,1741.4691140018838,-7854.157132405893,7046.96858489139,12093.210171843788,-187500.02235174447,-187500.02235174447,-187500.02235174447,-187500.02235174447
$SILENCE,1500.2267360957546,-7909.030665043672,6536.521796765542,12145.110922469012,-187500.02235174447,-187500.02235174447,-187500.02235174447,-187500.02235174447
$SILENCE,1593.1205860520108,-7936.925642123895,6577.626654818851,12115.181936643356,-187500.02235174447,-187500.02235174447,-187500.02235174447,-187500.02235174447
$SILENCE,1855.9323973575113,-7876.777097794664,7123.523309650816,12060.800142383594,-187500.02235174447,-187500.02235174447,-187500.02235174447,-187500.02235174447
$SILENCE,1789.7935855142578,-7851.69844051581,7115.990771769378,12082.615444971972,-187500.02235174447,-187500.02235174447,-187500.02235174447,-187500.02235174447
$SILENCE,1543.2761959166762,-7900.760519595208,6613.434149436253,12137.01959097619,-187500.02235174447,-187500.02235174447,-187500.02235174447,-187500.02235174447
$SILENCE,1554.7202890777933,-7941.172473570404,6504.044712071981,12125.530794326163,-187500.02235174447,-187500.02235174447,-187500.02235174447,-187500.02235174447
$SILENCE,1830.9207953120226,-7890.1210892344825,7048.980241892367,12062.655337173384,-187500.02235174447,-187500.02235174447,-187500.02235174447,-187500.02235174447
$SILENCE,1827.523330154816,-7852.927786460851,7162.236531047408,12071.193703555311,-187500.02235174447,-187500.02235174447,-187500.02235174447,-187500.02235174447
$SILENCE,1584.3139987366199,-7890.612827612499,6702.617609812929,12127.073064693579,-187500.02235174447,-187500.02235174447,-187500.02235174447,-187500.02235174447
$SILENCE,1514.6212595249724,-7940.233700303281,6456.9942899935595,12135.410265375409,-187500.02235174447,-187500.02235174447,-187500.02235174447,-187500.02235174447
$SILENCE,1783.199820899942,-7901.475775417778,6963.194246672899,12075.664052446373,-187500.02235174447,-187500.02235174447,-187500.02235174447,-187500.02235174447
$SILENCE,1837.5145599263383,-7850.402039337402,7198.334598342729,12069.047936087602,-187500.02235174447,-187500.02235174447,-187500.02235174447,-187500.02235174447
$SILENCE,1611.98545837229,-7877.313539661592,6801.054692394101,12122.267439635687,-187500.02235174447,-187500.02235174447,-187500.02235174447,-187500.02235174447
$SILENCE,1484.669921954861,-7934.0869705780715,6437.905900228728,12144.797998046637,-187500.02235174447,-187500.02235174447,-187500.02235174447,-187500.02235174447
$SILENCE,1732.237843541842,-7912.383426711968,6857.4928471437515,12085.878799662447,-187500.02235174447,-187500.02235174447,-187500.02235174447,-187500.02235174447
$SILENCE,1855.2841967683075,-7854.157132405893,7211.477424082449,12068.779715154138,-187500.02235174447,-187500.02235174447,-187500.02235174447,-187500.02235174447
$SILENCE,1660.533447329217,-7868.015213968184,6898.88827787498,12114.73490175425,-187500.02235174447,-187500.02235174447,-187500.02235174447,-187500.02235174447
$SILENCE,1485.3628260329756,-7929.460159475823,6452.434534124677,12150.050657993634,-187500.02235174447,-187500.02235174447,-187500.02235174447,-187500.02235174447
$SILENCE,1688.1378517315213,-7924.0510373176385,6755.1218575384455,12098.306369579599,-187500.02235174447,-187500.02235174447,-187500.02235174447,-187500.02235174447
$SILENCE,1863.8225631502348,-7859.968585964273,7200.078034410243,12063.05766857358,-187500.02235174447,-187500.02235174447,-187500.02235174447,-187500.02235174447
$SILENCE,1710.3107822311858,-7860.527379575656,6986.663578350971,12103.804898715603,-187500.02235174447,-187500.02235174447,-187500.02235174447,-187500.02235174447
$SILENCE,1487.9332766453358,-7918.574859926089,6490.700720632162,12150.475341138284,-187500.02235174447,-187500.02235174447,-187500.02235174447,-187500.02235174447
$SILENCE,1626.4246852904184,-7931.963554854818,6651.5215219880965,12111.605657530507,-187500.02235174447,-187500.02235174447,-187500.02235174447,-187500.02235174447
$SILENCE,1854.2113130344526,-7868.641062812932,7164.583464215215,12064.443476729808,-187500.02235174447,-187500.02235174447,-187500.02235174447,-187500.02235174447
$SILENCE,1750.208646083909,-7855.74410626222,7062.905378688023,12094.573628255563,-187500.02235174447,-187500.02235174447,-187500.02235174447,-187500.02235174447
$SILENCE,1511.8496432125144,-7908.47187143229,6550.156360883279,12146.206157947321,-187500.02235174447,-187500.02235174447,-187500.02235174447,-187500.02235174447
$SILENCE,1583.2411150027651,-7937.305621779636,6559.991128443615,12124.234393147755,-187500.02235174447,-187500.02235174447,-187500.02235174447,-187500.02235174447
$SILENCE,1841.9402053284891,-7877.782926295153,7107.1394809650765,12069.852598887992,-187500.02235174447,-187500.02235174447,-187500.02235174447,-187500.02235174447
$SILENCE,1787.8266320021908,-7850.424391081857,7126.272574218819,12088.985692141736,-187500.02235174447,-187500.02235174447,-187500.02235174447,-187500.02235174447
$SILENCE,1542.896216260936,-7896.960723037806,6632.723704901184,12143.322782912586,-187500.02235174447,-187500.02235174447,-187500.02235174447,-187500.02235174447
$SILENCE,1541.8233325270812,-7941.530101481689,6491.795956110473,12133.532718841163,-187500.02235174447,-187500.02235174447,-187500.02235174447,-187500.02235174447
$SILENCE,1814.201690459453,-7890.702234590321,7029.9589073609,12072.803029156094,-187500.02235174447,-187500.02235174447,-187500.02235174447,-187500.02235174447
$SILENCE,1816.6603823495368,-7848.45743756979,7169.702013695481,12077.206322813789,-187500.02235174447,-187500.02235174447,-187500.02235174447,-187500.02235174447
$SILENCE,1578.6590073894272,-7884.913132776396,6724.8352438015045,12135.902003753425,-187500.02235174447,-187500.02235174447,-187500.02235174447,-187500.02235174447
$SILENCE,1500.830233196048,-7937.819711902108,6452.009850980026,12148.463684137307,-187500.02235174447,-187500.02235174447,-187500.02235174447,-187500.02235174447
$SILENCE,1759.819896199691,-7901.7439963512425,6937.936775438402,12089.388023541931,-187500.02235174447,-187500.02235174447,-187500.02235174447,-187500.02235174447
$SILENCE,1832.2618999793413,-7850.223225381759,7199.921572199056,12080.58143622654,-187500.02235174447,-187500.02235174447,-187500.02235174447,-187500.02235174447
$SILENCE,1620.345010798575,-7874.586626838044,6819.785454247649,12132.169262429388,-187500.02235174447,-187500.02235174447,-187500.02235174447,-187500.02235174447
$SILENCE,1482.993541120713,-7934.33283976708,6434.79900774944,12157.583195875073,-187500.02235174447,-187500.02235174447,-187500.02235174447,-187500.02235174447
$SILENCE,1720.9949160808226,-7915.020932557694,6830.044904952634,12098.082852135045,-187500.02235174447,-187500.02235174447,-187500.02235174447,-187500.02235174447
$SILENCE,1852.043193822288,-7854.157132405893,7203.028464678343,12074.881741390436,-187500.02235174447,-187500.02235174447,-187500.02235174447,-187500.02235174447
$SILENCE,1662.7462700302924,-7863.991899966229,6911.025275114212,12120.546355312628,-187500.02235174447,-187500.02235174447,-187500.02235174447,-187500.02235174447
$SILENCE,1472.4658694822633,-7925.503900707234,6451.898092257749,12157.851416808537,-187500.02235174447,-187500.02235174447,-187500.02235174447,-187500.02235174447
$SILENCE,1661.5392758297057,-7926.308563507625,6725.595203112985,12110.35395984101,-187500.02235174447,-187500.02235174447,-187500.02235174447,-187500.02235174447
$SILENCE,1851.1938275329862,-7861.689670287332,7185.258827836375,12075.462886746274,-187500.02235174447,-187500.02235174447,-187500.02235174447,-187500.02235174447
$SILENCE,1711.2272037538535,-7858.694536530321,6992.296217953708,12111.426843574864,-187500.02235174447,-187500.02235174447,-187500.02235174447,-187500.02235174447
$SILENCE,1483.5299829876403,-7915.624429657988,6491.080700287903,12158.857245309026,-187500.02235174447,-187500.02235174447,-187500.02235174447,-187500.02235174447
$SILENCE,1610.443188004874,-7931.650630432443,6620.027914050569,12124.882593736958,-187500.02235174447,-187500.02235174447,-187500.02235174447,-187500.02235174447
$SILENCE,1846.231740263908,-7869.803353524609,7144.288080249797,12075.39583151291,-187500.02235174447,-187500.02235174447,-187500.02235174447,-187500.02235174447
$SILENCE,1748.6663757164927,-7854.447705083812,7064.537056033261,12100.206267858299,-187500.02235174447,-187500.02235174447,-187500.02235174447,-187500.02235174447
$SILENCE,1509.927393189358,-7907.1978219983375,6553.777343485039,12155.079800496078,-187500.02235174447,-187500.02235174447,-187500.02235174447,-187500.02235174447
$SILENCE,1565.5832368830727,-7940.099589836549,6533.549014752986,12138.740675299248,-187500.02235174447,-187500.02235174447,-187500.02235174447,-187500.02235174447
$SILENCE,1827.366867943629,-7881.806240297108,7081.9714167084,12080.58143622654,-187500.02235174447,-187500.02235174447,-187500.02235174447,-187500.02235174447
$SILENCE,1787.558411068727,-7849.798542237108,7130.407646943051,12097.568762012574,-187500.02235174447,-187500.02235174447,-187500.02235174447,-187500.02235174447
$SILENCE,1541.8680360159917,-7894.32321719208,6643.854873639927,12152.039963250156,-187500.02235174447,-187500.02235174447,-187500.02235174447,-187500.02235174447
$SILENCE,1524.0313439406568,-7941.060714848128,6468.684252343685,12149.40245740443,-187500.02235174447,-187500.02235174447,-187500.02235174447,-187500.02235174447
$SILENCE,1796.87908850659,-7894.792603825642,6997.593581389616,12088.002215385703,-187500.02235174447,-187500.02235174447,-187500.02235174447,-187500.02235174447
$SILENCE,1818.2250044614084,-7851.4972748157115,7168.673833450536,12089.477430519752,-187500.02235174447,-187500.02235174447,-187500.02235174447,-187500.02235174447
$SILENCE,1584.9174958369133,-7884.153173464915,6738.022773030135,12144.842701535548,-187500.02235174447,-187500.02235174447,-187500.02235174447,-187500.02235174447
$SILENCE,1489.2073260792884,-7940.166645069915,6434.351972860333,12157.583195875073,-187500.02235174447,-187500.02235174447,-187500.02235174447,-187500.02235174447
$SILENCE,1750.9686053953894,-7907.846022587541,6901.369321509519,12096.384119556442,-187500.02235174447,-187500.02235174447,-187500.02235174447,-187500.02235174447
$SILENCE,1830.6749261230143,-7851.765495749176,7190.176211616542,12084.62710197295,-187500.02235174447,-187500.02235174447,-187500.02235174447,-187500.02235174447
$SILENCE,1614.9135368959353,-7871.971472736773,6831.453064853319,12136.103169453523,-187500.02235174447,-187500.02235174447,-187500.02235174447,-187500.02235174447
$SILENCE,1465.6485874233947,-7931.650630432443,6429.032257679971,12167.015632035213,-187500.02235174447,-187500.02235174447,-187500.02235174447,-187500.02235174447
$SILENCE,1700.1630902484765,-7916.406740713924,6797.8583929369925,12111.046863919124,-187500.02235174447,-187500.02235174447,-187500.02235174447,-187500.02235174447
$SILENCE,1844.264786751841,-7856.168789406871,7190.176211616542,12081.140229837923,-187500.02235174447,-187500.02235174447,-187500.02235174447,-187500.02235174447
$SILENCE,1672.7151480573593,-7866.182370922848,6922.4693682753295,12122.893288480436,-187500.02235174447,-187500.02235174447,-187500.02235174447,-187500.02235174447
$SILENCE,1474.4998782276964,-7924.229851273281,6453.932101003183,12166.367431446008,-187500.02235174447,-187500.02235174447,-187500.02235174447,-187500.02235174447
$SILENCE,1649.8493134795801,-7928.342572253057,6694.213353897733,12120.63576229045,-187500.02235174447,-187500.02235174447,-187500.02235174447,-187500.02235174447
$SILENCE,1852.6466909225812,-7864.818914511075,7171.914836396556,12079.240331559222,-187500.02235174447,-187500.02235174447,-187500.02235174447,-187500.02235174447
$SILENCE,1718.6032794241048,-7858.918053974874,7007.115424527577,12110.53277379665,-187500.02235174447,-187500.02235174447,-187500.02235174447,-187500.02235174447
$SILENCE,1485.5192882441627,-7915.915002335907,6502.0777585599135,12155.839759807559,-187500.02235174447,-187500.02235174447,-187500.02235174447,-187500.02235174447
$SILENCE,1600.2507925332538,-7936.791531657163,6597.229134706156,12124.949648970325,-187500.02235174447,-187500.02235174447,-187500.02235174447,-187500.02235174447
$SILENCE,1845.941167585989,-7873.647853570921,7128.708914364447,12074.121782078957,-187500.02235174447,-187500.02235174447,-187500.02235174447,-187500.02235174447
$SILENCE,1760.8927799335456,-7851.586681793533,7082.820782997702,12101.592076014529,-187500.02235174447,-187500.02235174447,-187500.02235174447,-187500.02235174447
$SILENCE,1517.5716897930731,-7902.325141707081,6578.252503663601,12153.850454551037,-187500.02235174447,-187500.02235174447,-187500.02235174447,-187500.02235174447
$SILENCE,1552.1945419543435,-7941.328935781591,6514.170052310235,12133.867995007991,-187500.02235174447,-187500.02235174447,-187500.02235174447,-187500.02235174447
$SILENCE,1819.8343300621905,-7884.264932187192,7057.295090829742,12074.322947779054,-187500.02235174447,-187500.02235174447,-187500.02235174447,-187500.02235174447
$SILENCE,1800.6118298306264,-7850.424391081857,7133.425132444518,12083.375404283453,-187500.02235174447,-187500.02235174447,-187500.02235174447,-187500.02235174447
$SILENCE,1561.3587571810197,-7893.719720091787,6660.350461047943,12137.511329354207,-187500.02235174447,-187500.02235174447,-187500.02235174447,-187500.02235174447
$SILENCE,1519.605698538506,-7939.719610180809,6451.51811260201,12138.49480611024,-187500.02235174447,-187500.02235174447,-187500.02235174447,-187500.02235174447
$SILENCE,1789.4359576029728,-7896.737205593254,6969.966825242856,12078.905055392392,-187500.02235174447,-187500.02235174447,-187500.02235174447,-187500.02235174447
$SILENCE,1824.2152719754306,-7850.536149804134,7169.120868339643,12077.072212347057,-187500.02235174447,-187500.02235174447,-187500.02235174447,-187500.02235174447
$SILENCE,1595.9369058533796,-7880.599246096522,6753.512531937663,12129.241183905744,-187500.02235174447,-187500.02235174447,-187500.02235174447,-187500.02235174447
$SILENCE,1490.280209813143,-7937.775008413198,6424.405446577722,12144.97681200228,-187500.02235174447,-187500.02235174447,-187500.02235174447,-187500.02235174447
$SILENCE,1747.4146780269955,-7909.991790055251,6870.568617650106,12084.336529295031,-187500.02235174447,-187500.02235174447,-187500.02235174447,-187500.02235174447
$SILENCE,1851.685565911003,-7854.805332995097,7188.969217415955,12069.070287832057,-187500.02235174447,-187500.02235174447,-187500.02235174447,-187500.02235174447
$SILENCE,1651.2351216358093,-7872.84319077053,6848.373335405986,12115.450157576819,-187500.02235174447,-187500.02235174447,-187500.02235174447,-187500.02235174447
$SILENCE,1481.0936428420118,-7933.975211855795,6421.879699454272,12143.948631757336,-187500.02235174447,-187500.02235174447,-187500.02235174447,-187500.02235174447
$SILENCE,1700.3642559485743,-7925.258031518225,6763.950796598291,12090.036224131134,-187500.02235174447,-187500.02235174447,-187500.02235174447,-187500.02235174447
$SILENCE,1867.8905806411005,-7863.768382521675,7180.274388822841,12059.034354571624,-187500.02235174447,-187500.02235174447,-187500.02235174447,-187500.02235174447
$SILENCE,1692.7423110893144,-7867.523475590167,6933.064095147145,12097.30054107911,-187500.02235174447,-187500.02235174447,-187500.02235174447,-187500.02235174447
$SILENCE,1488.5814772345398,-7927.761426897219,6451.51811260201,12135.723189797782,-187500.02235174447,-187500.02235174447,-187500.02235174447,-187500.02235174447
$SILENCE,1654.3196623706417,-7932.790569399664,6658.204693580234,12092.383157298942,-187500.02235174447,-187500.02235174447,-187500.02235174447,-187500.02235174447
não,1862.2579410383632,-7869.89276050243,7152.2229495314305,12047.724371877239,-187500.02235174447,-187500.02235174447,-187500.02235174447,-187500.02235174447
não,1736.596433710627,-7859.320385375069,7017.017247321278,12078.413317014376,-187500.02235174447,-187500.02235174447,-187500.02235174447,-187500.02235174447
não,1506.8428524545257,-7914.909173835418,6512.314857520445,12128.63768680545,-187500.02235174447,-187500.02235174447,-187500.02235174447,-187500.02235174447
não,1602.664780934427,-7940.010182858728,6572.597512316408,12101.525020781162,-187500.02235174447,-187500.02235174447,-187500.02235174447,-187500.02235174447
não,1845.2482635078745,-7877.045318728128,7107.541812365272,12047.657316643872,-187500.02235174447,-187500.02235174447,-187500.02235174447,-187500.02235174447
não,1775.0190824292997,-7851.2067021377925,7091.515611590817,12069.852598887992,-187500.02235174447,-187500.02235174447,-187500.02235174447,-187500.02235174447
não,1534.6707743013828,-7900.626409128477,6589.54013461353,12121.932163468859,-187500.02235174447,-187500.02235174447,-187500.02235174447,-187500.02235174447
não,1551.5239896206845,-7939.876072391996,6487.124441519313,12108.409358073397,-187500.02235174447,-187500.02235174447,-187500.02235174447,-187500.02235174447
não,1822.136559741087,-7886.433051399357,7045.91805290199,12051.412409712364,-187500.02235174447,-187500.02235174447,-187500.02235174447,-187500.02235174447
não,1818.068542250221,-7848.837417225531,7165.32107178224,12062.476523217741,-187500.02235174447,-187500.02235174447,-187500.02235174447,-187500.02235174447
não,1579.3519114675416,-7892.244504957736,6679.148278134857,12114.287866865143,-187500.02235174447,-187500.02235174447,-187500.02235174447,-187500.02235174447
não,1522.9361084623467,-7943.541758482666,6429.635754780264,12114.153756398411,-187500.02235174447,-187500.02235174447,-187500.02235174447,-187500.02235174447
não,1792.4757948488946,-7898.257124216214,6933.80170271417,12052.932328335326,-187500.02235174447,-187500.02235174447,-187500.02235174447,-187500.02235174447
não,1853.0043188338661,-7836.990992664218,7171.311339296262,12055.793351625605,-187500.02235174447,-187500.02235174447,-187500.02235174447,-187500.02235174447
não,1630.3809440590078,-7865.735336033743,6784.000311374702,12107.627047017462,-187500.02235174447,-187500.02235174447,-187500.02235174447,-187500.02235174447
não,1485.2957707996097,-7946.916871895418,6410.904992926717,12109.079910407056,-187500.02235174447,-187500.02235174447,-187500.02235174447,-187500.02235174447
não,1736.8646546440907,-7916.250278502736,6835.789303277648,12062.632985428929,-187500.02235174447,-187500.02235174447,-187500.02235174447,-187500.02235174447
não,1857.072336324732,-7844.232957867737,7197.37347333115,12054.876930102937,-187500.02235174447,-187500.02235174447,-187500.02235174447,-187500.02235174447
não,1683.891020285013,-7830.084303627527,6892.026292327201,12122.44625359133,-187500.02235174447,-187500.02235174447,-187500.02235174447,-187500.02235174447
não,1488.9838086347354,-7909.075368532583,6435.313097871912,12131.364599628998,-187500.02235174447,-187500.02235174447,-187500.02235174447,-187500.02235174447
não,1667.7977642771918,-7932.3211827661025,6719.783749554605,12052.373534723942,-187500.02235174447,-187500.02235174447,-187500.02235174447,-187500.02235174447
não,1851.5067519553606,-7857.375783607457,7161.588330458204,12039.588336895507,-187500.02235174447,-187500.02235174447,-187500.02235174447,-187500.02235174447
não,1686.9085057864793,-7862.829609254552,6920.055379874156,12082.77190718316,-187500.02235174447,-187500.02235174447,-187500.02235174447,-187500.02235174447
não,1462.5193431996518,-7924.296906506647,6433.212033893113,12120.389893101441,-187500.02235174447,-187500.02235174447,-187500.02235174447,-187500.02235174447
não,1611.5384234831838,-7932.164720554915,6623.380675718865,12088.069270619068,-187500.02235174447,-187500.02235174447,-187500.02235174447,-187500.02235174447
não,1820.013144017833,-7883.482621131257,7141.158836026054,12042.315249719055,-187500.02235174447,-187500.02235174447,-187500.02235174447,-187500.02235174447
não,1729.2203580403757,-7845.529359046145,7024.661543924993,12095.959436411791,-187500.02235174447,-187500.02235174447,-187500.02235174447,-187500.02235174447
não,1485.2287155662436,-7905.163813252904,6479.368386193322,12140.55116660013,-187500.02235174447,-187500.02235174447,-187500.02235174447,-187500.02235174447
não,1529.6863352878495,-7960.596139502066,6486.073909529914,12092.87489567696,-187500.02235174447,-187500.02235174447,-187500.02235174447,-187500.02235174447
não,1805.2609926773303,-7888.46706014479,7066.012271167311,12057.67089815985,-187500.02235174447,-187500.02235174447,-187500.02235174447,-187500.02235174447
não,1723.0065730818003,-7879.571065851577,7030.0706660831775,12047.545557921596,-187500.02235174447,-187500.02235174447,-187500.02235174447,-187500.02235174447
não,1491.1295761024448,-7913.5680691681,6549.038773660514,12125.128462925966,-187500.02235174447,-187500.02235174447,-187500.02235174447,-187500.02235174447
não,1501.2325645962435,-7945.173435827904,6431.915632714705,12117.35005585552,-187500.02235174447,-187500.02235174447,-187500.02235174447,-187500.02235174447
não,1791.1346901815762,-7882.499144375222,7014.871479853568,12069.763191910171,-187500.02235174447,-187500.02235174447,-187500.02235174447,-187500.02235174447
não,1768.3582625816182,-7883.70613857581,7097.818803527213,12042.516415419152,-187500.02235174447,-187500.02235174447,-187500.02235174447,-187500.02235174447
não,1551.2781204316761,-7904.157984752415,6636.478797969676,12128.481224594263,-187500.02235174447,-187500.02235174447,-187500.02235174447,-187500.02235174447
não,1481.0042358641906,-7948.839121918574,6380.283103022945,12130.358771128509,-187500.02235174447,-187500.02235174447,-187500.02235174447,-187500.02235174447
não,1725.6664306719817,-7926.375618740991,6875.709518874827,12044.662182886861,-187500.02235174447,-187500.02235174447,-187500.02235174447,-187500.02235174447
não,1792.6099053156265,-7876.710042561298,7118.784739826291,12050.272470745143,-187500.02235174447,-187500.02235174447,-187500.02235174447,-187500.02235174447
não,1584.090481292067,-7883.996711253729,6749.086886535512,12115.114881409989,-187500.02235174447,-187500.02235174447,-187500.02235174447,-187500.02235174447
não,1434.6020143749731,-7957.019860389217,6377.243265777024,12137.600736332028,-187500.02235174447,-187500.02235174447,-187500.02235174447,-187500.02235174447
não,1677.6325318375268,-7922.2852495056695,6775.976035115246,12080.514380993174,-187500.02235174447,-187500.02235174447,-187500.02235174447,-187500.02235174447
não,1814.0005247593554,-7837.281565342137,7162.638862447604,12072.57951171154,-187500.02235174447,-187500.02235174447,-187500.02235174447,-187500.02235174447
não,1597.278010520698,-7883.259103686703,6837.264518411698,12092.87489567696,-187500.02235174447,-187500.02235174447,-187500.02235174447,-187500.02235174447
não,1390.5020225646524,-7971.14616288497,6367.095573794315,12112.522079053173,-187500.02235174447,-187500.02235174447,-187500.02235174447,-187500.02235174447
não,1617.2157665748318,-7942.804150915641,6682.858667714438,12089.67859621985,-187500.02235174447,-187500.02235174447,-187500.02235174447,-187500.02235174447
não,1803.271687420808,-7874.9219030048735,7123.79153058428,12053.334659735521,-187500.02235174447,-187500.02235174447,-187500.02235174447,-187500.02235174447
não,1653.0903164255997,-7876.888856516941,6930.94067942389,12090.259741575688,-187500.02235174447,-187500.02235174447,-187500.02235174447,-187500.02235174447
não,1437.507741154163,-7931.762389154719,6440.409295607722,12138.092474710045,-187500.02235174447,-187500.02235174447,-187500.02235174447,-187500.02235174447
não,1572.087594519567,-7946.067505606116,6582.342872898922,12104.386044071442,-187500.02235174447,-187500.02235174447,-187500.02235174447,-187500.02235174447
não,1803.3610943986291,-7880.241618185237,7104.814899541724,12059.123761549445,-187500.02235174447,-187500.02235174447,-187500.02235174447,-187500.02235174447
não,1705.013418795278,-7860.706193531299,7029.53422421625,12087.309311307587,-187500.02235174447,-187500.02235174447,-187500.02235174447,-187500.02235174447
não,1466.7885263906153,-7914.529194179678,6527.804616427972,12152.777570817181,-187500.02235174447,-187500.02235174447,-187500.02235174447,-187500.02235174447
não,1522.958460206802,-7954.248244076758,6496.109842790347,12126.804843760116,-187500.02235174447,-187500.02235174447,-187500.02235174447,-187500.02235174447
não,1786.4408238459616,-7892.557429380111,7038.676087698471,12067.639776186918,-187500.02235174447,-187500.02235174447,-187500.02235174447,-187500.02235174447
não,1744.5760064811716,-7859.298033630614,7079.870352729601,12085.543523495619,-187500.02235174447,-187500.02235174447,-187500.02235174447,-187500.02235174447
não,1498.8185761950704,-7907.734263865264,6595.440995149732,12142.428713134375,-187500.02235174447,-187500.02235174447,-187500.02235174447,-187500.02235174447
não,1490.5037272576963,-7948.302680051646,6439.425818851688,12145.78147480267,-187500.02235174447,-187500.02235174447,-187500.02235174447,-187500.02235174447
não,1771.2192858718975,-7897.407757926912,6979.66748233646,12081.564912982574,-187500.02235174447,-187500.02235174447,-187500.02235174447,-187500.02235174447
não,1784.6303325450817,-7856.437010340334,7142.052905804266,12085.67763396235,-187500.02235174447,-187500.02235174447,-187500.02235174447,-187500.02235174447
não,1540.2363586707543,-7898.078310260572,6680.84701071346,12139.970021244291,-187500.02235174447,-187500.02235174447,-187500.02235174447,-187500.02235174447
não,1462.6981571552942,-7945.866339906019,6412.179042360669,12162.03119302168,-187500.02235174447,-187500.02235174447,-187500.02235174447,-187500.02235174447
não,1719.072666057666,-7919.491281448756,6880.939827077369,12095.579456756052,-187500.02235174447,-187500.02235174447,-187500.02235174447,-187500.02235174447
não,1799.4495391189505,-7863.2319406547485,7149.585443685704,12080.022642615157,-187500.02235174447,-187500.02235174447,-187500.02235174447,-187500.02235174447
não,1587.0409115601674,-7884.980188009762,6786.9954451317135,12137.69014330985,-187500.02235174447,-187500.02235174447,-187500.02235174447,-187500.02235174447
não,1436.3678021869425,-7947.5874242290765,6401.405501533211,12174.726983872293,-187500.02235174447,-187500.02235174447,-187500.02235174447,-187500.02235174447
não,1663.3497671305856,-7926.3979704854455,6772.489162980219,12114.220811631778,-187500.02235174447,-187500.02235174447,-187500.02235174447,-187500.02235174447
não,1810.044265990766,-7867.0540889566055,7157.453257733972,12073.808857656582,-187500.02235174447,-187500.02235174447,-187500.02235174447,-187500.02235174447
não,1642.8979209539798,-7876.285359416647,6896.831917385092,12123.720303025282,-187500.02235174447,-187500.02235174447,-187500.02235174447,-187500.02235174447
não,1437.5300928986185,-7938.266746791214,6425.634792522764,12165.495713412252,-187500.02235174447,-187500.02235174447,-187500.02235174447,-187500.02235174447
não,1625.1729876009213,-7938.669078191409,6678.3436153344655,12118.981733200757,-187500.02235174447,-187500.02235174447,-187500.02235174447,-187500.02235174447
não,1829.7361528558915,-7881.605074597011,7151.239472775397,12073.071250089557,-187500.02235174447,-187500.02235174447,-187500.02235174447,-187500.02235174447
não,1702.755892605292,-7875.503048360712,6987.803517318192,12108.029378417657,-187500.02235174447,-187500.02235174447,-187500.02235174447,-187500.02235174447
não,1457.9595873307692,-7936.679772934887,6473.825153568406,12148.843663793048,-187500.02235174447,-187500.02235174447,-187500.02235174447,-187500.02235174447
não,1574.4345276873742,-7955.499941766256,6580.353567642399,12119.987561701246,-187500.02235174447,-187500.02235174447,-187500.02235174447,-187500.02235174447
não,1807.429111889495,-7894.502031147723,7112.12391997861,12076.178142568844,-187500.02235174447,-187500.02235174447,-187500.02235174447,-187500.02235174447
não,1718.692686401926,-7874.877199515963,7054.881102428568,12100.541544025129,-187500.02235174447,-187500.02235174447,-187500.02235174447,-187500.02235174447
não,1471.3035787705874,-7925.5709559406,6546.9824131706255,12146.78730330316,-187500.02235174447,-187500.02235174447,-187500.02235174447,-187500.02235174447
não,1515.8506054700144,-7966.295834338169,6506.3022382619665,12130.49288159524,-187500.02235174447,-187500.02235174447,-187500.02235174447,-187500.02235174447
não,1780.1599836540204,-7908.360112710013,7054.456419283917,12071.86425588897,-187500.02235174447,-187500.02235174447,-187500.02235174447,-187500.02235174447
não,1744.173675080976,-7873.312577404092,7114.403797913051,12067.282148275632,-187500.02235174447,-187500.02235174447,-187500.02235174447,-187500.02235174447
não,1496.315180816076,-7912.539888923156,6628.946260088237,12117.886497722448,-187500.02235174447,-187500.02235174447,-187500.02235174447,-187500.02235174447
não,1464.8439246230037,-7962.160761613937,6443.0244497089925,12122.15568091341,-187500.02235174447,-187500.02235174447,-187500.02235174447,-187500.02235174447
não,1739.2115878118977,-7915.155043024426,6973.632511333527,12062.856502873481,-187500.02235174447,-187500.02235174447,-187500.02235174447,-187500.02235174447
não,1771.465155060906,-7878.162905950893,7157.095629822687,12055.882758603426,-187500.02235174447,-187500.02235174447,-187500.02235174447,-187500.02235174447
não,1550.0040709977236,-7914.059807546117,6733.306554950065,12111.829174975059,-187500.02235174447,-187500.02235174447,-187500.02235174447,-187500.02235174447
não,1446.7390116142049,-7965.558226771144,6415.643562751242,12126.87189899348,-187500.02235174447,-187500.02235174447,-187500.02235174447,-187500.02235174447
não,1699.3137239591747,-7932.902328121941,6875.128373518989,12072.28893903362,-187500.02235174447,-187500.02235174447,-187500.02235174447,-187500.02235174447
não,1797.7061030514365,-7877.045318728128,7185.191772603009,12059.257872016176,-187500.02235174447,-187500.02235174447,-187500.02235174447,-187500.02235174447
não,1597.3227140096087,-7890.299903190125,6842.45012312533,12109.39283482943,-187500.02235174447,-187500.02235174447,-187500.02235174447,-187500.02235174447
não,1428.5893951164956,-7954.3376510545795,6418.124606385781,12135.186747930855,-187500.02235174447,-187500.02235174447,-187500.02235174447,-187500.02235174447
não,1643.0543831651669,-7948.928528896396,6761.357994241476,12078.502723992196,-187500.02235174447,-187500.02235174447,-187500.02235174447,-187500.02235174447
não,1805.2833444217856,-7884.242580442737,7176.6981097099915,12051.904148090382,-187500.02235174447,-187500.02235174447,-187500.02235174447,-187500.02235174447
não,1638.5840342741055,-7880.487487374246,6930.627755001517,12094.126593366456,-187500.02235174447,-187500.02235174447,-187500.02235174447,-187500.02235174447
não,1455.4561919517746,-7935.80805490113,6487.906752575249,12138.628916576972,-187500.02235174447,-187500.02235174447,-187500.02235174447,-187500.02235174447
não,1608.9456211263682,-7953.756505698741,6673.292121087566,12095.333587567042,-187500.02235174447,-187500.02235174447,-187500.02235174447,-187500.02235174447
não,1819.4319986619948,-7894.32321719208,7149.965423341445,12050.607746911974,-187500.02235174447,-187500.02235174447,-187500.02235174447,-187500.02235174447
não,1683.8016133071917,-7881.5603711081,7002.108633769588,12076.558122224586,-187500.02235174447,-187500.02235174447,-187500.02235174447,-187500.02235174447
não,1443.0062702901687,-7937.95382236884,6476.105031502847,12137.868957265491,-187500.02235174447,-187500.02235174447,-187500.02235174447,-187500.02235174447
não,1550.8981407759359,-7949.263805063225,6562.6509860337965,12123.787358258649,-187500.02235174447,-187500.02235174447,-187500.02235174447,-187500.02235174447
não,1789.4359576029728,-7893.295036947136,7091.359149379629,12050.697153889794,-187500.02235174447,-187500.02235174447,-187500.02235174447,-187500.02235174447
não,1715.33992473363,-7875.883028016452,7065.54288453375,12066.142209308411,-187500.02235174447,-187500.02235174447,-187500.02235174447,-187500.02235174447
não,1481.2501050531991,-7921.257069260725,6565.44495409071,12131.54341358464,-187500.02235174447,-187500.02235174447,-187500.02235174447,-187500.02235174447
não,1525.126579418967,-7949.196749829859,6502.815366126939,12137.220756676288,-187500.02235174447,-187500.02235174447,-187500.02235174447,-187500.02235174447
não,1784.2503528893417,-7908.9636098103065,7039.659564454504,12073.920616378859,-187500.02235174447,-187500.02235174447,-187500.02235174447,-187500.02235174447
não,1754.7013467194256,-7878.811106540097,7110.73811182238,12070.791372155116,-187500.02235174447,-187500.02235174447,-187500.02235174447,-187500.02235174447
não,1519.5162915606847,-7908.941258065851,6646.402972507832,12125.083759437057,-187500.02235174447,-187500.02235174447,-187500.02235174447,-187500.02235174447
não,1484.8710876549587,-7956.8633981780295,6433.770827504495,12132.884518251958,-187500.02235174447,-187500.02235174447,-187500.02235174447,-187500.02235174447
não,1747.9064164050124,-7912.226964500781,6946.095162164589,12072.177180311344,-187500.02235174447,-187500.02235174447,-187500.02235174447,-187500.02235174447
não,1788.5195360803052,-7861.466152842779,7162.415345003051,12079.530904237141,-187500.02235174447,-187500.02235174447,-187500.02235174447,-187500.02235174447
não,1561.5152193922067,-7886.27658918817,6747.835188846015,12136.460797364807,-187500.02235174447,-187500.02235174447,-187500.02235174447,-187500.02235174447
não,1453.1316105284227,-7943.497054993756,6405.831146935362,12159.304280198132,-187500.02235174447,-187500.02235174447,-187500.02235174447,-187500.02235174447
não,1707.0250757962556,-7914.730359879775,6845.847588282537,12115.07017792108,-187500.02235174447,-187500.02235174447,-187500.02235174447,-187500.02235174447
não,1818.8285015617016,-7852.994841694217,7180.900237667589,12106.151831883411,-187500.02235174447,-187500.02235174447,-187500.02235174447,-187500.02235174447
não,1606.8445571475695,-7876.374766394469,6837.465684111797,12133.040980463145,-187500.02235174447,-187500.02235174447,-187500.02235174447,-187500.02235174447
não,1442.4698284232413,-7929.504862964734,6409.809757448406,12164.378126189486,-187500.02235174447,-187500.02235174447,-187500.02235174447,-187500.02235174447
não,1656.1972089048875,-7916.227926758281,6744.594185899996,12119.764044256694,-187500.02235174447,-187500.02235174447,-187500.02235174447,-187500.02235174447
não,1818.5379288837826,-7856.41465859588,7167.310377038762,12089.34332005302,-187500.02235174447,-187500.02235174447,-187500.02235174447,-187500.02235174447
não,1658.655900794971,-7858.2475016412145,6932.684115491405,12135.678486308872,-187500.02235174447,-187500.02235174447,-187500.02235174447,-187500.02235174447
não,1448.638909892906,-7914.618601157499,6442.398600864244,12173.519989671708,-187500.02235174447,-187500.02235174447,-187500.02235174447,-187500.02235174447
não,1600.0719785776114,-7922.553470439133,6630.242661266645,12133.219794418788,-187500.02235174447,-187500.02235174447,-187500.02235174447,-187500.02235174447
não,1823.9694027864223,-7858.560426063589,7139.214234258442,12099.692177735827,-187500.02235174447,-187500.02235174447,-187500.02235174447,-187500.02235174447
não,1714.468206699873,-7842.824797967053,7021.4428927234285,12136.25963166471,-187500.02235174447,-187500.02235174447,-187500.02235174447,-187500.02235174447
não,1476.8915148844142,-7895.060824759105,6509.565592952442,12188.249789267755,-187500.02235174447,-187500.02235174447,-187500.02235174447,-187500.02235174447
não,1556.3519664230307,-7921.122958793993,6545.060163147469,12167.306204713132,-187500.02235174447,-187500.02235174447,-187500.02235174447,-187500.02235174447
não,1810.781873557791,-7861.823780754064,7090.8227075127015,12119.294657623132,-187500.02235174447,-187500.02235174447,-187500.02235174447,-187500.02235174447
não,1752.3544135516183,-7836.990992664218,7086.017082454811,12138.472454365785,-187500.02235174447,-187500.02235174447,-187500.02235174447,-187500.02235174447
não,1504.7194367312716,-7882.722661819776,6582.611093832385,12190.931998602391,-187500.02235174447,-187500.02235174447,-187500.02235174447,-187500.02235174447
não,1510.7320559897491,-7923.492243706256,6467.499609887554,12174.145838516455,-187500.02235174447,-187500.02235174447,-187500.02235174447,-187500.02235174447
não,1779.78000399828,-7869.803353524609,7004.544973915216,12108.92344819587,-187500.02235174447,-187500.02235174447,-187500.02235174447,-187500.02235174447
não,1781.1658121545092,-7832.45358853979,7126.205518985453,12118.802919245116,-187500.02235174447,-187500.02235174447,-187500.02235174447,-187500.02235174447
não,1543.7902860391482,-7870.8091820250975,6667.167743106812,12178.213856007322,-187500.02235174447,-187500.02235174447,-187500.02235174447,-187500.02235174447
não,1480.1325178304337,-7924.118092551004,6418.437530808155,12187.109850300534,-187500.02235174447,-187500.02235174447,-187500.02235174447,-187500.02235174447
não,1743.2125500693978,-7884.9578362653065,6914.914478649435,12123.608544303006,-187500.02235174447,-187500.02235174447,-187500.02235174447,-187500.02235174447
não,1800.8576990196348,-7834.755818218687,7155.5086559663605,12113.840831976036,-187500.02235174447,-187500.02235174447,-187500.02235174447,-187500.02235174447
não,1581.2965132351535,-7861.421449353868,6764.8672181209595,12165.696879112349,-187500.02235174447,-187500.02235174447,-187500.02235174447,-187500.02235174447
não,1454.1821425178223,-7917.144348280949,6401.181984088658,12190.708481157837,-187500.02235174447,-187500.02235174447,-187500.02235174447,-187500.02235174447
não,1694.5080989012838,-7895.9325427928625,6816.142119901433,12133.666829307895,-187500.02235174447,-187500.02235174447,-187500.02235174447,-187500.02235174447
não,1813.5758416147044,-7838.22033860926,7166.70687993847,12110.868049963481,-187500.02235174447,-187500.02235174447,-187500.02235174447,-187500.02235174447
não,1628.7716184582257,-7850.312632359581,6861.069126256601,12155.25861445172,-187500.02235174447,-187500.02235174447,-187500.02235174447,-187500.02235174447
não,1446.8731220809368,-7909.857679588518,6413.855423194817,12190.954350346847,-187500.02235174447,-187500.02235174447,-187500.02235174447,-187500.02235174447
não,1637.0864673955998,-7905.789662097653,6702.259981901644,12138.40539913242,-187500.02235174447,-187500.02235174447,-187500.02235174447,-187500.02235174447
não,1814.648725348559,-7843.875329956452,7147.6408419180925,12102.955532426302,-187500.02235174447,-187500.02235174447,-187500.02235174447,-187500.02235174447
não,1667.306025899175,-7843.070667156061,6945.0893336641,12141.333477656064,-187500.02235174447,-187500.02235174447,-187500.02235174447,-187500.02235174447
não,1450.1364767714117,-7899.754691094719,6450.914615501716,12185.947559588858,-187500.02235174447,-187500.02235174447,-187500.02235174447,-187500.02235174447
não,1585.9456760818573,-7913.970400568295,6602.928829542259,12146.563785858607,-187500.02235174447,-187500.02235174447,-187500.02235174447,-187500.02235174447
não,1811.2959636802632,-7852.212530638281,7115.543736880271,12100.183916113845,-187500.02235174447,-187500.02235174447,-187500.02235174447,-187500.02235174447
não,1710.8919275870237,-7838.2873938426255,7023.789825891236,12126.670733293384,-187500.02235174447,-187500.02235174447,-187500.02235174447,-187500.02235174447
não,1473.315235771565,-7890.5904758680435,6516.896965133783,12177.476248440296,-187500.02235174447,-187500.02235174447,-187500.02235174447,-187500.02235174447
não,1534.313146390098,-7922.307601250125,6514.572383710431,12156.219739463299,-187500.02235174447,-187500.02235174447,-187500.02235174447,-187500.02235174447
não,1784.719739522903,-7865.5565220781,7051.39423029354,12100.63095100295,-187500.02235174447,-187500.02235174447,-187500.02235174447,-187500.02235174447
não,1738.272814544775,-7836.432199052835,7077.836343984169,12115.1595848989,-187500.02235174447,-187500.02235174447,-187500.02235174447,-187500.02235174447
não,1500.7408262182269,-7876.777097794664,6596.156250972302,12167.060335524124,-187500.02235174447,-187500.02235174447,-187500.02235174447,-187500.02235174447
não,1488.6038289789951,-7920.474758204789,6448.142999189258,12162.858207566525,-187500.02235174447,-187500.02235174447,-187500.02235174447,-187500.02235174447
não,1750.2309978283643,-7874.832496027053,6971.911427010468,12100.943875425324,-187500.02235174447,-187500.02235174447,-187500.02235174447,-187500.02235174447
não,1769.0511666597329,-7834.442893796313,7123.411550928539,12103.916657437881,-187500.02235174447,-187500.02235174447,-187500.02235174447,-187500.02235174447
não,1541.9127395049024,-7867.36701337898,6689.094804417468,12157.583195875073,-187500.02235174447,-187500.02235174447,-187500.02235174447,-187500.02235174447
não,1461.7146803992607,-7921.435883216368,6408.178080103169,12167.864998324514,-187500.02235174447,-187500.02235174447,-187500.02235174447,-187500.02235174447
não,1710.1766717644539,-7886.522458377178,6879.59872241005,12108.454061562308,-187500.02235174447,-187500.02235174447,-187500.02235174447,-187500.02235174447
não,1780.785832498769,-7834.331135074036,7150.010126830355,12099.066328891078,-187500.02235174447,-187500.02235174447,-187500.02235174447,-187500.02235174447
não,1582.12352778,-7858.225149896759,6787.040148620624,12146.474378880785,-187500.02235174447,-187500.02235174447,-187500.02235174447,-187500.02235174447
não,1448.7506686151826,-7916.85377560303,6403.7524347010185,12173.095306527055,-187500.02235174447,-187500.02235174447,-187500.02235174447,-187500.02235174447
não,1671.530505601228,-7898.793566083142,6781.608674717984,12117.104186666511,-187500.02235174447,-187500.02235174447,-187500.02235174447,-187500.02235174447
não,1801.304733908741,-7839.1144083874715,7153.1617227985535,12090.572665998063,-187500.02235174447,-187500.02235174447,-187500.02235174447,-187500.02235174447
não,1626.0670573791335,-7848.859768969985,6876.536533419673,12131.319896140087,-187500.02235174447,-187500.02235174447,-187500.02235174447,-187500.02235174447
não,1442.089848767501,-7907.488394676256,6421.969106432093,12171.463629181819,-187500.02235174447,-187500.02235174447,-187500.02235174447,-187500.02235174447
não,1619.4732927648179,-7908.807147599119,6675.9966821666585,12123.54148906964,-187500.02235174447,-187500.02235174447,-187500.02235174447,-187500.02235174447
não,1806.3115246667296,-7847.138684646927,7136.710838879448,12085.387061284431,-187500.02235174447,-187500.02235174447,-187500.02235174447,-187500.02235174447
não,1676.4478893813957,-7843.0483154116055,6962.367232128052,12120.2110791458,-187500.02235174447,-187500.02235174447,-187500.02235174447,-187500.02235174447
não,1456.4843721967188,-7898.257124216214,6467.6784238431965,12168.870826825003,-187500.02235174447,-187500.02235174447,-187500.02235174447,-187500.02235174447
não,1567.7066526063268,-7914.9538773243285,6581.560561842985,12137.645439820939,-187500.02235174447,-187500.02235174447,-187500.02235174447,-187500.02235174447
não,1798.9354489964783,-7854.3135946170805,7099.003445983344,12082.257817060688,-187500.02235174447,-187500.02235174447,-187500.02235174447,-187500.02235174447
não,1724.9735265938673,-7837.393324064413,7035.0104016078,12097.121727123467,-187500.02235174447,-187500.02235174447,-187500.02235174447,-187500.02235174447
não,1488.380311534442,-7888.020025255683,6534.979526398126,12148.754256815226,-187500.02235174447,-187500.02235174447,-187500.02235174447,-187500.02235174447
não,1526.9370707198466,-7922.061732061116,6498.099148046869,12135.83494852006,-187500.02235174447,-187500.02235174447,-187500.02235174447,-187500.02235174447
não,1782.2833993772745,-7868.618711068477,7037.312631286697,12077.027508858146,-187500.02235174447,-187500.02235174447,-187500.02235174447,-187500.02235174447
não,1757.1823903539648,-7837.840358953519,7097.818803527213,12086.974035140758,-187500.02235174447,-187500.02235174447,-187500.02235174447,-187500.02235174447
não,1522.9361084623467,-7878.0287954841615,6624.252393752622,12138.40539913242,-187500.02235174447,-187500.02235174447,-187500.02235174447,-187500.02235174447
não,1491.5319075026403,-7924.363961740013,6440.9680892191045,12135.566727586596,-187500.02235174447,-187500.02235174447,-187500.02235174447,-187500.02235174447
não,1752.5555792517162,-7881.828592041564,6957.80747625917,12076.312253035576,-187500.02235174447,-187500.02235174447,-187500.02235174447,-187500.02235174447
não,1781.232867387875,-7836.566309519567,7138.454274946961,12077.072212347057,-187500.02235174447,-187500.02235174447,-187500.02235174447,-187500.02235174447
não,1559.7717833246927,-7867.277606401159,6720.297839677077,12127.318933882587,-187500.02235174447,-187500.02235174447,-187500.02235174447,-187500.02235174447
não,1471.4823927262298,-7922.66522916141,6416.112949384803,12143.903928268424,-187500.02235174447,-187500.02235174447,-187500.02235174447,-187500.02235174447
não,1720.4137707249847,-7895.351397437024,6865.964158292313,12081.743726938215,-187500.02235174447,-187500.02235174447,-187500.02235174447,-187500.02235174447
não,1802.399969387051,-7841.908376444385,7152.468818720439,12060.621328427951,-187500.02235174447,-187500.02235174447,-187500.02235174447,-187500.02235174447
não,1610.823167660614,-7861.622615053966,6811.53766054364,12111.24802961922,-187500.02235174447,-187500.02235174447,-187500.02235174447,-187500.02235174447
não,1460.3288722430316,-7919.156005281927,6408.669818481186,12143.143968956945,-187500.02235174447,-187500.02235174447,-187500.02235174447,-187500.02235174447
não,1674.2350666803202,-7907.689560376354,6760.218055274255,12086.325834551553,-187500.02235174447,-187500.02235174447,-187500.02235174447,-187500.02235174447
não,1825.1540452425536,-7846.714001502276,7157.721478667436,12059.280223760632,-187500.02235174447,-187500.02235174447,-187500.02235174447,-187500.02235174447
não,1666.9931014768008,-7851.541978304623,6905.258525044743,12100.988578914235,-187500.02235174447,-187500.02235174447,-187500.02235174447,-187500.02235174447
não,1475.7292241727382,-7909.745920866242,6435.044876938448,12141.378181144975,-187500.02235174447,-187500.02235174447,-187500.02235174447,-187500.02235174447
não,1635.6559557504602,-7915.400912213435,6652.370888277399,12093.210171843788,-187500.02235174447,-187500.02235174447,-187500.02235174447,-187500.02235174447
não,1832.3513069571625,-7853.486580072235,7128.016010286333,12052.060610301569,-187500.02235174447,-187500.02235174447,-187500.02235174447,-187500.02235174447
não,1714.2223375108645,-7846.624594524455,6986.216543461865,12088.113974107979,-187500.02235174447,-187500.02235174447,-187500.02235174447,-187500.02235174447
não,1494.348227304009,-7901.028740528673,6491.594790410375,12138.226585176777,-187500.02235174447,-187500.02235174447,-187500.02235174447,-187500.02235174447
$SILENCE,1591.5112604512287,-7922.2852495056695,6567.411907602776,12102.150869625912,-187500.02235174447,-187500.02235174447,-187500.02235174447,-187500.02235174447
$SILENCE,1829.7361528558915,-7863.947196477318,7089.503954589839,12047.1432265214,-187500.02235174447,-187500.02235174447,-187500.02235174447,-187500.02235174447
$SILENCE,1766.011329413811,-7844.7470479902095,7064.157076377521,12075.48523849073,-187500.02235174447,-187500.02235174447,-187500.02235174447,-187500.02235174447
$SILENCE,1527.115884675489,-7890.769289823686,6562.092192422413,12117.73003551126,-187500.02235174447,-187500.02235174447,-187500.02235174447,-187500.02235174447
$SILENCE,1555.8825797894692,-7929.013124586717,6491.706549132651,12104.16252662689,-187500.02235174447,-187500.02235174447,-187500.02235174447,-187500.02235174447
$SILENCE,1809.396065401562,-7877.022966983673,7025.957945103401,12046.673839887839,-187500.02235174447,-187500.02235174447,-187500.02235174447,-187500.02235174447
$SILENCE,1793.6157338161152,-7842.824797967053,7114.783777568791,12062.409467984375,-187500.02235174447,-187500.02235174447,-187500.02235174447,-187500.02235174447
$SILENCE,1564.6891671048604,-7883.572028109077,6656.640071468362,12114.131404653956,-187500.02235174447,-187500.02235174447,-187500.02235174447,-187500.02235174447
$SILENCE,1527.5852713090505,-7933.841101389063,6454.155618447736,12117.73003551126,-187500.02235174447,-187500.02235174447,-187500.02235174447,-187500.02235174447
$SILENCE,1784.9656087119115,-7892.758595080209,6951.347822111586,12043.991630553202,-187500.02235174447,-187500.02235174447,-187500.02235174447,-187500.02235174447
$SILENCE,1831.4795889234053,-7848.233920125237,7160.18017055752,12048.037296299613,-187500.02235174447,-187500.02235174447,-187500.02235174447,-187500.02235174447
$SILENCE,1608.185661814888,-7874.787792538142,6747.164636512356,12097.322892823566,-187500.02235174447,-187500.02235174447,-187500.02235174447,-187500.02235174447
$SILENCE,1493.4988610147072,-7927.694371663853,6414.704789484119,12120.099320423524,-187500.02235174447,-187500.02235174447,-187500.02235174447,-187500.02235174447
$SILENCE,1739.4127535119956,-7904.828537086075,6855.92822503188,12069.092639576513,-187500.02235174447,-187500.02235174447,-187500.02235174447,-187500.02235174447
$SILENCE,1843.2142547624417,-7851.3184608600695,7176.787516687813,12051.904148090382,-187500.02235174447,-187500.02235174447,-187500.02235174447,-187500.02235174447
$SILENCE,1655.2360838933091,-7867.0540889566055,6853.40247790843,12098.596942257518,-187500.02235174447,-187500.02235174447,-187500.02235174447,-187500.02235174447
$SILENCE,1490.8390034245258,-7924.766293140208,6430.730990258574,12128.436521105352,-187500.02235174447,-187500.02235174447,-187500.02235174447,-187500.02235174447
$SILENCE,1697.7491018473033,-7919.223060515293,6760.799200630093,12079.083869348035,-187500.02235174447,-187500.02235174447,-187500.02235174447,-187500.02235174447
$SILENCE,1856.4241357355281,-7860.3038621311025,7177.770993443846,12048.014944555158,-187500.02235174447,-187500.02235174447,-187500.02235174447,-187500.02235174447
$SILENCE,1700.9006978155016,-7863.902492988407,6945.938699953402,12084.671805461861,-187500.02235174447,-187500.02235174447,-187500.02235174447,-187500.02235174447
$SILENCE,1497.5892302500285,-7919.603040171032,6464.370365663811,12124.234393147755,-187500.02235174447,-187500.02235174447,-187500.02235174447,-187500.02235174447
$SILENCE,1651.7492117582813,-7930.086008320572,6664.396126794354,12091.399680542909,-187500.02235174447,-187500.02235174447,-187500.02235174447,-187500.02235174447
$SILENCE,1854.7701066458353,-7868.194027923826,7152.6923361649915,12046.562081165563,-187500.02235174447,-187500.02235174447,-187500.02235174447,-187500.02235174447
$SILENCE,1735.367087765585,-7853.88891147243,7017.061950810189,12066.611595941973,-187500.02235174447,-187500.02235174447,-187500.02235174447,-187500.02235174447
$SILENCE,1514.4647973137853,-7909.321237721591,6521.546127980487,12120.434596590352,-187500.02235174447,-187500.02235174447,-187500.02235174447,-187500.02235174447
$SILENCE,1602.016580345223,-7936.746828168253,6569.356509370388,12097.635817245939,-187500.02235174447,-187500.02235174447,-187500.02235174447,-187500.02235174447
$SILENCE,1840.4873419388941,-7877.604112339511,7096.924733749001,12042.181139252323,-187500.02235174447,-187500.02235174447,-187500.02235174447,-187500.02235174447
$SILENCE,1777.723643508392,-7853.17365564986,7089.123974934098,12060.777790639138,-187500.02235174447,-187500.02235174447,-187500.02235174447,-187500.02235174447
$SILENCE,1543.2761959166762,-7900.0452637726385,6600.760710330094,12116.411282588397,-187500.02235174447,-187500.02235174447,-187500.02235174447,-187500.02235174447
$SILENCE,1552.5521698656287,-7937.462083990823,6496.646284657274,12107.828212717559,-187500.02235174447,-187500.02235174447,-187500.02235174447,-187500.02235174447
$SILENCE,1813.7546555703468,-7889.092908989538,7035.546843474727,12052.440589957308,-187500.02235174447,-187500.02235174447,-187500.02235174447,-187500.02235174447
$SILENCE,1805.4845101218832,-7850.357335848491,7143.46106570495,12057.20151152629,-187500.02235174447,-187500.02235174447,-187500.02235174447,-187500.02235174447
$SILENCE,1583.0399493026673,-7888.154135722415,6689.8547637289485,12111.203326130311,-187500.02235174447,-187500.02235174447,-187500.02235174447,-187500.02235174447
$SILENCE,1530.1333701769556,-7939.09376133606,6447.874778255794,12117.30535236661,-187500.02235174447,-187500.02235174447,-187500.02235174447,-187500.02235174447
$SILENCE,1779.2435621313527,-7899.955856794818,6936.774484726726,12053.62523241344,-187500.02235174447,-187500.02235174447,-187500.02235174447,-187500.02235174447
$SILENCE,1832.1501412570647,-7852.056068427095,7168.427964261528,12047.791427110604,-187500.02235174447,-187500.02235174447,-187500.02235174447,-187500.02235174447
$SILENCE,1613.9747636288123,-7875.771269294175,6775.126668825945,12095.735918967239,-187500.02235174447,-187500.02235174447,-187500.02235174447,-187500.02235174447
$SILENCE,1488.5814772345398,-7929.750732153742,6416.850556951828,12118.378236100465,-187500.02235174447,-187500.02235174447,-187500.02235174447,-187500.02235174447
$SILENCE,1728.9074336180013,-7909.701217377332,6834.738771288249,12062.297709262099,-187500.02235174447,-187500.02235174447,-187500.02235174447,-187500.02235174447
$SILENCE,1850.009185076855,-7855.230016139748,7181.079051623232,12043.209319497266,-187500.02235174447,-187500.02235174447,-187500.02235174447,-187500.02235174447
$SILENCE,1670.1894009339096,-7868.216379668282,6875.955388063835,12088.24808457471,-187500.02235174447,-187500.02235174447,-187500.02235174447,-187500.02235174447
$SILENCE,1500.9196401738693,-7925.95093559634,6439.336411873867,12125.128462925966,-187500.02235174447,-187500.02235174447,-187500.02235174447,-187500.02235174447
$SILENCE,1685.7462150748033,-7920.966496582806,6735.787598584605,12075.529941979641,-187500.02235174447,-187500.02235174447,-187500.02235174447,-187500.02235174447
$SILENCE,1853.3172432562403,-7859.923882475363,7168.942054384,12039.72244736224,-187500.02235174447,-187500.02235174447,-187500.02235174447,-187500.02235174447
$SILENCE,1716.591622423127,-7860.46032434229,6965.51882809625,12076.781639669138,-187500.02235174447,-187500.02235174447,-187500.02235174447,-187500.02235174447
$SILENCE,1506.798148965615,-7916.026761058183,6477.267322214523,12121.127500668466,-187500.02235174447,-187500.02235174447,-187500.02235174447,-187500.02235174447
$SILENCE,1636.1253423840217,-7929.638973431465,6633.126036301379,12081.475506004752,-187500.02235174447,-187500.02235174447,-187500.02235174447,-187500.02235174447
$SILENCE,1842.588405917693,-7868.194027923826,7130.899385321068,12034.536842648607,-187500.02235174447,-187500.02235174447,-187500.02235174447,-187500.02235174447
$SILENCE,1742.4525907579173,-7855.162960906382,7035.748009174826,12066.745706408705,-187500.02235174447,-187500.02235174447,-187500.02235174447,-187500.02235174447
$SILENCE,1516.990544437235,-7906.66138013141,6532.990221141604,12117.260648877698,-187500.02235174447,-187500.02235174447,-187500.02235174447,-187500.02235174447
$SILENCE,1586.0797865485893,-7936.120979323505,6542.91439567976,12095.288884078132,-187500.02235174447,-187500.02235174447,-187500.02235174447,-187500.02235174447
$SILENCE,1830.138484256087,-7880.800411796619,7078.752765506836,12041.354124707475,-187500.02235174447,-187500.02235174447,-187500.02235174447,-187500.02235174447
$SILENCE,1780.6517220320372,-7852.4360480828345,7098.288190160774,12058.855540615981,-187500.02235174447,-187500.02235174447,-187500.02235174447,-187500.02235174447
$SILENCE,1547.0312889851677,-7894.949066036829,6615.311695970499,12111.96328544179,-187500.02235174447,-187500.02235174447,-187500.02235174447,-187500.02235174447
$SILENCE,1539.9010825039247,-7936.165682812415,6472.707566345641,12103.782546971148,-187500.02235174447,-187500.02235174447,-187500.02235174447,-187500.02235174447
$SILENCE,1797.2814199067857,-7890.188144467848,7000.320494213163,12042.918746819347,-187500.02235174447,-187500.02235174447,-187500.02235174447,-187500.02235174447
$SILENCE,1809.5748793572045,-7850.714963759776,7147.059696562254,12051.971203323747,-187500.02235174447,-187500.02235174447,-187500.02235174447,-187500.02235174447
$SILENCE,1584.8057371146367,-7884.041414742639,6707.512641848642,12106.77768072816,-187500.02235174447,-187500.02235174447,-187500.02235174447,-187500.02235174447
$SILENCE,1512.6543060129054,-7935.875110134496,6435.9836502055705,12114.623143031973,-187500.02235174447,-187500.02235174447,-187500.02235174447,-187500.02235174447
$SILENCE,1761.5856840116603,-7901.0957957620385,6914.690961204882,12052.820569613048,-187500.02235174447,-187500.02235174447,-187500.02235174447,-187500.02235174447
$SILENCE,1830.3620017006401,-7850.536149804134,7174.150010842087,12045.332735220521,-187500.02235174447,-187500.02235174447,-187500.02235174447,-187500.02235174447
$SILENCE,1628.2575283357537,-7874.251350671215,6803.468680795274,12095.44534628932,-187500.02235174447,-187500.02235174447,-187500.02235174447,-187500.02235174447
$SILENCE,1489.6990644573052,-7929.907194364929,6422.505548299021,12117.372407599976,-187500.02235174447,-187500.02235174447,-187500.02235174447,-187500.02235174447
$SILENCE,1717.1727677789652,-7912.986923812262,6813.146986144422,12061.135418550422,-187500.02235174447,-187500.02235174447,-187500.02235174447,-187500.02235174447
$SILENCE,1848.0198798203326,-7854.514760317178,7180.073223122743,12039.901261317882,-187500.02235174447,-187500.02235174447,-187500.02235174447,-187500.02235174447
$SILENCE,1674.6373980805158,-7863.276644143659,6897.03308308519,12084.984729884236,-187500.02235174447,-187500.02235174447,-187500.02235174447,-187500.02235174447
$SILENCE,1492.5153842586737,-7920.698275649343,6444.186740420669,12121.820404746582,-187500.02235174447,-187500.02235174447,-187500.02235174447,-187500.02235174447
$SILENCE,1668.5130200997617,-7921.257069260725,6709.010208727147,12071.05959308858,-187500.02235174447,-187500.02235174447,-187500.02235174447,-187500.02235174447
$SILENCE,1848.1092867981538,-7861.2426353982255,7161.029536846821,12034.603897881974,-187500.02235174447,-187500.02235174447,-187500.02235174447,-187500.02235174447
$SILENCE,1712.5459566767165,-7856.571120807067,6973.319586911152,12069.852598887992,-187500.02235174447,-187500.02235174447,-187500.02235174447,-187500.02235174447
$SILENCE,1497.2986575721095,-7911.489356933756,6478.049633270459,12116.657151777406,-187500.02235174447,-187500.02235174447,-187500.02235174447,-187500.02235174447
$SILENCE,1617.5510427416616,-7929.795435642653,6609.92492555677,12083.777735683649,-187500.02235174447,-187500.02235174447,-187500.02235174447,-187500.02235174447
$SILENCE,1838.1851122599976,-7869.959815735796,7126.227870729908,12038.515453161652,-187500.02235174447,-187500.02235174447,-187500.02235174447,-187500.02235174447
$SILENCE,1750.2309978283643,-7853.151303905404,7054.590529750649,12066.253968030689,-187500.02235174447,-187500.02235174447,-187500.02235174447,-187500.02235174447
$SILENCE,1522.3549631065086,-7903.487432418756,6553.576177784941,12114.421977331875,-187500.02235174447,-187500.02235174447,-187500.02235174447,-187500.02235174447
$SILENCE,1571.059414274623,-7936.746828168253,6529.77156994004,12097.38994805693,-187500.02235174447,-187500.02235174447,-187500.02235174447,-187500.02235174447
$SILENCE,1815.6769055935033,-7880.8451152855305,7060.424335053484,12039.565985151052,-187500.02235174447,-187500.02235174447,-187500.02235174447,-187500.02235174447
$SILENCE,1774.5720475401936,-7848.345678847513,7101.439786128973,12049.177235266834,-187500.02235174447,-187500.02235174447,-187500.02235174447,-187500.02235174447
$SILENCE,1557.1119257345113,-7891.573952624078,6636.881129369871,12110.286904607643,-187500.02235174447,-187500.02235174447,-187500.02235174447,-187500.02235174447
$SILENCE,1535.4754371017739,-7938.065581091116,6467.790182565473,12104.92248593837,-187500.02235174447,-187500.02235174447,-187500.02235174447,-187500.02235174447
$SILENCE,1792.2522774043416,-7895.127879992471,6984.361348672074,12040.57181365154,-187500.02235174447,-187500.02235174447,-187500.02235174447,-187500.02235174447
$SILENCE,1819.2755364508077,-7856.571120807067,7154.458123976961,12033.374551936931,-187500.02235174447,-187500.02235174447,-187500.02235174447,-187500.02235174447
$SILENCE,1593.4335104743852,-7884.533153120656,6733.418313672342,12095.557105011596,-187500.02235174447,-187500.02235174447,-187500.02235174447,-187500.02235174447
$SILENCE,1499.4891285287297,-7932.3211827661025,6435.693077527652,12117.260648877698,-187500.02235174447,-187500.02235174447,-187500.02235174447,-187500.02235174447
$SILENCE,1753.784925196758,-7902.928638807373,6890.998112082257,12053.692287646805,-187500.02235174447,-187500.02235174447,-187500.02235174447,-187500.02235174447
$SILENCE,1834.2512052358634,-7850.446742826312,7176.094612609699,12039.029543284125,-187500.02235174447,-187500.02235174447,-187500.02235174447,-187500.02235174447
$SILENCE,1634.0913336385888,-7869.51278084669,6825.909832228403,12088.426898530353,-187500.02235174447,-187500.02235174447,-187500.02235174447,-187500.02235174447
$SILENCE,1490.8390034245258,-7929.348400753546,6430.306307113923,12111.091567408033,-187500.02235174447,-187500.02235174447,-187500.02235174447,-187500.02235174447
$SILENCE,1710.3107822311858,-7916.965534325306,6793.566858001574,12053.692287646805,-187500.02235174447,-187500.02235174447,-187500.02235174447,-187500.02235174447
$SILENCE,1847.6175484201372,-7857.264024885181,7175.781688187324,12030.088845502001,-187500.02235174447,-187500.02235174447,-187500.02235174447,-187500.02235174447
$SILENCE,1683.9804272628342,-7863.790734266131,6918.490757762284,12080.044994359612,-187500.02235174447,-187500.02235174447,-187500.02235174447,-187500.02235174447
$SILENCE,1490.5707824910621,-7920.675923904887,6457.3742696493,12120.2110791458,-187500.02235174447,-187500.02235174447,-187500.02235174447,-187500.02235174447
$SILENCE,1654.3196623706417,-7924.5204239512,6689.2289148842,12069.696136676805,-187500.02235174447,-187500.02235174447,-187500.02235174447,-187500.02235174447
$SILENCE,1849.808019376757,-7864.662452299888,7157.6767751785255,12031.698171102784,-187500.02235174447,-187500.02235174447,-187500.02235174447,-187500.02235174447
$SILENCE,1724.0124015822892,-7860.035641197639,6998.308837212186,12063.661165673873,-187500.02235174447,-187500.02235174447,-187500.02235174447,-187500.02235174447
$SILENCE,1509.6144687669837,-7915.132691279971,6502.793014382483,12109.124613895967,-187500.02235174447,-187500.02235174447,-187500.02235174447,-187500.02235174447
$SILENCE,1614.086522351089,-7932.902328121941,6599.933695785248,12075.86521814647,-187500.02235174447,-187500.02235174447,-187500.02235174447,-187500.02235174447
$SILENCE,1842.878978595612,-7875.570103594077,7114.3590944241405,12019.181194207811,-187500.02235174447,-187500.02235174447,-187500.02235174447,-187500.02235174447
$SILENCE,1764.9607974244116,-7856.571120807067,7065.453477555929,12035.47561591573,-187500.02235174447,-187500.02235174447,-187500.02235174447,-187500.02235174447
$SILENCE,1538.7164400477934,-7906.504917920222,6579.235980419634,12096.607637000996,-187500.02235174447,-187500.02235174447,-187500.02235174447,-187500.02235174447
$SILENCE,1573.763975353715,-7943.295889293658,6521.724941936129,12077.496895491708,-187500.02235174447,-187500.02235174447,-187500.02235174447,-187500.02235174447
$SILENCE,1829.8926150670786,-7891.305731690613,7053.562349505705,12017.638923840395,-187500.02235174447,-187500.02235174447,-187500.02235174447,-187500.02235174447
$SILENCE,1809.5078241238386,-7858.091039430027,7124.5738416402155,12029.731217590717,-187500.02235174447,-187500.02235174447,-187500.02235174447,-187500.02235174447
$SILENCE,1572.1322980084776,-7896.1113567485045,6655.544835990052,12075.306424535087,-187500.02235174447,-187500.02235174447,-187500.02235174447,-187500.02235174447
$SILENCE,1542.248015671732,-7944.100552094049,6464.929159275193,12082.280168805144,-187500.02235174447,-187500.02235174447,-187500.02235174447,-187500.02235174447
$SILENCE,1812.301792180752,-7907.667208631899,6978.058156735678,12018.71180757425,-187500.02235174447,-187500.02235174447,-187500.02235174447,-187500.02235174447
$SILENCE,1850.6797374105142,-7861.890835987429,7164.762278170858,12019.494118630186,-187500.02235174447,-187500.02235174447,-187500.02235174447,-187500.02235174447
$SILENCE,1631.5208830262284,-7889.294074689637,6750.1374185249115,12069.047936087602,-187500.02235174447,-187500.02235174447,-187500.02235174447,-187500.02235174447
$SILENCE,1536.0118789687012,-7945.084028850082,6431.021562936493,12082.861314160982,-187500.02235174447,-187500.02235174447,-187500.02235174447,-187500.02235174447
$SILENCE,1778.5730097976937,-7918.083121548072,6874.681338629883,12024.389150665898,-187500.02235174447,-187500.02235174447,-187500.02235174447,-187500.02235174447
$SILENCE,1865.074260839732,-7862.159056920894,7182.129583612631,12010.352255147965,-187500.02235174447,-187500.02235174447,-187500.02235174447,-187500.02235174447
$SILENCE,1666.8589910100688,-7878.811106540097,6852.553111619129,12064.644642429907,-187500.02235174447,-187500.02235174447,-187500.02235174447,-187500.02235174447
$SILENCE,1509.2568408556988,-7937.037400846172,6437.8611967398165,12100.988578914235,-187500.02235174447,-187500.02235174447,-187500.02235174447,-187500.02235174447
$SILENCE,1713.3282677326522,-7927.269688519203,6778.747651427705,12043.634002641917,-187500.02235174447,-187500.02235174447,-187500.02235174447,-187500.02235174447
$SILENCE,1854.9042171125673,-7866.674109300865,7184.208295846975,12010.441662125786,-187500.02235174447,-187500.02235174447,-187500.02235174447,-187500.02235174447
$SILENCE,1693.8375465676245,-7869.535132591144,6940.70839175086,12052.127665534934,-187500.02235174447,-187500.02235174447,-187500.02235174447,-187500.02235174447
$SILENCE,1497.991561650224,-7927.38144724148,6462.269301685012,12088.404546785898,-187500.02235174447,-187500.02235174447,-187500.02235174447,-187500.02235174447
$SILENCE,1653.7385170148036,-7935.293964778658,6669.8946559303595,12045.757418365172,-187500.02235174447,-187500.02235174447,-187500.02235174447,-187500.02235174447
$SILENCE,1848.9363013430002,-7872.597321581522,7152.759391398357,12000.763356776639,-187500.02235174447,-187500.02235174447,-187500.02235174447,-187500.02235174447
$SILENCE,1736.3729162660738,-7865.377708122458,7018.313648499686,12031.675819358328,-187500.02235174447,-187500.02235174447,-187500.02235174447,-187500.02235174447
$SILENCE,1514.6436112694278,-7919.334819237569,6518.796863412484,12080.849657160004,-187500.02235174447,-187500.02235174447,-187500.02235174447,-187500.02235174447
$SILENCE,1604.3635135130303,-7944.1229038385045,6580.487678109131,12051.457113201275,-187500.02235174447,-187500.02235174447,-187500.02235174447,-187500.02235174447
$SILENCE,1842.2531297508633,-7888.176487466871,7111.431015900495,11997.56705731953,-187500.02235174447,-187500.02235174447,-187500.02235174447,-187500.02235174447
$SILENCE,1774.0132539288109,-7865.444763355824,7088.5875330671715,12016.498984873175,-187500.02235174447,-187500.02235174447,-187500.02235174447,-187500.02235174447
$SILENCE,1538.671736558883,-7911.712874378309,6595.865678294383,12064.734049407727,-187500.02235174447,-187500.02235174447,-187500.02235174447,-187500.02235174447
$SILENCE,1559.8388385580586,-7952.437752775879,6507.196308040179,12047.545557921596,-187500.02235174447,-187500.02235174447,-187500.02235174447,-187500.02235174447
$SILENCE,1820.2590132068412,-7904.157984752415,7037.91612838699,11985.206542635744,-187500.02235174447,-187500.02235174447,-187500.02235174447,-187500.02235174447
$SILENCE,1810.3795421575956,-7868.953987235307,7136.867301090634,11993.253170639655,-187500.02235174447,-187500.02235174447,-187500.02235174447,-187500.02235174447
$SILENCE,1581.1400510239664,-7905.633199886465,6682.344577591965,12046.673839887839,-187500.02235174447,-187500.02235174447,-187500.02235174447,-187500.02235174447
$SILENCE,1530.7368672772488,-7952.393049286968,6458.8718365278055,12052.48529344622,-187500.02235174447,-187500.02235174447,-187500.02235174447,-187500.02235174447
$SILENCE,1790.1959169144532,-7915.467967446801,6958.4556768483735,11990.950940960758,-187500.02235174447,-187500.02235174447,-187500.02235174447,-187500.02235174447
$SILENCE,1834.7652953583356,-7868.194027923826,7175.602874231681,11985.295949613566,-187500.02235174447,-187500.02235174447,-187500.02235174447,-187500.02235174447
$SILENCE,1622.468426521829,-7894.725548592276,6783.553276485596,12036.660258371861,-187500.02235174447,-187500.02235174447,-187500.02235174447,-187500.02235174447
$SILENCE,1502.506614030196,-7948.90617715194,6439.381115362778,12054.80987486957,-187500.02235174447,-187500.02235174447,-187500.02235174447,-187500.02235174447
$SILENCE,1739.8374366566466,-7928.0967030640495,6858.230454710777,11998.259961397644,-187500.02235174447,-187500.02235174447,-187500.02235174447,-187500.02235174447
$SILENCE,1852.5349322003046,-7873.580798337555,7190.243266849908,11979.395089077365,-187500.02235174447,-187500.02235174447,-187500.02235174447,-187500.02235174447
$SILENCE,1665.6519968094824,-7887.79650781113,6874.88250432998,12025.193813466289,-187500.02235174447,-187500.02235174447,-187500.02235174447,-187500.02235174447
$SILENCE,1502.3948553079194,-7945.016973616716,6445.997231721549,12063.661165673873,-187500.02235174447,-187500.02235174447,-187500.02235174447,-187500.02235174447
$SILENCE,1695.9386105464234,-7937.909118879929,6755.546540683096,12011.067510970535,-187500.02235174447,-187500.02235174447,-187500.02235174447,-187500.02235174447
$SILENCE,1855.820638635235,-7876.08419371655,7180.654368478581,11976.869341953916,-187500.02235174447,-187500.02235174447,-187500.02235174447,-187500.02235174447
$SILENCE,1705.3263432176523,-7876.732394305754,6962.076659450133,12015.940191261792,-187500.02235174447,-187500.02235174447,-187500.02235174447,-187500.02235174447
$SILENCE,1498.2597825836876,-7932.365886255013,6475.590941380375,12060.397810983397,-187500.02235174447,-187500.02235174447,-187500.02235174447,-187500.02235174447
$SILENCE,1634.7842377167033,-7942.223005559803,6648.0570015975245,12023.830357054516,-187500.02235174447,-187500.02235174447,-187500.02235174447,-187500.02235174447
$SILENCE,1844.8682838521343,-7880.46513562979,7142.432885460006,11981.406746078343,-187500.02235174447,-187500.02235174447,-187500.02235174447,-187500.02235174447
$SILENCE,1739.435105256451,-7868.08226920155,7033.289317284742,12013.034464482602,-187500.02235174447,-187500.02235174447,-187500.02235174447,-187500.02235174447
$SILENCE,1512.7213612462715,-7919.245412259747,6529.950383895682,12064.756401152183,-187500.02235174447,-187500.02235174447,-187500.02235174447,-187500.02235174447
$SILENCE,1586.1021382930444,-7946.022802117205,6555.096096407902,12043.254022986177,-187500.02235174447,-187500.02235174447,-187500.02235174447,-187500.02235174447
$SILENCE,1824.2599754643413,-7887.505935133212,7087.693463288959,11993.141411917379,-187500.02235174447,-187500.02235174447,-187500.02235174447,-187500.02235174447
$SILENCE,1766.1454398805429,-7860.437972597835,7094.220172669909,12016.610743595451,-187500.02235174447,-187500.02235174447,-187500.02235174447,-187500.02235174447
$SILENCE,1527.0264776976678,-7903.37567369648,6605.700445854717,12069.494970976708,-187500.02235174447,-187500.02235174447,-187500.02235174447,-187500.02235174447
$SILENCE,1529.216948654288,-7944.569938727611,6482.296464716967,12064.622290685451,-187500.02235174447,-187500.02235174447,-187500.02235174447,-187500.02235174447
$SILENCE,1791.4699663484057,-7895.910191048407,7010.669351895971,12006.016016723635,-187500.02235174447,-187500.02235174447,-187500.02235174447,-187500.02235174447
$SILENCE,1794.9344867389784,-7858.001632452207,7137.493149935383,12013.146223204878,-187500.02235174447,-187500.02235174447,-187500.02235174447,-187500.02235174447
$SILENCE,1565.8067543276256,-7892.713891591298,6691.620551540917,12068.690308176316,-187500.02235174447,-187500.02235174447,-187500.02235174447,-187500.02235174447
$SILENCE,1499.2656110841765,-7942.781799171186,6435.603670549831,12075.82051465756,-187500.02235174447,-187500.02235174447,-187500.02235174447,-187500.02235174447
$SILENCE,1751.6615094735039,-7906.080234775572,6921.955278152857,12018.398883151876,-187500.02235174447,-187500.02235174447,-187500.02235174447,-187500.02235174447
$SILENCE,1808.5466991122603,-7855.02885043965,7167.444487505494,12013.19092669379,-187500.02235174447,-187500.02235174447,-187500.02235174447,-187500.02235174447
$SILENCE,1603.1341675679885,-7879.414603640391,6788.783584688138,12067.05863083108,-187500.02235174447,-187500.02235174447,-187500.02235174447,-187500.02235174447
$SILENCE,1492.5153842586737,-7934.5563572116325,6453.574473091898,12088.181029341344,-187500.02235174447,-187500.02235174447,-187500.02235174447,-187500.02235174447
$SILENCE,1702.24180248282,-7917.189051769859,6811.291791354632,12035.050932771079,-187500.02235174447,-187500.02235174447,-187500.02235174447,-187500.02235174447
$SILENCE,1835.167626758531,-7859.923882475363,7189.371548816151,12009.100557458469,-187500.02235174447,-187500.02235174447,-187500.02235174447,-187500.02235174447
$SILENCE,1633.7113539828486,-7870.295091902625,6867.21585598181,12061.984784839724,-187500.02235174447,-187500.02235174447,-187500.02235174447,-187500.02235174447
$SILENCE,1460.4182792208528,-7932.477644977289,6407.708693469607,12097.792279457126,-187500.02235174447,-187500.02235174447,-187500.02235174447,-187500.02235174447
$SILENCE,1652.442115836396,-7929.0354763311725,6702.550554579563,12050.294822489599,-187500.02235174447,-187500.02235174447,-187500.02235174447,-187500.02235174447
$SILENCE,1823.9917545308776,-7866.428240111857,7152.781743142813,12015.582563350506,-187500.02235174447,-187500.02235174447,-187500.02235174447,-187500.02235174447
$SILENCE,1685.656808096982,-7864.662452299888,6958.94741522639,12049.803084111581,-187500.02235174447,-187500.02235174447,-187500.02235174447,-187500.02235174447
$SILENCE,1478.2102678072772,-7921.100607049538,6471.478220400599,12095.53475326714,-187500.02235174447,-187500.02235174447,-187500.02235174447,-187500.02235174447
$SILENCE,1603.2012228013543,-7934.779874656186,6613.769425603084,12059.727258649738,-187500.02235174447,-187500.02235174447,-187500.02235174447,-187500.02235174447
$SILENCE,1820.9519172849557,-7874.296054160125,7123.568013139727,12015.291990672587,-187500.02235174447,-187500.02235174447,-187500.02235174447,-187500.02235174447
$SILENCE,1729.8685586295794,-7861.019117953672,7035.189215563442,12042.359953207964,-187500.02235174447,-187500.02235174447,-187500.02235174447,-187500.02235174447
$SILENCE,1499.1985558508106,-7912.092854034049,6531.939689152204,12093.076061377056,-187500.02235174447,-187500.02235174447,-187500.02235174447,-187500.02235174447
$SILENCE,1551.859265787514,-7943.09472359356,6520.585002968908,12072.132476822433,-187500.02235174447,-187500.02235174447,-187500.02235174447,-187500.02235174447
$SILENCE,1798.3096001517297,-7887.327121177569,7057.92093967449,12017.28129592911,-187500.02235174447,-187500.02235174447,-187500.02235174447,-187500.02235174447
$SILENCE,1755.684823475459,-7854.425353339358,7095.918905248512,12033.910993803858,-187500.02235174447,-187500.02235174447,-187500.02235174447,-187500.02235174447
$SILENCE,1520.8350444835478,-7896.960723037806,6615.982248304159,12088.493953763718,-187500.02235174447,-187500.02235174447,-187500.02235174447,-187500.02235174447
$SILENCE,1511.4249600678636,-7941.105418337038,6458.558912105431,12086.884628162936,-187500.02235174447,-187500.02235174447,-187500.02235174447,-187500.02235174447
$SILENCE,1772.8956667060456,-7896.379577681969,6980.7627178147695,12026.847842555982,-187500.02235174447,-187500.02235174447,-187500.02235174447,-187500.02235174447
$SILENCE,1791.0229314592996,-7856.012327195684,7134.855644089657,12027.697208845284,-187500.02235174447,-187500.02235174447,-187500.02235174447,-187500.02235174447
$SILENCE,1567.5948938840502,-7888.46706014479,6704.85278425846,12079.732069937238,-187500.02235174447,-187500.02235174447,-187500.02235174447,-187500.02235174447
$SILENCE,1482.5018027426963,-7939.563147969622,6423.846652966339,12092.025529387658,-187500.02235174447,-187500.02235174447,-187500.02235174447,-187500.02235174447
$SILENCE,1729.7791516517582,-7906.057883031116,6891.691016160371,12034.983877537714,-187500.02235174447,-187500.02235174447,-187500.02235174447,-187500.02235174447
$SILENCE,1814.492263137372,-7856.548769062611,7161.700089180481,12024.322095432532,-187500.02235174447,-187500.02235174447,-187500.02235174447,-187500.02235174447
$SILENCE,1612.276031050209,-7878.922865262373,6798.73011097075,12070.34433726601,-187500.02235174447,-187500.02235174447,-187500.02235174447,-187500.02235174447
$SILENCE,1465.737994401216,-7936.232738045781,6408.334542314356,12096.741747467728,-187500.02235174447,-187500.02235174447,-187500.02235174447,-187500.02235174447
$SILENCE,1684.7403865743145,-7917.5913831700545,6787.6436457209165,12048.216110255255,-187500.02235174447,-187500.02235174447,-187500.02235174447,-187500.02235174447
$SILENCE,1817.107417238643,-7858.515722574678,7168.115039839154,12027.496043145185,-187500.02235174447,-187500.02235174447,-187500.02235174447,-187500.02235174447
$SILENCE,1644.1272668990216,-7867.590530823533,6893.79208013917,12071.886607633425,-187500.02235174447,-187500.02235174447,-187500.02235174447,-187500.02235174447
$SILENCE,1458.2725117531434,-7924.945107095851,6438.040010695459,12109.348131340521,-187500.02235174447,-187500.02235174447,-187500.02235174447,-187500.02235174447
$SILENCE,1632.3702493155301,-7926.643839674454,6693.4310428417975,12062.72239240675,-187500.02235174447,-187500.02235174447,-187500.02235174447,-187500.02235174447
$SILENCE,1817.8226730612128,-7864.550693577611,7154.256958276864,12026.2890489446,-187500.02235174447,-187500.02235174447,-187500.02235174447,-187500.02235174447
$SILENCE,1688.4731278983509,-7859.230978397248,6976.404127645985,12058.162636537867,-187500.02235174447,-187500.02235174447,-187500.02235174447,-187500.02235174447
$SILENCE,1473.315235771565,-7915.512670935711,6479.167220493224,12104.989541171735,-187500.02235174447,-187500.02235174447,-187500.02235174447,-187500.02235174447
$SILENCE,1576.9602748108239,-7938.691429935865,6588.131974712846,12069.740840165716,-187500.02235174447,-187500.02235174447,-187500.02235174447,-187500.02235174447
$SILENCE,1803.7410740543694,-7873.446687870824,7106.4912803758725,12025.171461721833,-187500.02235174447,-187500.02235174447,-187500.02235174447,-187500.02235174447
$SILENCE,1725.688782416437,-7851.407867837891,7050.477808770873,12053.245252757699,-187500.02235174447,-187500.02235174447,-187500.02235174447,-187500.02235174447
$SILENCE,1492.5153842586737,-7899.642932372443,6555.833703974928,12109.079910407056,-187500.02235174447,-187500.02235174447,-187500.02235174447,-187500.02235174447
$SILENCE,1539.766972037193,-7932.008258343728,6519.936802379704,12091.936122409836,-187500.02235174447,-187500.02235174447,-187500.02235174447,-187500.02235174447
$SILENCE,1795.7615012838248,-7879.9063420184075,7052.10948611611,12031.653467613873,-187500.02235174447,-187500.02235174447,-187500.02235174447,-187500.02235174447
$SILENCE,1765.944274180445,-7847.965699191774,7109.26289668833,12045.265679987155,-187500.02235174447,-187500.02235174447,-187500.02235174447,-187500.02235174447
$SILENCE,1532.122675433478,-7891.015159012695,6633.93069910177,12098.172259112867,-187500.02235174447,-187500.02235174447,-187500.02235174447,-187500.02235174447
$SILENCE,1496.9186779163692,-7935.249261289748,6451.115781201814,12099.178087613356,-187500.02235174447,-187500.02235174447,-187500.02235174447,-187500.02235174447
$SILENCE,1753.8743321745792,-7893.94323753634,6965.652938562982,12037.308458961066,-187500.02235174447,-187500.02235174447,-187500.02235174447,-187500.02235174447
$SILENCE,1780.2940941207523,-7848.166864891871,7148.9372430965,12039.186005495312,-187500.02235174447,-187500.02235174447,-187500.02235174447,-187500.02235174447
$SILENCE,1564.8679810605029,-7874.6089785825,6729.462054903753,12096.719395723272,-187500.02235174447,-187500.02235174447,-187500.02235174447,-187500.02235174447
$SILENCE,1477.897343384903,-7933.885804877974,6415.040065650948,12108.409358073397,-187500.02235174447,-187500.02235174447,-187500.02235174447,-187500.02235174447
$SILENCE,1721.2854887587416,-7907.04135978715,6868.847533327047,12048.640793399905,-187500.02235174447,-187500.02235174447,-187500.02235174447,-187500.02235174447
$SILENCE,1810.1113212241319,-7851.989013193729,7168.293853794797,12033.262793214655,-187500.02235174447,-187500.02235174447,-187500.02235174447,-187500.02235174447
$SILENCE,1614.5112054957397,-7869.758650035697,6823.1605676603995,12079.39679377041,-187500.02235174447,-187500.02235174447,-187500.02235174447,-187500.02235174447
$SILENCE,1461.2005902767887,-7924.498072206745,6417.543461029943,12113.840831976036,-187500.02235174447,-187500.02235174447,-187500.02235174447,-187500.02235174447
$SILENCE,1678.8618777825689,-7910.148252266437,6778.926465383347,12063.325889507043,-187500.02235174447,-187500.02235174447,-187500.02235174447,-187500.02235174447
$SILENCE,1820.8401585626793,-7850.133818403938,7168.696185194992,12035.43091242682,-187500.02235174447,-187500.02235174447,-187500.02235174447,-187500.02235174447
não,1644.0602116656557,-7860.326213875558,6908.723045435316,12074.635872201428,-187500.02235174447,-187500.02235174447,-187500.02235174447,-187500.02235174447
não,1453.6009971619842,-7918.37369422599,6437.056533939426,12115.852488977014,-187500.02235174447,-187500.02235174447,-187500.02235174447,-187500.02235174447
não,1626.5140922682397,-7927.962592597318,6661.289234315066,12070.00906109918,-187500.02235174447,-187500.02235174447,-187500.02235174447,-187500.02235174447
não,1824.7740655868133,-7864.170713921871,7152.848798376179,12035.207394982266,-187500.02235174447,-187500.02235174447,-187500.02235174447,-187500.02235174447
não,1697.1456047470099,-7854.939443461829,6994.821965077158,12070.500799477197,-187500.02235174447,-187500.02235174447,-187500.02235174447,-187500.02235174447
não,1473.2034770492885,-7905.588496397555,6494.791089867484,12118.087663422546,-187500.02235174447,-187500.02235174447,-187500.02235174447,-187500.02235174447
não,1574.0545480316339,-7926.733246652276,6567.456611091687,12090.662072975883,-187500.02235174447,-187500.02235174447,-187500.02235174447,-187500.02235174447
não,1808.2784781787966,-7867.456420356802,7089.548658078749,12041.734104363217,-187500.02235174447,-187500.02235174447,-187500.02235174447,-187500.02235174447
não,1733.1989685534202,-7848.122161402961,7063.285358343764,12063.750572651694,-187500.02235174447,-187500.02235174447,-187500.02235174447,-187500.02235174447
não,1499.1762041063553,-7898.793566083142,6579.034814719536,12117.618276788984,-187500.02235174447,-187500.02235174447,-187500.02235174447,-187500.02235174447
não,1522.3549631065086,-7939.406685758435,6488.174973508713,12102.776718470659,-187500.02235174447,-187500.02235174447,-187500.02235174447,-187500.02235174447
não,1782.8645447331126,-7879.772231551676,7021.822872379169,12050.853616100982,-187500.02235174447,-187500.02235174447,-187500.02235174447,-187500.02235174447
não,1776.3601870966181,-7845.663469512877,7112.526251378805,12057.045049315102,-187500.02235174447,-187500.02235174447,-187500.02235174447,-187500.02235174447
não,1542.6726988163828,-7884.890781031941,6649.9345481317705,12109.795166229625,-187500.02235174447,-187500.02235174447,-187500.02235174447,-187500.02235174447
não,1493.3423988035202,-7930.756560654231,6430.619231536297,12115.293695365632,-187500.02235174447,-187500.02235174447,-187500.02235174447,-187500.02235174447
não,1753.1814280964647,-7892.423318913379,6934.695772492382,12053.535825435618,-187500.02235174447,-187500.02235174447,-187500.02235174447,-187500.02235174447
não,1791.3582076261293,-7845.998745679706,7146.836179117701,12052.90997659087,-187500.02235174447,-187500.02235174447,-187500.02235174447,-187500.02235174447
não,1571.7970218416478,-7874.206647182304,6743.43189518832,12105.280113849654,-187500.02235174447,-187500.02235174447,-187500.02235174447,-187500.02235174447
não,1467.7272996577383,-7929.974249598295,6411.687303982652,12127.58715481605,-187500.02235174447,-187500.02235174447,-187500.02235174447,-187500.02235174447
não,1713.4847299438395,-7900.000560283728,6853.134256974967,12075.10525883499,-187500.02235174447,-187500.02235174447,-187500.02235174447,-187500.02235174447
não,1816.593327116171,-7843.696516000809,7178.888580666612,12060.464866216764,-187500.02235174447,-187500.02235174447,-187500.02235174447,-187500.02235174447
não,1625.374153301019,-7860.3038621311025,6853.536588375162,12105.838907461037,-187500.02235174447,-187500.02235174447,-187500.02235174447,-187500.02235174447
não,1462.1393635439115,-7921.3464762385465,6424.964240189104,12132.817463018593,-187500.02235174447,-187500.02235174447,-187500.02235174447,-187500.02235174447
não,1660.5781508181276,-7916.071464547094,6739.09565676399,12079.843828659516,-187500.02235174447,-187500.02235174447,-187500.02235174447,-187500.02235174447
não,1820.0354957622883,-7856.124085917961,7146.813827373247,12047.05381954358,-187500.02235174447,-187500.02235174447,-187500.02235174447,-187500.02235174447
não,1678.213677193365,-7849.955004448296,6921.977629897312,12092.494916021218,-187500.02235174447,-187500.02235174447,-187500.02235174447,-187500.02235174447
não,1473.4046427493863,-7905.364978953002,6448.970013734104,12136.93018399837,-187500.02235174447,-187500.02235174447,-187500.02235174447,-187500.02235174447
não,1610.1302635824995,-7926.532080952178,6645.799475407538,12095.221828844766,-187500.02235174447,-187500.02235174447,-187500.02235174447,-187500.02235174447
não,1821.1307312405982,-7860.192103408826,7148.154932040565,12061.850674372992,-187500.02235174447,-187500.02235174447,-187500.02235174447,-187500.02235174447
não,1728.661564428993,-7845.104675901494,7054.858750684113,12101.592076014529,-187500.02235174447,-187500.02235174447,-187500.02235174447,-187500.02235174447
não,1502.05957914109,-7887.528286877667,6529.458645517665,12149.983602760269,-187500.02235174447,-187500.02235174447,-187500.02235174447,-187500.02235174447
não,1579.8660015900139,-7914.7750633686865,6541.48388403462,12113.572611042573,-187500.02235174447,-187500.02235174447,-187500.02235174447,-187500.02235174447
não,1810.2230799464085,-7873.670205315377,7066.124029889587,12050.071305045047,-187500.02235174447,-187500.02235174447,-187500.02235174447,-187500.02235174447
não,1760.557503766716,-7835.046390896606,7098.601114583149,12092.2043433433,-187500.02235174447,-187500.02235174447,-187500.02235174447,-187500.02235174447
não,1518.44340782683,-7880.688653074343,6581.448803120709,12136.997239231736,-187500.02235174447,-187500.02235174447,-187500.02235174447,-187500.02235174447
não,1527.764085264693,-7926.286211763169,6477.177915236702,12120.434596590352,-187500.02235174447,-187500.02235174447,-187500.02235174447,-187500.02235174447
não,1767.4194893144954,-7898.011255027206,6988.407014418485,12051.278299245632,-187500.02235174447,-187500.02235174447,-187500.02235174447,-187500.02235174447
não,1798.846042018657,-7826.955059403785,7159.040231590299,12096.987616656736,-187500.02235174447,-187500.02235174447,-187500.02235174447,-187500.02235174447
não,1584.3139987366199,-7839.025001409651,6709.4572436162525,12151.391762660953,-187500.02235174447,-187500.02235174447,-187500.02235174447,-187500.02235174447
não,1501.2772680851542,-7913.121034278994,6460.570569106409,12142.428713134375,-187500.02235174447,-187500.02235174447,-187500.02235174447,-187500.02235174447
não,1721.7325236478478,-7918.083121548072,6908.879507646502,12056.508607448175,-187500.02235174447,-187500.02235174447,-187500.02235174447,-187500.02235174447
não,1758.8811229325681,-7887.729452577764,7086.508820832828,12038.962488050758,-187500.02235174447,-187500.02235174447,-187500.02235174447,-187500.02235174447
não,1574.2110102428212,-7886.969493266284,6728.2997641920765,12116.746558755227,-187500.02235174447,-187500.02235174447,-187500.02235174447,-187500.02235174447
não,1452.0363750501126,-7944.793456172163,6394.565867729887,12143.479245123774,-187500.02235174447,-187500.02235174447,-187500.02235174447,-187500.02235174447
não,1703.560555405683,-7879.571065851577,6830.603698564017,12111.762119741694,-187500.02235174447,-187500.02235174447,-187500.02235174447,-187500.02235174447
não,1824.9528795424558,-7824.3175535580585,7160.068411835243,12099.066328891078,-187500.02235174447,-187500.02235174447,-187500.02235174447,-187500.02235174447
não,1606.3081152806421,-7862.539036576633,6879.084632287578,12107.805860973103,-187500.02235174447,-187500.02235174447,-187500.02235174447,-187500.02235174447
não,1454.606825662473,-7910.148252266437,6461.285824928978,12159.997184276246,-187500.02235174447,-187500.02235174447,-187500.02235174447,-187500.02235174447
não,1631.118551626033,-7930.980078098783,6670.8334291974825,12099.558067269096,-187500.02235174447,-187500.02235174447,-187500.02235174447,-187500.02235174447
não,1747.7052507049145,-7904.962647552807,7013.373912975063,12020.030560497113,-187500.02235174447,-187500.02235174447,-187500.02235174447,-187500.02235174447
não,1645.177798888421,-7862.136705176438,6879.486963687774,12092.137288109934,-187500.02235174447,-187500.02235174447,-187500.02235174447,-187500.02235174447
não,1460.999424576691,-7894.569086381089,6447.964185233615,12163.014669777713,-187500.02235174447,-187500.02235174447,-187500.02235174447,-187500.02235174447
não,1549.9593675088129,-7954.874092921507,6575.525590840053,12077.921578636358,-187500.02235174447,-187500.02235174447,-187500.02235174447,-187500.02235174447
não,1776.0025591853332,-7887.885914788952,7084.474812087395,12045.556252665074,-187500.02235174447,-187500.02235174447,-187500.02235174447,-187500.02235174447
não,1702.62178213856,-7853.263062627681,7029.86950038308,12100.765061469683,-187500.02235174447,-187500.02235174447,-187500.02235174447,-187500.02235174447
não,1420.8109880460488,-7956.796342944664,6465.107973230836,12112.96911394228,-187500.02235174447,-187500.02235174447,-187500.02235174447,-187500.02235174447
não,1521.7738177506708,-7954.00237488775,6478.720185604118,12122.87093673598,-187500.02235174447,-187500.02235174447,-187500.02235174447,-187500.02235174447
não,1754.0084426413111,-7903.912115563407,7007.070721038666,12044.639831142405,-187500.02235174447,-187500.02235174447,-187500.02235174447,-187500.02235174447
não,1725.755837649803,-7860.706193531299,7048.82377968118,12058.587319682518,-187500.02235174447,-187500.02235174447,-187500.02235174447,-187500.02235174447
não,1511.6261257679614,-7890.389310167946,6588.377843901854,12129.755274028215,-187500.02235174447,-187500.02235174447,-187500.02235174447,-187500.02235174447
não,1502.9089454303917,-7940.47956949229,6449.819380023406,12124.994352459235,-187500.02235174447,-187500.02235174447,-187500.02235174447,-187500.02235174447
não,1785.8596784901238,-7867.858751756997,7012.658657152493,12089.030395630645,-187500.02235174447,-187500.02235174447,-187500.02235174447,-187500.02235174447
não,1777.5671812972048,-7820.674219211844,7137.470798190928,12083.48716300573,-187500.02235174447,-187500.02235174447,-187500.02235174447,-187500.02235174447
não,1572.020539286201,-7829.570213505056,6732.636002616407,12167.686184368871,-187500.02235174447,-187500.02235174447,-187500.02235174447,-187500.02235174447
não,1466.7885263906153,-7936.322145023602,6416.135301129259,12145.602660847027,-187500.02235174447,-187500.02235174447,-187500.02235174447,-187500.02235174447
não,1702.0406367827222,-7933.99756360025,6872.31205371762,12073.518284978663,-187500.02235174447,-187500.02235174447,-187500.02235174447,-187500.02235174447
não,1809.8654520351236,-7849.4409143258235,7171.177228829531,12092.87489567696,-187500.02235174447,-187500.02235174447,-187500.02235174447,-187500.02235174447
não,1610.7337606827928,-7855.274719628659,6812.521137299674,12149.201291704332,-187500.02235174447,-187500.02235174447,-187500.02235174447,-187500.02235174447
não,1475.505706728185,-7908.740092365753,6452.456885869132,12176.984510062279,-187500.02235174447,-187500.02235174447,-187500.02235174447,-187500.02235174447
não,1713.4847299438395,-7890.65753110141,6836.571614333584,12131.565765329095,-187500.02235174447,-187500.02235174447,-187500.02235174447,-187500.02235174447
não,1849.5845019322041,-7820.249536067193,7211.991514204921,12119.205250645311,-187500.02235174447,-187500.02235174447,-187500.02235174447,-187500.02235174447
não,1700.5430699042167,-7802.25638178067,6956.064040191655,12184.427640965896,-187500.02235174447,-187500.02235174447,-187500.02235174447,-187500.02235174447
não,1502.506614030196,-7892.333911935558,6468.7960110659615,12196.296417271664,-187500.02235174447,-187500.02235174447,-187500.02235174447,-187500.02235174447
não,1691.2223924663535,-7896.759557337708,6733.753589839172,12157.829065064081,-187500.02235174447,-187500.02235174447,-187500.02235174447,-187500.02235174447
não,1869.4552027529721,-7828.832605938031,7198.04402566481,12136.796073531637,-187500.02235174447,-187500.02235174447,-187500.02235174447,-187500.02235174447
não,1737.468151744384,-7814.192213319804,7041.894738900035,12182.706556642837,-187500.02235174447,-187500.02235174447,-187500.02235174447,-187500.02235174447
não,1524.9030619744137,-7863.70132728831,6553.933805696226,12234.048513656679,-187500.02235174447,-187500.02235174447,-187500.02235174447,-187500.02235174447
não,1648.1058774120663,-7878.118202461983,6679.774126979605,12213.261391313243,-187500.02235174447,-187500.02235174447,-187500.02235174447,-187500.02235174447
não,1888.4765372844383,-7814.773358675642,7198.066377409265,12174.972853061301,-187500.02235174447,-187500.02235174447,-187500.02235174447,-187500.02235174447
não,1800.008332730333,-7800.848221879986,7128.954783553456,12198.710405672839,-187500.02235174447,-187500.02235174447,-187500.02235174447,-187500.02235174447
não,1567.8184113286034,-7841.148417132905,6630.443826966743,12250.566452809151,-187500.02235174447,-187500.02235174447,-187500.02235174447,-187500.02235174447
não,1611.2031473163543,-7868.79752502412,6596.647989350318,12226.046589141679,-187500.02235174447,-187500.02235174447,-187500.02235174447,-187500.02235174447
não,1868.4046707635728,-7813.745178430699,7136.822597601724,12174.391707705463,-187500.02235174447,-187500.02235174447,-187500.02235174447,-187500.02235174447
não,1861.520333471338,-7788.06302405155,7212.3267903717515,12210.735644189794,-187500.02235174447,-187500.02235174447,-187500.02235174447,-187500.02235174447
não,1636.1253423840217,-7834.554652518589,6751.009136558669,12270.66067107447,-187500.02235174447,-187500.02235174447,-187500.02235174447,-187500.02235174447
não,1609.3703042710192,-7878.118202461983,6570.96583497117,12252.980441210324,-187500.02235174447,-187500.02235174447,-187500.02235174447,-187500.02235174447
não,1871.6009702206816,-7829.726675716242,7087.380538866585,12178.772649618704,-187500.02235174447,-187500.02235174447,-187500.02235174447,-187500.02235174447
não,1893.8409559537122,-7785.939608328296,7263.109953774208,12184.31588224362,-187500.02235174447,-187500.02235174447,-187500.02235174447,-187500.02235174447
não,1666.7248805433371,-7816.494442998701,6841.488998113751,12242.318659105142,-187500.02235174447,-187500.02235174447,-187500.02235174447,-187500.02235174447
não,1581.1400510239664,-7870.585664580544,6537.751142710584,12255.819112756148,-187500.02235174447,-187500.02235174447,-187500.02235174447,-187500.02235174447
não,1839.9732518164221,-7844.054143912094,6993.6149708765715,12193.055414325645,-187500.02235174447,-187500.02235174447,-187500.02235174447,-187500.02235174447
não,1924.038162712832,-7792.9133525983525,7284.969959851499,12176.090440284068,-187500.02235174447,-187500.02235174447,-187500.02235174447,-187500.02235174447
não,1720.525529447261,-7814.840413909008,6944.441133074896,12225.46544378584,-187500.02235174447,-187500.02235174447,-187500.02235174447,-187500.02235174447
não,1568.8465915735474,-7869.848057013519,6546.110695136869,12257.294327890198,-187500.02235174447,-187500.02235174447,-187500.02235174447,-187500.02235174447
não,1779.2212103868974,-7862.427277854357,6898.105966819045,12192.496620714262,-187500.02235174447,-187500.02235174447,-187500.02235174447,-187500.02235174447
não,1927.457979614494,-7816.852070909986,7297.486936746471,12173.050603038146,-187500.02235174447,-187500.02235174447,-187500.02235174447,-187500.02235174447
não,1774.30382660673,-7805.452681237779,7051.0142506378,12232.573298522628,-187500.02235174447,-187500.02235174447,-187500.02235174447,-187500.02235174447
não,1571.886428819469,-7863.991899966229,6580.532381598042,12262.56933958165,-187500.02235174447,-187500.02235174447,-187500.02235174447,-187500.02235174447
não,1730.561462707694,-7877.246484428226,6802.574611017062,12206.019426109724,-187500.02235174447,-187500.02235174447,-187500.02235174447,-187500.02235174447
não,1920.260717899885,-7806.078530082528,7267.401488709627,12167.708536113327,-187500.02235174447,-187500.02235174447,-187500.02235174447,-187500.02235174447
não,1796.6108675731264,-7795.707320655266,7111.520422878316,12202.040815596678,-187500.02235174447,-187500.02235174447,-187500.02235174447,-187500.02235174447
não,1570.925303807891,-7868.953987235307,6611.087216268446,12235.389618323996,-187500.02235174447,-187500.02235174447,-187500.02235174447,-187500.02235174447
não,1675.7326335588257,-7893.429147413868,6703.444624357775,12198.956274861846,-187500.02235174447,-187500.02235174447,-187500.02235174447,-187500.02235174447
não,1904.525089803349,-7825.725713458743,7226.631906823148,12148.731905070772,-187500.02235174447,-187500.02235174447,-187500.02235174447,-187500.02235174447
não,1815.1628154710313,-7788.621817662933,7168.159743328064,12188.719175901315,-187500.02235174447,-187500.02235174447,-187500.02235174447,-187500.02235174447
não,1575.4850596767735,-7834.30878332958,6664.887865172371,12223.476138529319,-187500.02235174447,-187500.02235174447,-187500.02235174447,-187500.02235174447
não,1609.7726356712146,-7890.210496212304,6610.148443001323,12201.973760363313,-187500.02235174447,-187500.02235174447,-187500.02235174447,-187500.02235174447
não,1873.2102958214637,-7852.972489949762,7147.260862262352,12157.73965808626,-187500.02235174447,-187500.02235174447,-187500.02235174447,-187500.02235174447
não,1847.6622519090477,-7795.595561932989,7207.968200202966,12161.762972088216,-187500.02235174447,-187500.02235174447,-187500.02235174447,-187500.02235174447
não,1620.1885485873877,-7832.855919939986,6751.724392381238,12209.595705222573,-187500.02235174447,-187500.02235174447,-187500.02235174447,-187500.02235174447
não,1578.9719318118016,-7876.46417337229,6549.463456805165,12211.808527923647,-187500.02235174447,-187500.02235174447,-187500.02235174447,-187500.02235174447
não,1840.7332111279025,-7830.866614683464,7060.6478524980375,12151.995259761246,-187500.02235174447,-187500.02235174447,-187500.02235174447,-187500.02235174447
não,1883.3803395486284,-7791.236971764204,7256.359726948706,12153.872806295492,-187500.02235174447,-187500.02235174447,-187500.02235174447,-187500.02235174447
não,1654.6102350485605,-7829.0784751270385,6836.705724800316,12197.592818450072,-187500.02235174447,-187500.02235174447,-187500.02235174447,-187500.02235174447
não,1538.1129429475002,-7889.763461323198,6503.441214971687,12201.347911518564,-187500.02235174447,-187500.02235174447,-187500.02235174447,-187500.02235174447
não,1786.4184721015063,-7865.757687778198,6943.32354585213,12155.63859410746,-187500.02235174447,-187500.02235174447,-187500.02235174447,-187500.02235174447
não,1880.0946331136984,-7806.682027182821,7254.392773436639,12140.461759622307,-187500.02235174447,-187500.02235174447,-187500.02235174447,-187500.02235174447
não,1688.0260930092447,-7824.742236702709,6925.978592154813,12181.633672908983,-187500.02235174447,-187500.02235174447,-187500.02235174447,-187500.02235174447
não,1527.3617538644976,-7888.981150267262,6500.066101558937,12208.098138344067,-187500.02235174447,-187500.02235174447,-187500.02235174447,-187500.02235174447
não,1723.2300905263533,-7875.123068704971,6823.071160682579,12148.821312048593,-187500.02235174447,-187500.02235174447,-187500.02235174447,-187500.02235174447
não,1872.6067987211704,-7812.672294696844,7236.936061017044,12129.241183905744,-187500.02235174447,-187500.02235174447,-187500.02235174447,-187500.02235174447
não,1715.0717038001662,-7813.320495286048,7004.835546593135,12175.799867606149,-187500.02235174447,-187500.02235174447,-187500.02235174447,-187500.02235174447
não,1523.3384398625421,-7876.84415302803,6527.894023405794,12212.143804090478,-187500.02235174447,-187500.02235174447,-187500.02235174447,-187500.02235174447
não,1679.3759679050409,-7886.298940932625,6732.5242438941295,12160.287756954165,-187500.02235174447,-187500.02235174447,-187500.02235174447,-187500.02235174447
não,1868.0470428522879,-7833.3029548290915,7203.251982122896,12124.882593736958,-187500.02235174447,-187500.02235174447,-187500.02235174447,-187500.02235174447
não,1748.4428582719397,-7814.7510069311875,7063.039489154755,12158.320803442099,-187500.02235174447,-187500.02235174447,-187500.02235174447,-187500.02235174447
não,1526.2441666417321,-7864.84126625553,6569.647082048307,12185.142896788466,-187500.02235174447,-187500.02235174447,-187500.02235174447,-187500.02235174447
não,1613.5500804841615,-7889.4728886452785,6621.927812329271,12162.344117444054,-187500.02235174447,-187500.02235174447,-187500.02235174447,-187500.02235174447
não,1847.0587548087544,-7838.801483965098,7142.4775889489165,12112.812651731092,-187500.02235174447,-187500.02235174447,-187500.02235174447,-187500.02235174447
não,1784.2503528893417,-7823.647001224399,7125.914946307534,12149.894195782446,-187500.02235174447,-187500.02235174447,-187500.02235174447,-187500.02235174447
não,1555.5920071115504,-7871.703251803309,6639.228062537678,12203.739548175281,-187500.02235174447,-187500.02235174447,-187500.02235174447,-187500.02235174447
não,1561.8504955590363,-7909.880031332974,6526.91054664976,12163.908739555925,-187500.02235174447,-187500.02235174447,-187500.02235174447,-187500.02235174447
não,1817.397989916562,-7845.998745679706,7064.693518244448,12134.762064786204,-187500.02235174447,-187500.02235174447,-187500.02235174447,-187500.02235174447
não,1811.1395014690759,-7805.385626004413,7184.141240613609,12130.135253683955,-187500.02235174447,-187500.02235174447,-187500.02235174447,-187500.02235174447
não,1575.5744666545947,-7853.821856239064,6716.788615797594,12169.340213458565,-187500.02235174447,-187500.02235174447,-187500.02235174447,-187500.02235174447
não,1518.3763525934642,-7919.9383163378625,6472.416993667722,12168.468495424808,-187500.02235174447,-187500.02235174447,-187500.02235174447,-187500.02235174447
não,1790.106509936632,-7859.387440608435,6985.680101594938,12131.051675206623,-187500.02235174447,-187500.02235174447,-187500.02235174447,-187500.02235174447
não,1845.8964640970785,-7810.504175484679,7207.498813569405,12132.25866940721,-187500.02235174447,-187500.02235174447,-187500.02235174447,-187500.02235174447
não,1629.889205680991,-7842.64598401141,6806.240297107733,12160.35481218753,-187500.02235174447,-187500.02235174447,-187500.02235174447,-187500.02235174447
não,1507.9380879328357,-7897.452461415824,6457.061345226925,12185.634635166483,-187500.02235174447,-187500.02235174447,-187500.02235174447,-187500.02235174447
não,1742.2737768022748,-7872.776135537164,6874.256655485232,12143.233375934766,-187500.02235174447,-187500.02235174447,-187500.02235174447,-187500.02235174447
não,1847.9528245869667,-7819.6236872224445,7198.111080898176,12123.58619255855,-187500.02235174447,-187500.02235174447,-187500.02235174447,-187500.02235174447
não,1659.2146944063538,-7838.510911287179,6890.104042304045,12164.579291889584,-187500.02235174447,-187500.02235174447,-187500.02235174447,-187500.02235174447
não,1492.0683493695676,-7897.072481760083,6457.3742696493,12206.019426109724,-187500.02235174447,-187500.02235174447,-187500.02235174447,-187500.02235174447
não,1689.9930465213117,-7892.9374090358515,6762.922616353348,12152.822274306092,-187500.02235174447,-187500.02235174447,-187500.02235174447,-187500.02235174447
não,1858.6816619255142,-7829.458454782779,7198.133432642631,12118.288829122643,-187500.02235174447,-187500.02235174447,-187500.02235174447,-187500.02235174447
não,1704.6781426284485,-7836.633364752933,6976.42647939044,12156.26444295221,-187500.02235174447,-187500.02235174447,-187500.02235174447,-187500.02235174447
não,1501.2549163406989,-7891.261028201703,6487.772642108517,12196.922266116413,-187500.02235174447,-187500.02235174447,-187500.02235174447,-187500.02235174447
não,1648.083525667611,-7898.972380038784,6662.451525026742,12145.110922469012,-187500.02235174447,-187500.02235174447,-187500.02235174447,-187500.02235174447
não,1870.4833829979161,-7841.461341555279,7166.505714238372,12102.039110903635,-187500.02235174447,-187500.02235174447,-187500.02235174447,-187500.02235174447
não,1771.5098585498165,-7828.273812326648,7057.719773974392,12141.78051254517,-187500.02235174447,-187500.02235174447,-187500.02235174447,-187500.02235174447
não,1536.4589138578074,-7882.65560658641,6551.586872528419,12186.059318311134,-187500.02235174447,-187500.02235174447,-187500.02235174447,-187500.02235174447
não,1612.0748653501112,-7912.696351134343,6572.709271038684,12162.589986633062,-187500.02235174447,-187500.02235174447,-187500.02235174447,-187500.02235174447
não,1858.4134409920505,-7854.64887078391,7109.59817285516,12111.471547063775,-187500.02235174447,-187500.02235174447,-187500.02235174447,-187500.02235174447
não,1799.6730565635035,-7831.179539105838,7118.382408426096,12130.917564739892,-187500.02235174447,-187500.02235174447,-187500.02235174447,-187500.02235174447
não,1555.9496350228353,-7870.540961091633,6628.879204854871,12187.534533445185,-187500.02235174447,-187500.02235174447,-187500.02235174447,-187500.02235174447
não,1554.0050332552235,-7909.701217377332,6505.698741161674,12181.007824064234,-187500.02235174447,-187500.02235174447,-187500.02235174447,-187500.02235174447
não,1807.8761467786012,-7860.0132894531835,7034.652773696515,12114.757253498705,-187500.02235174447,-187500.02235174447,-187500.02235174447,-187500.02235174447
não,1814.0452282482659,-7823.535242502123,7168.629129961626,12123.675599536373,-187500.02235174447,-187500.02235174447,-187500.02235174447,-187500.02235174447
não,1583.5540394251395,-7858.180446407849,6724.947002523781,12179.152629274444,-187500.02235174447,-187500.02235174447,-187500.02235174447,-187500.02235174447
não,1512.922526946369,-7912.85281334553,6460.123534217302,12181.723079886804,-187500.02235174447,-187500.02235174447,-187500.02235174447,-187500.02235174447
não,1772.627445772582,-7875.346586149524,6945.178740641921,12121.105148924013,-187500.02235174447,-187500.02235174447,-187500.02235174447,-187500.02235174447
não,1835.2123302474417,-7823.289373313114,7196.434700064028,12115.718378510282,-187500.02235174447,-187500.02235174447,-187500.02235174447,-187500.02235174447
não,1624.1001038670665,-7849.530321303645,6816.633858279451,12164.579291889584,-187500.02235174447,-187500.02235174447,-187500.02235174447,-187500.02235174447
não,1493.2753435701543,-7908.449519687834,6441.3704206193,12185.277007255198,-187500.02235174447,-187500.02235174447,-187500.02235174447,-187500.02235174447
não,1729.108599318099,-7893.898534047429,6841.198425435833,12121.35101811302,-187500.02235174447,-187500.02235174447,-187500.02235174447,-187500.02235174447
não,1854.7030514124694,-7835.02403915215,7200.681531510536,12098.753404468705,-187500.02235174447,-187500.02235174447,-187500.02235174447,-187500.02235174447
não,1670.2564561672755,-7842.6012805225,6904.185641310888,12145.043867235645,-187500.02235174447,-187500.02235174447,-187500.02235174447,-187500.02235174447
não,1485.2063638217885,-7898.637103871954,6452.3227754024,12175.241073994765,-187500.02235174447,-187500.02235174447,-187500.02235174447,-187500.02235174447
não,1673.4527556243845,-7900.469946917289,6729.864386303948,12127.073064693579,-187500.02235174447,-187500.02235174447,-187500.02235174447,-187500.02235174447
não,1858.6369584366034,-7836.298088586103,7184.208295846975,12096.898209678915,-187500.02235174447,-187500.02235174447,-187500.02235174447,-187500.02235174447
não,1721.7995788812136,-7833.3029548290915,6993.927895298946,12132.370428129487,-187500.02235174447,-187500.02235174447,-187500.02235174447,-187500.02235174447
não,1503.4006838084083,-7890.32225493458,6498.814403869439,12175.464591439319,-187500.02235174447,-187500.02235174447,-187500.02235174447,-187500.02235174447
não,1632.571415015628,-7907.689560376354,6638.758675904117,12142.898099767935,-187500.02235174447,-187500.02235174447,-187500.02235174447,-187500.02235174447
não,1858.9722346034332,-7847.585719536033,7150.613623930648,12095.244180589221,-187500.02235174447,-187500.02235174447,-187500.02235174447,-187500.02235174447
não,1763.1056026346212,-7833.593527507011,7067.219265367898,12118.959381456301,-187500.02235174447,-187500.02235174447,-187500.02235174447,-187500.02235174447
não,1530.8486259995254,-7884.242580442737,6562.941558711715,12166.568597146106,-187500.02235174447,-187500.02235174447,-187500.02235174447,-187500.02235174447
não,1589.633713916983,-7913.970400568295,6550.53634053902,12148.195463203843,-187500.02235174447,-187500.02235174447,-187500.02235174447,-187500.02235174447
não,1841.2473012503747,-7860.907359231396,7091.73912903537,12089.455078775298,-187500.02235174447,-187500.02235174447,-187500.02235174447,-187500.02235174447
não,1802.8693560206123,-7830.576042005545,7128.843024831179,12104.743671982727,-187500.02235174447,-187500.02235174447,-187500.02235174447,-187500.02235174447
não,1563.7056903488267,-7872.776135537164,6644.525425973586,12157.337326686065,-187500.02235174447,-187500.02235174447,-187500.02235174447,-187500.02235174447
não,1546.2713296736872,-7919.535984937666,6482.207057739146,12151.302355683132,-187500.02235174447,-187500.02235174447,-187500.02235174447,-187500.02235174447
não,1808.2784781787966,-7874.206647182304,7006.377816960552,12088.762174697182,-187500.02235174447,-187500.02235174447,-187500.02235174447,-187500.02235174447
não,1827.1880539879865,-7833.191196106815,7161.65538569157,12088.58336074154,-187500.02235174447,-187500.02235174447,-187500.02235174447,-187500.02235174447
não,1599.893164621969,-7868.350490135013,6728.702095592273,12139.366524143998,-187500.02235174447,-187500.02235174447,-187500.02235174447,-187500.02235174447
não,1510.6202972674726,-7920.988848327262,6436.810664750417,12149.760085315715,-187500.02235174447,-187500.02235174447,-187500.02235174447,-187500.02235174447
não,1778.014216186311,-7890.813993312597,6916.814376928137,12100.832116703048,-187500.02235174447,-187500.02235174447,-187500.02235174447,-187500.02235174447
não,1861.520333471338,-7841.9307281888405,7193.037234906821,12089.700947964306,-187500.02235174447,-187500.02235174447,-187500.02235174447,-187500.02235174447
não,1645.7365924998037,-7861.17558016486,6830.268422397187,12152.732867328272,-187500.02235174447,-187500.02235174447,-187500.02235174447,-187500.02235174447
não,1500.8078814515927,-7919.021894815194,6436.587147305864,12166.188617490367,-187500.02235174447,-187500.02235174447,-187500.02235174447,-187500.02235174447
não,1730.9414423634341,-7903.688598118854,6809.213079120288,12082.458982760785,-187500.02235174447,-187500.02235174447,-187500.02235174447,-187500.02235174447
não,1870.818659164746,-7843.763571234175,7195.227705863441,12057.38032548193,-187500.02235174447,-187500.02235174447,-187500.02235174447,-187500.02235174447
não,1700.7218838598592,-7849.642080025921,6919.60834498505,12110.39866332992,-187500.02235174447,-187500.02235174447,-187500.02235174447,-187500.02235174447
não,1508.541585033129,-7907.711912120809,6454.84852252585,12158.141989486456,-187500.02235174447,-187500.02235174447,-187500.02235174447,-187500.02235174447
não,1674.0562527246777,-7911.064673789106,6705.3445226364765,12114.153756398411,-187500.02235174447,-187500.02235174447,-187500.02235174447,-187500.02235174447
$SILENCE,1861.0956503266873,-7850.066763170572,7175.044080620299,12080.53673273763,-187500.02235174447,-187500.02235174447,-187500.02235174447,-187500.02235174447
$SILENCE,1727.8121981396912,-7846.334021846536,7000.029921535244,12110.689236007838,-187500.02235174447,-187500.02235174447,-187500.02235174447,-187500.02235174447
$SILENCE,1493.8564889259922,-7907.3766359539795,6483.637569384286,12143.903928268424,-187500.02235174447,-187500.02235174447,-187500.02235174447,-187500.02235174447
$SILENCE,1599.5802401995945,-7926.532080952178,6584.332178155444,12130.69404729534,-187500.02235174447,-187500.02235174447,-187500.02235174447,-187500.02235174447
$SILENCE,1857.586426447204,-7857.5545975631,7137.493149935383,12100.116860880478,-187500.02235174447,-187500.02235174447,-187500.02235174447,-187500.02235174447
$SILENCE,1777.9918644418556,-7840.410809565879,7082.68667253097,12134.337381641553,-187500.02235174447,-187500.02235174447,-187500.02235174447,-187500.02235174447
$SILENCE,1525.0595241856008,-7894.904362547918,6577.023157718559,12230.9863246663,-187500.02235174447,-187500.02235174447,-187500.02235174447,-187500.02235174447
$SILENCE,1546.9195302628912,-7928.208461786326,6518.260421545556,12180.896065341958,-187500.02235174447,-187500.02235174447,-187500.02235174447,-187500.02235174447
$SILENCE,1819.499053895361,-7862.896664487918,7063.285358343764,12067.036279086624,-187500.02235174447,-187500.02235174447,-187500.02235174447,-187500.02235174447
$SILENCE,1793.951009982945,-7831.827739695042,7112.280382189797,12051.121837034445,-187500.02235174447,-187500.02235174447,-187500.02235174447,-187500.02235174447
$SILENCE,1575.5521149101396,-7871.166809936382,6652.236777810666,12116.388930843941,-187500.02235174447,-187500.02235174447,-187500.02235174447,-187500.02235174447
$SILENCE,1556.1955042118436,-7914.1268627794825,6503.57532543842,12174.637576894473,-187500.02235174447,-187500.02235174447,-187500.02235174447,-187500.02235174447
$SILENCE,1796.4767571063946,-7883.169696708882,6977.409956146474,12122.312143124598,-187500.02235174447,-187500.02235174447,-187500.02235174447,-187500.02235174447
$SILENCE,1816.302754438252,-7852.2572341271925,7173.077127108232,12086.169372340366,-187500.02235174447,-187500.02235174447,-187500.02235174447,-187500.02235174447
$SILENCE,1554.0050332552235,-7894.9937695257395,6689.139507906379,12123.20621290281,-187500.02235174447,-187500.02235174447,-187500.02235174447,-187500.02235174447
$SILENCE,1515.7164950032825,-7921.033551816172,6430.4627693251105,12198.464536483829,-187500.02235174447,-187500.02235174447,-187500.02235174447,-187500.02235174447
$SILENCE,1771.822782972191,-7891.41749041289,6894.149708050455,12081.319043793565,-187500.02235174447,-187500.02235174447,-187500.02235174447,-187500.02235174447
$SILENCE,1831.4795889234053,-7847.719830002765,7166.215141560453,12033.016924025647,-187500.02235174447,-187500.02235174447,-187500.02235174447,-187500.02235174447
$SILENCE,1620.4120660319409,-7869.803353524609,6812.7670064886825,12096.473526534262,-187500.02235174447,-187500.02235174447,-187500.02235174447,-187500.02235174447
$SILENCE,1471.6612066818723,-7926.979115841284,6409.161556859202,12137.712495054306,-187500.02235174447,-187500.02235174447,-187500.02235174447,-187500.02235174447
$SILENCE,1717.7986166237138,-7903.196859740837,6797.277247581154,12160.712440098816,-187500.02235174447,-187500.02235174447,-187500.02235174447,-187500.02235174447
$SILENCE,1875.557228989271,-7846.825760224553,7207.498813569405,12116.25482037721,-187500.02235174447,-187500.02235174447,-187500.02235174447,-187500.02235174447
$SILENCE,1679.7559475607811,-7870.071574458072,6900.855231387047,12035.922650804836,-187500.02235174447,-187500.02235174447,-187500.02235174447,-187500.02235174447
$SILENCE,1481.7641951756711,-7919.4689297043005,6432.228557137079,12110.465718563286,-187500.02235174447,-187500.02235174447,-187500.02235174447,-187500.02235174447
$SILENCE,1665.3167206426526,-7897.877144560474,6690.525316062608,12107.627047017462,-187500.02235174447,-187500.02235174447,-187500.02235174447,-187500.02235174447
$SILENCE,1867.555304474271,-7848.07745791405,7170.193752073497,12063.258834273676,-187500.02235174447,-187500.02235174447,-187500.02235174447,-187500.02235174447
$SILENCE,1686.305008686186,-7895.686673603854,6972.783145044225,12066.902168619892,-187500.02235174447,-187500.02235174447,-187500.02235174447,-187500.02235174447
$SILENCE,1485.0722533550565,-7922.195842527848,6486.319778718923,12143.83687303506,-187500.02235174447,-187500.02235174447,-187500.02235174447,-187500.02235174447
$SILENCE,1604.1623478129325,-7931.2706507767025,6574.58681757293,12120.121672167978,-187500.02235174447,-187500.02235174447,-187500.02235174447,-187500.02235174447
$SILENCE,1822.3377254411848,-7891.104565990516,7096.276533159797,12026.199641966778,-187500.02235174447,-187500.02235174447,-187500.02235174447,-187500.02235174447
$SILENCE,1745.7382971928475,-7875.570103594077,7055.506951273317,12055.43572371432,-187500.02235174447,-187500.02235174447,-187500.02235174447,-187500.02235174447
$SILENCE,1525.2383381412433,-7911.109377278016,6566.2496168911,12149.715381826805,-187500.02235174447,-187500.02235174447,-187500.02235174447,-187500.02235174447
$SILENCE,1552.4627628878075,-7952.527159753699,6492.019473555026,12144.909756768913,-187500.02235174447,-187500.02235174447,-187500.02235174447,-187500.02235174447
$SILENCE,1824.5505481422601,-7886.723624077275,7040.061895854699,12048.774903866639,-187500.02235174447,-187500.02235174447,-187500.02235174447,-187500.02235174447
$SILENCE,1785.367940112107,-7871.636196569943,7111.095739733665,12050.652450400883,-187500.02235174447,-187500.02235174447,-187500.02235174447,-187500.02235174447
$SILENCE,1570.7464898522485,-7887.997673511229,6671.235760597678,12136.483149109263,-187500.02235174447,-187500.02235174447,-187500.02235174447,-187500.02235174447
$SILENCE,1497.5445267611178,-7955.544645255166,6421.8349959653615,12088.404546785898,-187500.02235174447,-187500.02235174447,-187500.02235174447,-187500.02235174447
$SILENCE,1779.2435621313527,-7906.013179542206,6948.866778477047,12044.617479397952,-187500.02235174447,-187500.02235174447,-187500.02235174447,-187500.02235174447
$SILENCE,1809.619582846115,-7874.564275093589,7158.570844956737,12047.657316643872,-187500.02235174447,-187500.02235174447,-187500.02235174447,-187500.02235174447
$SILENCE,1596.607458187039,-7913.5680691681,6756.90999709487,12109.705759251805,-187500.02235174447,-187500.02235174447,-187500.02235174447,-187500.02235174447
$SILENCE,1488.7826429346376,-7971.05675590715,6410.592068504342,12103.827250460059,-187500.02235174447,-187500.02235174447,-187500.02235174447,-187500.02235174447
$SILENCE,1756.82476244268,-7922.732284394776,6879.844591599059,12061.157770294878,-187500.02235174447,-187500.02235174447,-187500.02235174447,-187500.02235174447
$SILENCE,1846.3434989861846,-7883.147344964426,7215.657200295592,12028.077188501024,-187500.02235174447,-187500.02235174447,-187500.02235174447,-187500.02235174447
$SILENCE,1622.5801852441057,-7912.919868578896,6832.503596842718,12069.159694809878,-187500.02235174447,-187500.02235174447,-187500.02235174447,-187500.02235174447
$SILENCE,1501.2772680851542,-7948.95088064085,6426.640621023253,12123.608544303006,-187500.02235174447,-187500.02235174447,-187500.02235174447,-187500.02235174447
$SILENCE,1711.428369453951,-7940.501921236744,6760.642738418906,12089.857410175493,-187500.02235174447,-187500.02235174447,-187500.02235174447,-187500.02235174447
$SILENCE,1879.5134877578603,-7867.009385467695,7225.156691689097,12099.714529480283,-187500.02235174447,-187500.02235174447,-187500.02235174447,-187500.02235174447
$SILENCE,1757.3835560540624,-7837.326268831047,7007.517755927773,12107.358826083997,-187500.02235174447,-187500.02235174447,-187500.02235174447,-187500.02235174447
$SILENCE,1453.66805239535,-8008.317113914146,6424.092522155348,12072.177180311344,-187500.02235174447,-187500.02235174447,-187500.02235174447,-187500.02235174447
$SILENCE,1668.9377032444124,-7989.184020660404,6700.1812696673005,12103.1566981264,-187500.02235174447,-187500.02235174447,-187500.02235174447,-187500.02235174447
$SILENCE,1899.9653339344663,-7902.436900429357,7202.42496757805,12047.880834088426,-187500.02235174447,-187500.02235174447,-187500.02235174447,-187500.02235174447
$SILENCE,1790.68765529247,-7879.973397251773,7071.197875880943,12084.940026395325,-187500.02235174447,-187500.02235174447,-187500.02235174447,-187500.02235174447
$SILENCE,1577.6531788889383,-7924.676886162387,6576.129087940346,12159.304280198132,-187500.02235174447,-187500.02235174447,-187500.02235174447,-187500.02235174447
$SILENCE,1662.3215868856416,-7966.38524131599,6612.875355824871,12103.849602204515,-187500.02235174447,-187500.02235174447,-187500.02235174447,-187500.02235174447
$SILENCE,1890.5776012632373,-7932.164720554915,7148.825484374223,12031.362894935954,-187500.02235174447,-187500.02235174447,-187500.02235174447,-187500.02235174447
$SILENCE,1851.685565911003,-7892.780946824664,7161.856551391667,12050.853616100982,-187500.02235174447,-187500.02235174447,-187500.02235174447,-187500.02235174447
$SILENCE,1620.3673625430301,-7927.761426897219,6672.822734454005,12138.338343899053,-187500.02235174447,-187500.02235174447,-187500.02235174447,-187500.02235174447
$SILENCE,1641.243891864287,-7958.0927441230715,6570.697614037706,12148.35192541503,-187500.02235174447,-187500.02235174447,-187500.02235174447,-187500.02235174447
$SILENCE,1912.325848618251,-7903.710949863309,7124.976173040411,12111.717416252783,-187500.02235174447,-187500.02235174447,-187500.02235174447,-187500.02235174447
$SILENCE,1910.8953369731114,-7869.89276050243,7244.28978494284,12084.604750228495,-187500.02235174447,-187500.02235174447,-187500.02235174447,-187500.02235174447
$SILENCE,1672.983368990823,-7934.198729300348,6773.718508925261,12093.813668944082,-187500.02235174447,-187500.02235174447,-187500.02235174447,-187500.02235174447
$SILENCE,1622.4460747773737,-7965.804095960152,6538.19817759969,12117.171241899878,-187500.02235174447,-187500.02235174447,-187500.02235174447,-187500.02235174447
$SILENCE,1893.8633076981673,-7923.2240227727925,7049.114352359099,12062.878854617937,-187500.02235174447,-187500.02235174447,-187500.02235174447,-187500.02235174447
$SILENCE,1965.3441864662393,-7883.952007764818,7297.308122790829,12072.713622178271,-187500.02235174447,-187500.02235174447,-187500.02235174447,-187500.02235174447
$SILENCE,1774.7732132402914,-7898.972380038784,6915.585030983095,12145.177977702377,-187500.02235174447,-187500.02235174447,-187500.02235174447,-187500.02235174447
$SILENCE,1624.6588974784493,-7992.62618930652,6522.417846014243,12141.422884633886,-187500.02235174447,-187500.02235174447,-187500.02235174447,-187500.02235174447
$SILENCE,1857.6311299361146,-7967.324014583113,6956.891054736502,12090.460907275785,-187500.02235174447,-187500.02235174447,-187500.02235174447,-187500.02235174447
$SILENCE,1986.2207157874961,-7898.32417944958,7325.001934170954,12088.337491552531,-187500.02235174447,-187500.02235174447,-187500.02235174447,-187500.02235174447
$SILENCE,1795.9850187283778,-7911.869336589496,7004.880250082047,12108.409358073397,-187500.02235174447,-187500.02235174447,-187500.02235174447,-187500.02235174447
$SILENCE,1651.4586390803622,-7957.690412722875,6577.447840863209,12148.463684137307,-187500.02235174447,-187500.02235174447,-187500.02235174447,-187500.02235174447
$SILENCE,1839.9956035608775,-7964.172418614915,6873.40728919593,12103.648436504416,-187500.02235174447,-187500.02235174447,-187500.02235174447,-187500.02235174447
$SILENCE,2003.0739311067978,-7905.454385930823,7312.328495064795,12055.838055114515,-187500.02235174447,-187500.02235174447,-187500.02235174447,-187500.02235174447
$SILENCE,1884.7661477048575,-7891.439842157346,7127.144292252576,12120.568707057084,-187500.02235174447,-187500.02235174447,-187500.02235174447,-187500.02235174447
$SILENCE,1681.7005493283928,-7952.1695318424145,6630.510882200108,12156.085628996567,-187500.02235174447,-187500.02235174447,-187500.02235174447,-187500.02235174447
$SILENCE,1800.6788850639923,-7969.939168684384,6777.473601993752,12127.676561793873,-187500.02235174447,-187500.02235174447,-187500.02235174447,-187500.02235174447
$SILENCE,2031.1030186537528,-7905.409682441913,7313.647247987658,12091.779660198648,-187500.02235174447,-187500.02235174447,-187500.02235174447,-187500.02235174447
$SILENCE,1929.3802296376502,-7899.508821905712,7206.180060646541,12098.753404468705,-187500.02235174447,-187500.02235174447,-187500.02235174447,-187500.02235174447
$SILENCE,1702.4876716718284,-7947.43096201789,6693.2522288861555,12157.02440226369,-187500.02235174447,-187500.02235174447,-187500.02235174447,-187500.02235174447
$SILENCE,1772.4039283280288,-7972.844895463574,6708.5184703491295,12154.543358629151,-187500.02235174447,-187500.02235174447,-187500.02235174447,-187500.02235174447
$SILENCE,2029.2478238639624,-7916.630258158477,7261.478276428971,12089.991520642225,-187500.02235174447,-187500.02235174447,-187500.02235174447,-187500.02235174447
$SILENCE,1974.7319191374684,-7890.32225493458,7277.258608014418,12095.087718378034,-187500.02235174447,-187500.02235174447,-187500.02235174447,-187500.02235174447
$SILENCE,1714.0658752996774,-7952.90713940944,6768.756421656182,12157.963175530813,-187500.02235174447,-187500.02235174447,-187500.02235174447,-187500.02235174447
$SILENCE,1708.8132153526803,-7989.876924738518,6624.9900013196475,12167.082687268578,-187500.02235174447,-187500.02235174447,-187500.02235174447,-187500.02235174447
$SILENCE,2014.4286172900938,-7918.150176781438,7195.764147730369,12111.337436597043,-187500.02235174447,-187500.02235174447,-187500.02235174447,-187500.02235174447
$SILENCE,2015.1438731126636,-7906.504917920222,7323.9737539260095,12073.026546600646,-187500.02235174447,-187500.02235174447,-187500.02235174447,-187500.02235174447
$SILENCE,1781.2552191323305,-7941.060714848128,6871.082707772578,12134.82912001957,-187500.02235174447,-187500.02235174447,-187500.02235174447,-187500.02235174447
$SILENCE,1697.436177424929,-7972.286101852192,6579.973587986659,12152.554053372629,-187500.02235174447,-187500.02235174447,-187500.02235174447,-187500.02235174447
$SILENCE,1953.7212793494798,-7943.228834060292,7070.549675291739,12102.374387070464,-187500.02235174447,-187500.02235174447,-187500.02235174447,-187500.02235174447
$SILENCE,2060.8531905237664,-7899.240600972248,7367.380841658216,12093.746613710717,-187500.02235174447,-187500.02235174447,-187500.02235174447,-187500.02235174447
$SILENCE,1834.0947430246763,-7936.925642123895,6966.390546130007,12126.737788526749,-187500.02235174447,-187500.02235174447,-187500.02235174447,-187500.02235174447
$SILENCE,1675.7996887921918,-8009.881736026018,6559.320576109955,12121.73099776876,-187500.02235174447,-187500.02235174447,-187500.02235174447,-187500.02235174447
$SILENCE,1921.1771394225527,-7976.2870641096915,6978.728709069337,12085.76704094017,-187500.02235174447,-187500.02235174447,-187500.02235174447,-187500.02235174447
$SILENCE,2066.5305336154147,-7901.431071928868,7370.55478937087,12088.96334039728,-187500.02235174447,-187500.02235174447,-187500.02235174447,-187500.02235174447
$SILENCE,1900.971162434955,-7889.763461323198,7088.319312133707,12153.582233617573,-187500.02235174447,-187500.02235174447,-187500.02235174447,-187500.02235174447
$SILENCE,1710.914279331479,-7961.847837191563,6608.673227867273,12206.064129598633,-187500.02235174447,-187500.02235174447,-187500.02235174447,-187500.02235174447
$SILENCE,1916.9526597204997,-7961.512561024733,6886.058376557634,12101.457965547797,-187500.02235174447,-187500.02235174447,-187500.02235174447,-187500.02235174447
$SILENCE,2103.902650344688,-7921.145310538449,7355.467361863538,12061.850674372992,-187500.02235174447,-187500.02235174447,-187500.02235174447,-187500.02235174447
$SILENCE,1956.939930551044,-7919.4689297043005,7158.436734490006,12104.341340582532,-187500.02235174447,-187500.02235174447,-187500.02235174447,-187500.02235174447
$SILENCE,1684.9415522744123,-8019.224765208336,6615.69167562624,12157.851416808537,-187500.02235174447,-187500.02235174447,-187500.02235174447,-187500.02235174447
$SILENCE,1868.9187608860448,-7970.274444851214,6807.87197445297,12150.74356207175,-187500.02235174447,-187500.02235174447,-187500.02235174447,-187500.02235174447
$SILENCE,2099.9016880871877,-7927.269688519203,7323.839643459278,12054.72046789175,-187500.02235174447,-187500.02235174447,-187500.02235174447,-187500.02235174447
$SILENCE,1968.9875208124545,-7974.4095175754455,7222.988572476933,12070.143171565911,-187500.02235174447,-187500.02235174447,-187500.02235174447,-187500.02235174447
$SILENCE,1771.1522306385316,-8007.2218784358365,6740.414409686853,12159.728963342783,-187500.02235174447,-187500.02235174447,-187500.02235174447,-187500.02235174447
$SILENCE,1847.1928652754864,-8013.34625641659,6736.1899299848,12188.249789267755,-187500.02235174447,-187500.02235174447,-187500.02235174447,-187500.02235174447
$SILENCE,2074.666568597146,-7969.715651239831,7262.662918885103,12074.68057569034,-187500.02235174447,-187500.02235174447,-187500.02235174447,-187500.02235174447
$SILENCE,2024.1069226392417,-7969.223912861814,7297.531640235382,12083.867142661471,-187500.02235174447,-187500.02235174447,-187500.02235174447,-187500.02235174447
$SILENCE,1824.7740655868133,-7991.508602083755,6844.953518504324,12190.060280568634,-187500.02235174447,-187500.02235174447,-187500.02235174447,-187500.02235174447
$SILENCE,1810.5136526243273,-8028.344276946102,6678.544781034563,12173.251768738242,-187500.02235174447,-187500.02235174447,-187500.02235174447,-187500.02235174447
$SILENCE,2078.511068643459,-7977.605817032554,7228.62121207967,12148.68720158186,-187500.02235174447,-187500.02235174447,-187500.02235174447,-187500.02235174447
$SILENCE,2086.8482693252886,-7962.00429940275,7365.771516057434,12075.596997213006,-187500.02235174447,-187500.02235174447,-187500.02235174447,-187500.02235174447
$SILENCE,1910.8059299952902,-7964.686508737387,6966.278787407731,12175.755164117238,-187500.02235174447,-187500.02235174447,-187500.02235174447,-187500.02235174447
$SILENCE,1805.3280479106961,-8032.188776992414,6653.846103411449,12195.335292260086,-187500.02235174447,-187500.02235174447,-187500.02235174447,-187500.02235174447
$SILENCE,2018.3625243142278,-8050.673669656953,7104.21140244143,12112.857355220003,-187500.02235174447,-187500.02235174447,-187500.02235174447,-187500.02235174447
$SILENCE,2144.2699008309723,-7969.536837284189,7435.374848291261,12113.662018020394,-187500.02235174447,-187500.02235174447,-187500.02235174447,-187500.02235174447
$SILENCE,1939.4385146425386,-7993.006168962261,7060.469038542395,12162.679393610882,-187500.02235174447,-187500.02235174447,-187500.02235174447,-187500.02235174447
$SILENCE,1796.074425706199,-8059.59201569462,6654.762524934116,12230.628696755017,-187500.02235174447,-187500.02235174447,-187500.02235174447,-187500.02235174447
$SILENCE,2035.2827948668953,-8042.425875952945,7047.594433736138,12154.677469095883,-187500.02235174447,-187500.02235174447,-187500.02235174447,-187500.02235174447
$SILENCE,2163.8500289738213,-7996.560096330655,7440.560453004891,12135.633782819961,-187500.02235174447,-187500.02235174447,-187500.02235174447,-187500.02235174447
$SILENCE,2007.9242596535994,-8000.672817310431,7176.094612609699,12172.670623382404,-187500.02235174447,-187500.02235174447,-187500.02235174447,-187500.02235174447
$SILENCE,1823.947051041967,-8058.608538938587,6692.067586430024,12178.638539151973,-187500.02235174447,-187500.02235174447,-187500.02235174447,-187500.02235174447
$SILENCE,1991.3169135233063,-8064.2188267968695,6939.009659172257,12154.588062118062,-187500.02235174447,-187500.02235174447,-187500.02235174447,-187500.02235174447
$SILENCE,2203.2338027040723,-7998.750567287275,7441.253357083006,12125.73196002626,-187500.02235174447,-187500.02235174447,-187500.02235174447,-187500.02235174447
$SILENCE,2082.512030900959,-8000.851631266074,7285.238180784962,12163.573463389095,-187500.02235174447,-187500.02235174447,-187500.02235174447,-187500.02235174447
$SILENCE,1844.3094902407518,-8067.795105909719,6761.000366330191,12209.059263355644,-187500.02235174447,-187500.02235174447,-187500.02235174447,-187500.02235174447
$SILENCE,1946.81459031279,-8088.5822282531535,6850.094419729045,12170.16722800341,-187500.02235174447,-187500.02235174447,-187500.02235174447,-187500.02235174447
$SILENCE,2206.0277707609857,-8019.381227419523,7408.932734600632,12128.034189705157,-187500.02235174447,-187500.02235174447,-187500.02235174447,-187500.02235174447
$SILENCE,2133.0493251144085,-7997.968256231339,7370.264216692951,12164.065201767113,-187500.02235174447,-187500.02235174447,-187500.02235174447,-187500.02235174447
$SILENCE,1883.9391331600111,-8054.607576681087,6850.83202729607,12218.89403091598,-187500.02235174447,-187500.02235174447,-187500.02235174447,-187500.02235174447
$SILENCE,1917.2879358873292,-8094.438385300445,6783.933256141336,12191.803716636148,-187500.02235174447,-187500.02235174447,-187500.02235174447,-187500.02235174447
$SILENCE,2183.407805372215,-8039.386038707023,7342.011611701443,12127.49774783823,-187500.02235174447,-187500.02235174447,-187500.02235174447,-187500.02235174447
$SILENCE,2160.921950450176,-8004.763186545752,7423.014333607475,12143.725114312783,-187500.02235174447,-187500.02235174447,-187500.02235174447,-187500.02235174447
$SILENCE,1920.3501248777063,-8046.829169610641,6940.887205706502,12206.980551121302,-187500.02235174447,-187500.02235174447,-187500.02235174447,-187500.02235174447
$SILENCE,1871.3551010316733,-8098.796975469229,6719.247307687678,12199.671530684416,-187500.02235174447,-187500.02235174447,-187500.02235174447,-187500.02235174447
$SILENCE,2124.3321447768385,-8066.364594264579,7229.090598713232,12107.515288295184,-187500.02235174447,-187500.02235174447,-187500.02235174447,-187500.02235174447
$SILENCE,2191.320322909394,-8003.310323156157,7469.57301730788,12139.366524143998,-187500.02235174447,-187500.02235174447,-187500.02235174447,-187500.02235174447
$SILENCE,1982.2197535299963,-8027.15963448997,7061.228997853876,12217.932905904401,-187500.02235174447,-187500.02235174447,-187500.02235174447,-187500.02235174447
$SILENCE,1847.5057896978606,-8101.702702248419,6693.520449819619,12214.803661680658,-187500.02235174447,-187500.02235174447,-187500.02235174447,-187500.02235174447
$SILENCE,2110.9658015925647,-8063.011832596283,7159.487266479406,12147.703724825828,-187500.02235174447,-187500.02235174447,-187500.02235174447,-187500.02235174447
$SILENCE,2217.4718639221032,-8001.00809347726,7485.733328549067,12132.25866940721,-187500.02235174447,-187500.02235174447,-187500.02235174447,-187500.02235174447
$SILENCE,2011.321724810806,-8020.007076264272,7132.307545221752,12174.905797827936,-187500.02235174447,-187500.02235174447,-187500.02235174447,-187500.02235174447
$SILENCE,1844.5777111742154,-8079.350957793112,6697.499060332663,12210.534478489695,-187500.02235174447,-187500.02235174447,-187500.02235174447,-187500.02235174447
$SILENCE,2066.3964231486825,-8069.829114655151,7051.4389337824505,12165.428658178886,-187500.02235174447,-187500.02235174447,-187500.02235174447,-187500.02235174447
$SILENCE,2209.1346632402733,-8017.078997740627,7466.913159717698,12123.1615094139,-187500.02235174447,-187500.02235174447,-187500.02235174447,-187500.02235174447
$SILENCE,2068.899818527677,-8008.853555781074,7247.083752999753,12198.218667294821,-187500.02235174447,-187500.02235174447,-187500.02235174447,-187500.02235174447
$SILENCE,1859.0616415812544,-8064.621158197065,6743.454246932775,12224.258449585253,-187500.02235174447,-187500.02235174447,-187500.02235174447,-187500.02235174447
$SILENCE,2019.3460010702613,-8075.93114089145,6950.2972901221865,12190.373204991009,-187500.02235174447,-187500.02235174447,-187500.02235174447,-187500.02235174447
$SILENCE,2232.1569600292396,-8004.517317356744,7458.061868913397,12118.311180867098,-187500.02235174447,-187500.02235174447,-187500.02235174447,-187500.02235174447
$SILENCE,2102.94152533311,-7993.319093384635,7314.742483465968,12156.666774352405,-187500.02235174447,-187500.02235174447,-187500.02235174447,-187500.02235174447
$SILENCE,1870.3716242756398,-8049.287861500724,6800.808823205093,12243.190377138899,-187500.02235174447,-187500.02235174447,-187500.02235174447,-187500.02235174447
$SILENCE,1959.6668433745915,-8074.701794946408,6850.005012751224,12193.614207937027,-187500.02235174447,-187500.02235174447,-187500.02235174447,-187500.02235174447
$SILENCE,2208.53116613998,-8015.91670702895,7398.60622866228,12126.491919337741,-187500.02235174447,-187500.02235174447,-187500.02235174447,-187500.02235174447
$SILENCE,2147.265034587984,-7982.612607790543,7393.085347781819,12166.009803534724,-187500.02235174447,-187500.02235174447,-187500.02235174447,-187500.02235174447
$SILENCE,1908.1460724051087,-8030.199471735892,6882.83972535607,12224.146690862977,-187500.02235174447,-187500.02235174447,-187500.02235174447,-187500.02235174447
$SILENCE,1918.2490608989074,-8069.963225121883,6779.3064450390875,12212.61319072404,-187500.02235174447,-187500.02235174447,-187500.02235174447,-187500.02235174447
$SILENCE,2196.6176863453015,-8015.4920238843,7343.844454746778,12147.54726261464,-187500.02235174447,-187500.02235174447,-187500.02235174447,-187500.02235174447
$SILENCE,2182.6031425718243,-7975.638863520488,7446.841293196833,12154.811579562614,-187500.02235174447,-187500.02235174447,-187500.02235174447,-187500.02235174447
$SILENCE,1936.9574710079994,-8016.251983195781,6970.19034268741,12214.244868069276,-187500.02235174447,-187500.02235174447,-187500.02235174447,-187500.02235174447
$SILENCE,1882.1733453480417,-8071.013757111283,6727.897432791881,12218.581106493606,-187500.02235174447,-187500.02235174447,-187500.02235174447,-187500.02235174447
$SILENCE,2153.434116057648,-8027.87489031254,7247.039049510843,12153.649288850938,-187500.02235174447,-187500.02235174447,-187500.02235174447,-187500.02235174447
$SILENCE,2208.0394277619635,-7973.738965241786,7482.805250025422,12153.269309195199,-187500.02235174447,-187500.02235174447,-187500.02235174447,-187500.02235174447
$SILENCE,1980.2080965290186,-8001.075148710627,7061.072535642688,12204.253638297754,-187500.02235174447,-187500.02235174447,-187500.02235174447,-187500.02235174447
$SILENCE,1853.071374067232,-8057.625062182554,6694.146298664367,12219.318714060631,-187500.02235174447,-187500.02235174447,-187500.02235174447,-187500.02235174447
$SILENCE,2102.7850631219226,-8035.385076449523,7134.520367922827,12157.672602852894,-187500.02235174447,-187500.02235174447,-187500.02235174447,-187500.02235174447
$SILENCE,2217.695381366656,-7979.148087399971,7483.878133759276,12135.097340953034,-187500.02235174447,-187500.02235174447,-187500.02235174447,-187500.02235174447
$SILENCE,2028.934899441588,-7997.878849253518,7158.302624023274,12184.293530499164,-187500.02235174447,-187500.02235174447,-187500.02235174447,-187500.02235174447
$SILENCE,1857.6311299361146,-8056.954509848894,6712.295915162077,12226.85125194207,-187500.02235174447,-187500.02235174447,-187500.02235174447,-187500.02235174447
$SILENCE,2048.380917117705,-8045.398657965501,7019.6771049114595,12168.31203321362,-187500.02235174447,-187500.02235174447,-187500.02235174447,-187500.02235174447
$SILENCE,2213.5379568979693,-7981.67383452342,7462.375755593272,12129.956439728314,-187500.02235174447,-187500.02235174447,-187500.02235174447,-187500.02235174447
$SILENCE,2054.147667187174,-7983.4843258243,7230.09642721372,12172.335347215576,-187500.02235174447,-187500.02235174447,-187500.02235174447,-187500.02235174447
$SILENCE,1838.3862779600952,-8036.614422394565,6726.042238002091,12218.379940793508,-187500.02235174447,-187500.02235174447,-187500.02235174447,-187500.02235174447
$SILENCE,1983.4043959861276,-8044.549291676199,6903.291571532675,12176.582178662084,-187500.02235174447,-187500.02235174447,-187500.02235174447,-187500.02235174447
$SILENCE,2201.95975327012,-7985.205410147359,7424.7577696749895,12122.490957080241,-187500.02235174447,-187500.02235174447,-187500.02235174447,-187500.02235174447
$SILENCE,2087.8317460813223,-7966.295834338169,7309.713340963524,12158.119637742,-187500.02235174447,-187500.02235174447,-187500.02235174447,-187500.02235174447
$SILENCE,1833.5806529022043,-8025.72912284483,6772.533866469129,12203.739548175281,-187500.02235174447,-187500.02235174447,-187500.02235174447,-187500.02235174447
$SILENCE,1897.7972147223015,-8051.143056290514,6782.838020663026,12178.526780429696,-187500.02235174447,-187500.02235174447,-187500.02235174447,-187500.02235174447
$SILENCE,2137.7878949389333,-7994.637846307498,7323.750236481457,12120.144023912433,-187500.02235174447,-187500.02235174447,-187500.02235174447,-187500.02235174447
$SILENCE,2107.3001155018947,-7950.671964963909,7360.943539255088,12166.479190168286,-187500.02235174447,-187500.02235174447,-187500.02235174447,-187500.02235174447
$SILENCE,1869.1869818195084,-7993.184982917904,6865.628882125483,12211.60736222355,-187500.02235174447,-187500.02235174447,-187500.02235174447,-187500.02235174447
$SILENCE,1850.009185076855,-8032.635811881521,6711.245383172677,12188.36154799003,-187500.02235174447,-187500.02235174447,-187500.02235174447,-187500.02235174447
$SILENCE,2118.23011854054,-7982.903180468462,7262.126477018175,12132.504538596218,-187500.02235174447,-187500.02235174447,-187500.02235174447,-187500.02235174447
$SILENCE,2108.5294614469362,-7951.655441719943,7389.799641346889,12139.634745077461,-187500.02235174447,-187500.02235174447,-187500.02235174447,-187500.02235174447
$SILENCE,1862.5038102273716,-7986.479459581311,6918.826033929114,12198.442184739373,-187500.02235174447,-187500.02235174447,-187500.02235174447,-187500.02235174447
$SILENCE,1818.4485219059613,-8023.851576310584,6671.07929838649,12230.9863246663,-187500.02235174447,-187500.02235174447,-187500.02235174447,-187500.02235174447
$SILENCE,2074.711272086057,-7984.668968280432,7160.023708346333,12152.039963250156,-187500.02235174447,-187500.02235174447,-187500.02235174447,-187500.02235174447
$SILENCE,2130.4341710131375,-7933.170549055404,7412.643124180213,12144.194500946343,-187500.02235174447,-187500.02235174447,-187500.02235174447,-187500.02235174447
$SILENCE,1906.5814502932371,-7963.792438959174,7012.837471108136,12192.630731180994,-187500.02235174447,-187500.02235174447,-187500.02235174447,-187500.02235174447
$SILENCE,1746.3417942931408,-8034.938041560417,6601.54302138603,12198.866867884026,-187500.02235174447,-187500.02235174447,-187500.02235174447,-187500.02235174447
$SILENCE,2008.1701288426077,-8006.216049935348,7042.811160422702,12177.677414140393,-187500.02235174447,-187500.02235174447,-187500.02235174447,-187500.02235174447
$SILENCE,2153.9258544356653,-7929.303697264636,7432.133845345241,12153.895158039948,-187500.02235174447,-187500.02235174447,-187500.02235174447,-187500.02235174447
$SILENCE,1954.0565555163093,-7940.390162514468,7113.040341501277,12192.630731180994,-187500.02235174447,-187500.02235174447,-187500.02235174447,-187500.02235174447
$SILENCE,1759.9763584108782,-8006.305456913168,6640.815036394005,12221.240964083787,-187500.02235174447,-187500.02235174447,-187500.02235174447,-187500.02235174447
$SILENCE,1945.5628926232926,-8006.551326102177,6926.380923555008,12180.091402541568,-187500.02235174447,-187500.02235174447,-187500.02235174447,-187500.02235174447
$SILENCE,2127.4613890005817,-7938.3114502801245,7394.426452449138,12140.864091022504,-187500.02235174447,-187500.02235174447,-187500.02235174447,-187500.02235174447
$SILENCE,1978.3081982503174,-7927.38144724148,7193.059586651277,12178.750297874249,-187500.02235174447,-187500.02235174447,-187500.02235174447,-187500.02235174447
$SILENCE,1752.5555792517162,-7989.2063724048585,6676.086089144479,12221.956219906357,-187500.02235174447,-187500.02235174447,-187500.02235174447,-187500.02235174447
não,1878.6641214685585,-8011.356951160068,6811.448253565819,12181.946597331358,-187500.02235174447,-187500.02235174447,-187500.02235174447,-187500.02235174447
não,2111.412836481671,-7949.308508552135,7346.459608848048,12135.969058986791,-187500.02235174447,-187500.02235174447,-187500.02235174447,-187500.02235174447
não,2017.1331783691858,-7933.796397900152,7273.414107968106,12176.559826917628,-187500.02235174447,-187500.02235174447,-187500.02235174447,-187500.02235174447
não,1758.2552740878195,-7982.322035112624,6733.328906694521,12221.956219906357,-187500.02235174447,-187500.02235174447,-187500.02235174447,-187500.02235174447
não,1810.8042253022463,-8009.68057032592,6705.724502292216,12198.88921962848,-187500.02235174447,-187500.02235174447,-187500.02235174447,-187500.02235174447
não,2076.7452808314897,-7960.506732524244,7272.385927723161,12135.477320608774,-187500.02235174447,-187500.02235174447,-187500.02235174447,-187500.02235174447
não,2029.0466581638645,-7917.971362825795,7310.696817719558,12150.251823693732,-187500.02235174447,-187500.02235174447,-187500.02235174447,-187500.02235174447
não,1782.9763034553891,-7950.068467863616,6811.247087865721,12217.977609393312,-187500.02235174447,-187500.02235174447,-187500.02235174447,-187500.02235174447
não,1764.11143113511,-7997.767090531242,6644.748943418139,12218.111719860044,-187500.02235174447,-187500.02235174447,-187500.02235174447,-187500.02235174447
não,2033.293489610373,-7952.817732431618,7192.076109895243,12155.750352829738,-187500.02235174447,-187500.02235174447,-187500.02235174447,-187500.02235174447
não,2047.3303851283058,-7914.082159290571,7356.473190364027,12157.627899363983,-187500.02235174447,-187500.02235174447,-187500.02235174447,-187500.02235174447
não,1809.8878037795787,-7942.915909637918,6902.799833154659,12206.578219721107,-187500.02235174447,-187500.02235174447,-187500.02235174447,-187500.02235174447
não,1717.5527474347052,-7999.041139965194,6594.792794560528,12207.092309843578,-187500.02235174447,-187500.02235174447,-187500.02235174447,-187500.02235174447
não,1984.8572593757224,-7969.67094775092,7077.881047473079,12134.627954319472,-187500.02235174447,-187500.02235174447,-187500.02235174447,-187500.02235174447
não,2069.6597778391574,-7919.625391915488,7365.4138881461495,12124.033227447657,-187500.02235174447,-187500.02235174447,-187500.02235174447,-187500.02235174447
não,1852.780801389313,-7958.807999945641,6983.064947493666,12167.954405302335,-187500.02235174447,-187500.02235174447,-187500.02235174447,-187500.02235174447
não,1693.9940087788116,-8059.144980805515,6570.474096593153,12196.005844593745,-187500.02235174447,-187500.02235174447,-187500.02235174447,-187500.02235174447
não,1926.1839301805414,-8042.537634675221,6968.312796153164,12155.012745262713,-187500.02235174447,-187500.02235174447,-187500.02235174447,-187500.02235174447
não,2101.354551476783,-7929.907194364929,7402.093100797308,12138.45010262133,-187500.02235174447,-187500.02235174447,-187500.02235174447,-187500.02235174447
não,1925.8933575026224,-7918.552508181633,7099.092852961166,12164.31107095612,-187500.02235174447,-187500.02235174447,-187500.02235174447,-187500.02235174447
não,1714.6693723999706,-7959.366793557024,6588.757823557595,12199.895048128968,-187500.02235174447,-187500.02235174447,-187500.02235174447,-187500.02235174447
não,1887.9624471619663,-7970.609721018043,6835.856358511014,12150.765913816203,-187500.02235174447,-187500.02235174447,-187500.02235174447,-187500.02235174447
não,2095.7219118740454,-7906.9072493204185,7342.3468878682725,12124.547317570128,-187500.02235174447,-187500.02235174447,-187500.02235174447,-187500.02235174447
não,1955.3976601836277,-7906.169641753393,7164.9410921265,12152.218777205799,-187500.02235174447,-187500.02235174447,-187500.02235174447,-187500.02235174447
não,1713.887061344035,-7968.463953550334,6632.142559545346,12195.804678893648,-187500.02235174447,-187500.02235174447,-187500.02235174447,-187500.02235174447
não,1814.9392980264781,-7994.615494563043,6739.699153864283,12165.942748301357,-187500.02235174447,-187500.02235174447,-187500.02235174447,-187500.02235174447
não,2057.679242811113,-7932.343534510557,7305.555916494837,12118.86997447848,-187500.02235174447,-187500.02235174447,-187500.02235174447,-187500.02235174447
não,1978.4423087170494,-7913.322199979091,7243.619232609181,12150.542396371651,-187500.02235174447,-187500.02235174447,-187500.02235174447,-187500.02235174447
não,1720.6372881695377,-7964.708860481842,6699.644827800373,12196.966969605324,-187500.02235174447,-187500.02235174447,-187500.02235174447,-187500.02235174447
não,1758.8811229325681,-8001.388073133001,6650.426286509787,12177.520951929208,-187500.02235174447,-187500.02235174447,-187500.02235174447,-187500.02235174447
não,2038.9037774686549,-7946.268671306214,7244.446247154027,12121.708646024304,-187500.02235174447,-187500.02235174447,-187500.02235174447,-187500.02235174447
não,2014.1827481010853,-7910.572935411088,7327.97471618351,12140.72998055577,-187500.02235174447,-187500.02235174447,-187500.02235174447,-187500.02235174447
não,1764.6925764909479,-7956.595177244566,6802.127576127956,12188.36154799003,-187500.02235174447,-187500.02235174447,-187500.02235174447,-187500.02235174447
não,1728.9297853624566,-8007.847727280585,6606.102777254913,12197.592818450072,-187500.02235174447,-187500.02235174447,-187500.02235174447,-187500.02235174447
não,2009.0418468763646,-7950.33668879708,7156.089801322199,12136.72901829827,-187500.02235174447,-187500.02235174447,-187500.02235174447,-187500.02235174447
não,2060.2720451679284,-7883.773193809176,7335.26138487594,12142.763989301204,-187500.02235174447,-187500.02235174447,-187500.02235174447,-187500.02235174447
não,1821.0189725183218,-7925.526252451689,6915.585030983095,12172.782382104682,-187500.02235174447,-187500.02235174447,-187500.02235174447,-187500.02235174447
não,1680.0018167497894,-8010.999323248783,6553.129142895836,12169.630786136484,-187500.02235174447,-187500.02235174447,-187500.02235174447,-187500.02235174447
não,1951.6649188595916,-7966.876979694007,7026.114407314588,12124.793186759138,-187500.02235174447,-187500.02235174447,-187500.02235174447,-187500.02235174447
não,2066.508181870959,-7916.093816291549,7361.591739844292,12112.052692419613,-187500.02235174447,-187500.02235174447,-187500.02235174447,-187500.02235174447
não,1867.0188626073436,-7917.144348280949,6992.586790631627,12171.865960582014,-187500.02235174447,-187500.02235174447,-187500.02235174447,-187500.02235174447
não,1687.33318893113,-8002.572715589133,6549.128180638335,12185.545228188663,-187500.02235174447,-187500.02235174447,-187500.02235174447,-187500.02235174447
não,1895.2938193433072,-7976.979968187806,6903.805661655148,12133.398608374431,-187500.02235174447,-187500.02235174447,-187500.02235174447,-187500.02235174447
não,2068.3410249162944,-7920.608868671521,7383.451745921582,12108.67757900686,-187500.02235174447,-187500.02235174447,-187500.02235174447,-187500.02235174447
não,1871.6009702206816,-7960.1491046129595,7075.198838138443,12129.129425183466,-187500.02235174447,-187500.02235174447,-187500.02235174447,-187500.02235174447
não,1684.181592962932,-7961.870188936018,6600.648951607818,12219.117548360533,-187500.02235174447,-187500.02235174447,-187500.02235174447,-187500.02235174447
não,1845.5164844413382,-7974.5883315310875,6804.876840695959,12161.114771499011,-187500.02235174447,-187500.02235174447,-187500.02235174447,-187500.02235174447
não,2054.192370676085,-7915.110339535516,7316.30710557784,12093.500744521707,-187500.02235174447,-187500.02235174447,-187500.02235174447,-187500.02235174447
não,1927.100351703209,-7921.726455894287,7140.063600547744,12124.92729722587,-187500.02235174447,-187500.02235174447,-187500.02235174447,-187500.02235174447
não,1615.047647362667,-8032.2334804813245,6527.938726894704,12126.000180959723,-187500.02235174447,-187500.02235174447,-187500.02235174447,-187500.02235174447
não,1751.0580123732107,-8026.109102500571,6638.781027648572,12139.813559033104,-187500.02235174447,-187500.02235174447,-187500.02235174447,-187500.02235174447
não,2012.7298847114903,-7955.075258621605,7233.896223771122,12097.881686434948,-187500.02235174447,-187500.02235174447,-187500.02235174447,-187500.02235174447
não,1945.227616456463,-7923.000505328239,7215.14311017312,12118.35588435601,-187500.02235174447,-187500.02235174447,-187500.02235174447,-187500.02235174447
não,1686.3497121750966,-7983.730195013309,6688.625417783906,12172.581216404584,-187500.02235174447,-187500.02235174447,-187500.02235174447,-187500.02235174447
não,1710.7354653758366,-8019.11300648606,6597.586762617441,12160.421867420897,-187500.02235174447,-187500.02235174447,-187500.02235174447,-187500.02235174447
não,1999.452948505038,-7941.105418337038,7232.152787703609,12105.660093505394,-187500.02235174447,-187500.02235174447,-187500.02235174447,-187500.02235174447
não,2000.1682043276078,-7906.303752220125,7301.800823426345,12116.746558755227,-187500.02235174447,-187500.02235174447,-187500.02235174447,-187500.02235174447
não,1709.3720089640628,-7987.641750292987,6696.56028706554,12120.948686712825,-187500.02235174447,-187500.02235174447,-187500.02235174447,-187500.02235174447
não,1649.6704995239377,-8024.946811788895,6495.104014289858,12140.193538688844,-187500.02235174447,-187500.02235174447,-187500.02235174447,-187500.02235174447
não,1907.8331479827343,-7990.167497416437,7040.374820277074,12089.790354942126,-187500.02235174447,-187500.02235174447,-187500.02235174447,-187500.02235174447
não,1975.4248232155828,-7931.605926943533,7286.199305796541,12089.566837497574,-187500.02235174447,-187500.02235174447,-187500.02235174447,-187500.02235174447
não,1755.1483816085317,-7960.707898224342,6882.035062555678,12147.368448658997,-187500.02235174447,-187500.02235174447,-187500.02235174447,-187500.02235174447
não,1632.6384702489938,-8007.825375536129,6526.239994316101,12175.241073994765,-187500.02235174447,-187500.02235174447,-187500.02235174447,-187500.02235174447
não,1884.4979267713938,-7965.0217849042165,6966.681118807926,12124.2120414033,-187500.02235174447,-187500.02235174447,-187500.02235174447,-187500.02235174447
não,1975.648340660136,-7934.623412444999,7286.48987847446,12081.028471115646,-187500.02235174447,-187500.02235174447,-187500.02235174447,-187500.02235174447
não,1779.1318034090762,-7959.232683090292,6950.90078722248,12133.197442674333,-187500.02235174447,-187500.02235174447,-187500.02235174447,-187500.02235174447
não,1608.8338624040919,-8006.551326102177,6521.791997169495,12179.644367652461,-187500.02235174447,-187500.02235174447,-187500.02235174447,-187500.02235174447
não,1812.88293753659,-7995.040177707694,6852.128428474478,12124.97200071478,-187500.02235174447,-187500.02235174447,-187500.02235174447,-187500.02235174447
não,1987.517116965904,-7928.879014119985,7305.287695561373,12100.921523680869,-187500.02235174447,-187500.02235174447,-187500.02235174447,-187500.02235174447
não,1817.8897282945786,-7931.717685665809,7066.571064778694,12143.83687303506,-187500.02235174447,-187500.02235174447,-187500.02235174447,-187500.02235174447
não,1597.278010520698,-7989.094613682582,6566.182561657734,12181.41015546443,-187500.02235174447,-187500.02235174447,-187500.02235174447,-187500.02235174447
não,1729.4885789738394,-7994.123756185027,6732.680706105317,12132.482186851763,-187500.02235174447,-187500.02235174447,-187500.02235174447,-187500.02235174447
não,1945.4734856454713,-7936.500958979244,7233.046857481821,12083.554218239096,-187500.02235174447,-187500.02235174447,-187500.02235174447,-187500.02235174447
não,1828.7303243554027,-7934.154025811437,7123.0315712728,12120.009913445701,-187500.02235174447,-187500.02235174447,-187500.02235174447,-187500.02235174447
não,1610.6443537049715,-7984.847782236074,6643.139617817356,12189.993225335267,-187500.02235174447,-187500.02235174447,-187500.02235174447,-187500.02235174447
não,1669.921180000446,-8000.158727187959,6657.757658691127,12158.521969142195,-187500.02235174447,-187500.02235174447,-187500.02235174447,-187500.02235174447
não,1916.61738355367,-7939.697258436354,7177.480420765927,12089.320968308564,-187500.02235174447,-187500.02235174447,-187500.02235174447,-187500.02235174447
não,1866.0130341068548,-7913.992752312751,7212.818528749768,12121.865108235492,-187500.02235174447,-187500.02235174447,-187500.02235174447,-187500.02235174447
não,1604.8105484021364,-7974.275407108714,6679.863533957427,12180.985472319779,-187500.02235174447,-187500.02235174447,-187500.02235174447,-187500.02235174447
não,1629.7997987031697,-8010.440529637401,6589.093099724424,12175.710460628326,-187500.02235174447,-187500.02235174447,-187500.02235174447,-187500.02235174447
não,1895.427929810039,-7966.1393721269815,7103.227925685397,12110.085738907545,-187500.02235174447,-187500.02235174447,-187500.02235174447,-187500.02235174447
não,1904.4356828255277,-7934.0869705780715,7242.658107597603,12090.01387238668,-187500.02235174447,-187500.02235174447,-187500.02235174447,-187500.02235174447
não,1665.696700298393,-7968.419250061424,6780.602846217495,12137.44427412084,-187500.02235174447,-187500.02235174447,-187500.02235174447,-187500.02235174447
não,1588.1361470384775,-8024.142148988503,6514.170052310235,12138.852434021526,-187500.02235174447,-187500.02235174447,-187500.02235174447,-187500.02235174447
não,1844.0636210517432,-7982.634959534998,7020.995857834323,12068.757363409683,-187500.02235174447,-187500.02235174447,-187500.02235174447,-187500.02235174447
não,1901.7311217464355,-7934.735171167275,7281.483087716471,12055.05574405858,-187500.02235174447,-187500.02235174447,-187500.02235174447,-187500.02235174447
não,1691.2670959552643,-7957.1539708559485,6889.858173115036,12110.979808685757,-187500.02235174447,-187500.02235174447,-187500.02235174447,-187500.02235174447
não,1553.8709227884917,-8012.899221527484,6504.558802194453,12128.30241063862,-187500.02235174447,-187500.02235174447,-187500.02235174447,-187500.02235174447
não,1793.526326838294,-7990.368663116535,6920.390656040986,12060.15194179439,-187500.02235174447,-187500.02235174447,-187500.02235174447,-187500.02235174447
não,1918.1149504321756,-7937.417380501913,7287.272189530396,12039.633040384417,-187500.02235174447,-187500.02235174447,-187500.02235174447,-187500.02235174447
não,1728.4827504733505,-7952.504808009245,6985.769508572759,12092.53961951013,-187500.02235174447,-187500.02235174447,-187500.02235174447,-187500.02235174447
não,1531.8768062444694,-7996.873020753029,6525.7929594269945,12126.916602482392,-187500.02235174447,-187500.02235174447,-187500.02235174447,-187500.02235174447
não,1732.9307476199565,-7995.598971319077,6814.622201278473,12070.657261688384,-187500.02235174447,-187500.02235174447,-187500.02235174447,-187500.02235174447
não,1922.585299323237,-7941.932432881884,7271.223637011485,12026.937249533803,-187500.02235174447,-187500.02235174447,-187500.02235174447,-187500.02235174447
não,1784.2503528893417,-7948.772066685208,7079.4903730738615,12086.39288978492,-187500.02235174447,-187500.02235174447,-187500.02235174447,-187500.02235174447
não,1546.7407163072487,-7989.519296827233,6555.274910363545,12130.314067639598,-187500.02235174447,-187500.02235174447,-187500.02235174447,-187500.02235174447
não,1681.7452528173035,-7995.978950974817,6705.590391825484,12088.091622363523,-187500.02235174447,-187500.02235174447,-187500.02235174447,-187500.02235174447
não,1907.3861130936282,-7927.895537363951,7237.7407238174355,12043.634002641917,-187500.02235174447,-187500.02235174447,-187500.02235174447,-187500.02235174447
não,1803.204632187442,-7910.416473199902,7145.897405850578,12072.28893903362,-187500.02235174447,-187500.02235174447,-187500.02235174447,-187500.02235174447
não,1567.3937281839524,-7967.033441905194,6629.50505369962,12121.865108235492,-187500.02235174447,-187500.02235174447,-187500.02235174447,-187500.02235174447
não,1634.2924993386864,-7997.767090531242,6613.501204669619,12105.950666183313,-187500.02235174447,-187500.02235174447,-187500.02235174447,-187500.02235174447
não,1901.3287903462399,-7933.706990922331,7178.240380077408,12062.00713658418,-187500.02235174447,-187500.02235174447,-187500.02235174447,-187500.02235174447
não,1846.7681821308354,-7907.153118509426,7204.369569345662,12073.875912889947,-187500.02235174447,-187500.02235174447,-187500.02235174447,-187500.02235174447
não,1593.2546965187428,-7954.024726632206,6683.238647370177,12136.371390386987,-187500.02235174447,-187500.02235174447,-187500.02235174447,-187500.02235174447
não,1589.7454726392596,-8009.30059067018,6529.77156994004,12119.317009367587,-187500.02235174447,-187500.02235174447,-187500.02235174447,-187500.02235174447
não,1868.7399469304023,-7951.409572530934,7092.610847069126,12051.792389368104,-187500.02235174447,-187500.02235174447,-187500.02235174447,-187500.02235174447
não,1879.4687842689498,-7893.809127069609,7259.9136543171,12077.116915835968,-187500.02235174447,-187500.02235174447,-187500.02235174447,-187500.02235174447
não,1647.3906215894965,-7926.062694318616,6815.918602456881,12135.83494852006,-187500.02235174447,-187500.02235174447,-187500.02235174447,-187500.02235174447
não,1573.8757340759914,-7980.757413000752,6545.48484629212,12159.863073809514,-187500.02235174447,-187500.02235174447,-187500.02235174447,-187500.02235174447
não,1812.9276410255006,-7957.198674344859,6980.539200370217,12084.560046739585,-187500.02235174447,-187500.02235174447,-187500.02235174447,-187500.02235174447
não,1892.3880925641172,-7898.257124216214,7262.305290973818,12063.929386607337,-187500.02235174447,-187500.02235174447,-187500.02235174447,-187500.02235174447
não,1682.5052121287838,-7917.054941303128,6894.149708050455,12119.898154723425,-187500.02235174447,-187500.02235174447,-187500.02235174447,-187500.02235174447
não,1542.896216260936,-7982.903180468462,6492.779432866506,12142.965155001302,-187500.02235174447,-187500.02235174447,-187500.02235174447,-187500.02235174447
não,1780.7634807543136,-7960.551436013155,6889.165269036922,12095.087718378034,-187500.02235174447,-187500.02235174447,-187500.02235174447,-187500.02235174447
não,1917.9361364765332,-7895.574914881578,7282.310102261317,12077.854523402993,-187500.02235174447,-187500.02235174447,-187500.02235174447,-187500.02235174447
não,1724.951174849412,-7909.701217377332,6988.630531863038,12105.257762105199,-187500.02235174447,-187500.02235174447,-187500.02235174447,-187500.02235174447
não,1529.2616521431987,-7967.3687180720235,6510.973752853126,12142.607527090016,-187500.02235174447,-187500.02235174447,-187500.02235174447,-187500.02235174447
não,1715.0940555446216,-7970.38620357349,6774.545523470107,12106.643570261427,-187500.02235174447,-187500.02235174447,-187500.02235174447,-187500.02235174447
não,1908.973086949955,-7911.869336589496,7254.169255992086,12069.405563998887,-187500.02235174447,-187500.02235174447,-187500.02235174447,-187500.02235174447
não,1778.30478886423,-7891.864525301997,7080.675015529992,12120.859279735003,-187500.02235174447,-187500.02235174447,-187500.02235174447,-187500.02235174447
não,1541.4657046157963,-7952.303642309147,6560.639329032819,12144.395666646442,-187500.02235174447,-187500.02235174447,-187500.02235174447,-187500.02235174447
não,1661.9416072299014,-7971.324976840613,6679.237685112677,12102.262628348188,-187500.02235174447,-187500.02235174447,-187500.02235174447,-187500.02235174447
não,1915.6339067976364,-7905.297923719636,7224.307325399795,12084.090660106023,-187500.02235174447,-187500.02235174447,-187500.02235174447,-187500.02235174447
não,1822.941222541478,-7895.060824759105,7156.4474292334835,12115.606619788006,-187500.02235174447,-187500.02235174447,-187500.02235174447,-187500.02235174447
não,1575.149783509944,-7942.223005559803,6632.299021756533,12175.97868156179,-187500.02235174447,-187500.02235174447,-187500.02235174447,-187500.02235174447
não,1605.4587489913404,-7974.320110597624,6580.331215897944,12119.87580297897,-187500.02235174447,-187500.02235174447,-187500.02235174447,-187500.02235174447
não,1876.5630574897598,-7922.732284394776,7148.9372430965,12060.57662493904,-187500.02235174447,-187500.02235174447,-187500.02235174447,-187500.02235174447
não,1852.5796356892154,-7873.9831297377505,7216.037179951332,12091.846715432015,-187500.02235174447,-187500.02235174447,-187500.02235174447,-187500.02235174447
não,1597.054493076145,-7930.108360065027,6717.414464642342,12132.146910684933,-187500.02235174447,-187500.02235174447,-187500.02235174447,-187500.02235174447
não,1567.5501903951397,-7981.517372312233,6519.735636679607,12139.679448566372,-187500.02235174447,-187500.02235174447,-187500.02235174447,-187500.02235174447
não,1858.5699032032376,-7918.5301564371775,7074.975320693889,12089.164506097379,-187500.02235174447,-187500.02235174447,-187500.02235174447,-187500.02235174447
não,1893.2151071089636,-7876.888856516941,7269.882532344167,12084.671805461861,-187500.02235174447,-187500.02235174447,-187500.02235174447,-187500.02235174447
não,1647.3459181005858,-7909.991790055251,6822.378256604464,12147.54726261464,-187500.02235174447,-187500.02235174447,-187500.02235174447,-187500.02235174447
não,1543.2985476611314,-7967.301662838658,6494.656979400752,12164.400477933941,-187500.02235174447,-187500.02235174447,-187500.02235174447,-187500.02235174447
não,1811.9218125250118,-7935.115150823016,6970.816191532158,12109.616352273984,-187500.02235174447,-187500.02235174447,-187500.02235174447,-187500.02235174447
não,1907.6319822826365,-7883.057937986606,7280.991349338455,12093.187820099332,-187500.02235174447,-187500.02235174447,-187500.02235174447,-187500.02235174447
não,1699.693703614915,-7898.413586427401,6917.931964150902,12143.009858490213,-187500.02235174447,-187500.02235174447,-187500.02235174447,-187500.02235174447
não,1542.1586086939108,-7950.8731306640075,6497.182726524202,12176.828047851091,-187500.02235174447,-187500.02235174447,-187500.02235174447,-187500.02235174447
não,1758.590550254649,-7942.513578237722,6861.2479402122435,12112.164451141889,-187500.02235174447,-187500.02235174447,-187500.02235174447,-187500.02235174447
não,1916.550328320304,-7880.532190863156,7279.002044081932,12083.330700794542,-187500.02235174447,-187500.02235174447,-187500.02235174447,-187500.02235174447
não,1746.6994222044257,-7893.60796136951,7002.041578536222,12133.890346752447,-187500.02235174447,-187500.02235174447,-187500.02235174447,-187500.02235174447
não,1542.7844575386594,-7949.822598674607,6515.3993982552765,12177.811524607127,-187500.02235174447,-187500.02235174447,-187500.02235174447,-187500.02235174447
não,1714.7587793777918,-7947.296851551158,6757.915825595359,12128.414169360896,-187500.02235174447,-187500.02235174447,-187500.02235174447,-187500.02235174447
não,1920.1713109220639,-7884.399042653924,7259.041936283343,12079.799125170604,-187500.02235174447,-187500.02235174447,-187500.02235174447,-187500.02235174447
não,1790.8888209925678,-7876.575932094566,7098.645818072059,12118.691160522838,-187500.02235174447,-187500.02235174447,-187500.02235174447,-187500.02235174447
não,1560.8446670585474,-7932.857624633029,6576.285550151533,12176.090440284068,-187500.02235174447,-187500.02235174447,-187500.02235174447,-187500.02235174447
não,1661.8074967631694,-7956.349308055557,6653.734344689173,12141.758160800715,-187500.02235174447,-187500.02235174447,-187500.02235174447,-187500.02235174447
não,1911.230613139941,-7892.780946824664,7207.498813569405,12086.236427573733,-187500.02235174447,-187500.02235174447,-187500.02235174447,-187500.02235174447
não,1834.3406122136846,-7871.300920403114,7173.144182341598,12111.829174975059,-187500.02235174447,-187500.02235174447,-187500.02235174447,-187500.02235174447
não,1587.2867807491757,-7923.1122640505155,6651.722687688195,12169.988414047768,-187500.02235174447,-187500.02235174447,-187500.02235174447,-187500.02235174447
não,1613.438321761885,-7961.333747069091,6569.602378559396,12154.632765606972,-187500.02235174447,-187500.02235174447,-187500.02235174447,-187500.02235174447
não,1884.2073540934748,-7903.062749274105,7131.860510332645,12086.77286944066,-187500.02235174447,-187500.02235174447,-187500.02235174447,-187500.02235174447
não,1869.9245893865336,-7867.143495934427,7224.374380633161,12103.87195394897,-187500.02235174447,-187500.02235174447,-187500.02235174447,-187500.02235174447
não,1628.3022318246642,-7906.057883031116,6737.575738141029,12161.204178476833,-187500.02235174447,-187500.02235174447,-187500.02235174447,-187500.02235174447
não,1583.5540394251395,-7953.465933020822,6514.751197666073,12162.008841277224,-187500.02235174447,-187500.02235174447,-187500.02235174447,-187500.02235174447
não,1861.4979817268827,-7910.997618555739,7045.940404646445,12100.295674836121,-187500.02235174447,-187500.02235174447,-187500.02235174447,-187500.02235174447
não,1905.1509386480975,-7863.4107546103905,7263.288767729851,12095.333587567042,-187500.02235174447,-187500.02235174447,-187500.02235174447,-187500.02235174447
não,1676.7384620593145,-7892.691539846843,6841.488998113751,12148.307221926121,-187500.02235174447,-187500.02235174447,-187500.02235174447,-187500.02235174447
não,1557.246036201243,-7956.081087122094,6485.649226385263,12162.232358721776,-187500.02235174447,-187500.02235174447,-187500.02235174447,-187500.02235174447
não,1826.8304260767015,-7932.56705195511,6946.318679609142,12111.695064508327,-187500.02235174447,-187500.02235174447,-187500.02235174447,-187500.02235174447
não,1939.2820524313513,-7862.27081564317,7287.763927908412,12089.745651453215,-187500.02235174447,-187500.02235174447,-187500.02235174447,-187500.02235174447
não,1726.9851835948448,-7874.407812882401,6939.009659172257,12140.2158904333,-187500.02235174447,-187500.02235174447,-187500.02235174447,-187500.02235174447
não,1554.3626611665084,-7938.669078191409,6497.652113157763,12173.944672816358,-187500.02235174447,-187500.02235174447,-187500.02235174447,-187500.02235174447
não,1769.878181204579,-7930.644801931954,6842.49482661424,12121.30631462411,-187500.02235174447,-187500.02235174447,-187500.02235174447,-187500.02235174447
não,1946.3452036792285,-7868.9316354908515,7280.365500493705,12084.001253128203,-187500.02235174447,-187500.02235174447,-187500.02235174447,-187500.02235174447
não,1786.9549139684336,-7873.133763448449,7038.944308631934,12125.083759437057,-187500.02235174447,-187500.02235174447,-187500.02235174447,-187500.02235174447
não,1568.958350295824,-7932.231775788281,6537.192349099201,12173.631748393984,-187500.02235174447,-187500.02235174447,-187500.02235174447,-187500.02235174447
não,1723.9676980933784,-7938.1326363244825,6734.312383450554,12128.92825948337,-187500.02235174447,-187500.02235174447,-187500.02235174447,-187500.02235174447
não,1943.1936077110302,-7871.792658781131,7249.363630934195,12081.296692049109,-187500.02235174447,-187500.02235174447,-187500.02235174447,-187500.02235174447
não,1822.650649863559,-7862.874312743464,7120.4611206604395,12117.417111088886,-187500.02235174447,-187500.02235174447,-187500.02235174447,-187500.02235174447
não,1579.6201324010053,-7923.04520881715,6595.128070727357,12170.54720765915,-187500.02235174447,-187500.02235174447,-187500.02235174447,-187500.02235174447
não,1667.9765782328343,-7946.156912583937,6635.987059591658,12140.886442766958,-187500.02235174447,-187500.02235174447,-187500.02235174447,-187500.02235174447
não,1931.1460174496196,-7878.185257695349,7195.048891907799,12091.354977053998,-187500.02235174447,-187500.02235174447,-187500.02235174447,-187500.02235174447
não,1868.3823190191174,-7854.872388228463,7188.745699971402,12107.425881317364,-187500.02235174447,-187500.02235174447,-187500.02235174447,-187500.02235174447
não,1616.5899177300832,-7905.0297027861725,6674.074432143501,12159.080762753578,-187500.02235174447,-187500.02235174447,-187500.02235174447,-187500.02235174447
não,1626.8270166906138,-7948.436790518379,6561.846323233405,12147.033172492167,-187500.02235174447,-187500.02235174447,-187500.02235174447,-187500.02235174447
não,1902.3793223356395,-7896.021949770684,7119.321181693218,12083.755383939193,-187500.02235174447,-187500.02235174447,-187500.02235174447,-187500.02235174447
não,1894.5115082873713,-7857.5545975631,7238.947718018022,12088.940988652825,-187500.02235174447,-187500.02235174447,-187500.02235174447,-187500.02235174447
não,1653.604406548072,-7898.368882938491,6765.805991388082,12143.076913723578,-187500.02235174447,-187500.02235174447,-187500.02235174447,-187500.02235174447
não,1592.2265162737986,-7947.81094167363,6510.750235408573,12153.001088261735,-187500.02235174447,-187500.02235174447,-187500.02235174447,-187500.02235174447
não,1869.522257986338,-7906.482566175768,7028.126064315566,12094.707738722294,-187500.02235174447,-187500.02235174447,-187500.02235174447,-187500.02235174447
não,1932.3753633946615,-7855.4311818398455,7275.20224752453,12084.895322906414,-187500.02235174447,-187500.02235174447,-187500.02235174447,-187500.02235174447
não,1704.566383906172,-7883.124993219972,6866.858228070525,12138.025419476679,-187500.02235174447,-187500.02235174447,-187500.02235174447,-187500.02235174447
não,1567.3490246950419,-7942.290060793169,6491.013645054537,12158.767838331205,-187500.02235174447,-187500.02235174447,-187500.02235174447,-187500.02235174447
não,1814.6040218596486,-7916.920830836396,6918.691923462382,12091.042052631623,-187500.02235174447,-187500.02235174447,-187500.02235174447,-187500.02235174447
não,1941.8748547881669,-7852.1454754049155,7284.344111006751,12078.815648414571,-187500.02235174447,-187500.02235174447,-187500.02235174447,-187500.02235174447
não,1747.8617129161016,-7867.74699303472,6966.055269963178,12129.464701350296,-187500.02235174447,-187500.02235174447,-187500.02235174447,-187500.02235174447
não,1560.1294112359776,-7930.175415298393,6502.770662638029,12162.612338377518,-187500.02235174447,-187500.02235174447,-187500.02235174447,-187500.02235174447
não,1762.725622978881,-7927.0461710746495,6808.542526786629,12104.58720977154,-187500.02235174447,-187500.02235174447,-187500.02235174447,-187500.02235174447
não,1949.4297444140607,-7865.265949400181,7269.971939321988,12070.903130877392,-187500.02235174447,-187500.02235174447,-187500.02235174447,-187500.02235174447
não,1794.1298239385874,-7868.618711068477,7051.148361104532,12112.432672075352,-187500.02235174447,-187500.02235174447,-187500.02235174447,-187500.02235174447
não,1568.2654462177095,-7926.017990829706,6539.606337500374,12156.778533074681,-187500.02235174447,-187500.02235174447,-187500.02235174447,-187500.02235174447
não,1714.401151466507,-7933.394066499957,6709.881926760903,12116.835965733047,-187500.02235174447,-187500.02235174447,-187500.02235174447,-187500.02235174447
não,1948.7144885914909,-7867.612882567988,7240.28882268534,12068.466790731763,-187500.02235174447,-187500.02235174447,-187500.02235174447,-187500.02235174447
não,1843.8624553516456,-7855.095905673016,7141.292946492786,12102.575552770562,-187500.02235174447,-187500.02235174447,-187500.02235174447,-187500.02235174447
não,1597.6579901764383,-7909.365941210502,6615.512861670597,12157.717306341805,-187500.02235174447,-187500.02235174447,-187500.02235174447,-187500.02235174447
não,1663.3274153861303,-7940.971307870306,6619.044437294536,12131.476358351274,-187500.02235174447,-187500.02235174447,-187500.02235174447,-187500.02235174447
não,1925.5580813357928,-7880.778060052164,7182.733080712925,12076.133439079935,-187500.02235174447,-187500.02235174447,-187500.02235174447,-187500.02235174447
não,1870.5951417201927,-7853.21835913877,7200.458014065983,12089.164506097379,-187500.02235174447,-187500.02235174447,-187500.02235174447,-187500.02235174447
não,1617.9980776307677,-7899.128842249971,6691.844068985471,12145.35679165802,-187500.02235174447,-187500.02235174447,-187500.02235174447,-187500.02235174447
não,1617.6851532083933,-7944.458180005334,6543.763761969061,12140.327649155575,-187500.02235174447,-187500.02235174447,-187500.02235174447,-187500.02235174447
não,1903.7204270029579,-7896.670150359888,7096.008312226333,12081.587264727028,-187500.02235174447,-187500.02235174447,-187500.02235174447,-187500.02235174447
não,1912.3482003627064,-7852.391344593924,7245.407372165606,12085.118840350968,-187500.02235174447,-187500.02235174447,-187500.02235174447,-187500.02235174447
não,1664.1097264420662,-7887.79650781113,6782.480392751741,12146.764951558704,-187500.02235174447,-187500.02235174447,-187500.02235174447,-187500.02235174447
não,1585.923324337402,-7945.128732338993,6496.7356916350955,12159.863073809514,-187500.02235174447,-187500.02235174447,-187500.02235174447,-187500.02235174447
não,1858.5251997143268,-7904.783833597164,6996.923029055957,12093.031357888147,-187500.02235174447,-187500.02235174447,-187500.02235174447,-187500.02235174447
não,1928.106180203698,-7849.195045136816,7266.239197997952,12082.168410082866,-187500.02235174447,-187500.02235174447,-187500.02235174447,-187500.02235174447
não,1702.3759129495518,-7870.563312836089,6874.524876418695,12128.25770714971,-187500.02235174447,-187500.02235174447,-187500.02235174447,-187500.02235174447
não,1566.8796380614804,-7932.857624633029,6487.191496752679,12167.149742501944,-187500.02235174447,-187500.02235174447,-187500.02235174447,-187500.02235174447
não,1808.0549607342437,-7918.798377370642,6893.523859205707,12105.39187257193,-187500.02235174447,-187500.02235174447,-187500.02235174447,-187500.02235174447
não,1941.8301512992564,-7855.341774862025,7279.762003393413,12085.34235779552,-187500.02235174447,-187500.02235174447,-187500.02235174447,-187500.02235174447
$SILENCE,1756.5341897647609,-7858.113391174483,6978.996930002801,12130.515233339696,-187500.02235174447,-187500.02235174447,-187500.02235174447,-187500.02235174447
$SILENCE,1559.6600246024161,-7921.94997333884,6498.635589913797,12162.45587616633,-187500.02235174447,-187500.02235174447,-187500.02235174447,-187500.02235174447
$SILENCE,1753.4943525188392,-7923.335781495069,6779.686424694828,12109.124613895967,-187500.02235174447,-187500.02235174447,-187500.02235174447,-187500.02235174447
$SILENCE,1942.1207239771754,-7858.493370830223,7254.504532158916,12079.173276325855,-187500.02235174447,-187500.02235174447,-187500.02235174447,-187500.02235174447
$SILENCE,1795.426225116995,-7856.437010340334,7059.642023997549,12117.193593644333,-187500.02235174447,-187500.02235174447,-187500.02235174447,-187500.02235174447
$SILENCE,1574.7027486208378,-7914.0151040572055,6545.350735825388,12173.36352746052,-187500.02235174447,-187500.02235174447,-187500.02235174447,-187500.02235174447
$SILENCE,1695.1562994904875,-7939.563147969622,6668.330033818488,12130.090550195046,-187500.02235174447,-187500.02235174447,-187500.02235174447,-187500.02235174447
$SILENCE,1931.034258727343,-7864.908321488896,7219.345238130718,12072.490104733719,-187500.02235174447,-187500.02235174447,-187500.02235174447,-187500.02235174447
$SILENCE,1837.715725626436,-7845.015268923673,7146.836179117701,12097.971093412769,-187500.02235174447,-187500.02235174447,-187500.02235174447,-187500.02235174447
$SILENCE,1592.3829784849859,-7901.028740528673,6618.642105894341,12152.509349883718,-187500.02235174447,-187500.02235174447,-187500.02235174447,-187500.02235174447
$SILENCE,1639.791028474692,-7936.635069445976,6584.890971766827,12131.342247884542,-187500.02235174447,-187500.02235174447,-187500.02235174447,-187500.02235174447
$SILENCE,1911.163557906575,-7881.806240297108,7152.602929187171,12076.222846057755,-187500.02235174447,-187500.02235174447,-187500.02235174447,-187500.02235174447
$SILENCE,1878.5300110018268,-7850.424391081857,7203.944886201011,12094.975959655758,-187500.02235174447,-187500.02235174447,-187500.02235174447,-187500.02235174447
$SILENCE,1630.6491649924715,-7892.9374090358515,6702.304685390554,12151.704687083327,-187500.02235174447,-187500.02235174447,-187500.02235174447,-187500.02235174447
$SILENCE,1607.470405992318,-7939.563147969622,6520.182671568713,12146.921413769891,-187500.02235174447,-187500.02235174447,-187500.02235174447,-187500.02235174447
$SILENCE,1879.9605226469664,-7892.870353802486,7061.452515298429,12079.240331559222,-187500.02235174447,-187500.02235174447,-187500.02235174447,-187500.02235174447
$SILENCE,1904.6592002700806,-7847.473960813757,7241.518168630382,12080.29086354862,-187500.02235174447,-187500.02235174447,-187500.02235174447,-187500.02235174447
$SILENCE,1670.2341044228203,-7882.365033908491,6799.758291215693,12137.176053187377,-187500.02235174447,-187500.02235174447,-187500.02235174447,-187500.02235174447
$SILENCE,1572.5569811531284,-7939.317278780613,6485.492764174076,12151.615280105505,-187500.02235174447,-187500.02235174447,-187500.02235174447,-187500.02235174447
$SILENCE,1836.3075657257518,-7909.2541824882255,6966.167028685454,12086.77286944066,-187500.02235174447,-187500.02235174447,-187500.02235174447,-187500.02235174447
$SILENCE,1926.4297993695498,-7853.754801005698,7268.988462565954,12073.33947102302,-187500.02235174447,-187500.02235174447,-187500.02235174447,-187500.02235174447
$SILENCE,1713.372971221563,-7873.9831297377505,6898.910629619436,12125.664904792895,-187500.02235174447,-187500.02235174447,-187500.02235174447,-187500.02235174447
$SILENCE,1557.1119257345113,-7934.355191511535,6478.429612926199,12155.97387027429,-187500.02235174447,-187500.02235174447,-187500.02235174447,-187500.02235174447
$SILENCE,1789.4359576029728,-7919.558336682122,6854.6765273423825,12098.798107957615,-187500.02235174447,-187500.02235174447,-187500.02235174447,-187500.02235174447
$SILENCE,1940.779619309857,-7856.392306851424,7267.58030266527,12069.159694809878,-187500.02235174447,-187500.02235174447,-187500.02235174447,-187500.02235174447
$SILENCE,1763.5749892681827,-7864.148362177416,6991.871534809057,12114.667846520882,-187500.02235174447,-187500.02235174447,-187500.02235174447,-187500.02235174447
$SILENCE,1555.1896757113548,-7925.593307685055,6501.697778904174,12154.632765606972,-187500.02235174447,-187500.02235174447,-187500.02235174447,-187500.02235174447
$SILENCE,1730.6508696855153,-7931.538871710167,6747.410505701364,12106.420052816875,-187500.02235174447,-187500.02235174447,-187500.02235174447,-187500.02235174447
$SILENCE,1941.0478402433207,-7867.836400012541,7244.5580058763035,12068.62325294295,-187500.02235174447,-187500.02235174447,-187500.02235174447,-187500.02235174447
$SILENCE,1808.9713822569113,-7861.153228420405,7074.595341038149,12105.324817338565,-187500.02235174447,-187500.02235174447,-187500.02235174447,-187500.02235174447
$SILENCE,1577.7202341223044,-7916.47379594729,6557.06304991997,12159.371335431497,-187500.02235174447,-187500.02235174447,-187500.02235174447,-187500.02235174447
$SILENCE,1683.689854584915,-7934.913985122917,6647.051173097036,12127.028361204668,-187500.02235174447,-187500.02235174447,-187500.02235174447,-187500.02235174447
$SILENCE,1927.2344621699408,-7875.011309982695,7196.0100169193765,12069.092639576513,-187500.02235174447,-187500.02235174447,-187500.02235174447,-187500.02235174447
$SILENCE,1846.388202475095,-7852.793675994119,7152.871150120634,12098.686349235339,-187500.02235174447,-187500.02235174447,-187500.02235174447,-187500.02235174447
$SILENCE,1600.407254744441,-7904.314446963603,6637.305812514522,12160.64538486545,-187500.02235174447,-187500.02235174447,-187500.02235174447,-187500.02235174447
$SILENCE,1632.3255458266194,-7941.172473570404,6567.546018069508,12144.954460257824,-187500.02235174447,-187500.02235174447,-187500.02235174447,-187500.02235174447
$SILENCE,1902.0887496577204,-7883.70613857581,7128.284231219796,12082.414279271876,-187500.02235174447,-187500.02235174447,-187500.02235174447,-187500.02235174447
$SILENCE,1880.2063918359747,-7849.999707937206,7208.437586836528,12093.009006143691,-187500.02235174447,-187500.02235174447,-187500.02235174447,-187500.02235174447
$SILENCE,1633.2196156048317,-7893.160926480405,6718.844976287482,12149.491864382251,-187500.02235174447,-187500.02235174447,-187500.02235174447,-187500.02235174447
$SILENCE,1593.3888069854745,-7940.971307870306,6505.117595805836,12155.906815040924,-187500.02235174447,-187500.02235174447,-187500.02235174447,-187500.02235174447
$SILENCE,1864.8954468840896,-7896.13370849296,7040.531282488261,12096.451174789809,-187500.02235174447,-187500.02235174447,-187500.02235174447,-187500.02235174447
$SILENCE,1898.5571740337818,-7847.295146858114,7250.190645479041,12096.607637000996,-187500.02235174447,-187500.02235174447,-187500.02235174447,-187500.02235174447
$SILENCE,1668.5577235886722,-7876.911208261396,6818.600811791517,12148.217814948299,-187500.02235174447,-187500.02235174447,-187500.02235174447,-187500.02235174447
$SILENCE,1557.6483676014386,-7933.014086844217,6475.3674239358215,12163.059373266624,-187500.02235174447,-187500.02235174447,-187500.02235174447,-187500.02235174447
$SILENCE,1815.8333678046904,-7907.42133944289,6936.170987626432,12103.290808593132,-187500.02235174447,-187500.02235174447,-187500.02235174447,-187500.02235174447
$SILENCE,1922.071209200765,-7853.397173094413,7262.171180507086,12086.839924674026,-187500.02235174447,-187500.02235174447,-187500.02235174447,-187500.02235174447
$SILENCE,1717.9327270904455,-7867.635234312444,6914.378036782508,12140.55116660013,-187500.02235174447,-187500.02235174447,-187500.02235174447,-187500.02235174447
$SILENCE,1547.8136000411034,-7926.576784441088,6481.223580983113,12177.431544951385,-187500.02235174447,-187500.02235174447,-187500.02235174447,-187500.02235174447
$SILENCE,1765.139611380054,-7917.390217469957,6828.547338074129,12118.802919245116,-187500.02235174447,-187500.02235174447,-187500.02235174447,-187500.02235174447
$SILENCE,1934.0293924843543,-7854.581815550544,7262.260587484907,12088.181029341344,-187500.02235174447,-187500.02235174447,-187500.02235174447,-187500.02235174447
$SILENCE,1767.6430067590484,-7859.856827241997,7009.6411716510265,12132.146910684933,-187500.02235174447,-187500.02235174447,-187500.02235174447,-187500.02235174447
$SILENCE,1547.3889168964527,-7919.133653537471,6505.229354528112,12173.587044905073,-187500.02235174447,-187500.02235174447,-187500.02235174447,-187500.02235174447
$SILENCE,1708.9920293083228,-7928.5213862087,6717.503871620163,12132.504538596218,-187500.02235174447,-187500.02235174447,-187500.02235174447,-187500.02235174447
$SILENCE,1922.6747063010582,-7862.762554021187,7234.119741215675,12093.634854988439,-187500.02235174447,-187500.02235174447,-187500.02235174447,-187500.02235174447
$SILENCE,1796.208536172931,-7852.1454754049155,7095.4048151260395,12127.967134471792,-187500.02235174447,-187500.02235174447,-187500.02235174447,-187500.02235174447
$SILENCE,1563.7056903488267,-7912.115205778505,6565.132029668335,12178.213856007322,-187500.02235174447,-187500.02235174447,-187500.02235174447,-187500.02235174447
$SILENCE,1661.1592961739657,-7937.596194457555,6618.195071005234,12149.134236470967,-187500.02235174447,-187500.02235174447,-187500.02235174447,-187500.02235174447
$SILENCE,1917.869081243167,-7873.536094848645,7184.610627247171,12093.411337543886,-187500.02235174447,-187500.02235174447,-187500.02235174447,-187500.02235174447
$SILENCE,1846.8575891086566,-7847.026925924651,7169.098516595187,12117.059483177602,-187500.02235174447,-187500.02235174447,-187500.02235174447,-187500.02235174447
$SILENCE,1589.7231208948042,-7895.641970114943,6643.676059684284,12172.044774537657,-187500.02235174447,-187500.02235174447,-187500.02235174447,-187500.02235174447
$SILENCE,1605.9281356249019,-7937.551490968644,6540.142779367302,12161.78532383267,-187500.02235174447,-187500.02235174447,-187500.02235174447,-187500.02235174447
$SILENCE,1880.6534267250809,-7885.404871154413,7104.300809419252,12103.87195394897,-187500.02235174447,-187500.02235174447,-187500.02235174447,-187500.02235174447
$SILENCE,1876.1160226006537,-7847.630423024943,7216.99830496291,12116.120709910478,-187500.02235174447,-187500.02235174447,-187500.02235174447,-187500.02235174447
$SILENCE,1627.7881417021922,-7885.583685110055,6735.742895095694,12171.106001270533,-187500.02235174447,-187500.02235174447,-187500.02235174447,-187500.02235174447
$SILENCE,1564.4880014047626,-7935.2045578008365,6485.04572928497,12175.50929492823,-187500.02235174447,-187500.02235174447,-187500.02235174447,-187500.02235174447
$SILENCE,1840.3755832166175,-7894.591438125544,7004.321456470663,12112.119747652978,-187500.02235174447,-187500.02235174447,-187500.02235174447,-187500.02235174447
$SILENCE,1892.8798309421338,-7843.383591578436,7246.10027624372,12111.471547063775,-187500.02235174447,-187500.02235174447,-187500.02235174447,-187500.02235174447
$SILENCE,1672.8939620130018,-7872.999652981717,6839.656155068416,12166.300376212643,-187500.02235174447,-187500.02235174447,-187500.02235174447,-187500.02235174447
$SILENCE,1556.9107600344134,-7933.394066499957,6472.126420989803,12187.869809612013,-187500.02235174447,-187500.02235174447,-187500.02235174447,-187500.02235174447
$SILENCE,1805.2609926773303,-7908.56127841011,6909.728873935804,12126.335457126554,-187500.02235174447,-187500.02235174447,-187500.02235174447,-187500.02235174447
$SILENCE,1926.9662412364771,-7849.239748625726,7263.601692152226,12105.570686527573,-187500.02235174447,-187500.02235174447,-187500.02235174447,-187500.02235174447
$SILENCE,1733.91422437599,-7865.265949400181,6931.745342224282,12152.934033028369,-187500.02235174447,-187500.02235174447,-187500.02235174447,-187500.02235174447
$SILENCE,1557.2236844567879,-7926.800301885642,6480.217752482624,12191.356681747042,-187500.02235174447,-187500.02235174447,-187500.02235174447,-187500.02235174447
$SILENCE,1773.722681250892,-7921.458234960823,6802.172279616867,12136.840777020549,-187500.02235174447,-187500.02235174447,-187500.02235174447,-187500.02235174447
$SILENCE,1957.38696544015,-7857.107562673994,7258.48314267196,12101.100337636512,-187500.02235174447,-187500.02235174447,-187500.02235174447,-187500.02235174447
$SILENCE,1799.5165943523164,-7858.8957022304185,7034.898642885523,12142.87574802348,-187500.02235174447,-187500.02235174447,-187500.02235174447,-187500.02235174447
$SILENCE,1580.5812574125837,-7919.535984937666,6525.748255938084,12189.412079979431,-187500.02235174447,-187500.02235174447,-187500.02235174447,-187500.02235174447
$SILENCE,1725.7334859053476,-7932.477644977289,6699.667179544828,12150.765913816203,-187500.02235174447,-187500.02235174447,-187500.02235174447,-187500.02235174447
$SILENCE,1942.5677588662816,-7865.2883011446365,7223.569717832771,12104.721320238272,-187500.02235174447,-187500.02235174447,-187500.02235174447,-187500.02235174447
$SILENCE,1830.9878505453887,-7849.731487003743,7116.616620614126,12139.478282866274,-187500.02235174447,-187500.02235174447,-187500.02235174447,-187500.02235174447
$SILENCE,1584.9174958369133,-7904.3815021969685,6592.535268370541,12191.736661402781,-187500.02235174447,-187500.02235174447,-187500.02235174447,-187500.02235174447
$SILENCE,1651.9950809472898,-7932.611755444022,6606.773329588572,12165.920396556903,-187500.02235174447,-187500.02235174447,-187500.02235174447,-187500.02235174447
$SILENCE,1913.488139329927,-7872.239693670237,7166.013975860355,12109.68340750735,-187500.02235174447,-187500.02235174447,-187500.02235174447,-187500.02235174447
$SILENCE,1856.781763646813,-7844.724696245754,7179.782650444824,12127.363637371498,-187500.02235174447,-187500.02235174447,-187500.02235174447,-187500.02235174447
$SILENCE,1603.0447605901672,-7891.551600879622,6668.419440796309,12179.532608930185,-187500.02235174447,-187500.02235174447,-187500.02235174447,-187500.02235174447
$SILENCE,1601.2342692892873,-7936.322145023602,6531.380895540821,12171.50833267073,-187500.02235174447,-187500.02235174447,-187500.02235174447,-187500.02235174447
$SILENCE,1885.4143482940613,-7886.433051399357,7085.0112539543225,12108.29759935112,-187500.02235174447,-187500.02235174447,-187500.02235174447,-187500.02235174447
$SILENCE,1899.4065403230836,-7846.691649757821,7228.66591556858,12116.411282588397,-187500.02235174447,-187500.02235174447,-187500.02235174447,-187500.02235174447
$SILENCE,1655.8172292491472,-7882.1415164639375,6765.895398365903,12172.64827163795,-187500.02235174447,-187500.02235174447,-187500.02235174447,-187500.02235174447
$SILENCE,1579.7765946121926,-7933.99756360025,6489.247857242568,12181.164286275422,-187500.02235174447,-187500.02235174447,-187500.02235174447,-187500.02235174447
$SILENCE,1853.227836278419,-7897.921848049385,6994.687854610426,12115.226640132267,-187500.02235174447,-187500.02235174447,-187500.02235174447,-187500.02235174447
$SILENCE,1926.6086133251922,-7846.401077079902,7260.964186306499,12106.531811539151,-187500.02235174447,-187500.02235174447,-187500.02235174447,-187500.02235174447
$SILENCE,1700.341904204119,-7870.518609347178,6865.874751314492,12158.41021041992,-187500.02235174447,-187500.02235174447,-187500.02235174447,-187500.02235174447
$SILENCE,1559.9729490247905,-7929.95189785384,6476.082679758391,12186.104021800045,-187500.02235174447,-187500.02235174447,-187500.02235174447,-187500.02235174447
$SILENCE,1804.8586612771346,-7911.936391822862,6888.271199258709,12126.558974571106,-187500.02235174447,-187500.02235174447,-187500.02235174447,-187500.02235174447
$SILENCE,1941.9195582770776,-7850.893777715419,7269.591959666248,12102.553201026107,-187500.02235174447,-187500.02235174447,-187500.02235174447,-187500.02235174447
$SILENCE,1751.2591780733082,-7860.9520627203065,6965.809400774169,12149.581271360074,-187500.02235174447,-187500.02235174447,-187500.02235174447,-187500.02235174447
$SILENCE,1555.5249518781843,-7922.776987883686,6492.242990999579,12189.054452068145,-187500.02235174447,-187500.02235174447,-187500.02235174447,-187500.02235174447
$SILENCE,1750.6333292285597,-7923.067560561605,6776.735994426727,12139.031247977167,-187500.02235174447,-187500.02235174447,-187500.02235174447,-187500.02235174447
$SILENCE,1940.2208256984743,-7857.599301052011,7249.207168723008,12100.139212624934,-187500.02235174447,-187500.02235174447,-187500.02235174447,-187500.02235174447
$SILENCE,1791.5817250706823,-7855.475885328757,7049.404925037018,12134.650306063928,-187500.02235174447,-187500.02235174447,-187500.02235174447,-187500.02235174447
$SILENCE,1564.4656496603072,-7913.299848234636,6534.107808364369,12178.817353107615,-187500.02235174447,-187500.02235174447,-187500.02235174447,-187500.02235174447
$SILENCE,1692.4517384113956,-7930.354229254035,6672.286292587077,12136.97488748728,-187500.02235174447,-187500.02235174447,-187500.02235174447,-187500.02235174447
$SILENCE,1928.7543807929017,-7865.377708122458,7214.204336905997,12090.080927620045,-187500.02235174447,-187500.02235174447,-187500.02235174447,-187500.02235174447
$SILENCE,1837.0004698038663,-7850.625556781955,7131.391123699084,12121.328666368565,-187500.02235174447,-187500.02235174447,-187500.02235174447,-187500.02235174447
$SILENCE,1598.6861704213823,-7904.627371385976,6605.454576665709,12176.962158317823,-187500.02235174447,-187500.02235174447,-187500.02235174447,-187500.02235174447
$SILENCE,1656.7783542607253,-7939.09376133606,6587.595532845919,12152.755219072727,-187500.02235174447,-187500.02235174447,-187500.02235174447,-187500.02235174447
$SILENCE,1925.0216394688655,-7882.342682164036,7158.03440308981,12095.87002943397,-187500.02235174447,-187500.02235174447,-187500.02235174447,-187500.02235174447
$SILENCE,1880.876944169634,-7848.815065481075,7197.574639031249,12110.756291241205,-187500.02235174447,-187500.02235174447,-187500.02235174447,-187500.02235174447
$SILENCE,1627.117589368533,-7890.188144467848,6693.27458063061,12164.579291889584,-187500.02235174447,-187500.02235174447,-187500.02235174447,-187500.02235174447
$SILENCE,1607.8503856480581,-7937.28327003518,6521.412017513754,12158.432562164375,-187500.02235174447,-187500.02235174447,-187500.02235174447,-187500.02235174447
$SILENCE,1889.527069273838,-7889.316426434091,7074.6176927826045,12092.316102065577,-187500.02235174447,-187500.02235174447,-187500.02235174447,-187500.02235174447
$SILENCE,1907.5425753048153,-7844.970565434763,7248.156636733608,12092.2043433433,-187500.02235174447,-187500.02235174447,-187500.02235174447,-187500.02235174447
$SILENCE,1668.8706480110466,-7880.331025163058,6792.605732989995,12147.726076570283,-187500.02235174447,-187500.02235174447,-187500.02235174447,-187500.02235174447
$SILENCE,1579.7989463566478,-7936.4339037458785,6483.972845551115,12158.767838331205,-187500.02235174447,-187500.02235174447,-187500.02235174447,-187500.02235174447
$SILENCE,1847.9528245869667,-7906.169641753393,6973.498400866795,12091.600846243007,-187500.02235174447,-187500.02235174447,-187500.02235174447,-187500.02235174447
$SILENCE,1936.488084374438,-7852.123123660461,7270.329567233273,12077.809819914082,-187500.02235174447,-187500.02235174447,-187500.02235174447,-187500.02235174447
$SILENCE,1717.7092096458925,-7872.08323145905,6893.456803972341,12129.151776927922,-187500.02235174447,-187500.02235174447,-187500.02235174447,-187500.02235174447
$SILENCE,1560.0623560026118,-7931.337706010068,6478.8319443263945,12157.538492386162,-187500.02235174447,-187500.02235174447,-187500.02235174447,-187500.02235174447
$SILENCE,1793.235754160375,-7916.965534325306,6866.545303648151,12098.73105272425,-187500.02235174447,-187500.02235174447,-187500.02235174447,-187500.02235174447
$SILENCE,1941.3160611767844,-7855.498237073212,7275.068137057798,12070.590206455017,-187500.02235174447,-187500.02235174447,-187500.02235174447,-187500.02235174447
$SILENCE,1763.5079340348166,-7862.851960999008,6989.748119085803,12114.265515120687,-187500.02235174447,-187500.02235174447,-187500.02235174447,-187500.02235174447
$SILENCE,1561.5599228811172,-7925.190976284859,6505.028188828014,12153.425771406386,-187500.02235174447,-187500.02235174447,-187500.02235174447,-187500.02235174447
$SILENCE,1748.979300138867,-7930.600098443044,6761.156828541378,12103.693139993327,-187500.02235174447,-187500.02235174447,-187500.02235174447,-187500.02235174447
$SILENCE,1966.1264975221752,-7862.740202276731,7280.141983049153,12054.943985336302,-187500.02235174447,-187500.02235174447,-187500.02235174447,-187500.02235174447
$SILENCE,1813.9111177815341,-7853.039545183128,7090.8227075127015,12100.519192280673,-187500.02235174447,-187500.02235174447,-187500.02235174447,-187500.02235174447
$SILENCE,1582.3470452245529,-7914.976229068784,6568.82006750346,12155.25861445172,-187500.02235174447,-187500.02235174447,-187500.02235174447,-187500.02235174447
$SILENCE,1682.3263981731413,-7931.449464732345,6671.906312931337,12121.485128579752,-187500.02235174447,-187500.02235174447,-187500.02235174447,-187500.02235174447
$SILENCE,1922.4958923454158,-7872.709080303798,7192.701958739992,12061.62715692844,-187500.02235174447,-187500.02235174447,-187500.02235174447,-187500.02235174447
$SILENCE,1838.4533331934613,-7850.849074226508,7135.168568512031,12077.519247236163,-187500.02235174447,-187500.02235174447,-187500.02235174447,-187500.02235174447
$SILENCE,1599.401426243952,-7906.974304553784,6605.566335387985,12129.330590883565,-187500.02235174447,-187500.02235174447,-187500.02235174447,-187500.02235174447
$SILENCE,1648.2846913677088,-7944.502883494245,6568.216570403168,12116.165413399389,-187500.02235174447,-187500.02235174447,-187500.02235174447,-187500.02235174447
$SILENCE,1917.3326393762397,-7887.79650781113,7138.856606347157,12058.117933048956,-187500.02235174447,-187500.02235174447,-187500.02235174447,-187500.02235174447
$SILENCE,1896.23259261043,-7854.98414695074,7212.036217693832,12069.316157021065,-187500.02235174447,-187500.02235174447,-187500.02235174447,-187500.02235174447
$SILENCE,1645.982461688812,-7897.184240482359,6717.794444298082,12119.741692512238,-187500.02235174447,-187500.02235174447,-187500.02235174447,-187500.02235174447
$SILENCE,1615.9640688853347,-7948.302680051646,6516.67344768923,12122.893288480436,-187500.02235174447,-187500.02235174447,-187500.02235174447,-187500.02235174447
$SILENCE,1894.265639098363,-7902.168679495893,7053.897625672535,12059.503741205186,-187500.02235174447,-187500.02235174447,-187500.02235174447,-187500.02235174447
$SILENCE,1927.4803313589493,-7855.520588817667,7256.560892648804,12055.033392314124,-187500.02235174447,-187500.02235174447,-187500.02235174447,-187500.02235174447
$SILENCE,1688.6072383650826,-7886.27658918817,6824.904003727914,12110.01868367418,-187500.02235174447,-187500.02235174447,-187500.02235174447,-187500.02235174447
$SILENCE,1579.664835889916,-7943.675868949398,6487.906752575249,12123.87676523647,-187500.02235174447,-187500.02235174447,-187500.02235174447,-187500.02235174447
$SILENCE,1839.4144582050394,-7914.663304646409,6954.879397735524,12061.023659828146,-187500.02235174447,-187500.02235174447,-187500.02235174447,-187500.02235174447
$SILENCE,1945.2499682009184,-7858.180446407849,7274.330529490773,12047.322040477044,-187500.02235174447,-187500.02235174447,-187500.02235174447,-187500.02235174447
$SILENCE,1743.3243087916744,-7877.805278039608,6918.066074617634,12095.691215478328,-187500.02235174447,-187500.02235174447,-187500.02235174447,-187500.02235174447
$SILENCE,1575.4180044434077,-7939.473740991801,6485.515115918532,12128.414169360896,-187500.02235174447,-187500.02235174447,-187500.02235174447,-187500.02235174447
$SILENCE,1791.693483792959,-7927.873185619496,6841.824274280581,12070.366689010465,-187500.02235174447,-187500.02235174447,-187500.02235174447,-187500.02235174447
$SILENCE,1956.582302639759,-7865.265949400181,7272.162410278608,12041.66704912985,-187500.02235174447,-187500.02235174447,-187500.02235174447,-187500.02235174447
$SILENCE,1781.6799022769812,-7869.579836080055,7013.53037518625,12081.564912982574,-187500.02235174447,-187500.02235174447,-187500.02235174447,-187500.02235174447
$SILENCE,1573.0487195311453,-7930.66715367641,6517.902793634271,12122.490957080241,-187500.02235174447,-187500.02235174447,-187500.02235174447,-187500.02235174447
$SILENCE,1735.8588261436018,-7938.691429935865,6736.614613129451,12078.256854803189,-187500.02235174447,-187500.02235174447,-187500.02235174447,-187500.02235174447
$SILENCE,1944.6017676117144,-7872.954949492807,7248.24604371143,12034.738008348706,-187500.02235174447,-187500.02235174447,-187500.02235174447,-187500.02235174447
$SILENCE,1828.618565633126,-7865.578873822556,7103.652608830048,12064.979918596735,-187500.02235174447,-187500.02235174447,-187500.02235174447,-187500.02235174447
$SILENCE,1587.085615049078,-7921.815862872108,6573.1563059277905,12113.326741853565,-187500.02235174447,-187500.02235174447,-187500.02235174447,-187500.02235174447
$SILENCE,1682.371101662052,-7946.246319561758,6641.93262361677,12088.53865725263,-187500.02235174447,-187500.02235174447,-187500.02235174447,-187500.02235174447
$SILENCE,1936.5327878633486,-7884.756670565209,7201.575601288749,12036.392037438398,-187500.02235174447,-187500.02235174447,-187500.02235174447,-187500.02235174447
$SILENCE,1869.7010719419804,-7858.806295252597,7173.5241619973385,12051.211244012267,-187500.02235174447,-187500.02235174447,-187500.02235174447,-187500.02235174447
$SILENCE,1623.854234678058,-7908.248353987737,6657.243568568656,12105.034244660646,-187500.02235174447,-187500.02235174447,-187500.02235174447,-187500.02235174447
$SILENCE,1635.343031328086,-7948.459142262834,6565.914340724271,12093.232523588244,-187500.02235174447,-187500.02235174447,-187500.02235174447,-187500.02235174447
$SILENCE,1905.3744560926505,-7893.764423580697,7141.9858505709,12034.134511248412,-187500.02235174447,-187500.02235174447,-187500.02235174447,-187500.02235174447
$SILENCE,1894.5338600318266,-7851.944309704818,7250.928253046067,12042.136435763412,-187500.02235174447,-187500.02235174447,-187500.02235174447,-187500.02235174447
$SILENCE,1640.0145459192452,-7902.928638807373,6730.8255113155265,12096.719395723272,-187500.02235174447,-187500.02235174447,-187500.02235174447,-187500.02235174447
$SILENCE,1590.7513011397484,-7954.963499899328,6503.888249860794,12099.513363780185,-187500.02235174447,-187500.02235174447,-187500.02235174447,-187500.02235174447
$SILENCE,1867.2870835408073,-7905.0297027861725,7036.619727208582,12044.751589864683,-187500.02235174447,-187500.02235174447,-187500.02235174447,-187500.02235174447
$SILENCE,1916.1256451756533,-7856.816989996075,7268.519075932393,12041.734104363217,-187500.02235174447,-187500.02235174447,-187500.02235174447,-187500.02235174447
$SILENCE,1678.8171742936581,-7886.3659961659905,6848.954480761824,12098.574590513063,-187500.02235174447,-187500.02235174447,-187500.02235174447,-187500.02235174447
$SILENCE,1555.7261175782821,-7944.458180005334,6485.403357196255,12119.07114017858,-187500.02235174447,-187500.02235174447,-187500.02235174447,-187500.02235174447
$SILENCE,1812.1900334584755,-7919.535984937666,6926.425627043918,12056.1956830258,-187500.02235174447,-187500.02235174447,-187500.02235174447,-187500.02235174447
$SILENCE,1923.3229068902622,-7860.505027831201,7274.777564379879,12041.935270063314,-187500.02235174447,-187500.02235174447,-187500.02235174447,-187500.02235174447
$SILENCE,1719.1620730354873,-7880.867467029985,6943.0776766631225,12094.551276511107,-187500.02235174447,-187500.02235174447,-187500.02235174447,-187500.02235174447
$SILENCE,1550.9428442648464,-7939.76431366972,6498.9038108472605,12135.946707242336,-187500.02235174447,-187500.02235174447,-187500.02235174447,-187500.02235174447
$SILENCE,1757.0929833761436,-7928.007296086228,6824.926355472369,12080.760250182182,-187500.02235174447,-187500.02235174447,-187500.02235174447,-187500.02235174447
$SILENCE,1922.0935609452201,-7864.438934855335,7273.168238779097,12044.438665442309,-187500.02235174447,-187500.02235174447,-187500.02235174447,-187500.02235174447
$SILENCE,1758.948178165934,-7866.294129645125,7039.793674921236,12088.672767719361,-187500.02235174447,-187500.02235174447,-187500.02235174447,-187500.02235174447
$SILENCE,1545.824294784581,-7927.962592597318,6535.046581631492,12136.371390386987,-187500.02235174447,-187500.02235174447,-187500.02235174447,-187500.02235174447
$SILENCE,1695.5809826351385,-7941.798322415152,6719.448473387775,12097.725224223761,-187500.02235174447,-187500.02235174447,-187500.02235174447,-187500.02235174447
$SILENCE,1919.321944632762,-7876.84415302803,7243.798046564823,12052.418238212853,-187500.02235174447,-187500.02235174447,-187500.02235174447,-187500.02235174447
$SILENCE,1807.0714839782102,-7863.36605112148,7124.238565473386,12081.877837404947,-187500.02235174447,-187500.02235174447,-187500.02235174447,-187500.02235174447
$SILENCE,1559.8388385580586,-7920.273592504692,6595.016312005081,12131.699875795828,-187500.02235174447,-187500.02235174447,-187500.02235174447,-187500.02235174447
$SILENCE,1643.791990732192,-7949.532025996688,6619.424416950276,12104.430747560353,-187500.02235174447,-187500.02235174447,-187500.02235174447,-187500.02235174447
$SILENCE,1909.5095288168823,-7884.443746142834,7183.157763857575,12055.167502780856,-187500.02235174447,-187500.02235174447,-187500.02235174447,-187500.02235174447
$SILENCE,1847.2152170199415,-7855.878216728952,7190.645598250103,12074.881741390436,-187500.02235174447,-187500.02235174447,-187500.02235174447,-187500.02235174447
$SILENCE,1603.7376646682817,-7905.610848142011,6681.025824669102,12128.2130036608,-187500.02235174447,-187500.02235174447,-187500.02235174447,-187500.02235174447
$SILENCE,1605.7716734137148,-7948.794418429664,6549.932843438726,12118.914677967392,-187500.02235174447,-187500.02235174447,-187500.02235174447,-187500.02235174447
$SILENCE,1880.5416680028045,-7897.832441071563,7108.324123421207,12056.843883615004,-187500.02235174447,-187500.02235174447,-187500.02235174447,-187500.02235174447
$SILENCE,1890.3764355631395,-7857.152266162904,7243.708639587002,12063.594110440506,-187500.02235174447,-187500.02235174447,-187500.02235174447,-187500.02235174447
$SILENCE,1652.956205958868,-7894.367920680991,6776.423070004353,12119.339361112043,-187500.02235174447,-187500.02235174447,-187500.02235174447,-187500.02235174447
$SILENCE,1581.0059405572345,-7948.369735285013,6505.274058017023,12128.078893194068,-187500.02235174447,-187500.02235174447,-187500.02235174447,-187500.02235174447
$SILENCE,1851.685565911003,-7915.669133146898,7015.4526252094065,12064.376421496443,-187500.02235174447,-187500.02235174447,-187500.02235174447,-187500.02235174447
$SILENCE,1913.9351742190331,-7856.615824295977,7276.073965558287,12059.1461132939,-187500.02235174447,-187500.02235174447,-187500.02235174447,-187500.02235174447
$SILENCE,1693.5246221452503,-7880.1969146963265,6875.1060217745335,12112.387968586441,-187500.02235174447,-187500.02235174447,-187500.02235174447,-187500.02235174447
$SILENCE,1564.1303734934777,-7940.703086936843,6491.773604366017,12139.701800310828,-187500.02235174447,-187500.02235174447,-187500.02235174447,-187500.02235174447
$SILENCE,1801.4388443754726,-7922.397008227946,6911.874641403514,12080.983767626736,-187500.02235174447,-187500.02235174447,-187500.02235174447,-187500.02235174447
$SILENCE,1925.6698400580694,-7861.890835987429,7282.958302850521,12056.66506965936,-187500.02235174447,-187500.02235174447,-187500.02235174447,-187500.02235174447
$SILENCE,1734.4059627540069,-7868.953987235307,6972.38081364403,12107.671750506372,-187500.02235174447,-187500.02235174447,-187500.02235174447,-187500.02235174447
$SILENCE,1552.507466376718,-7929.884842620474,6503.754139394062,12146.474378880785,-187500.02235174447,-187500.02235174447,-187500.02235174447,-187500.02235174447
$SILENCE,1747.660547216004,-7926.733246652276,6794.304465568598,12094.260703833188,-187500.02235174447,-187500.02235174447,-187500.02235174447,-187500.02235174447
não,1933.492950617427,-7862.024946454161,7263.825209596778,12058.587319682518,-187500.02235174447,-187500.02235174447,-187500.02235174447,-187500.02235174447
não,1786.2396581458638,-7860.192103408826,7058.613843752604,12096.518230023174,-187500.02235174447,-187500.02235174447,-187500.02235174447,-187500.02235174447
não,1565.7620508387151,-7918.932487837374,6544.72488698064,12143.099265468034,-187500.02235174447,-187500.02235174447,-187500.02235174447,-187500.02235174447
não,1697.7491018473033,-7934.221081044803,6693.2298771417,12106.218887116776,-187500.02235174447,-187500.02235174447,-187500.02235174447,-187500.02235174447
não,1934.7670000513795,-7868.551655835111,7230.029371980354,12058.00617432668,-187500.02235174447,-187500.02235174447,-187500.02235174447,-187500.02235174447
não,1834.4300191915058,-7851.854902726996,7139.6612691475475,12086.929331651847,-187500.02235174447,-187500.02235174447,-187500.02235174447,-187500.02235174447
não,1588.7843476276814,-7905.566144653099,6611.109568012902,12139.858262522015,-187500.02235174447,-187500.02235174447,-187500.02235174447,-187500.02235174447
não,1647.144752400488,-7937.059752590627,6595.195125960723,12117.081834922057,-187500.02235174447,-187500.02235174447,-187500.02235174447,-187500.02235174447
não,1910.358895106184,-7878.0287954841615,7156.402725744573,12055.927462092337,-187500.02235174447,-187500.02235174447,-187500.02235174447,-187500.02235174447
não,1872.3385777877068,-7847.384553835936,7194.981836674433,12071.90895937788,-187500.02235174447,-187500.02235174447,-187500.02235174447,-187500.02235174447
não,1623.3177928111306,-7891.596304368532,6690.70413001825,12129.799977517127,-187500.02235174447,-187500.02235174447,-187500.02235174447,-187500.02235174447
não,1608.8785658930024,-7936.344496768057,6526.329401293922,12125.262573392698,-187500.02235174447,-187500.02235174447,-187500.02235174447,-187500.02235174447
não,1884.810851193768,-7887.170658966382,7074.751803249336,12059.995479583202,-187500.02235174447,-187500.02235174447,-187500.02235174447,-187500.02235174447
não,1902.356970591184,-7844.009440423184,7239.238290695941,12064.309366263076,-187500.02235174447,-187500.02235174447,-187500.02235174447,-187500.02235174447
não,1666.6131218210605,-7879.638121084943,6788.358901543486,12118.78056750066,-187500.02235174447,-187500.02235174447,-187500.02235174447,-187500.02235174447
não,1585.0292545591897,-7934.802226400641,6501.675427159718,12135.186747930855,-187500.02235174447,-187500.02235174447,-187500.02235174447,-187500.02235174447
não,1855.1500863015756,-7898.681807360865,6996.520697655761,12078.48037224774,-187500.02235174447,-187500.02235174447,-187500.02235174447,-187500.02235174447
não,1923.7699417793683,-7845.261138112681,7266.48506718696,12061.448342972797,-187500.02235174447,-187500.02235174447,-187500.02235174447,-187500.02235174447
não,1701.6159536380715,-7871.7479552922205,6871.038004283668,12108.007026673202,-187500.02235174447,-187500.02235174447,-187500.02235174447,-187500.02235174447
não,1554.8767512889806,-7929.102531564538,6462.224598196101,12139.746503799737,-187500.02235174447,-187500.02235174447,-187500.02235174447,-187500.02235174447
não,1790.106509936632,-7908.985961554762,6858.722193088794,12084.872971161958,-187500.02235174447,-187500.02235174447,-187500.02235174447,-187500.02235174447
não,1933.135322706142,-7842.6012805225,7277.906808603622,12071.193703555311,-187500.02235174447,-187500.02235174447,-187500.02235174447,-187500.02235174447
não,1746.587663482149,-7850.714963759776,6973.051365977689,12115.271343621176,-187500.02235174447,-187500.02235174447,-187500.02235174447,-187500.02235174447
não,1543.0303267276677,-7909.23183074377,6472.126420989803,12159.371335431497,-187500.02235174447,-187500.02235174447,-187500.02235174447,-187500.02235174447
não,1722.9395178484342,-7913.098682534538,6739.699153864283,12119.361712856498,-187500.02235174447,-187500.02235174447,-187500.02235174447,-187500.02235174447
não,1914.8515957417007,-7851.9666614492735,7222.653296310103,12079.955587381792,-187500.02235174447,-187500.02235174447,-187500.02235174447,-187500.02235174447
não,1768.8723527040904,-7840.8131409660755,7038.586680720649,12129.755274028215,-187500.02235174447,-187500.02235174447,-187500.02235174447,-187500.02235174447
não,1539.342288892542,-7893.496202647234,6517.723979678629,12192.787193392182,-187500.02235174447,-187500.02235174447,-187500.02235174447,-187500.02235174447
não,1647.9270634564239,-7914.529194179678,6628.476873454675,12162.478227910786,-187500.02235174447,-187500.02235174447,-187500.02235174447,-187500.02235174447
não,1883.5815052487262,-7850.625556781955,7169.433792762017,12116.59009654404,-187500.02235174447,-187500.02235174447,-187500.02235174447,-187500.02235174447
não,1792.4757948488946,-7827.715018715266,7100.6798268174925,12144.060390479612,-187500.02235174447,-187500.02235174447,-187500.02235174447,-187500.02235174447
não,1549.5123326197067,-7874.318405904581,6588.511954368586,12201.057338840645,-187500.02235174447,-187500.02235174447,-187500.02235174447,-187500.02235174447
não,1599.4237779884074,-7893.652664858421,6554.894930707805,12194.910609115435,-187500.02235174447,-187500.02235174447,-187500.02235174447,-187500.02235174447
não,1878.5076592573714,-7833.7723414626535,7135.325030723218,12151.92820452788,-187500.02235174447,-187500.02235174447,-187500.02235174447,-187500.02235174447
não,1819.879033551101,-7835.336963574525,7164.918740382045,12138.807730532615,-187500.02235174447,-187500.02235174447,-187500.02235174447,-187500.02235174447
não,1572.9816642977792,-7877.22413268377,6677.136621133879,12195.782327149192,-187500.02235174447,-187500.02235174447,-187500.02235174447,-187500.02235174447
não,1564.4880014047626,-7899.911153305907,6483.61521763983,12217.016484381735,-187500.02235174447,-187500.02235174447,-187500.02235174447,-187500.02235174447
não,1834.9217575695227,-7863.477809843756,6997.392415689518,12140.2158904333,-187500.02235174447,-187500.02235174447,-187500.02235174447,-187500.02235174447
não,1839.6379756495926,-7828.497329771201,7178.910932411067,12104.542506282629,-187500.02235174447,-187500.02235174447,-187500.02235174447,-187500.02235174447
não,1645.2895576106976,-7819.243707566704,6793.231581834743,12205.907667387446,-187500.02235174447,-187500.02235174447,-187500.02235174447,-187500.02235174447
não,1502.7524832192044,-7928.2755170196915,6433.457903082121,12192.116641058523,-187500.02235174447,-187500.02235174447,-187500.02235174447,-187500.02235174447
não,1770.2581608603193,-7901.364016695502,6895.043777828668,12139.075951466079,-187500.02235174447,-187500.02235174447,-187500.02235174447,-187500.02235174447
não,1874.7749179333352,-7831.268946083659,7215.545441573316,12114.310218609598,-187500.02235174447,-187500.02235174447,-187500.02235174447,-187500.02235174447
não,1655.5490083156835,-7871.077402958561,6848.529797617173,12165.093382012055,-187500.02235174447,-187500.02235174447,-187500.02235174447,-187500.02235174447
não,1490.280209813143,-7933.28230777768,6411.6202487492865,12199.760937662237,-187500.02235174447,-187500.02235174447,-187500.02235174447,-187500.02235174447
não,1706.2874682292306,-7923.268726261703,6770.3880990014195,12130.358771128509,-187500.02235174447,-187500.02235174447,-187500.02235174447,-187500.02235174447
não,1881.8157174367568,-7836.8792339419415,7210.7398165154245,12114.958419198801,-187500.02235174447,-187500.02235174447,-187500.02235174447,-187500.02235174447
não,1713.5517851772054,-7834.912280429874,6949.582034299617,12158.700783097838,-187500.02235174447,-187500.02235174447,-187500.02235174447,-187500.02235174447
não,1479.4619654967744,-7933.572880455599,6435.871891483294,12169.31786171411,-187500.02235174447,-187500.02235174447,-187500.02235174447,-187500.02235174447
não,1647.6364907785048,-7940.859549148029,6680.310568846532,12128.056541449612,-187500.02235174447,-187500.02235174447,-187500.02235174447,-187500.02235174447
não,1862.4814584829162,-7867.568179079078,7176.116964354153,12086.996386885214,-187500.02235174447,-187500.02235174447,-187500.02235174447,-187500.02235174447
não,1728.2592330287973,-7864.9977284667175,7023.074570068667,12114.980770943257,-187500.02235174447,-187500.02235174447,-187500.02235174447,-187500.02235174447
não,1529.1945969098326,-7894.904362547918,6552.324480095444,12196.095251571567,-187500.02235174447,-187500.02235174447,-187500.02235174447,-187500.02235174447
não,1591.5559639401395,-7961.467857535823,6557.1301051533355,12123.630896047462,-187500.02235174447,-187500.02235174447,-187500.02235174447,-187500.02235174447
não,1832.0830860236988,-7899.888801561452,7105.59721059766,12063.214130784767,-187500.02235174447,-187500.02235174447,-187500.02235174447,-187500.02235174447
não,1779.623541787093,-7857.621652796466,7105.932486764489,12105.01189291619,-187500.02235174447,-187500.02235174447,-187500.02235174447,-187500.02235174447
não,1522.153797406411,-7918.261935503714,6573.938616983726,12153.157550472923,-187500.02235174447,-187500.02235174447,-187500.02235174447,-187500.02235174447
não,1567.21491422831,-7922.598173928043,6500.490784703587,12146.340268414053,-187500.02235174447,-187500.02235174447,-187500.02235174447,-187500.02235174447
não,1844.5777111742154,-7884.622560098477,7081.680844030481,12088.516305508174,-187500.02235174447,-187500.02235174447,-187500.02235174447,-187500.02235174447
não,1820.4154754180283,-7862.919016232374,7194.333636085229,12101.972055670269,-187500.02235174447,-187500.02235174447,-187500.02235174447,-187500.02235174447
não,1564.7115188493156,-7898.70415910532,6653.533178989074,12139.098303210534,-187500.02235174447,-187500.02235174447,-187500.02235174447,-187500.02235174447
não,1483.507631243185,-7982.456145579356,6394.431757263155,12120.971038457279,-187500.02235174447,-187500.02235174447,-187500.02235174447,-187500.02235174447
não,1783.9374284669673,-7919.357170982024,6969.005700231279,12084.2024188283,-187500.02235174447,-187500.02235174447,-187500.02235174447,-187500.02235174447
não,1848.9586530874556,-7850.111466659483,7221.066322453777,12094.238352088732,-187500.02235174447,-187500.02235174447,-187500.02235174447,-187500.02235174447
não,1610.5325949826952,-7891.216324712793,6782.100413096001,12136.796073531637,-187500.02235174447,-187500.02235174447,-187500.02235174447,-187500.02235174447
não,1481.2277533087438,-7961.221988346814,6405.786443446451,12148.463684137307,-187500.02235174447,-187500.02235174447,-187500.02235174447,-187500.02235174447
não,1738.138704078043,-7927.873185619496,6865.807696081126,12095.288884078132,-187500.02235174447,-187500.02235174447,-187500.02235174447,-187500.02235174447
não,1860.9838916044107,-7862.919016232374,7224.66495331108,12080.983767626736,-187500.02235174447,-187500.02235174447,-187500.02235174447,-187500.02235174447
não,1654.3196623706417,-7886.142478721438,6866.254730970232,12118.758215756205,-187500.02235174447,-187500.02235174447,-187500.02235174447,-187500.02235174447
não,1481.8536021534924,-7943.340592782569,6417.118777885292,12158.298451697643,-187500.02235174447,-187500.02235174447,-187500.02235174447,-187500.02235174447
não,1702.5100234162837,-7928.633144930976,6763.660223920372,12113.72907325376,-187500.02235174447,-187500.02235174447,-187500.02235174447,-187500.02235174447
não,1874.9984353778882,-7868.171676179371,7211.879755482645,12078.48037224774,-187500.02235174447,-187500.02235174447,-187500.02235174447,-187500.02235174447
não,1705.4828054288396,-7869.803353524609,6985.903619039491,12128.123596682977,-187500.02235174447,-187500.02235174447,-187500.02235174447,-187500.02235174447
não,1492.895363914414,-7929.773083898197,6479.860124571339,12179.018518807712,-187500.02235174447,-187500.02235174447,-187500.02235174447,-187500.02235174447
não,1656.241912393798,-7940.323107281102,6654.539007489563,12133.108035696512,-187500.02235174447,-187500.02235174447,-187500.02235174447,-187500.02235174447
não,1877.8594586681675,-7871.882065758952,7176.631054476626,12084.53769499513,-187500.02235174447,-187500.02235174447,-187500.02235174447,-187500.02235174447
não,1762.725622978881,-7858.582777808044,7064.939387433456,12127.028361204668,-187500.02235174447,-187500.02235174447,-187500.02235174447,-187500.02235174447
não,1510.4861868007406,-7920.13948203796,6525.927069893726,12157.963175530813,-187500.02235174447,-187500.02235174447,-187500.02235174447,-187500.02235174447
não,1595.7580918977371,-7947.565072484622,6557.286567364522,12126.916602482392,-187500.02235174447,-187500.02235174447,-187500.02235174447,-187500.02235174447
não,1855.4853624684051,-7886.902438032918,7118.717684592925,12061.604805183984,-187500.02235174447,-187500.02235174447,-187500.02235174447,-187500.02235174447
não,1807.3844084005843,-7863.053126699106,7137.828426102213,12101.413262058886,-187500.02235174447,-187500.02235174447,-187500.02235174447,-187500.02235174447
não,1567.21491422831,-7913.590420912555,6630.734399644662,12148.530739370673,-187500.02235174447,-187500.02235174447,-187500.02235174447,-187500.02235174447
não,1571.0147107857122,-7952.90713940944,6504.089415560891,12128.950611227825,-187500.02235174447,-187500.02235174447,-187500.02235174447,-187500.02235174447
não,1855.4183072350393,-7902.168679495893,7073.634216026571,12082.503686249696,-187500.02235174447,-187500.02235174447,-187500.02235174447,-187500.02235174447
não,1853.9207403565338,-7865.51181858919,7195.339464585718,12080.91671239337,-187500.02235174447,-187500.02235174447,-187500.02235174447,-187500.02235174447
não,1614.9582403848458,-7909.4329964438675,6725.66225834635,12125.664904792895,-187500.02235174447,-187500.02235174447,-187500.02235174447,-187500.02235174447
não,1542.404477882919,-7960.484380779789,6462.537522618476,12126.111939682001,-187500.02235174447,-187500.02235174447,-187500.02235174447,-187500.02235174447
não,1808.1443677120649,-7923.559298939622,6975.487706123317,12064.711697663271,-187500.02235174447,-187500.02235174447,-187500.02235174447,-187500.02235174447
não,1876.7195197009469,-7877.291187917136,7236.779598805857,12062.387116239921,-187500.02235174447,-187500.02235174447,-187500.02235174447,-187500.02235174447
não,1650.8998454689797,-7907.868374331996,6834.403495121419,12115.517212810186,-187500.02235174447,-187500.02235174447,-187500.02235174447,-187500.02235174447
não,1510.0615036560898,-7959.053869134649,6445.930176488183,12131.990448473745,-187500.02235174447,-187500.02235174447,-187500.02235174447,-187500.02235174447
não,1750.1192391060877,-7929.974249598295,6867.059393770623,12060.040183072113,-187500.02235174447,-187500.02235174447,-187500.02235174447,-187500.02235174447
não,1890.711711729969,-7877.291187917136,7258.416087438594,12067.013927342168,-187500.02235174447,-187500.02235174447,-187500.02235174447,-187500.02235174447
não,1697.1903082359206,-7890.188144467848,6941.244833617787,12102.709663237294,-187500.02235174447,-187500.02235174447,-187500.02235174447,-187500.02235174447
não,1495.6222767379616,-7950.1131713525265,6453.932101003183,12126.246050148733,-187500.02235174447,-187500.02235174447,-187500.02235174447,-187500.02235174447
não,1697.9055640584904,-7956.19284584437,6759.033412818124,12089.991520642225,-187500.02235174447,-187500.02235174447,-187500.02235174447,-187500.02235174447
não,1890.711711729969,-7889.763461323198,7236.109046472197,12059.637851671918,-187500.02235174447,-187500.02235174447,-187500.02235174447,-187500.02235174447
não,1739.0327738562553,-7879.459307129301,7022.314610757186,12097.255837590199,-187500.02235174447,-187500.02235174447,-187500.02235174447,-187500.02235174447
não,1514.9788874362573,-7935.226909545292,6509.073854574425,12154.49865514024,-187500.02235174447,-187500.02235174447,-187500.02235174447,-187500.02235174447
não,1648.6199675345383,-7957.310433067136,6661.9150831598145,12105.436576060842,-187500.02235174447,-187500.02235174447,-187500.02235174447,-187500.02235174447
não,1865.7671649178465,-7890.366958423491,7185.951731914489,12044.058685786567,-187500.02235174447,-187500.02235174447,-187500.02235174447,-187500.02235174447
não,1765.9666259249004,-7869.51278084669,7094.734262792381,12071.841904144514,-187500.02235174447,-187500.02235174447,-187500.02235174447,-187500.02235174447
não,1534.760181279204,-7932.947031610851,6584.39923338881,12141.556995100618,-187500.02235174447,-187500.02235174447,-187500.02235174447,-187500.02235174447
não,1603.6482576904605,-7956.706935966842,6580.711195553684,12126.223698404277,-187500.02235174447,-187500.02235174447,-187500.02235174447,-187500.02235174447
não,1865.3201300287403,-7914.529194179678,7138.566033669238,12079.39679377041,-187500.02235174447,-187500.02235174447,-187500.02235174447,-187500.02235174447
não,1808.7702165568135,-7879.302844918114,7153.787571643302,12094.73009046675,-187500.02235174447,-187500.02235174447,-187500.02235174447,-187500.02235174447
não,1549.6464430864387,-7903.04039752965,6642.938452117259,12139.813559033104,-187500.02235174447,-187500.02235174447,-187500.02235174447,-187500.02235174447
não,1550.2275884422766,-7941.328935781591,6496.780395124006,12134.896175252936,-187500.02235174447,-187500.02235174447,-187500.02235174447,-187500.02235174447
não,1839.7050308829585,-7890.478717145767,7056.781000707269,12074.166485567866,-187500.02235174447,-187500.02235174447,-187500.02235174447,-187500.02235174447
não,1847.7516588868689,-7852.100771916005,7210.002208948399,12081.63196821594,-187500.02235174447,-187500.02235174447,-187500.02235174447,-187500.02235174447
não,1602.955353612346,-7892.80329856912,6755.390078471909,12130.381122872965,-187500.02235174447,-187500.02235174447,-187500.02235174447,-187500.02235174447
não,1513.1907478798328,-7957.846874934063,6460.190589450668,12133.622125818983,-187500.02235174447,-187500.02235174447,-187500.02235174447,-187500.02235174447
não,1790.4641378479168,-7917.792548870153,6961.719031538848,12095.065366633578,-187500.02235174447,-187500.02235174447,-187500.02235174447,-187500.02235174447
não,1868.0023393633771,-7870.384498880447,7231.214014436486,12068.690308176316,-187500.02235174447,-187500.02235174447,-187500.02235174447,-187500.02235174447
não,1647.2341593783092,-7888.690577589343,6846.361678405008,12126.313105382098,-187500.02235174447,-187500.02235174447,-187500.02235174447,-187500.02235174447
não,1505.5240995316626,-7925.302735007136,6464.8621040418275,12156.733829585772,-187500.02235174447,-187500.02235174447,-187500.02235174447,-187500.02235174447
não,1743.0784396026659,-7921.458234960823,6861.40440242343,12081.766078682671,-187500.02235174447,-187500.02235174447,-187500.02235174447,-187500.02235174447
não,1876.0266156228324,-7854.492408572723,7240.713505829991,12072.82538090055,-187500.02235174447,-187500.02235174447,-187500.02235174447,-187500.02235174447
não,1682.8404882956133,-7872.709080303798,6932.75117072477,12117.662980277895,-187500.02235174447,-187500.02235174447,-187500.02235174447,-187500.02235174447
não,1488.7826429346376,-7931.225947287792,6454.6473568257525,12156.800884819137,-187500.02235174447,-187500.02235174447,-187500.02235174447,-187500.02235174447
não,1678.4818981268286,-7931.650630432443,6726.668086846839,12115.628971532462,-187500.02235174447,-187500.02235174447,-187500.02235174447,-187500.02235174447
não,1875.043138866799,-7866.852923256508,7216.104235184698,12079.91088389288,-187500.02235174447,-187500.02235174447,-187500.02235174447,-187500.02235174447
não,1729.8685586295794,-7862.740202276731,7026.963773603889,12105.548334783118,-187500.02235174447,-187500.02235174447,-187500.02235174447,-187500.02235174447
não,1501.2772680851542,-7926.33091525208,6509.453834230165,12149.156588215423,-187500.02235174447,-187500.02235174447,-187500.02235174447,-187500.02235174447
não,1628.5257492692174,-7946.559243984133,6636.724667158684,12127.006009460212,-187500.02235174447,-187500.02235174447,-187500.02235174447,-187500.02235174447
não,1870.3492725311844,-7870.429202369357,7183.761260957869,12102.799070215115,-187500.02235174447,-187500.02235174447,-187500.02235174447,-187500.02235174447
não,1777.500126063839,-7861.421449353868,7113.353265923652,12095.847677689515,-187500.02235174447,-187500.02235174447,-187500.02235174447,-187500.02235174447
não,1529.1275416764668,-7931.002429843239,6575.749108284606,12136.840777020549,-187500.02235174447,-187500.02235174447,-187500.02235174447,-187500.02235174447
não,1582.950542324846,-7942.044191604161,6545.462494547665,12133.935050241358,-187500.02235174447,-187500.02235174447,-187500.02235174447,-187500.02235174447
não,1854.1442578010867,-7874.117240204483,7105.2619344308305,12077.452192002796,-187500.02235174447,-187500.02235174447,-187500.02235174447,-187500.02235174447
não,1820.974269029411,-7845.462303812779,7167.8915223946005,12095.065366633578,-187500.02235174447,-187500.02235174447,-187500.02235174447,-187500.02235174447
não,1569.9865305407682,-7895.910191048407,6675.8849234443815,12133.331553141064,-187500.02235174447,-187500.02235174447,-187500.02235174447,-187500.02235174447
não,1542.1139052050003,-7946.425133517401,6483.95049380666,12131.319896140087,-187500.02235174447,-187500.02235174447,-187500.02235174447,-187500.02235174447
não,1821.466007407428,-7895.217286970293,7022.336962501641,12086.884628162936,-187500.02235174447,-187500.02235174447,-187500.02235174447,-187500.02235174447
não,1850.4115164770506,-7847.898643958408,7209.5104705703825,12088.449250274809,-187500.02235174447,-187500.02235174447,-187500.02235174447,-187500.02235174447
não,1614.1312258399996,-7884.175525209371,6771.706851924283,12140.439407877851,-187500.02235174447,-187500.02235174447,-187500.02235174447,-187500.02235174447
não,1512.0731606570675,-7949.353212041046,6443.985574720571,12149.31305042661,-187500.02235174447,-187500.02235174447,-187500.02235174447,-187500.02235174447
não,1777.2542568748304,-7913.545717423644,6914.825071671614,12091.354977053998,-187500.02235174447,-187500.02235174447,-187500.02235174447,-187500.02235174447
não,1876.652464467581,-7852.860731227485,7228.800026035313,12089.008043886191,-187500.02235174447,-187500.02235174447,-187500.02235174447,-187500.02235174447
não,1652.0621361806557,-7883.817897298086,6861.493809401251,12121.105148924013,-187500.02235174447,-187500.02235174447,-187500.02235174447,-187500.02235174447
não,1485.2957707996097,-7929.99660134275,6437.8611967398165,12151.034134749669,-187500.02235174447,-187500.02235174447,-187500.02235174447,-187500.02235174447
não,1723.72182890437,-7910.3717697109905,6818.82432923607,12112.767948242183,-187500.02235174447,-187500.02235174447,-187500.02235174447,-187500.02235174447
não,1883.3132843152625,-7852.972489949762,7235.371438905173,12084.872971161958,-187500.02235174447,-187500.02235174447,-187500.02235174447,-187500.02235174447
não,1716.301049745208,-7862.695498787821,6968.737479297814,12126.514271082197,-187500.02235174447,-187500.02235174447,-187500.02235174447,-187500.02235174447
não,1506.0158379096792,-7924.207499528826,6471.56762737842,12172.916492571414,-187500.02235174447,-187500.02235174447,-187500.02235174447,-187500.02235174447
não,1674.3468254025968,-7934.891633378463,6705.366874380931,12121.999218702224,-187500.02235174447,-187500.02235174447,-187500.02235174447,-187500.02235174447
não,1882.1509936035866,-7864.662452299888,7208.079958925243,12082.213113571777,-187500.02235174447,-187500.02235174447,-187500.02235174447,-187500.02235174447
não,1750.3427565506408,-7854.9617952062845,7046.119218602088,12108.364654584486,-187500.02235174447,-187500.02235174447,-187500.02235174447,-187500.02235174447
não,1515.090646158534,-7914.618601157499,6524.2059855706675,12161.673565110394,-187500.02235174447,-187500.02235174447,-187500.02235174447,-187500.02235174447
não,1624.435380033896,-7930.868319376507,6607.242716222134,12136.863128765002,-187500.02235174447,-187500.02235174447,-187500.02235174447,-187500.02235174447
não,1876.5407057453044,-7871.055051214105,7159.4425629904945,12082.302520549598,-187500.02235174447,-187500.02235174447,-187500.02235174447,-187500.02235174447
não,1794.4874518498723,-7851.4972748157115,7115.096701991165,12107.001198172713,-187500.02235174447,-187500.02235174447,-187500.02235174447,-187500.02235174447
não,1549.3558704085196,-7900.0452637726385,6599.35255042941,12167.507370413228,-187500.02235174447,-187500.02235174447,-187500.02235174447,-187500.02235174447
não,1583.4199289584076,-7933.99756360025,6526.061180360459,12150.788265560659,-187500.02235174447,-187500.02235174447,-187500.02235174447,-187500.02235174447
não,1860.4474497374833,-7879.056975729106,7089.012216211822,12091.802011943104,-187500.02235174447,-187500.02235174447,-187500.02235174447,-187500.02235174447
não,1840.688507638992,-7845.708173001787,7175.625225976137,12102.642608003927,-187500.02235174447,-187500.02235174447,-187500.02235174447,-187500.02235174447
não,1594.215821530321,-7896.066653259594,6690.078281173502,12154.185730717867,-187500.02235174447,-187500.02235174447,-187500.02235174447,-187500.02235174447
não,1553.3568326660197,-7945.396953272457,6472.3722901788105,12155.392724918453,-187500.02235174447,-187500.02235174447,-187500.02235174447,-187500.02235174447
não,1831.9713273014222,-7887.729452577764,7004.321456470663,12102.083814392545,-187500.02235174447,-187500.02235174447,-187500.02235174447,-187500.02235174447
não,1868.5834847192152,-7835.493425785712,7220.976915475955,12098.194610857321,-187500.02235174447,-187500.02235174447,-187500.02235174447,-187500.02235174447
não,1632.593766760083,-7869.535132591144,6792.583381245539,12147.368448658997,-187500.02235174447,-187500.02235174447,-187500.02235174447,-187500.02235174447
não,1514.9788874362573,-7928.990772842261,6436.408333350222,12166.121562257,-187500.02235174447,-187500.02235174447,-187500.02235174447,-187500.02235174447
não,1773.4097568285176,-7905.096758019538,6893.590914439073,12105.861259205492,-187500.02235174447,-187500.02235174447,-187500.02235174447,-187500.02235174447
não,1883.9167814155558,-7849.820893981564,7231.5269388588595,12083.48716300573,-187500.02235174447,-187500.02235174447,-187500.02235174447,-187500.02235174447
não,1683.3545784180856,-7870.920940747374,6885.387824223974,12130.49288159524,-187500.02235174447,-187500.02235174447,-187500.02235174447,-187500.02235174447
não,1517.795207237626,-7925.548604196144,6447.047763710948,12169.049640780646,-187500.02235174447,-187500.02235174447,-187500.02235174447,-187500.02235174447
não,1731.3884772525403,-7917.904307592429,6786.861334664981,12104.721320238272,-187500.02235174447,-187500.02235174447,-187500.02235174447,-187500.02235174447
não,1904.167461892064,-7855.9005684734075,7227.86125276819,12072.713622178271,-187500.02235174447,-187500.02235174447,-187500.02235174447,-187500.02235174447
não,1750.655680973015,-7861.086173187038,6980.874476537047,12112.007988930702,-187500.02235174447,-187500.02235174447,-187500.02235174447,-187500.02235174447
não,1544.5502453506288,-7923.492243706256,6477.267322214523,12156.242091207754,-187500.02235174447,-187500.02235174447,-187500.02235174447,-187500.02235174447
não,1705.3486949621076,-7934.735171167275,6679.215333368223,12117.461814577797,-187500.02235174447,-187500.02235174447,-187500.02235174447,-187500.02235174447
não,1922.2053196674967,-7867.612882567988,7196.591162275215,12073.585340212028,-187500.02235174447,-187500.02235174447,-187500.02235174447,-187500.02235174447
não,1794.7109692944252,-7855.766458006676,7062.726564732381,12105.838907461037,-187500.02235174447,-187500.02235174447,-187500.02235174447,-187500.02235174447
não,1549.9593675088129,-7909.18712725486,6539.785151456017,12161.78532383267,-187500.02235174447,-187500.02235174447,-187500.02235174447,-187500.02235174447
não,1637.2429296067871,-7936.746828168253,6586.902628767804,12134.024457219179,-187500.02235174447,-187500.02235174447,-187500.02235174447,-187500.02235174447
não,1893.3715693201507,-7880.263969929692,7149.317222752241,12079.754421681693,-187500.02235174447,-187500.02235174447,-187500.02235174447,-187500.02235174447
não,1826.0928185096764,-7849.351507348002,7140.801208114768,12104.229581860254,-187500.02235174447,-187500.02235174447,-187500.02235174447,-187500.02235174447
não,1573.540457909162,-7891.261028201703,6625.034704808558,12158.790190075659,-187500.02235174447,-187500.02235174447,-187500.02235174447,-187500.02235174447
não,1581.184754512877,-7933.215252544314,6511.420787742232,12147.21198644781,-187500.02235174447,-187500.02235174447,-187500.02235174447,-187500.02235174447
não,1858.7263654144247,-7883.013234497695,7071.06376541421,12079.352090281498,-187500.02235174447,-187500.02235174447,-187500.02235174447,-187500.02235174447
não,1857.7652404028465,-7846.892815457919,7189.237438349419,12077.899226891903,-187500.02235174447,-187500.02235174447,-187500.02235174447,-187500.02235174447
não,1613.1477490839661,-7886.634217099455,6712.988819240191,12133.175090929877,-187500.02235174447,-187500.02235174447,-187500.02235174447,-187500.02235174447
não,1556.441373400852,-7940.1889968143705,6464.2139034526235,12143.166320701399,-187500.02235174447,-187500.02235174447,-187500.02235174447,-187500.02235174447
não,1831.1219610121204,-7902.459252173812,6984.003720760789,12077.96628212527,-187500.02235174447,-187500.02235174447,-187500.02235174447,-187500.02235174447
não,1892.2092786084747,-7847.31749860257,7228.66591556858,12073.048898345101,-187500.02235174447,-187500.02235174447,-187500.02235174447,-187500.02235174447
não,1671.3963951344963,-7876.173600694371,6823.048808938123,12128.369465871987,-187500.02235174447,-187500.02235174447,-187500.02235174447,-187500.02235174447
não,1537.1071144470113,-7934.71281942282,6443.717353787107,12145.580309102574,-187500.02235174447,-187500.02235174447,-187500.02235174447,-187500.02235174447
não,1783.1551174110316,-7911.712874378309,6879.866943343514,12080.268511804166,-187500.02235174447,-187500.02235174447,-187500.02235174447,-187500.02235174447
não,1916.4832730869382,-7846.624594524455,7275.850448113733,12058.72143014925,-187500.02235174447,-187500.02235174447,-187500.02235174447,-187500.02235174447
não,1701.0348082822334,-7862.717850532276,6914.0204088712235,12113.259686620198,-187500.02235174447,-187500.02235174447,-187500.02235174447,-187500.02235174447
não,1542.4938848607403,-7929.370752498002,6479.7707175935175,12149.268346937699,-187500.02235174447,-187500.02235174447,-187500.02235174447,-187500.02235174447
não,1736.1270470770655,-7927.895537363951,6772.332700769031,12101.502669036707,-187500.02235174447,-187500.02235174447,-187500.02235174447,-187500.02235174447
não,1905.262697370374,-7861.466152842779,7205.621267035159,12055.502778947686,-187500.02235174447,-187500.02235174447,-187500.02235174447,-187500.02235174447
não,1754.4107740415066,-7859.163923163882,6992.609142376083,12095.11007012249,-187500.02235174447,-187500.02235174447,-187500.02235174447,-187500.02235174447
não,1544.0808587170673,-7919.357170982024,6495.036959056492,12145.714419569305,-187500.02235174447,-187500.02235174447,-187500.02235174447,-187500.02235174447
não,1688.6966453429038,-7932.388237999468,6667.726536718194,12108.185840628845,-187500.02235174447,-187500.02235174447,-187500.02235174447,-187500.02235174447
$SILENCE,1911.8341102402344,-7867.8140482680865,7193.908952940578,12054.407543469375,-187500.02235174447,-187500.02235174447,-187500.02235174447,-187500.02235174447
$SILENCE,1801.617658331115,-7852.480751571746,7089.123974934098,12082.526037994152,-187500.02235174447,-187500.02235174447,-187500.02235174447,-187500.02235174447
$SILENCE,1562.1187164925,-7909.164775510404,6566.048451191003,12136.30433515362,-187500.02235174447,-187500.02235174447,-187500.02235174447,-187500.02235174447
$SILENCE,1639.3886970744966,-7940.010182858728,6579.548904842009,12113.930238953859,-187500.02235174447,-187500.02235174447,-187500.02235174447,-187500.02235174447
$SILENCE,1907.5202235603601,-7877.201780939315,7147.730248895914,12056.530959192629,-187500.02235174447,-187500.02235174447,-187500.02235174447,-187500.02235174447
$SILENCE,1850.6350339216035,-7848.166864891871,7167.109211338665,12066.566892453062,-187500.02235174447,-187500.02235174447,-187500.02235174447,-187500.02235174447
$SILENCE,1603.827071646103,-7898.123013749482,6662.250359326645,12120.814576246094,-187500.02235174447,-187500.02235174447,-187500.02235174447,-187500.02235174447
$SILENCE,1607.0010193587566,-7946.134560839482,6523.691895448196,12121.194555901833,-187500.02235174447,-187500.02235174447,-187500.02235174447,-187500.02235174447
$SILENCE,1876.9653888899552,-7896.692502104343,7066.191085122953,12047.880834088426,-187500.02235174447,-187500.02235174447,-187500.02235174447,-187500.02235174447
$SILENCE,1882.687435470514,-7852.570158549566,7209.868098481667,12052.038258557113,-187500.02235174447,-187500.02235174447,-187500.02235174447,-187500.02235174447
$SILENCE,1655.1019734265774,-7888.020025255683,6762.028546575135,12118.624105289473,-187500.02235174447,-187500.02235174447,-187500.02235174447,-187500.02235174447
$SILENCE,1576.8261643440921,-7939.630203202988,6472.573455878909,12128.414169360896,-187500.02235174447,-187500.02235174447,-187500.02235174447,-187500.02235174447
$SILENCE,1841.0237838058215,-7901.475775417778,6962.300176894686,12061.068363317057,-187500.02235174447,-187500.02235174447,-187500.02235174447,-187500.02235174447
$SILENCE,1920.5512905778041,-7849.083286414539,7238.008944750899,12056.48625570372,-187500.02235174447,-187500.02235174447,-187500.02235174447,-187500.02235174447
$SILENCE,1712.0542182986999,-7874.65368207141,6858.476323899785,12118.981733200757,-187500.02235174447,-187500.02235174447,-187500.02235174447,-187500.02235174447
$SILENCE,1570.9700072968017,-7934.534005467178,6462.314005173923,12148.128407970478,-187500.02235174447,-187500.02235174447,-187500.02235174447,-187500.02235174447
$SILENCE,1816.2133474604307,-7917.189051769859,6865.807696081126,12087.063442118579,-187500.02235174447,-187500.02235174447,-187500.02235174447,-187500.02235174447
$SILENCE,1951.553160137315,-7855.766458006676,7252.269357713385,12059.235520271723,-187500.02235174447,-187500.02235174447,-187500.02235174447,-187500.02235174447
$SILENCE,1764.6478730020374,-7869.065745957583,6953.873569235036,12105.458927805297,-187500.02235174447,-187500.02235174447,-187500.02235174447,-187500.02235174447
$SILENCE,1559.0341757576675,-7927.135578052471,6471.388813422777,12140.35000090003,-187500.02235174447,-187500.02235174447,-187500.02235174447,-187500.02235174447
$SILENCE,1751.1921228399424,-7924.542775695655,6756.284148250121,12093.925427666358,-187500.02235174447,-187500.02235174447,-187500.02235174447,-187500.02235174447
$SILENCE,1944.8923402896335,-7857.286376629637,7234.4550173825055,12057.514435948664,-187500.02235174447,-187500.02235174447,-187500.02235174447,-187500.02235174447
$SILENCE,1801.304733908741,-7854.693574272821,7038.944308631934,12095.780622456148,-187500.02235174447,-187500.02235174447,-187500.02235174447,-187500.02235174447
$SILENCE,1572.087594519567,-7913.8362901015635,6520.9202791357375,12145.021515491191,-187500.02235174447,-187500.02235174447,-187500.02235174447,-187500.02235174447
$SILENCE,1700.0066280372894,-7934.444598489356,6651.834446410471,12110.041035418635,-187500.02235174447,-187500.02235174447,-187500.02235174447,-187500.02235174447
$SILENCE,1941.517226876882,-7869.177504679859,7195.719444241458,12059.101409804989,-187500.02235174447,-187500.02235174447,-187500.02235174447,-187500.02235174447
$SILENCE,1851.685565911003,-7854.3135946170805,7119.611754371137,12083.10718334999,-187500.02235174447,-187500.02235174447,-187500.02235174447,-187500.02235174447
$SILENCE,1604.4529204908515,-7905.454385930823,6596.692692839229,12131.766931029193,-187500.02235174447,-187500.02235174447,-187500.02235174447,-187500.02235174447
$SILENCE,1657.9629967168567,-7938.1326363244825,6573.536285583531,12116.232468632756,-187500.02235174447,-187500.02235174447,-187500.02235174447,-187500.02235174447
$SILENCE,1928.776732537357,-7882.99088275324,7133.626298144615,12056.441552214808,-187500.02235174447,-187500.02235174447,-187500.02235174447,-187500.02235174447
$SILENCE,1889.2364965959189,-7849.955004448296,7178.732118455425,12072.646566944906,-187500.02235174447,-187500.02235174447,-187500.02235174447,-187500.02235174447
$SILENCE,1642.6073482760607,-7893.719720091787,6685.026786926603,12127.251878649222,-187500.02235174447,-187500.02235174447,-187500.02235174447,-187500.02235174447
$SILENCE,1616.276993307709,-7941.485397992778,6504.312933005444,12123.675599536373,-187500.02235174447,-187500.02235174447,-187500.02235174447,-187500.02235174447
$SILENCE,1888.7894617068127,-7895.2843422036585,7050.3213465596855,12059.459037716275,-187500.02235174447,-187500.02235174447,-187500.02235174447,-187500.02235174447
$SILENCE,1912.9069939740891,-7851.184350393338,7231.504587114405,12062.118895306456,-187500.02235174447,-187500.02235174447,-187500.02235174447,-187500.02235174447
$SILENCE,1674.8832672695241,-7885.159001965404,6782.100413096001,12116.29952386612,-187500.02235174447,-187500.02235174447,-187500.02235174447,-187500.02235174447
$SILENCE,1582.794080113659,-7939.496092736255,6467.0302232539925,12132.30337289612,-187500.02235174447,-187500.02235174447,-187500.02235174447,-187500.02235174447
$SILENCE,1852.1549525445644,-7909.209478999314,6950.341993611097,12070.76902041066,-187500.02235174447,-187500.02235174447,-187500.02235174447,-187500.02235174447
$SILENCE,1939.170293709075,-7853.307766116592,7255.018622281387,12059.302575505088,-187500.02235174447,-187500.02235174447,-187500.02235174447,-187500.02235174447
$SILENCE,1724.951174849412,-7871.703251803309,6885.007844568235,12110.152794140911,-187500.02235174447,-187500.02235174447,-187500.02235174447,-187500.02235174447
$SILENCE,1570.7911933411592,-7933.327011266591,6465.331490675389,12136.617259575994,-187500.02235174447,-187500.02235174447,-187500.02235174447,-187500.02235174447
$SILENCE,1801.7294170533917,-7918.3513424815355,6846.071105727089,12077.452192002796,-187500.02235174447,-187500.02235174447,-187500.02235174447,-187500.02235174447
$SILENCE,1953.2742444603737,-7855.989975451229,7259.444267683539,12049.981898067224,-187500.02235174447,-187500.02235174447,-187500.02235174447,-187500.02235174447
$SILENCE,1773.946198695445,-7865.9365017338405,6982.439098648918,12096.831154445548,-187500.02235174447,-187500.02235174447,-187500.02235174447,-187500.02235174447
$SILENCE,1564.6444636159497,-7926.576784441088,6490.14192702078,12136.93018399837,-187500.02235174447,-187500.02235174447,-187500.02235174447,-187500.02235174447
$SILENCE,1736.4176197549846,-7927.761426897219,6732.814816572049,12089.700947964306,-187500.02235174447,-187500.02235174447,-187500.02235174447,-187500.02235174447
$SILENCE,1942.165427466086,-7862.740202276731,7235.214976693986,12050.0936567895,-187500.02235174447,-187500.02235174447,-187500.02235174447,-187500.02235174447
$SILENCE,1809.3066584237408,-7857.688708029832,7069.54384679125,12085.990558384725,-187500.02235174447,-187500.02235174447,-187500.02235174447,-187500.02235174447
$SILENCE,1574.50158292074,-7913.456310445823,6547.161227126268,12136.170224686888,-187500.02235174447,-187500.02235174447,-187500.02235174447,-187500.02235174447
$SILENCE,1682.4828603843284,-7936.858586890529,6642.64787943934,12104.229581860254,-187500.02235174447,-187500.02235174447,-187500.02235174447,-187500.02235174447
$SILENCE,1932.2189011834744,-7875.681862316354,7191.673778495047,12049.37840096693,-187500.02235174447,-187500.02235174447,-187500.02235174447,-187500.02235174447
$SILENCE,1852.5796356892154,-7851.765495749176,7141.181187770509,12071.260758788678,-187500.02235174447,-187500.02235174447,-187500.02235174447,-187500.02235174447
$SILENCE,1608.6550484484494,-7899.352359694524,6619.8267483504715,12128.525928083174,-187500.02235174447,-187500.02235174447,-187500.02235174447,-187500.02235174447
$SILENCE,1640.4839325528067,-7938.177339813393,6552.6150527733635,12113.997294187224,-187500.02235174447,-187500.02235174447,-187500.02235174447,-187500.02235174447
$SILENCE,1910.6941712730136,-7885.94131302134,7119.052960759755,12050.786560867617,-187500.02235174447,-187500.02235174447,-187500.02235174447,-187500.02235174447
$SILENCE,1889.1247378736423,-7848.569196292066,7201.240325121918,12063.035316829124,-187500.02235174447,-187500.02235174447,-187500.02235174447,-187500.02235174447
$SILENCE,1641.243891864287,-7888.690577589343,6714.374627396421,12121.73099776876,-187500.02235174447,-187500.02235174447,-187500.02235174447,-187500.02235174447
$SILENCE,1599.9155163664243,-7938.043229346661,6504.156470794257,12123.1615094139,-187500.02235174447,-187500.02235174447,-187500.02235174447,-187500.02235174447
$SILENCE,1877.6135894791591,-7895.820784070585,7035.2339190523535,12053.781694624628,-187500.02235174447,-187500.02235174447,-187500.02235174447,-187500.02235174447
$SILENCE,1917.9137847320778,-7850.826722482053,7243.351011675717,12051.52416843464,-187500.02235174447,-187500.02235174447,-187500.02235174447,-187500.02235174447
$SILENCE,1686.148546474999,-7880.8451152855305,6814.39868383392,12108.319951095576,-187500.02235174447,-187500.02235174447,-187500.02235174447,-187500.02235174447
$SILENCE,1572.9369608088687,-7934.891633378463,6472.0817175008915,12126.380160615465,-187500.02235174447,-187500.02235174447,-187500.02235174447,-187500.02235174447
$SILENCE,1832.0830860236988,-7906.728435364776,6933.019391658234,12060.48721796122,-187500.02235174447,-187500.02235174447,-187500.02235174447,-187500.02235174447
$SILENCE,1939.0585349867983,-7850.424391081857,7263.400526452127,12041.220014240744,-187500.02235174447,-187500.02235174447,-187500.02235174447,-187500.02235174447
$SILENCE,1730.8296836411578,-7866.517647089679,6914.668609460427,12093.321930566066,-187500.02235174447,-187500.02235174447,-187500.02235174447,-187500.02235174447
$SILENCE,1558.1177542350001,-7927.672019919399,6479.033110026492,12127.140119926944,-187500.02235174447,-187500.02235174447,-187500.02235174447,-187500.02235174447
$SILENCE,1778.170678397498,-7920.608868671521,6819.561936803096,12067.930348864837,-187500.02235174447,-187500.02235174447,-187500.02235174447,-187500.02235174447
$SILENCE,1949.6756136030692,-7858.918053974874,7248.67072685608,12033.821586826038,-187500.02235174447,-187500.02235174447,-187500.02235174447,-187500.02235174447
$SILENCE,1781.0093499433221,-7861.667318542876,7002.041578536222,12077.496895491708,-187500.02235174447,-187500.02235174447,-187500.02235174447,-187500.02235174447
$SILENCE,1563.9292077933799,-7919.983019826773,6502.413034726744,12122.580364058062,-187500.02235174447,-187500.02235174447,-187500.02235174447,-187500.02235174447
$SILENCE,1723.8335876266467,-7928.208461786326,6713.2123366847445,12079.508552492685,-187500.02235174447,-187500.02235174447,-187500.02235174447,-187500.02235174447
$SILENCE,1940.2878809318402,-7862.159056920894,7231.884566770144,12037.889604316904,-187500.02235174447,-187500.02235174447,-187500.02235174447,-187500.02235174447
$SILENCE,1819.0967224951653,-7852.100771916005,7094.622504070104,12070.321985521554,-187500.02235174447,-187500.02235174447,-187500.02235174447,-187500.02235174447
$SILENCE,1580.469498690307,-7908.673037132387,6565.355547112888,12117.953552955814,-187500.02235174447,-187500.02235174447,-187500.02235174447,-187500.02235174447
$SILENCE,1672.5363341017169,-7934.109322322527,6616.138710515346,12087.73399445224,-187500.02235174447,-187500.02235174447,-187500.02235174447,-187500.02235174447
$SILENCE,1929.5366918488376,-7872.194990181326,7178.732118455425,12037.822549083538,-187500.02235174447,-187500.02235174447,-187500.02235174447,-187500.02235174447
$SILENCE,1858.9275311145225,-7846.624594524455,7167.623301461137,12058.34145049351,-187500.02235174447,-187500.02235174447,-187500.02235174447,-187500.02235174447
$SILENCE,1610.2420223047761,-7893.250333458225,6652.057963855024,12111.337436597043,-187500.02235174447,-187500.02235174447,-187500.02235174447,-187500.02235174447
$SILENCE,1629.1963016028765,-7935.450426989845,6547.071820148447,12100.318026580577,-187500.02235174447,-187500.02235174447,-187500.02235174447,-187500.02235174447
$SILENCE,1906.4696915709605,-7885.159001965404,7099.204611683442,12035.319153704544,-187500.02235174447,-187500.02235174447,-187500.02235174447,-187500.02235174447
$SILENCE,1902.5357845468266,-7845.305841601592,7215.679552040047,12045.936232320813,-187500.02235174447,-187500.02235174447,-187500.02235174447,-187500.02235174447
$SILENCE,1660.6675577959488,-7885.8966095324295,6738.112180007956,12102.776718470659,-187500.02235174447,-187500.02235174447,-187500.02235174447,-187500.02235174447
$SILENCE,1598.8202808881142,-7938.087932835571,6482.832906583894,12106.218887116776,-187500.02235174447,-187500.02235174447,-187500.02235174447,-187500.02235174447
$SILENCE,1874.6631592110587,-7896.2231154707815,7009.6411716510265,12049.445456200297,-187500.02235174447,-187500.02235174447,-187500.02235174447,-187500.02235174447
$SILENCE,1928.2402906704297,-7844.322364845559,7255.130381003664,12044.997459053691,-187500.02235174447,-187500.02235174447,-187500.02235174447,-187500.02235174447
$SILENCE,1690.4847848993284,-7870.026870969162,6834.8952334994365,12089.29861656411,-187500.02235174447,-187500.02235174447,-187500.02235174447,-187500.02235174447
$SILENCE,1557.6483676014386,-7926.934412352373,6453.462714369621,12101.413262058886,-187500.02235174447,-187500.02235174447,-187500.02235174447,-187500.02235174447
$SILENCE,1825.0869900091875,-7908.3154092211025,6897.569524952117,12040.683572373817,-187500.02235174447,-187500.02235174447,-187500.02235174447,-187500.02235174447
$SILENCE,1952.1566572376082,-7848.368030591969,7271.290692244851,12025.417330910843,-187500.02235174447,-187500.02235174447,-187500.02235174447,-187500.02235174447
$SILENCE,1748.241692571842,-7863.276644143659,6942.56358654065,12075.328776279543,-187500.02235174447,-187500.02235174447,-187500.02235174447,-187500.02235174447
$SILENCE,1566.9466932948462,-7925.749769896242,6470.181819222191,12109.705759251805,-187500.02235174447,-187500.02235174447,-187500.02235174447,-187500.02235174447
$SILENCE,1777.500126063839,-7920.675923904887,6781.988654373724,12056.396848725897,-187500.02235174447,-187500.02235174447,-187500.02235174447,-187500.02235174447
$SILENCE,1956.6940613620357,-7854.045373683617,7249.922424545578,12026.534918133608,-187500.02235174447,-187500.02235174447,-187500.02235174447,-187500.02235174447
$SILENCE,1800.365960641618,-7855.006498695195,7028.684857926948,12067.237444786722,-187500.02235174447,-187500.02235174447,-187500.02235174447,-187500.02235174447
$SILENCE,1582.7270248802931,-7915.333856980069,6520.71911343564,12107.090605150534,-187500.02235174447,-187500.02235174447,-187500.02235174447,-187500.02235174447
$SILENCE,1723.2971457597191,-7927.292040263658,6691.888772474382,12062.43181972883,-187500.02235174447,-187500.02235174447,-187500.02235174447,-187500.02235174447
$SILENCE,1947.5969013687256,-7861.644966798422,7215.3219241287625,12014.576734850018,-187500.02235174447,-187500.02235174447,-187500.02235174447,-187500.02235174447
$SILENCE,1837.5369116707936,-7851.3184608600695,7103.473794874406,12043.388133452909,-187500.02235174447,-187500.02235174447,-187500.02235174447,-187500.02235174447
$SILENCE,1592.69590290736,-7905.789662097653,6578.0289862190475,12097.524058523662,-187500.02235174447,-187500.02235174447,-187500.02235174447,-187500.02235174447
$SILENCE,1666.4566596098734,-7933.394066499957,6595.575105616464,12072.490104733719,-187500.02235174447,-187500.02235174447,-187500.02235174447,-187500.02235174447
$SILENCE,1931.6601075720916,-7874.452516371312,7157.006222844866,12015.247287183678,-187500.02235174447,-187500.02235174447,-187500.02235174447,-187500.02235174447
$SILENCE,1881.5698482477485,-7847.853940469497,7172.987720130411,12030.066493757546,-187500.02235174447,-187500.02235174447,-187500.02235174447,-187500.02235174447
$SILENCE,1633.3313743271083,-7895.105528248016,6670.855780941937,12089.477430519752,-187500.02235174447,-187500.02235174447,-187500.02235174447,-187500.02235174447
$SILENCE,1634.113685383044,-7939.451389247345,6534.823064186939,12083.48716300573,-187500.02235174447,-187500.02235174447,-187500.02235174447,-187500.02235174447
$SILENCE,1904.0557031697874,-7889.070557245083,7081.59143705266,12012.252153426667,-187500.02235174447,-187500.02235174447,-187500.02235174447,-187500.02235174447
$SILENCE,1905.553270048293,-7845.797579979609,7229.872909769168,12016.744854062183,-187500.02235174447,-187500.02235174447,-187500.02235174447,-187500.02235174447
$SILENCE,1657.113630427555,-7880.643949585432,6763.392002986909,12071.238407044222,-187500.02235174447,-187500.02235174447,-187500.02235174447,-187500.02235174447
$SILENCE,1584.8504406035472,-7935.472778734301,6479.61425538233,12080.268511804166,-187500.02235174447,-187500.02235174447,-187500.02235174447,-187500.02235174447
$SILENCE,1865.007205606366,-7900.5146504062,6986.507116139784,12019.158842463356,-187500.02235174447,-187500.02235174447,-187500.02235174447,-187500.02235174447
$SILENCE,1936.264566929885,-7847.652774769399,7256.337375204251,12009.90522025886,-187500.02235174447,-187500.02235174447,-187500.02235174447,-187500.02235174447
$SILENCE,1712.0989217876104,-7872.485562859245,6861.605568123528,12058.207340026778,-187500.02235174447,-187500.02235174447,-187500.02235174447,-187500.02235174447
$SILENCE,1568.9807020402793,-7932.388237999468,6470.137115733281,12085.096488606512,-187500.02235174447,-187500.02235174447,-187500.02235174447,-187500.02235174447
$SILENCE,1811.6312398470927,-7913.143386023448,6884.806678868137,12025.171461721833,-187500.02235174447,-187500.02235174447,-187500.02235174447,-187500.02235174447
$SILENCE,1950.6367386146474,-7851.407867837891,7273.056480056821,12000.875115498915,-187500.02235174447,-187500.02235174447,-187500.02235174447,-187500.02235174447
$SILENCE,1763.9102654350122,-7862.963719721284,6974.750098556292,12046.182101509823,-187500.02235174447,-187500.02235174447,-187500.02235174447,-187500.02235174447
$SILENCE,1562.766917081704,-7924.073389062094,6488.443194442177,12080.53673273763,-187500.02235174447,-187500.02235174447,-187500.02235174447,-187500.02235174447
$SILENCE,1756.5565415092162,-7924.1627960399155,6761.536808197118,12031.47465365823,-187500.02235174447,-187500.02235174447,-187500.02235174447,-187500.02235174447
$SILENCE,1945.8534653012116,-7858.850998741508,7240.020601751877,11994.348406117966,-187500.02235174447,-187500.02235174447,-187500.02235174447,-187500.02235174447
$SILENCE,1800.9024025085453,-7855.677051028854,7044.44283776794,12035.609726382461,-187500.02235174447,-187500.02235174447,-187500.02235174447,-187500.02235174447
$SILENCE,1574.2110102428212,-7914.573897668589,6531.313840307455,12086.951683396303,-187500.02235174447,-187500.02235174447,-187500.02235174447,-187500.02235174447
$SILENCE,1701.370084449063,-7929.8624908760185,6667.704184973739,12047.880834088426,-187500.02235174447,-187500.02235174447,-187500.02235174447,-187500.02235174447
$SILENCE,1939.5726251092703,-7865.131838933449,7204.481328067938,11994.99660670717,-187500.02235174447,-187500.02235174447,-187500.02235174447,-187500.02235174447
$SILENCE,1840.4649901944388,-7846.915167202374,7126.183167240998,12022.735121576205,-187500.02235174447,-187500.02235174447,-187500.02235174447,-187500.02235174447
$SILENCE,1594.9757808418015,-7900.201725983826,6601.610076619396,12077.653357702895,-187500.02235174447,-187500.02235174447,-187500.02235174447,-187500.02235174447
$SILENCE,1648.7987814901808,-7931.918851365906,6578.073689707958,12059.973127838746,-187500.02235174447,-187500.02235174447,-187500.02235174447,-187500.02235174447
$SILENCE,1917.1538254205973,-7873.245522170726,7140.018897058832,12001.791537021583,-187500.02235174447,-187500.02235174447,-187500.02235174447,-187500.02235174447
$SILENCE,1877.5018307568826,-7840.924899688352,7185.303531325285,12016.320170917532,-187500.02235174447,-187500.02235174447,-187500.02235174447,-187500.02235174447
$SILENCE,1629.2857085806977,-7885.0695949875835,6686.725519505206,12073.384174511932,-187500.02235174447,-187500.02235174447,-187500.02235174447,-187500.02235174447
$SILENCE,1606.3304670250973,-7932.075313577094,6510.638476686297,12071.752497166694,-187500.02235174447,-187500.02235174447,-187500.02235174447,-187500.02235174447
$SILENCE,1878.462955768461,-7883.259103686703,7056.870407685091,12007.647694068874,-187500.02235174447,-187500.02235174447,-187500.02235174447,-187500.02235174447
$SILENCE,1905.3521043481953,-7838.242690353715,7229.448226624517,12012.542726104586,-187500.02235174447,-187500.02235174447,-187500.02235174447,-187500.02235174447
$SILENCE,1673.7656800467587,-7874.452516371312,6779.932293883836,12068.645604687406,-187500.02235174447,-187500.02235174447,-187500.02235174447,-187500.02235174447
$SILENCE,1579.21780100081,-7929.795435642653,6473.534580890487,12083.844790917015,-187500.02235174447,-187500.02235174447,-187500.02235174447,-187500.02235174447
$SILENCE,1839.526216927316,-7894.27851370317,6960.243816404798,12021.416368653343,-187500.02235174447,-187500.02235174447,-187500.02235174447,-187500.02235174447
$SILENCE,1929.424933126561,-7839.181463620837,7258.952529305521,12010.41931038133,-187500.02235174447,-187500.02235174447,-187500.02235174447,-187500.02235174447
$SILENCE,1720.2796602582528,-7863.053126699106,6885.946617835358,12066.566892453062,-187500.02235174447,-187500.02235174447,-187500.02235174447,-187500.02235174447
$SILENCE,1562.9680827818017,-7923.38048498398,6470.740612833573,12096.741747467728,-187500.02235174447,-187500.02235174447,-187500.02235174447,-187500.02235174447
$SILENCE,1790.4417861034617,-7906.750787109231,6850.4520476403295,12036.593203138496,-187500.02235174447,-187500.02235174447,-187500.02235174447,-187500.02235174447
$SILENCE,1940.332584420751,-7844.143550889916,7257.7008316160245,12007.982970235702,-187500.02235174447,-187500.02235174447,-187500.02235174447,-187500.02235174447
$SILENCE,1763.3961753125402,-7854.693574272821,6978.7063573248815,12052.306479490577,-187500.02235174447,-187500.02235174447,-187500.02235174447,-187500.02235174447
$SILENCE,1559.8835420469693,-7915.2444500022475,6490.901886332261,12094.39481429992,-187500.02235174447,-187500.02235174447,-187500.02235174447,-187500.02235174447
$SILENCE,1739.077477345166,-7918.641915159455,6740.526168409129,12048.998421311191,-187500.02235174447,-187500.02235174447,-187500.02235174447,-187500.02235174447
$SILENCE,1938.0750582307649,-7851.4972748157115,7236.913709272589,12008.251191169167,-187500.02235174447,-187500.02235174447,-187500.02235174447,-187500.02235174447
$SILENCE,1797.683751306981,-7842.690687500321,7063.1735996214875,12044.595127653496,-187500.02235174447,-187500.02235174447,-187500.02235174447,-187500.02235174447
$SILENCE,1564.376242682486,-7901.207554484315,6536.521796765542,12097.881686434948,-187500.02235174447,-187500.02235174447,-187500.02235174447,-187500.02235174447
$SILENCE,1678.7724708047476,-7923.313429750613,6634.198920035234,12065.29284301911,-187500.02235174447,-187500.02235174447,-187500.02235174447,-187500.02235174447
$SILENCE,1926.6980203030134,-7860.259158642192,7187.628112748637,12014.912011016848,-187500.02235174447,-187500.02235174447,-187500.02235174447,-187500.02235174447
$SILENCE,1845.2929669967853,-7839.4049810653905,7139.281289491808,12043.030505541625,-187500.02235174447,-187500.02235174447,-187500.02235174447,-187500.02235174447
$SILENCE,1595.1992982863544,-7889.025853756172,6613.501204669619,12098.574590513063,-187500.02235174447,-187500.02235174447,-187500.02235174447,-187500.02235174447
$SILENCE,1630.0009644032675,-7925.302735007136,6548.569387026952,12079.86618040397,-187500.02235174447,-187500.02235174447,-187500.02235174447,-187500.02235174447
$SILENCE,1901.6417147686143,-7868.439897112835,7116.817786314224,12021.103444230968,-187500.02235174447,-187500.02235174447,-187500.02235174447,-187500.02235174447
$SILENCE,1871.8021359207794,-7832.632402495433,7192.61255176217,12033.598069381485,-187500.02235174447,-187500.02235174447,-187500.02235174447,-187500.02235174447
$SILENCE,1627.4975690242732,-7876.575932094566,6701.052987701058,12090.416203786875,-187500.02235174447,-187500.02235174447,-187500.02235174447,-187500.02235174447
$SILENCE,1589.052568561145,-7925.906232107429,6491.170107265724,12093.478392777251,-187500.02235174447,-187500.02235174447,-187500.02235174447,-187500.02235174447
$SILENCE,1866.2812550403185,-7882.1415164639375,7030.271831783275,12031.161729235857,-187500.02235174447,-187500.02235174447,-187500.02235174447,-187500.02235174447
$SILENCE,1904.9944764369104,-7833.861748440475,7236.28786042784,12030.401769924376,-187500.02235174447,-187500.02235174447,-187500.02235174447,-187500.02235174447
$SILENCE,1672.0445957237002,-7863.254292399203,6801.1440993719225,12086.169372340366,-187500.02235174447,-187500.02235174447,-187500.02235174447,-187500.02235174447
$SILENCE,1562.2304752147766,-7920.1171302935045,6459.408278394732,12103.089642893034,-187500.02235174447,-187500.02235174447,-187500.02235174447,-187500.02235174447
$SILENCE,1818.5379288837826,-7890.99280726824,6925.196281098876,12040.840034585004,-187500.02235174447,-187500.02235174447,-187500.02235174447,-187500.02235174447
$SILENCE,1923.6134795681812,-7834.30878332958,7250.212997223497,12024.322095432532,-187500.02235174447,-187500.02235174447,-187500.02235174447,-187500.02235174447
$SILENCE,1718.558575935194,-7852.4360480828345,6896.1166615625225,12074.926444879347,-187500.02235174447,-187500.02235174447,-187500.02235174447,-187500.02235174447
$SILENCE,1551.188713453855,-7912.830461601075,6460.65997608423,12109.705759251805,-187500.02235174447,-187500.02235174447,-187500.02235174447,-187500.02235174447
$SILENCE,1769.9452364379451,-7901.408720184412,6814.130462900456,12054.943985336302,-187500.02235174447,-187500.02235174447,-187500.02235174447,-187500.02235174447
$SILENCE,1929.9837267379437,-7836.8792339419415,7245.943814032533,12024.255040199167,-187500.02235174447,-187500.02235174447,-187500.02235174447,-187500.02235174447
$SILENCE,1764.849038702135,-7841.640155510921,6992.005645275789,12069.025584343146,-187500.02235174447,-187500.02235174447,-187500.02235174447,-187500.02235174447
$SILENCE,1556.508428634218,-7902.883935318463,6492.846488099872,12112.142099397433,-187500.02235174447,-187500.02235174447,-187500.02235174447,-187500.02235174447
$SILENCE,1716.1892910229317,-7911.444653444845,6707.937324993292,12069.29380527661,-187500.02235174447,-187500.02235174447,-187500.02235174447,-187500.02235174447
$SILENCE,1931.0789622162538,-7844.881158456941,7220.574584075759,12025.439682655298,-187500.02235174447,-187500.02235174447,-187500.02235174447,-187500.02235174447
$SILENCE,1808.88197527909,-7834.577004263045,7077.635178284071,12058.0955813045,-187500.02235174447,-187500.02235174447,-187500.02235174447,-187500.02235174447
$SILENCE,1570.9700072968017,-7890.031682256661,6550.692802750207,12112.477375564264,-187500.02235174447,-187500.02235174447,-187500.02235174447,-187500.02235174447
$SILENCE,1664.5567613311723,-7914.708008135321,6609.008504034103,12085.565875240074,-187500.02235174447,-187500.02235174447,-187500.02235174447,-187500.02235174447
$SILENCE,1919.5901655662258,-7852.570158549566,7166.013975860355,12031.51935714714,-187500.02235174447,-187500.02235174447,-187500.02235174447,-187500.02235174447
$SILENCE,1851.1938275329862,-7828.050294882095,7146.053868061766,12055.882758603426,-187500.02235174447,-187500.02235174447,-187500.02235174447,-187500.02235174447
$SILENCE,1602.2848012786867,-7876.173600694371,6630.2650130111,12114.73490175425,-187500.02235174447,-187500.02235174447,-187500.02235174447,-187500.02235174447
$SILENCE,1619.249775320265,-7915.80324361363,6531.313840307455,12102.217924859277,-187500.02235174447,-187500.02235174447,-187500.02235174447,-187500.02235174447
$SILENCE,1892.812775708768,-7862.27081564317,7092.923771491501,12037.621383383439,-187500.02235174447,-187500.02235174447,-187500.02235174447,-187500.02235174447
$SILENCE,1885.0567203827763,-7823.602297735489,7201.173269888553,12046.047991043091,-187500.02235174447,-187500.02235174447,-187500.02235174447,-187500.02235174447
$SILENCE,1642.0932581535887,-7863.2319406547485,6720.275487932621,12102.553201026107,-187500.02235174447,-187500.02235174447,-187500.02235174447,-187500.02235174447
$SILENCE,1587.6444086604606,-7915.222098257792,6479.346034448867,12109.839869718537,-187500.02235174447,-187500.02235174447,-187500.02235174447,-187500.02235174447
$SILENCE,1858.100516569676,-7873.200818681815,7004.075587281655,12049.020773055647,-187500.02235174447,-187500.02235174447,-187500.02235174447,-187500.02235174447
$SILENCE,1909.3307148612398,-7822.954097146285,7237.427799395061,12044.416313697853,-187500.02235174447,-187500.02235174447,-187500.02235174447,-187500.02235174447
$SILENCE,1686.819098808658,-7853.330117861047,6820.724227514771,12097.278189334655,-187500.02235174447,-187500.02235174447,-187500.02235174447,-187500.02235174447
$SILENCE,1562.409289170419,-7911.623467400488,6453.865045769817,12120.524003568175,-187500.02235174447,-187500.02235174447,-187500.02235174447,-187500.02235174447
$SILENCE,1813.0170480033219,-7884.399042653924,6893.523859205707,12059.794313883105,-187500.02235174447,-187500.02235174447,-187500.02235174447,-187500.02235174447
$SILENCE,1931.3695348941726,-7824.45166402479,7247.57549137777,12039.968316551247,-187500.02235174447,-187500.02235174447,-187500.02235174447,-187500.02235174447
$SILENCE,1733.109561575599,-7840.8131409660755,6917.507281006251,12087.152849096401,-187500.02235174447,-187500.02235174447,-187500.02235174447,-187500.02235174447
$SILENCE,1553.5132948772068,-7903.509784163211,6463.051612740947,12120.322837868076,-187500.02235174447,-187500.02235174447,-187500.02235174447,-187500.02235174447
$SILENCE,1758.2552740878195,-7897.1618887379045,6784.670863708361,12064.935215107826,-187500.02235174447,-187500.02235174447,-187500.02235174447,-187500.02235174447
$SILENCE,1938.0527064863095,-7830.844262939008,7238.724200573469,12033.642772870395,-187500.02235174447,-187500.02235174447,-187500.02235174447,-187500.02235174447
$SILENCE,1775.5778760406824,-7830.441931538812,7007.607162905594,12073.585340212028,-187500.02235174447,-187500.02235174447,-187500.02235174447,-187500.02235174447
$SILENCE,1556.3296146785754,-7890.612827612499,6502.725959149117,12124.681428036862,-187500.02235174447,-187500.02235174447,-187500.02235174447,-187500.02235174447
$SILENCE,1704.2981629727083,-7902.615714385,6680.444679313265,12085.990558384725,-187500.02235174447,-187500.02235174447,-187500.02235174447,-187500.02235174447
$SILENCE,1930.073133715765,-7838.242690353715,7207.52116531386,12037.66608687235,-187500.02235174447,-187500.02235174447,-187500.02235174447,-187500.02235174447
$SILENCE,1820.6166411181262,-7825.725713458743,7096.969437237912,12069.33850876552,-187500.02235174447,-187500.02235174447,-187500.02235174447,-187500.02235174447
$SILENCE,1576.1556120104328,-7881.001577496717,6567.925997725249,12122.15568091341,-187500.02235174447,-187500.02235174447,-187500.02235174447,-187500.02235174447
$SILENCE,1650.8327902356136,-7911.422301700391,6587.707291568196,12095.333587567042,-187500.02235174447,-187500.02235174447,-187500.02235174447,-187500.02235174447
$SILENCE,1909.2860113723293,-7849.507969559189,7149.6972024079805,12037.822549083538,-187500.02235174447,-187500.02235174447,-187500.02235174447,-187500.02235174447
$SILENCE,1851.7749728888243,-7820.517757000656,7162.03536534731,12059.727258649738,-187500.02235174447,-187500.02235174447,-187500.02235174447,-187500.02235174447
$SILENCE,1602.8435948900694,-7867.791696523631,6651.298004543544,12116.053654677113,-187500.02235174447,-187500.02235174447,-187500.02235174447,-187500.02235174447
$SILENCE,1604.6540861909493,-7910.774101111187,6514.997066855081,12106.956494683802,-187500.02235174447,-187500.02235174447,-187500.02235174447,-187500.02235174447
$SILENCE,1881.6145517366592,-7863.924844732863,7069.834419469169,12040.795331096093,-187500.02235174447,-187500.02235174447,-187500.02235174447,-187500.02235174447
$SILENCE,1890.2870285853182,-7819.891908155908,7210.7398165154245,12048.52903467763,-187500.02235174447,-187500.02235174447,-187500.02235174447,-187500.02235174447
$SILENCE,1650.4081070909629,-7857.5545975631,6747.008174301169,12105.347169083021,-187500.02235174447,-187500.02235174447,-187500.02235174447,-187500.02235174447
$SILENCE,1577.8990480779469,-7912.271667989692,6471.500572145053,12114.086701165046,-187500.02235174447,-187500.02235174447,-187500.02235174447,-187500.02235174447
$SILENCE,1846.231740263908,-7873.647853570921,6977.834639291124,12049.221938755743,-187500.02235174447,-187500.02235174447,-187500.02235174447,-187500.02235174447
$SILENCE,1916.7514940204019,-7821.16595758986,7243.373363420173,12041.465883429753,-187500.02235174447,-187500.02235174447,-187500.02235174447,-187500.02235174447
$SILENCE,1699.8725175705574,-7846.110504401983,6854.296547686643,12097.099375379012,-187500.02235174447,-187500.02235174447,-187500.02235174447,-187500.02235174447
$SILENCE,1569.3606816960196,-7908.13659526546,6466.0914499868695,12122.669771035884,-187500.02235174447,-187500.02235174447,-187500.02235174447,-187500.02235174447
$SILENCE,1806.4456351334616,-7892.445670657835,6868.936940304869,12055.882758603426,-187500.02235174447,-187500.02235174447,-187500.02235174447,-187500.02235174447
$SILENCE,1933.6270610841586,-7828.720847215754,7250.414162923595,12034.648601370884,-187500.02235174447,-187500.02235174447,-187500.02235174447,-187500.02235174447
não,1747.4370297714509,-7839.852015954497,6953.5829965571165,12085.610578728983,-187500.02235174447,-187500.02235174447,-187500.02235174447,-187500.02235174447
não,1556.441373400852,-7901.2746097176805,6481.402394938755,12128.794149016638,-187500.02235174447,-187500.02235174447,-187500.02235174447,-187500.02235174447
não,1748.1075821051102,-7895.261990459203,6765.895398365903,12080.827305415549,-187500.02235174447,-187500.02235174447,-187500.02235174447,-187500.02235174447
não,1941.964261765988,-7824.049332624595,7242.188720964042,12046.763246865661,-187500.02235174447,-187500.02235174447,-187500.02235174447,-187500.02235174447
não,1792.4757948488946,-7822.97644889074,7046.074515113177,12086.236427573733,-187500.02235174447,-187500.02235174447,-187500.02235174447,-187500.02235174447
não,1557.8718850459916,-7892.780946824664,6519.825043657428,12125.30727688161,-187500.02235174447,-187500.02235174447,-187500.02235174447,-187500.02235174447
não,1701.079511771144,-7892.89270554694,6669.8946559303595,12104.006064415702,-187500.02235174447,-187500.02235174447,-187500.02235174447,-187500.02235174447
não,1915.9468312200108,-7848.725658503254,7173.032423619321,12033.709828103762,-187500.02235174447,-187500.02235174447,-187500.02235174447,-187500.02235174447
não,1812.659420092037,-7842.534225289134,7081.323216119196,12055.10044754749,-187500.02235174447,-187500.02235174447,-187500.02235174447,-187500.02235174447
não,1580.2012777568434,-7884.488449631745,6574.497410595109,12123.832061747558,-187500.02235174447,-187500.02235174447,-187500.02235174447,-187500.02235174447
não,1638.1369993849994,-7914.439787201856,6560.862846477372,12107.336474339543,-187500.02235174447,-187500.02235174447,-187500.02235174447,-187500.02235174447
não,1903.7204270029579,-7853.1960073943155,7133.291021977785,12053.267604502154,-187500.02235174447,-187500.02235174447,-187500.02235174447,-187500.02235174447
não,1864.2025428059749,-7821.076550612039,7180.006167889377,12069.740840165716,-187500.02235174447,-187500.02235174447,-187500.02235174447,-187500.02235174447
não,1618.6239264755163,-7867.322309890069,6669.447621041253,12129.375294372476,-187500.02235174447,-187500.02235174447,-187500.02235174447,-187500.02235174447
não,1587.1750220268991,-7912.584592412066,6482.028243783503,12122.82623324707,-187500.02235174447,-187500.02235174447,-187500.02235174447,-187500.02235174447
não,1859.1734003035308,-7863.433106354846,7033.959869618401,12059.995479583202,-187500.02235174447,-187500.02235174447,-187500.02235174447,-187500.02235174447
não,1891.5834297637261,-7817.522623243645,7216.7300840294465,12067.77388665365,-187500.02235174447,-187500.02235174447,-187500.02235174447,-187500.02235174447
não,1671.2622846677643,-7848.144513147416,6789.9905788887245,12131.454006606818,-187500.02235174447,-187500.02235174447,-187500.02235174447,-187500.02235174447
não,1577.5861236555725,-7899.687635861354,6484.308121717945,12148.307221926121,-187500.02235174447,-187500.02235174447,-187500.02235174447,-187500.02235174447
não,1825.9363562984893,-7873.469039615279,6938.339106838597,12074.814686157071,-187500.02235174447,-187500.02235174447,-187500.02235174447,-187500.02235174447
não,1904.010999680877,-7824.40696053588,7229.068246968776,12056.218034770256,-187500.02235174447,-187500.02235174447,-187500.02235174447,-187500.02235174447
não,1696.273886713253,-7826.172748347849,6866.969986792802,12111.650361019418,-187500.02235174447,-187500.02235174447,-187500.02235174447,-187500.02235174447
não,1574.7698038542037,-7861.5555598206,6496.601581168364,12178.54913217415,-187500.02235174447,-187500.02235174447,-187500.02235174447,-187500.02235174447
não,1747.302919304719,-7916.362037225013,6793.410395790386,12067.326851764543,-187500.02235174447,-187500.02235174447,-187500.02235174447,-187500.02235174447
não,1895.360874576673,-7849.418562581368,7203.430796078539,12051.166540523356,-187500.02235174447,-187500.02235174447,-187500.02235174447,-187500.02235174447
não,1742.854922158113,-7826.284507070126,6946.475141820329,12118.311180867098,-187500.02235174447,-187500.02235174447,-187500.02235174447,-187500.02235174447
não,1526.2665183861875,-7903.845060330041,6460.727031317596,12145.580309102574,-187500.02235174447,-187500.02235174447,-187500.02235174447,-187500.02235174447
não,1708.6791048859484,-7908.538926665656,6748.706906879772,12112.790299986638,-187500.02235174447,-187500.02235174447,-187500.02235174447,-187500.02235174447
não,1909.420121839061,-7832.297126328604,7198.625171020648,12076.938101880325,-187500.02235174447,-187500.02235174447,-187500.02235174447,-187500.02235174447
não,1750.0521838727218,-7843.875329956452,7007.942439072423,12096.495878278718,-187500.02235174447,-187500.02235174447,-187500.02235174447,-187500.02235174447
não,1521.5279485616625,-7891.082214246061,6515.712322677651,12157.31497494161,-187500.02235174447,-187500.02235174447,-187500.02235174447,-187500.02235174447
não,1638.8746069520244,-7901.788699840153,6611.556602902008,12129.084721694557,-187500.02235174447,-187500.02235174447,-187500.02235174447,-187500.02235174447
não,1885.3696448051508,-7839.002649665195,7153.362888498651,12079.508552492685,-187500.02235174447,-187500.02235174447,-187500.02235174447,-187500.02235174447
não,1785.367940112107,-7845.663469512877,7096.209477926431,12093.2548753327,-187500.02235174447,-187500.02235174447,-187500.02235174447,-187500.02235174447
não,1542.8068092831147,-7888.578818867067,6554.336137096422,12148.59779460404,-187500.02235174447,-187500.02235174447,-187500.02235174447,-187500.02235174447
não,1590.0136935727232,-7913.8362901015635,6535.9406514097045,12150.095361482545,-187500.02235174447,-187500.02235174447,-187500.02235174447,-187500.02235174447
não,1868.3152637857515,-7850.334984104036,7123.143329995076,12095.53475326714,-187500.02235174447,-187500.02235174447,-187500.02235174447,-187500.02235174447
não,1813.5758416147044,-7835.493425785712,7125.26674571833,12070.791372155116,-187500.02235174447,-187500.02235174447,-187500.02235174447,-187500.02235174447
não,1552.3286524210755,-7890.970455523784,6645.128923073879,12117.998256444724,-187500.02235174447,-187500.02235174447,-187500.02235174447,-187500.02235174447
não,1545.2878529176537,-7907.488394676256,6450.780505034984,12142.987506745758,-187500.02235174447,-187500.02235174447,-187500.02235174447,-187500.02235174447
não,1789.8159372587131,-7901.833403329063,6946.56454879815,12048.596089910996,-187500.02235174447,-187500.02235174447,-187500.02235174447,-187500.02235174447
não,1845.8294088637126,-7846.781056735642,7206.38122634664,12060.531921450129,-187500.02235174447,-187500.02235174447,-187500.02235174447,-187500.02235174447
não,1607.8950891369689,-7869.848057013519,6756.440610461308,12133.890346752447,-187500.02235174447,-187500.02235174447,-187500.02235174447,-187500.02235174447
não,1526.311221875098,-7923.4028367284345,6460.011775495026,12152.196425461343,-187500.02235174447,-187500.02235174447,-187500.02235174447,-187500.02235174447
não,1750.6780327174704,-7895.552563137122,6858.029289010678,12086.683462462839,-187500.02235174447,-187500.02235174447,-187500.02235174447,-187500.02235174447
não,1852.9819670894108,-7838.2873938426255,7175.491115509405,12072.467752989263,-187500.02235174447,-187500.02235174447,-187500.02235174447,-187500.02235174447
não,1650.7657350022478,-7857.576949307555,6840.058486468612,12116.277172121665,-187500.02235174447,-187500.02235174447,-187500.02235174447,-187500.02235174447
não,1505.6582099983943,-7888.265894444692,6428.831091979872,12176.492771684263,-187500.02235174447,-187500.02235174447,-187500.02235174447,-187500.02235174447
não,1692.0941105001107,-7926.129749551982,6750.919729580847,12076.044032102112,-187500.02235174447,-187500.02235174447,-187500.02235174447,-187500.02235174447
não,1842.7672198733355,-7872.329100648058,7173.2335893194195,12039.253060728677,-187500.02235174447,-187500.02235174447,-187500.02235174447,-187500.02235174447
não,1699.6713518704596,-7840.3437543325135,6959.461505348862,12114.041997676135,-187500.02235174447,-187500.02235174447,-187500.02235174447,-187500.02235174447
não,1504.7417884757267,-7883.616731597988,6478.89899955976,12171.016594292712,-187500.02235174447,-187500.02235174447,-187500.02235174447,-187500.02235174447
não,1637.667612751438,-7934.221081044803,6643.74311491765,12092.852543932504,-187500.02235174447,-187500.02235174447,-187500.02235174447,-187500.02235174447
não,1852.400821733573,-7869.959815735796,7159.7331356684135,12058.162636537867,-187500.02235174447,-187500.02235174447,-187500.02235174447,-187500.02235174447
não,1742.9666808803895,-7847.2727951136585,7030.294183527731,12104.58720977154,-187500.02235174447,-187500.02235174447,-187500.02235174447,-187500.02235174447
não,1507.5804600215508,-7901.878106817974,6505.966962095137,12157.0691057526,-187500.02235174447,-187500.02235174447,-187500.02235174447,-187500.02235174447
não,1602.4189117454187,-7924.676886162387,6569.021233203559,12125.955477470814,-187500.02235174447,-187500.02235174447,-187500.02235174447,-187500.02235174447
não,1857.0276328358214,-7861.197931909315,7123.880937562101,12066.611595941973,-187500.02235174447,-187500.02235174447,-187500.02235174447,-187500.02235174447
não,1787.3125418797188,-7837.102751386494,7100.83628902868,12090.706776464795,-187500.02235174447,-187500.02235174447,-187500.02235174447,-187500.02235174447
não,1544.349079650531,-7885.762499065698,6587.349663656911,12153.31401268411,-187500.02235174447,-187500.02235174447,-187500.02235174447,-187500.02235174447
não,1568.891295062458,-7930.644801931954,6487.660883386241,12134.091512452545,-187500.02235174447,-187500.02235174447,-187500.02235174447,-187500.02235174447
não,1851.3055862552628,-7877.89468501743,7049.874311670579,12065.941043608314,-187500.02235174447,-187500.02235174447,-187500.02235174447,-187500.02235174447
não,1848.0198798203326,-7842.198949122304,7162.03536534731,12080.223808315255,-187500.02235174447,-187500.02235174447,-187500.02235174447,-187500.02235174447
não,1608.2303653037984,-7884.108469976005,6680.601141524451,12132.146910684933,-187500.02235174447,-187500.02235174447,-187500.02235174447,-187500.02235174447
não,1553.8038675551259,-7936.791531657163,6445.70665904363,12136.080817709068,-187500.02235174447,-187500.02235174447,-187500.02235174447,-187500.02235174447
não,1823.5000161528608,-7895.217286970293,6968.849238020091,12073.29476753411,-187500.02235174447,-187500.02235174447,-187500.02235174447,-187500.02235174447
não,1873.8137929217569,-7842.8695014559635,7202.492022811416,12063.236482529222,-187500.02235174447,-187500.02235174447,-187500.02235174447,-187500.02235174447
não,1643.1214383985327,-7871.211513425293,6790.705834711294,12120.524003568175,-187500.02235174447,-187500.02235174447,-187500.02235174447,-187500.02235174447
não,1510.7097042452938,-7931.650630432443,6429.233423380068,12135.812596775604,-187500.02235174447,-187500.02235174447,-187500.02235174447,-187500.02235174447
não,1765.6313497580709,-7907.488394676256,6879.531667176684,12077.496895491708,-187500.02235174447,-187500.02235174447,-187500.02235174447,-187500.02235174447
não,1875.2219528224414,-7846.132856146438,7228.710619057491,12060.017831327657,-187500.02235174447,-187500.02235174447,-187500.02235174447,-187500.02235174447
não,1666.2331421653203,-7861.622615053966,6888.673530658905,12098.261666090688,-187500.02235174447,-187500.02235174447,-187500.02235174447,-187500.02235174447
não,1486.2345440667325,-7925.727418151787,6437.0341821949705,12126.804843760116,-187500.02235174447,-187500.02235174447,-187500.02235174447,-187500.02235174447
não,1698.9784477923452,-7921.033551816172,6764.889569865414,12073.2500640452,-187500.02235174447,-187500.02235174447,-187500.02235174447,-187500.02235174447
não,1880.5416680028045,-7859.02981269715,7218.026485207854,12039.230708984222,-187500.02235174447,-187500.02235174447,-187500.02235174447,-187500.02235174447
não,1715.4293317114511,-7858.292205130126,6985.680101594938,12074.993500112712,-187500.02235174447,-187500.02235174447,-187500.02235174447,-187500.02235174447
não,1495.219945337766,-7919.08895004856,6478.384909437288,12121.887459979947,-187500.02235174447,-187500.02235174447,-187500.02235174447,-187500.02235174447
não,1640.1710081304323,-7929.929546109384,6657.064754613013,12077.943930380814,-187500.02235174447,-187500.02235174447,-187500.02235174447,-187500.02235174447
não,1859.620435192637,-7864.036603455139,7179.290912066807,12028.635982112406,-187500.02235174447,-187500.02235174447,-187500.02235174447,-187500.02235174447
não,1753.3378903076518,-7852.547806805112,7068.582721779671,12065.695174419305,-187500.02235174447,-187500.02235174447,-187500.02235174447,-187500.02235174447
não,1517.1470066484221,-7903.75565335222,6544.568424769453,12120.59105880154,-187500.02235174447,-187500.02235174447,-187500.02235174447,-187500.02235174447
não,1595.7804436421925,-7928.364923997513,6571.837553004927,12093.009006143691,-187500.02235174447,-187500.02235174447,-187500.02235174447,-187500.02235174447
não,1847.014051319844,-7866.495295345223,7130.832330087702,12032.23461296971,-187500.02235174447,-187500.02235174447,-187500.02235174447,-187500.02235174447
não,1785.1891261564645,-7836.096922886005,7136.442617945983,12052.90997659087,-187500.02235174447,-187500.02235174447,-187500.02235174447,-187500.02235174447
não,1547.1653994518995,-7889.584647367556,6632.701353156728,12113.036169175646,-187500.02235174447,-187500.02235174447,-187500.02235174447,-187500.02235174447
não,1555.7708210671929,-7942.513578237722,6502.8377178713945,12097.009968401191,-187500.02235174447,-187500.02235174447,-187500.02235174447,-187500.02235174447
não,1824.9752312869111,-7892.155097979916,7059.954948419923,12034.402732181876,-187500.02235174447,-187500.02235174447,-187500.02235174447,-187500.02235174447
não,1823.2094434749417,-7837.482731042234,7192.143165128608,12055.592185925507,-187500.02235174447,-187500.02235174447,-187500.02235174447,-187500.02235174447
não,1592.2041645293432,-7870.384498880447,6727.159825224856,12109.63870401844,-187500.02235174447,-187500.02235174447,-187500.02235174447,-187500.02235174447
não,1520.2315473832546,-7921.905269849929,6456.65901382673,12115.517212810186,-187500.02235174447,-187500.02235174447,-187500.02235174447,-187500.02235174447
não,1796.0520739617436,-7881.761536808198,6970.972653743345,12059.816665627559,-187500.02235174447,-187500.02235174447,-187500.02235174447,-187500.02235174447
não,1868.6281882081257,-7830.553690261089,7240.869968041178,12051.032430056624,-187500.02235174447,-187500.02235174447,-187500.02235174447,-187500.02235174447
não,1642.3838308315076,-7856.995803951718,6837.68920155635,12106.956494683802,-187500.02235174447,-187500.02235174447,-187500.02235174447,-187500.02235174447
não,1498.9526866618023,-7912.003447056228,6442.957394475627,12137.511329354207,-187500.02235174447,-187500.02235174447,-187500.02235174447,-187500.02235174447
não,1738.0940005891325,-7900.469946917289,6848.2168731947995,12066.544540708606,-187500.02235174447,-187500.02235174447,-187500.02235174447,-187500.02235174447
não,1870.8633626536564,-7850.424391081857,7232.085732470243,12034.559194393063,-187500.02235174447,-187500.02235174447,-187500.02235174447,-187500.02235174447
não,1684.203944707387,-7854.715926017276,6928.012600900245,12084.090660106023,-187500.02235174447,-187500.02235174447,-187500.02235174447,-187500.02235174447
não,1491.733073202738,-7900.022912028184,6455.384964392778,12129.64351530594,-187500.02235174447,-187500.02235174447,-187500.02235174447,-187500.02235174447
não,1686.8414505531134,-7905.342627208546,6752.618462159451,12074.278244290143,-187500.02235174447,-187500.02235174447,-187500.02235174447,-187500.02235174447
não,1883.84972618219,-7843.562405534078,7232.935098759544,12035.319153704544,-187500.02235174447,-187500.02235174447,-187500.02235174447,-187500.02235174447
não,1733.6683551869817,-7833.593527507011,7029.690686427437,12089.320968308564,-187500.02235174447,-187500.02235174447,-187500.02235174447,-187500.02235174447
não,1505.121768131467,-7889.070557245083,6507.106901062358,12129.151776927922,-187500.02235174447,-187500.02235174447,-187500.02235174447,-187500.02235174447
não,1633.6442987494827,-7912.964572067806,6644.547777718041,12082.861314160982,-187500.02235174447,-187500.02235174447,-187500.02235174447,-187500.02235174447
não,1873.3891097771061,-7842.690687500321,7181.771955701346,12039.074246773034,-187500.02235174447,-187500.02235174447,-187500.02235174447,-187500.02235174447
não,1779.1318034090762,-7832.319478073058,7102.624428585104,12074.032375101135,-187500.02235174447,-187500.02235174447,-187500.02235174447,-187500.02235174447
não,1531.340364377542,-7877.648815828421,6569.088288436925,12128.682390294362,-187500.02235174447,-187500.02235174447,-187500.02235174447,-187500.02235174447
não,1584.8504406035472,-7911.444653444845,6552.100962650891,12109.951628440813,-187500.02235174447,-187500.02235174447,-187500.02235174447,-187500.02235174447
não,1847.9304728425113,-7862.4719813432675,7117.5330421367935,12052.641755657407,-187500.02235174447,-187500.02235174447,-187500.02235174447,-187500.02235174447
não,1805.2609926773303,-7825.83747218102,7156.313318766752,12064.823456385548,-187500.02235174447,-187500.02235174447,-187500.02235174447,-187500.02235174447
não,1561.3364054365643,-7862.695498787821,6649.800437665038,12135.678486308872,-187500.02235174447,-187500.02235174447,-187500.02235174447,-187500.02235174447
não,1547.3218616630868,-7909.388292954957,6490.52190667652,12122.334494869054,-187500.02235174447,-187500.02235174447,-187500.02235174447,-187500.02235174447
não,1824.528196397805,-7868.819876768574,7046.610956980105,12057.62619467094,-187500.02235174447,-187500.02235174447,-187500.02235174447,-187500.02235174447
não,1841.8955018395784,-7817.343809288002,7212.662066538581,12072.601863455995,-187500.02235174447,-187500.02235174447,-187500.02235174447,-187500.02235174447
não,1603.7376646682817,-7856.682879529343,6750.942081325303,12123.183861158355,-187500.02235174447,-187500.02235174447,-187500.02235174447,-187500.02235174447
não,1520.5891752945395,-7911.444653444845,6450.84756026835,12128.078893194068,-187500.02235174447,-187500.02235174447,-187500.02235174447,-187500.02235174447
não,1785.1891261564645,-7876.821801283575,6936.819188215636,12065.33754650802,-187500.02235174447,-187500.02235174447,-187500.02235174447,-187500.02235174447
não,1870.2375138089078,-7823.177614590838,7234.1644447045865,12069.316157021065,-187500.02235174447,-187500.02235174447,-187500.02235174447,-187500.02235174447
não,1658.0747554391332,-7844.612937523478,6860.845608812047,12105.950666183313,-187500.02235174447,-187500.02235174447,-187500.02235174447,-187500.02235174447
não,1500.9196401738693,-7905.2085167418145,6442.197435164147,12137.913660754402,-187500.02235174447,-187500.02235174447,-187500.02235174447,-187500.02235174447
não,1734.2271487983644,-7883.549676364622,6834.515253843696,12092.87489567696,-187500.02235174447,-187500.02235174447,-187500.02235174447,-187500.02235174447
não,1880.5193162583491,-7823.267021568659,7236.578433105759,12059.682555160827,-187500.02235174447,-187500.02235174447,-187500.02235174447,-187500.02235174447
não,1704.0075902947892,-7835.35931531898,6954.208845401865,12108.58817202904,-187500.02235174447,-187500.02235174447,-187500.02235174447,-187500.02235174447
não,1501.34432331852,-7893.540906136144,6464.638586597274,12146.519082369696,-187500.02235174447,-187500.02235174447,-187500.02235174447,-187500.02235174447
não,1680.8288312946358,-7893.1162229914935,6725.148168223878,12100.452137047308,-187500.02235174447,-187500.02235174447,-187500.02235174447,-187500.02235174447
não,1886.4201767945501,-7826.888004170419,7222.675648054558,12071.037241344124,-187500.02235174447,-187500.02235174447,-187500.02235174447,-187500.02235174447
não,1750.8121431842021,-7825.479844269735,7039.905433643513,12107.694102250827,-187500.02235174447,-187500.02235174447,-187500.02235174447,-187500.02235174447
não,1517.7505037487156,-7888.869391544985,6513.834776143405,12153.224605706288,-187500.02235174447,-187500.02235174447,-187500.02235174447,-187500.02235174447
não,1630.3585923145524,-7911.08702553356,6614.730550614661,12120.076968679068,-187500.02235174447,-187500.02235174447,-187500.02235174447,-187500.02235174447
não,1878.6641214685585,-7840.857844454986,7166.3716037716395,12071.797200655605,-187500.02235174447,-187500.02235174447,-187500.02235174447,-187500.02235174447
não,1793.9733617274,-7812.582887719022,7116.147233980565,12100.072157391567,-187500.02235174447,-187500.02235174447,-187500.02235174447,-187500.02235174447
não,1546.5842540960616,-7864.394231366424,6591.350625914411,12154.699820840338,-187500.02235174447,-187500.02235174447,-187500.02235174447,-187500.02235174447
não,1591.1089290510333,-7905.610848142011,6541.506235779076,12131.766931029193,-187500.02235174447,-187500.02235174447,-187500.02235174447,-187500.02235174447
não,1858.9051793700671,-7851.072591671061,7108.368826910118,12076.267549546666,-187500.02235174447,-187500.02235174447,-187500.02235174447,-187500.02235174447
não,1824.88582430909,-7816.3379807875135,7172.741850941402,12095.288884078132,-187500.02235174447,-187500.02235174447,-187500.02235174447,-187500.02235174447
não,1579.3295597230865,-7855.4311818398455,6677.717766489717,12160.466570909808,-187500.02235174447,-187500.02235174447,-187500.02235174447,-187500.02235174447
não,1541.0633732156007,-7898.860621316508,6478.451964670654,12160.824198821092,-187500.02235174447,-187500.02235174447,-187500.02235174447,-187500.02235174447
não,1815.6322021045928,-7853.732449261242,7018.112482799588,12092.696081721317,-187500.02235174447,-187500.02235174447,-187500.02235174447,-187500.02235174447
não,1849.6962606544807,-7810.414768506857,7212.080921182743,12089.790354942126,-187500.02235174447,-187500.02235174447,-187500.02235174447,-187500.02235174447
não,1620.2332520762984,-7844.612937523478,6773.718508925261,12147.144931214445,-187500.02235174447,-187500.02235174447,-187500.02235174447,-187500.02235174447
não,1523.181977651355,-7900.201725983826,6446.086638699369,12166.792114590658,-187500.02235174447,-187500.02235174447,-187500.02235174447,-187500.02235174447
não,1786.820803501702,-7870.183333180348,6919.720103707326,12101.547372525618,-187500.02235174447,-187500.02235174447,-187500.02235174447,-187500.02235174447
não,1877.5688859902486,-7814.907469142374,7234.030334237855,12084.045956617112,-187500.02235174447,-187500.02235174447,-187500.02235174447,-187500.02235174447
não,1674.4585841248734,-7827.558556504078,6876.648292141949,12144.797998046637,-187500.02235174447,-187500.02235174447,-187500.02235174447,-187500.02235174447
não,1512.6766577573608,-7888.422356655879,6445.460789854621,12173.005899549235,-187500.02235174447,-187500.02235174447,-187500.02235174447,-187500.02235174447
não,1734.0930383316324,-7876.061841972094,6809.078968653556,12113.81848023158,-187500.02235174447,-187500.02235174447,-187500.02235174447,-187500.02235174447
não,1888.4541855399832,-7815.667428453855,7235.214976693986,12083.576569983552,-187500.02235174447,-187500.02235174447,-187500.02235174447,-187500.02235174447
não,1716.1222357895656,-7825.278678569637,6970.19034268741,12120.501651823719,-187500.02235174447,-187500.02235174447,-187500.02235174447,-187500.02235174447
não,1509.927393189358,-7886.410699654902,6473.623987868308,12170.144876258955,-187500.02235174447,-187500.02235174447,-187500.02235174447,-187500.02235174447
não,1674.8162120361583,-7890.948103779328,6698.616647555429,12132.526890340674,-187500.02235174447,-187500.02235174447,-187500.02235174447,-187500.02235174447
não,1881.7933656923017,-7824.630477980433,7204.861307723679,12085.096488606512,-187500.02235174447,-187500.02235174447,-187500.02235174447,-187500.02235174447
não,1758.3223293211854,-7813.141681330405,7057.697422229937,12119.942858212336,-187500.02235174447,-187500.02235174447,-187500.02235174447,-187500.02235174447
não,1525.7077247748048,-7866.294129645125,6533.750180453084,12171.731850115282,-187500.02235174447,-187500.02235174447,-187500.02235174447,-187500.02235174447
não,1626.111760868044,-7891.149269479427,6605.186355732246,12139.254765421721,-187500.02235174447,-187500.02235174447,-187500.02235174447,-187500.02235174447
não,1879.6028947356815,-7829.704323971788,7160.806019402268,12085.431764773342,-187500.02235174447,-187500.02235174447,-187500.02235174447,-187500.02235174447
não,1807.6079258451375,-7806.838489394008,7131.972269054922,12111.024512174668,-187500.02235174447,-187500.02235174447,-187500.02235174447,-187500.02235174447
não,1555.4802483892738,-7856.705231273799,6611.198974990723,12164.959271545324,-187500.02235174447,-187500.02235174447,-187500.02235174447,-187500.02235174447
não,1578.8154696006143,-7895.552563137122,6523.937764637204,12148.150759714934,-187500.02235174447,-187500.02235174447,-187500.02235174447,-187500.02235174447
não,1850.2550542658632,-7842.310707844581,7088.699291789448,12090.05857587559,-187500.02235174447,-187500.02235174447,-187500.02235174447,-187500.02235174447
não,1836.2405104923857,-7803.68689342581,7187.650464493092,12101.413262058886,-187500.02235174447,-187500.02235174447,-187500.02235174447,-187500.02235174447
não,1593.0088273297345,-7841.416638066368,6704.495156347175,12158.141989486456,-187500.02235174447,-187500.02235174447,-187500.02235174447,-187500.02235174447
não,1541.0633732156007,-7891.37278692398,6471.120592489314,12162.321765699598,-187500.02235174447,-187500.02235174447,-187500.02235174447,-187500.02235174447
não,1816.6603823495368,-7850.938481204329,6998.867630823569,12095.11007012249,-187500.02235174447,-187500.02235174447,-187500.02235174447,-187500.02235174447
não,1864.9848538619108,-7802.345788758492,7226.497796356416,12088.382195041442,-187500.02235174447,-187500.02235174447,-187500.02235174447,-187500.02235174447
não,1636.7735429732256,-7831.6489257394,6808.25195410871,12144.172149201888,-187500.02235174447,-187500.02235174447,-187500.02235174447,-187500.02235174447
não,1516.2752886146652,-7888.757632822709,6446.891301499761,12165.115733756511,-187500.02235174447,-187500.02235174447,-187500.02235174447,-187500.02235174447
não,1771.4875068053614,-7864.595397066521,6895.736681906782,12103.939009182335,-187500.02235174447,-187500.02235174447,-187500.02235174447,-187500.02235174447
não,1883.5368017598155,-7805.586791704512,7243.105142486709,12086.437593273831,-187500.02235174447,-187500.02235174447,-187500.02235174447,-187500.02235174447
não,1680.2029824498873,-7819.958963389274,6905.526745978206,12139.254765421721,-187500.02235174447,-187500.02235174447,-187500.02235174447,-187500.02235174447
não,1506.2617070986876,-7881.739185063742,6455.8767027707945,12173.74350711626,-187500.02235174447,-187500.02235174447,-187500.02235174447,-187500.02235174447
não,1722.4477794704176,-7874.944254749329,6785.2967125531095,12118.087663422546,-187500.02235174447,-187500.02235174447,-187500.02235174447,-187500.02235174447
não,1898.1548426335864,-7809.096015583995,7234.745590060425,12084.716508950773,-187500.02235174447,-187500.02235174447,-187500.02235174447,-187500.02235174447
não,1731.6790499304593,-7811.666466196355,6999.202906990398,12126.916602482392,-187500.02235174447,-187500.02235174447,-187500.02235174447,-187500.02235174447
não,1514.1965763803216,-7872.373804136969,6494.925200334215,12174.302300727642,-187500.02235174447,-187500.02235174447,-187500.02235174447,-187500.02235174447
não,1666.277845654231,-7883.3708624089795,6681.875190958404,12130.40347461742,-187500.02235174447,-187500.02235174447,-187500.02235174447,-187500.02235174447
não,1890.7564152188797,-7816.0474081095945,7205.129528657142,12083.330700794542,-187500.02235174447,-187500.02235174447,-187500.02235174447,-187500.02235174447
não,1777.4330708304728,-7804.849184137486,7084.564219065216,12111.985637186246,-187500.02235174447,-187500.02235174447,-187500.02235174447,-187500.02235174447
não,1537.375335380475,-7857.9569289632955,6558.404154587288,12168.155571002433,-187500.02235174447,-187500.02235174447,-187500.02235174447,-187500.02235174447
não,1617.0593043636447,-7888.109432233505,6585.583875844941,12137.757198543215,-187500.02235174447,-187500.02235174447,-187500.02235174447,-187500.02235174447
não,1875.199601077986,-7826.26215532567,7148.378449485118,12083.643625216917,-187500.02235174447,-187500.02235174447,-187500.02235174447,-187500.02235174447
não,1814.8051875597464,-7798.233067778715,7150.546568697282,12109.124613895967,-187500.02235174447,-187500.02235174447,-187500.02235174447,-187500.02235174447
não,1567.7513560952373,-7843.025963667151,6637.864606125904,12160.108942998522,-187500.02235174447,-187500.02235174447,-187500.02235174447,-187500.02235174447
não,1575.3285974655864,-7886.902438032918,6515.734674422107,12150.609451605016,-187500.02235174447,-187500.02235174447,-187500.02235174447,-187500.02235174447
não,1850.0985920546761,-7836.298088586103,7073.611864282116,12088.53865725263,-187500.02235174447,-187500.02235174447,-187500.02235174447,-187500.02235174447
não,1849.7633158878466,-7795.707320655266,7204.6377902791255,12097.188782356834,-187500.02235174447,-187500.02235174447,-187500.02235174447,-187500.02235174447
não,1609.1244350820107,-7833.660582740376,6734.558252639563,12154.655117351427,-187500.02235174447,-187500.02235174447,-187500.02235174447,-187500.02235174447
não,1540.3928208819416,-7889.070557245083,6465.532656375487,12161.181826732378,-187500.02235174447,-187500.02235174447,-187500.02235174447,-187500.02235174447
não,1814.5593183707379,-7853.0842486720385,6977.946398013401,12094.01483464418,-187500.02235174447,-187500.02235174447,-187500.02235174447,-187500.02235174447
não,1878.6417697241034,-7802.502250969679,7235.19262494953,12085.498820006707,-187500.02235174447,-187500.02235174447,-187500.02235174447,-187500.02235174447
não,1653.5820548036165,-7824.161091346871,6832.145968931433,12138.897137510436,-187500.02235174447,-187500.02235174447,-187500.02235174447,-187500.02235174447
não,1518.4657595712854,-7882.119164719483,6445.70665904363,12162.433524421875,-187500.02235174447,-187500.02235174447,-187500.02235174447,-187500.02235174447
não,1764.178486368476,-7860.594434809022,6869.048699027146,12101.972055670269,-187500.02235174447,-187500.02235174447,-187500.02235174447,-187500.02235174447
não,1895.5620402767709,-7801.183498046816,7242.546348875327,12080.134401337435,-187500.02235174447,-187500.02235174447,-187500.02235174447,-187500.02235174447
não,1706.7345031183368,-7813.521660986145,6929.3984090564745,12126.670733293384,-187500.02235174447,-187500.02235174447,-187500.02235174447,-187500.02235174447
não,1520.9691549502797,-7875.056013471605,6464.951511019649,12167.753239602238,-187500.02235174447,-187500.02235174447,-187500.02235174447,-187500.02235174447
não,1718.111541046088,-7872.753783792709,6762.76615414216,12114.600791287517,-187500.02235174447,-187500.02235174447,-187500.02235174447,-187500.02235174447
$SILENCE,1904.6144967811701,-7808.604277205977,7233.739761559936,12081.162581582377,-187500.02235174447,-187500.02235174447,-187500.02235174447,-187500.02235174447
$SILENCE,1750.655680973015,-7809.096015583995,7023.901584613513,12123.452082091819,-187500.02235174447,-187500.02235174447,-187500.02235174447,-187500.02235174447
$SILENCE,1527.8758439869696,-7867.121144189971,6508.895040618782,12168.043812280157,-187500.02235174447,-187500.02235174447,-187500.02235174447,-187500.02235174447
$SILENCE,1660.4887438403064,-7880.241618185237,6657.2212168242,12124.860241992503,-187500.02235174447,-187500.02235174447,-187500.02235174447,-187500.02235174447
$SILENCE,1893.7068454869802,-7815.30980054257,7192.23257210643,12073.160657067378,-187500.02235174447,-187500.02235174447,-187500.02235174447,-187500.02235174447
$SILENCE,1797.7955100292577,-7800.289428268604,7102.177393695998,12101.770889970172,-187500.02235174447,-187500.02235174447,-187500.02235174447,-187500.02235174447
$SILENCE,1557.089573990056,-7854.64887078391,6577.045509463014,12158.074934253089,-187500.02235174447,-187500.02235174447,-187500.02235174447,-187500.02235174447
$SILENCE,1619.696810209371,-7887.572990366578,6569.1106401813795,12138.740675299248,-187500.02235174447,-187500.02235174447,-187500.02235174447,-187500.02235174447
$SILENCE,1887.5154122728602,-7829.860786182975,7135.07916153421,12077.943930380814,-187500.02235174447,-187500.02235174447,-187500.02235174447,-187500.02235174447
$SILENCE,1840.0179553053326,-7798.568343945545,7168.383260772617,12096.115898622978,-187500.02235174447,-187500.02235174447,-187500.02235174447,-187500.02235174447
$SILENCE,1591.8465366180583,-7842.847149711508,6665.513714017119,12153.246957450743,-187500.02235174447,-187500.02235174447,-187500.02235174447,-187500.02235174447
$SILENCE,1578.703710878338,-7890.1210892344825,6505.117595805836,12144.954460257824,-187500.02235174447,-187500.02235174447,-187500.02235174447,-187500.02235174447
$SILENCE,1857.6311299361146,-7844.9258619458515,7060.089058886655,12083.688328705828,-187500.02235174447,-187500.02235174447,-187500.02235174447,-187500.02235174447
$SILENCE,1869.7234236864358,-7799.238896279204,7218.898203241612,12085.834096173538,-187500.02235174447,-187500.02235174447,-187500.02235174447,-187500.02235174447
$SILENCE,1634.7842377167033,-7831.403056550391,6762.095601808501,12137.913660754402,-187500.02235174447,-187500.02235174447,-187500.02235174447,-187500.02235174447
$SILENCE,1550.406402397919,-7886.120126976983,6462.537522618476,12146.78730330316,-187500.02235174447,-187500.02235174447,-187500.02235174447,-187500.02235174447
$SILENCE,1820.1472544845647,-7852.637213782932,6958.388621615008,12080.58143622654,-187500.02235174447,-187500.02235174447,-187500.02235174447,-187500.02235174447
$SILENCE,1908.2801828718405,-7800.512945713156,7248.3130989447955,12071.126648321944,-187500.02235174447,-187500.02235174447,-187500.02235174447,-187500.02235174447
$SILENCE,1693.8375465676245,-7823.267021568659,6869.383975193975,12127.453044349319,-187500.02235174447,-187500.02235174447,-187500.02235174447,-187500.02235174447
$SILENCE,1544.3267279060756,-7882.052109486117,6461.956377262638,12154.297489440143,-187500.02235174447,-187500.02235174447,-187500.02235174447,-187500.02235174447
$SILENCE,1776.9189807080008,-7863.924844732863,6856.844646554548,12096.719395723272,-187500.02235174447,-187500.02235174447,-187500.02235174447,-187500.02235174447
$SILENCE,1922.7864650233348,-7803.664541681354,7254.392773436639,12068.757363409683,-187500.02235174447,-187500.02235174447,-187500.02235174447,-187500.02235174447
$SILENCE,1735.3223842766745,-7813.87928889743,6961.584921072116,12111.53860229714,-187500.02235174447,-187500.02235174447,-187500.02235174447,-187500.02235174447
$SILENCE,1534.8048847681148,-7873.3349291485465,6478.116688503825,12154.342192929053,-187500.02235174447,-187500.02235174447,-187500.02235174447,-187500.02235174447
$SILENCE,1721.2631370142863,-7875.078365216061,6740.682630620317,12105.883610949948,-187500.02235174447,-187500.02235174447,-187500.02235174447,-187500.02235174447
$SILENCE,1924.9992877244101,-7811.420597007346,7231.705752814502,12062.76709589566,-187500.02235174447,-187500.02235174447,-187500.02235174447,-187500.02235174447
$SILENCE,1790.553544825738,-7807.620800449944,7055.059916384211,12103.067291148578,-187500.02235174447,-187500.02235174447,-187500.02235174447,-187500.02235174447
$SILENCE,1563.9068560489245,-7866.942330234329,6536.745314210095,12156.420905163397,-187500.02235174447,-187500.02235174447,-187500.02235174447,-187500.02235174447
$SILENCE,1681.566438861661,-7885.8966095324295,6645.128923073879,12121.105148924013,-187500.02235174447,-187500.02235174447,-187500.02235174447,-187500.02235174447
$SILENCE,1924.7534185354018,-7817.83554766602,7194.8924296966115,12070.813723899571,-187500.02235174447,-187500.02235174447,-187500.02235174447,-187500.02235174447
$SILENCE,1832.3513069571625,-7796.646093922388,7131.726399865914,12094.998311400213,-187500.02235174447,-187500.02235174447,-187500.02235174447,-187500.02235174447
$SILENCE,1583.6881498918713,-7848.524492803156,6604.828727820961,12149.290698682154,-187500.02235174447,-187500.02235174447,-187500.02235174447,-187500.02235174447
$SILENCE,1626.5587957571502,-7886.477754888268,6554.470247563154,12126.290753637642,-187500.02235174447,-187500.02235174447,-187500.02235174447,-187500.02235174447
$SILENCE,1897.4619385554718,-7829.905489671885,7121.869280561124,12064.599938940995,-187500.02235174447,-187500.02235174447,-187500.02235174447,-187500.02235174447
$SILENCE,1871.0868800982096,-7796.869611366941,7188.678644738036,12077.072212347057,-187500.02235174447,-187500.02235174447,-187500.02235174447,-187500.02235174447
$SILENCE,1629.2633568362423,-7840.9919549217175,6696.537935321086,12136.349038642531,-187500.02235174447,-187500.02235174447,-187500.02235174447,-187500.02235174447
$SILENCE,1595.7804436421925,-7889.294074689637,6496.825098612917,12136.281983409166,-187500.02235174447,-187500.02235174447,-187500.02235174447,-187500.02235174447
$SILENCE,1870.8633626536564,-7844.501178801201,7038.318459787186,12070.366689010465,-187500.02235174447,-187500.02235174447,-187500.02235174447,-187500.02235174447
$SILENCE,1902.3122671022734,-7797.003721833673,7232.935098759544,12069.852598887992,-187500.02235174447,-187500.02235174447,-187500.02235174447,-187500.02235174447
$SILENCE,1672.178706190432,-7829.279640827137,6794.460927779785,12127.050712949123,-187500.02235174447,-187500.02235174447,-187500.02235174447,-187500.02235174447
$SILENCE,1567.3713764394972,-7884.667263587387,6463.319833674412,12142.16049220091,-187500.02235174447,-187500.02235174447,-187500.02235174447,-187500.02235174447
$SILENCE,1829.5796906447042,-7855.162960906382,6938.3838103275075,12081.520209493663,-187500.02235174447,-187500.02235174447,-187500.02235174447,-187500.02235174447
$SILENCE,1931.8836250166448,-7799.551820701578,7258.8184188387895,12070.299633777098,-187500.02235174447,-187500.02235174447,-187500.02235174447,-187500.02235174447
$SILENCE,1722.850110870613,-7818.506099999679,6893.814431883626,12116.97007619978,-187500.02235174447,-187500.02235174447,-187500.02235174447,-187500.02235174447
$SILENCE,1556.888408289958,-7878.676996073365,6460.414106895221,12145.557957358118,-187500.02235174447,-187500.02235174447,-187500.02235174447,-187500.02235174447
$SILENCE,1781.7916609992578,-7867.635234312444,6826.647439795428,12088.091622363523,-187500.02235174447,-187500.02235174447,-187500.02235174447,-187500.02235174447
$SILENCE,1943.2159594554855,-7806.234992293716,7253.00696528041,12058.587319682518,-187500.02235174447,-187500.02235174447,-187500.02235174447,-187500.02235174447
$SILENCE,1773.3427015951518,-7813.253440052681,6989.5693051301605,12103.089642893034,-187500.02235174447,-187500.02235174447,-187500.02235174447,-187500.02235174447
$SILENCE,1567.8407630730585,-7871.949120992318,6494.366406722833,12149.223643448788,-187500.02235174447,-187500.02235174447,-187500.02235174447,-187500.02235174447
$SILENCE,1733.6683551869817,-7878.945217006829,6720.208432699255,12102.173221370367,-187500.02235174447,-187500.02235174447,-187500.02235174447,-187500.02235174447
$SILENCE,1943.774753066868,-7812.627591207933,7227.458921367994,12056.95564233728,-187500.02235174447,-187500.02235174447,-187500.02235174447,-187500.02235174447
$SILENCE,1818.716742839425,-7803.664541681354,7077.657530028526,12092.986654399236,-187500.02235174447,-187500.02235174447,-187500.02235174447,-187500.02235174447
$SILENCE,1579.3295597230865,-7860.3038621311025,6549.977546927637,12145.848530036037,-187500.02235174447,-187500.02235174447,-187500.02235174447,-187500.02235174447
$SILENCE,1676.4478893813957,-7884.600208354022,6620.1173210283905,12114.869012220981,-187500.02235174447,-187500.02235174447,-187500.02235174447,-187500.02235174447
$SILENCE,1927.681497059047,-7822.931745401829,7176.452240520984,12058.028526071135,-187500.02235174447,-187500.02235174447,-187500.02235174447,-187500.02235174447
$SILENCE,1856.4688392244386,-7800.44589047979,7146.5232546953275,12080.357918781987,-187500.02235174447,-187500.02235174447,-187500.02235174447,-187500.02235174447
$SILENCE,1608.2750687927091,-7851.0278881821505,6626.2640507536,12134.44914036383,-187500.02235174447,-187500.02235174447,-187500.02235174447,-187500.02235174447
$SILENCE,1628.1234178690218,-7891.685711346354,6537.795846199495,12122.893288480436,-187500.02235174447,-187500.02235174447,-187500.02235174447,-187500.02235174447
$SILENCE,1902.0216944243546,-7837.393324064413,7103.183222196487,12061.895377861903,-187500.02235174447,-187500.02235174447,-187500.02235174447,-187500.02235174447
$SILENCE,1896.6572757550807,-7799.976503846229,7205.800080990802,12071.752497166694,-187500.02235174447,-187500.02235174447,-187500.02235174447,-187500.02235174447
$SILENCE,1652.822095492136,-7841.260175855181,6722.912993778347,12129.464701350296,-187500.02235174447,-187500.02235174447,-187500.02235174447,-187500.02235174447
$SILENCE,1597.1886035428768,-7890.65753110141,6486.9903310525815,12134.69500955284,-187500.02235174447,-187500.02235174447,-187500.02235174447,-187500.02235174447
$SILENCE,1867.5776562187264,-7848.345678847513,7012.43513970794,12070.299633777098,-187500.02235174447,-187500.02235174447,-187500.02235174447,-187500.02235174447
$SILENCE,1918.1373021766308,-7799.30595151257,7239.081828484754,12069.517322721164,-187500.02235174447,-187500.02235174447,-187500.02235174447,-187500.02235174447
$SILENCE,1689.3224941876524,-7828.385571048924,6817.796148991126,12126.223698404277,-187500.02235174447,-187500.02235174447,-187500.02235174447,-187500.02235174447
$SILENCE,1564.8679810605029,-7884.242580442737,6455.206150437135,12146.876710280982,-187500.02235174447,-187500.02235174447,-187500.02235174447,-187500.02235174447
$SILENCE,1814.648725348559,-7859.655661541899,6900.139975564477,12079.799125170604,-187500.02235174447,-187500.02235174447,-187500.02235174447,-187500.02235174447
$SILENCE,1936.9574710079994,-7798.635399178911,7255.577415892771,12065.561063952573,-187500.02235174447,-187500.02235174447,-187500.02235174447,-187500.02235174447
$SILENCE,1742.0055558688111,-7813.9910476197065,6922.3576095530525,12117.73003551126,-187500.02235174447,-187500.02235174447,-187500.02235174447,-187500.02235174447
$SILENCE,1562.2975304481424,-7875.860676271996,6469.690080844174,12152.062314994611,-187500.02235174447,-187500.02235174447,-187500.02235174447,-187500.02235174447
$SILENCE,1772.8062597282244,-7868.976338979762,6800.96528541628,12098.529887024151,-187500.02235174447,-187500.02235174447,-187500.02235174447,-187500.02235174447
$SILENCE,1946.3005001903177,-7805.586791704512,7248.760133833902,12064.778752896638,-187500.02235174447,-187500.02235174447,-187500.02235174447,-187500.02235174447
$SILENCE,1785.1891261564645,-7808.82779465053,7013.53037518625,12108.811689473592,-187500.02235174447,-187500.02235174447,-187500.02235174447,-187500.02235174447
$SILENCE,1566.8125828281145,-7867.858751756997,6505.497575461576,12156.845588308048,-187500.02235174447,-187500.02235174447,-187500.02235174447,-187500.02235174447
$SILENCE,1715.5187386892724,-7877.626464083966,6690.771185251616,12115.852488977014,-187500.02235174447,-187500.02235174447,-187500.02235174447,-187500.02235174447
$SILENCE,1935.7281250629576,-7811.2864865406145,7214.919592728566,12069.360860509976,-187500.02235174447,-187500.02235174447,-187500.02235174447,-187500.02235174447
$SILENCE,1822.3153736967295,-7800.0212073351395,7096.053015715243,12106.174183627867,-187500.02235174447,-187500.02235174447,-187500.02235174447,-187500.02235174447
$SILENCE,1584.2022400143433,-7856.8393417405305,6568.305977380989,12157.02440226369,-187500.02235174447,-187500.02235174447,-187500.02235174447,-187500.02235174447
$SILENCE,1664.3779473755299,-7882.365033908491,6593.16111721529,12126.44721584883,-187500.02235174447,-187500.02235174447,-187500.02235174447,-187500.02235174447
$SILENCE,1920.6406975556254,-7817.50027149919,7156.313318766752,12071.998366355701,-187500.02235174447,-187500.02235174447,-187500.02235174447,-187500.02235174447
$SILENCE,1863.6437491945924,-7785.917256583841,7164.203484559475,12096.317064323077,-187500.02235174447,-187500.02235174447,-187500.02235174447,-187500.02235174447
$SILENCE,1614.2653363067313,-7835.068742641061,6652.1697225773005,12153.269309195199,-187500.02235174447,-187500.02235174447,-187500.02235174447,-187500.02235174447
$SILENCE,1615.5840892295944,-7880.822763541075,6523.200157070179,12141.244070678244,-187500.02235174447,-187500.02235174447,-187500.02235174447,-187500.02235174447
$SILENCE,1890.8234704522456,-7830.553690261089,7082.127878919588,12076.893398391414,-187500.02235174447,-187500.02235174447,-187500.02235174447,-187500.02235174447
$SILENCE,1892.4104443085726,-7790.968750830741,7214.181985161542,12085.610578728983,-187500.02235174447,-187500.02235174447,-187500.02235174447,-187500.02235174447
$SILENCE,1652.889150725502,-7828.78790244912,6744.415371944353,12145.021515491191,-187500.02235174447,-187500.02235174447,-187500.02235174447,-187500.02235174447
$SILENCE,1582.2576382467316,-7881.605074597011,6474.875685557805,12153.224605706288,-187500.02235174447,-187500.02235174447,-187500.02235174447,-187500.02235174447
$SILENCE,1855.8653421241454,-7845.484655557234,6987.468241151362,12089.008043886191,-187500.02235174447,-187500.02235174447,-187500.02235174447,-187500.02235174447
$SILENCE,1918.0478951988096,-7792.39926247588,7245.6085378657035,12084.381232783942,-187500.02235174447,-187500.02235174447,-187500.02235174447,-187500.02235174447
$SILENCE,1693.4575669118842,-7817.88025115493,6844.528835359673,12140.037076477656,-187500.02235174447,-187500.02235174447,-187500.02235174447,-187500.02235174447
$SILENCE,1559.6823763468715,-7877.961740250796,6459.452981883644,12165.942748301357,-187500.02235174447,-187500.02235174447,-187500.02235174447,-187500.02235174447
$SILENCE,1805.6409723330705,-7855.69940277331,6880.224571254799,12102.419090559375,-187500.02235174447,-187500.02235174447,-187500.02235174447,-187500.02235174447
$SILENCE,1934.2752616733626,-7795.796727633086,7252.470523413483,12076.736936180227,-187500.02235174447,-187500.02235174447,-187500.02235174447,-187500.02235174447
$SILENCE,1742.2737768022748,-7805.095053326494,6940.730743495315,12125.843718748536,-187500.02235174447,-187500.02235174447,-187500.02235174447,-187500.02235174447
$SILENCE,1553.8485710440364,-7865.60122556701,6474.629816368797,12167.060335524124,-187500.02235174447,-187500.02235174447,-187500.02235174447,-187500.02235174447
$SILENCE,1749.493390261339,-7864.327176133058,6771.706851924283,12114.265515120687,-187500.02235174447,-187500.02235174447,-187500.02235174447,-187500.02235174447
$SILENCE,1937.3150989192843,-7800.0212073351395,7242.769866319879,12075.529941979641,-187500.02235174447,-187500.02235174447,-187500.02235174447,-187500.02235174447
$SILENCE,1791.1346901815762,-7799.574172446034,7036.597375464127,12116.92537271087,-187500.02235174447,-187500.02235174447,-187500.02235174447,-187500.02235174447
$SILENCE,1567.21491422831,-7858.359260363492,6521.255555302568,12165.071030267602,-187500.02235174447,-187500.02235174447,-187500.02235174447,-187500.02235174447
$SILENCE,1695.8492035686022,-7873.22317042627,6669.514676274619,12126.469567593285,-187500.02235174447,-187500.02235174447,-187500.02235174447,-187500.02235174447
$SILENCE,1930.4307616270498,-7810.682989440321,7206.448281580006,12078.614482714473,-187500.02235174447,-187500.02235174447,-187500.02235174447,-187500.02235174447
$SILENCE,1836.8216558482238,-7794.5003264546785,7114.269687446319,12109.951628440813,-187500.02235174447,-187500.02235174447,-187500.02235174447,-187500.02235174447
$SILENCE,1593.4782139632957,-7847.384553835936,6587.908457268293,12163.55111164464,-187500.02235174447,-187500.02235174447,-187500.02235174447,-187500.02235174447
$SILENCE,1655.3031391266752,-7877.849981528519,6578.096041452413,12140.97584974478,-187500.02235174447,-187500.02235174447,-187500.02235174447,-187500.02235174447
$SILENCE,1920.1266074331531,-7820.02601862264,7144.869225605635,12081.96724438277,-187500.02235174447,-187500.02235174447,-187500.02235174447,-187500.02235174447
$SILENCE,1875.2219528224414,-7788.0406723070955,7183.940074913511,12099.692177735827,-187500.02235174447,-187500.02235174447,-187500.02235174447,-187500.02235174447
$SILENCE,1633.376077816019,-7829.88313792743,6692.9616562082365,12157.471437152797,-187500.02235174447,-187500.02235174447,-187500.02235174447,-187500.02235174447
$SILENCE,1621.9096329104464,-7871.9267692478625,6542.757933468572,12150.855320794026,-187500.02235174447,-187500.02235174447,-187500.02235174447,-187500.02235174447
$SILENCE,1880.7651854473575,-7830.173710605349,7051.774209949281,12091.623197987461,-187500.02235174447,-187500.02235174447,-187500.02235174447,-187500.02235174447
$SILENCE,1911.4317788400388,-7783.436212949302,7248.3130989447955,12089.96916889777,-187500.02235174447,-187500.02235174447,-187500.02235174447,-187500.02235174447
$SILENCE,1657.4265548499293,-7820.674219211844,6761.536808197118,12151.12354172749,-187500.02235174447,-187500.02235174447,-187500.02235174447,-187500.02235174447
$SILENCE,1583.375225469497,-7872.507914603701,6495.95338057916,12159.192521475856,-187500.02235174447,-187500.02235174447,-187500.02235174447,-187500.02235174447
$SILENCE,1826.9868882878886,-7841.036658410628,6942.161255140455,12100.273323091666,-187500.02235174447,-187500.02235174447,-187500.02235174447,-187500.02235174447
$SILENCE,1918.9643167214772,-7789.560590930056,7234.4550173825055,12085.610578728983,-187500.02235174447,-187500.02235174447,-187500.02235174447,-187500.02235174447
$SILENCE,1716.144587534021,-7813.409902263868,6859.683318100371,12133.845643263538,-187500.02235174447,-187500.02235174447,-187500.02235174447,-187500.02235174447
$SILENCE,1569.1595159959218,-7873.491391359734,6452.412182380222,12162.277062210687,-187500.02235174447,-187500.02235174447,-187500.02235174447,-187500.02235174447
$SILENCE,1802.8023007872464,-7856.660527784888,6847.032230738668,12104.117823137978,-187500.02235174447,-187500.02235174447,-187500.02235174447,-187500.02235174447
$SILENCE,1946.0099275123987,-7795.774375888632,7253.9457385475325,12078.033337358635,-187500.02235174447,-187500.02235174447,-187500.02235174447,-187500.02235174447
$SILENCE,1758.814067699202,-7803.3069137700695,6972.224351432843,12127.341285627042,-187500.02235174447,-187500.02235174447,-187500.02235174447,-187500.02235174447
$SILENCE,1567.2596177172206,-7865.377708122458,6481.804726338951,12166.389783190463,-187500.02235174447,-187500.02235174447,-187500.02235174447,-187500.02235174447
$SILENCE,1756.0871548756547,-7870.138629691438,6738.76038059716,12116.187765143844,-187500.02235174447,-187500.02235174447,-187500.02235174447,-187500.02235174447
$SILENCE,1948.9156542915887,-7803.530431214623,7229.694095813525,12075.999328613201,-187500.02235174447,-187500.02235174447,-187500.02235174447,-187500.02235174447
$SILENCE,1806.780911300291,-7797.227239278226,7054.3670123060965,12115.852488977014,-187500.02235174447,-187500.02235174447,-187500.02235174447,-187500.02235174447
$SILENCE,1578.4354899448742,-7854.090077172527,6535.717133965151,12166.45683842383,-187500.02235174447,-187500.02235174447,-187500.02235174447,-187500.02235174447
$SILENCE,1691.9152965444682,-7874.430164626857,6642.960803861714,12130.470529850785,-187500.02235174447,-187500.02235174447,-187500.02235174447,-187500.02235174447
$SILENCE,1931.5036453609046,-7810.92885862933,7191.338502328218,12077.161619324877,-187500.02235174447,-187500.02235174447,-187500.02235174447,-187500.02235174447
$SILENCE,1846.9022925975673,-7791.907524097864,7136.733190623902,12102.955532426302,-187500.02235174447,-187500.02235174447,-187500.02235174447,-187500.02235174447
$SILENCE,1599.3567227550416,-7842.6012805225,6611.824823835472,12159.728963342783,-187500.02235174447,-187500.02235174447,-187500.02235174447,-187500.02235174447
$SILENCE,1644.3284325991194,-7879.9063420184075,6560.236997632623,12141.489939867251,-187500.02235174447,-187500.02235174447,-187500.02235174447,-187500.02235174447
$SILENCE,1914.4716160859605,-7823.602297735489,7126.4513881744615,12081.766078682671,-187500.02235174447,-187500.02235174447,-187500.02235174447,-187500.02235174447
$SILENCE,1881.458089525472,-7788.353596729469,7194.959484929977,12094.283055577644,-187500.02235174447,-187500.02235174447,-187500.02235174447,-187500.02235174447
$SILENCE,1632.9960981602787,-7829.905489671885,6700.985932467692,12148.061352737112,-187500.02235174447,-187500.02235174447,-187500.02235174447,-187500.02235174447
$SILENCE,1601.1672140559215,-7880.1969146963265,6498.769700380529,12142.182843945366,-187500.02235174447,-187500.02235174447,-187500.02235174447,-187500.02235174447
$SILENCE,1873.2549993103744,-7833.191196106815,7040.464227254895,12076.28990129112,-187500.02235174447,-187500.02235174447,-187500.02235174447,-187500.02235174447
$SILENCE,1904.9497729479997,-7785.961960072752,7236.62313659467,12079.285035048133,-187500.02235174447,-187500.02235174447,-187500.02235174447,-187500.02235174447
$SILENCE,1677.274903926242,-7816.293277298603,6796.137308613934,12137.198404931833,-187500.02235174447,-187500.02235174447,-187500.02235174447,-187500.02235174447
$SILENCE,1573.8980858204468,-7871.569141336578,6464.839752297373,12154.49865514024,-187500.02235174447,-187500.02235174447,-187500.02235174447,-187500.02235174447
$SILENCE,1836.4863796813943,-7842.198949122304,6941.356592340064,12085.76704094017,-187500.02235174447,-187500.02235174447,-187500.02235174447,-187500.02235174447
$SILENCE,1954.5482938943262,-7784.442041449791,7297.576343724292,12069.114991320968,-187500.02235174447,-187500.02235174447,-187500.02235174447,-187500.02235174447
$SILENCE,1725.53232020525,-7805.609143448966,6897.480117974296,12126.626029804473,-187500.02235174447,-187500.02235174447,-187500.02235174447,-187500.02235174447
$SILENCE,1574.8815625764803,-7866.1153156894825,6488.554953164453,12155.392724918453,-187500.02235174447,-187500.02235174447,-187500.02235174447,-187500.02235174447
$SILENCE,1769.9005329490344,-7853.93361496134,6818.153776902411,12105.995369672224,-187500.02235174447,-187500.02235174447,-187500.02235174447,-187500.02235174447
$SILENCE,1928.8437877707229,-7795.193230532794,7233.739761559936,12073.540636723119,-187500.02235174447,-187500.02235174447,-187500.02235174447,-187500.02235174447
$SILENCE,1761.272759589286,-7796.981370089218,6986.663578350971,12116.29952386612,-187500.02235174447,-187500.02235174447,-187500.02235174447,-187500.02235174447
$SILENCE,1552.3957076544414,-7854.760629506187,6493.494688689076,12159.348983687041,-187500.02235174447,-187500.02235174447,-187500.02235174447,-187500.02235174447
$SILENCE,1727.5886806951382,-7863.164885421382,6720.789578055093,12113.840831976036,-187500.02235174447,-187500.02235174447,-187500.02235174447,-187500.02235174447
$SILENCE,1943.618290855681,-7798.635399178911,7233.091560970732,12069.62908144344,-187500.02235174447,-187500.02235174447,-187500.02235174447,-187500.02235174447
$SILENCE,1816.1686439715202,-7787.951265329274,7085.994730710356,12104.721320238272,-187500.02235174447,-187500.02235174447,-187500.02235174447,-187500.02235174447
$SILENCE,1579.374263211997,-7845.462303812779,6558.292395865011,12158.253748208732,-187500.02235174447,-187500.02235174447,-187500.02235174447,-187500.02235174447
$SILENCE,1675.2185434363537,-7871.0997547030165,6624.140635030346,12128.59298331654,-187500.02235174447,-187500.02235174447,-187500.02235174447,-187500.02235174447
$SILENCE,1921.646526056114,-7808.82779465053,7179.335615555718,12072.065421589068,-187500.02235174447,-187500.02235174447,-187500.02235174447,-187500.02235174447
$SILENCE,1845.6058914191594,-7784.039710049595,7153.094667565188,12093.925427666358,-187500.02235174447,-187500.02235174447,-187500.02235174447,-187500.02235174447
$SILENCE,1600.2284407887985,-7833.392361806913,6635.294155513544,12151.101189983034,-187500.02235174447,-187500.02235174447,-187500.02235174447,-187500.02235174447
$SILENCE,1623.4295515334072,-7873.93842624884,6544.791942214006,12134.940878741847,-187500.02235174447,-187500.02235174447,-187500.02235174447,-187500.02235174447
$SILENCE,1900.1441478901088,-7820.048370367095,7110.671056589014,12071.037241344124,-187500.02235174447,-187500.02235174447,-187500.02235174447,-187500.02235174447
$SILENCE,1891.8963541861003,-7784.486744938701,7212.460900838483,12081.207285071288,-187500.02235174447,-187500.02235174447,-187500.02235174447,-187500.02235174447
$SILENCE,1649.759906501759,-7824.853995424985,6728.366819425442,12136.97488748728,-187500.02235174447,-187500.02235174447,-187500.02235174447,-187500.02235174447
$SILENCE,1601.2342692892873,-7876.1512489499155,6491.013645054537,12139.59004158855,-187500.02235174447,-187500.02235174447,-187500.02235174447,-187500.02235174447
$SILENCE,1882.7544907038798,-7837.907414186885,7018.090131055133,12074.211189056778,-187500.02235174447,-187500.02235174447,-187500.02235174447,-187500.02235174447
$SILENCE,1939.5949768537257,-7788.957093829763,7249.162465234097,12070.232578543733,-187500.02235174447,-187500.02235174447,-187500.02235174447,-187500.02235174447
$SILENCE,1715.138759033532,-7816.1591668318715,6829.709628785805,12123.20621290281,-187500.02235174447,-187500.02235174447,-187500.02235174447,-187500.02235174447
$SILENCE,1595.3334087530864,-7873.17846693736,6470.293577944467,12144.172149201888,-187500.02235174447,-187500.02235174447,-187500.02235174447,-187500.02235174447
$SILENCE,1844.756525129858,-7847.205739880293,6919.116606607033,12087.44342177432,-187500.02235174447,-187500.02235174447,-187500.02235174447,-187500.02235174447
$SILENCE,1949.0497647583206,-7786.20782926176,7271.3800992226725,12078.256854803189,-187500.02235174447,-187500.02235174447,-187500.02235174447,-187500.02235174447
$SILENCE,1745.112448348099,-7798.97067534574,6935.075752148123,12127.542451327141,-187500.02235174447,-187500.02235174447,-187500.02235174447,-187500.02235174447
$SILENCE,1565.8961613054469,-7858.739240019231,6482.028243783503,12157.35967843052,-187500.02235174447,-187500.02235174447,-187500.02235174447,-187500.02235174447
$SILENCE,1766.6818817474702,-7851.139646904427,6808.900154697914,12102.82142195957,-187500.02235174447,-187500.02235174447,-187500.02235174447,-187500.02235174447
$SILENCE,1936.7339535634464,-7787.191306017793,7258.863122327701,12072.11012507798,-187500.02235174447,-187500.02235174447,-187500.02235174447,-187500.02235174447
$SILENCE,1778.0589196752214,-7790.052329308073,7022.292259012731,12113.438500575841,-187500.02235174447,-187500.02235174447,-187500.02235174447,-187500.02235174447
$SILENCE,1575.9320945658797,-7846.892815457919,6544.523721280542,12155.348021429541,-187500.02235174447,-187500.02235174447,-187500.02235174447,-187500.02235174447
$SILENCE,1712.7918258657248,-7857.0181556961725,6710.418368627831,12114.801956987616,-187500.02235174447,-187500.02235174447,-187500.02235174447,-187500.02235174447
$SILENCE,1933.068267472776,-7798.680102667821,7203.341389100718,12068.28797677612,-187500.02235174447,-187500.02235174447,-187500.02235174447,-187500.02235174447
$SILENCE,1827.1209987546206,-7783.078585038017,7098.757576794336,12098.842811446526,-187500.02235174447,-187500.02235174447,-187500.02235174447,-187500.02235174447
$SILENCE,1583.6434464029608,-7837.281565342137,6575.235018162134,12152.330535928075,-187500.02235174447,-187500.02235174447,-187500.02235174447,-187500.02235174447
$SILENCE,1662.053365952178,-7867.568179079078,6604.135823742846,12126.558974571106,-187500.02235174447,-187500.02235174447,-187500.02235174447,-187500.02235174447
$SILENCE,1921.5571190782928,-7807.129062071927,7170.305510795773,12072.087773333524,-187500.02235174447,-187500.02235174447,-187500.02235174447,-187500.02235174447
$SILENCE,1863.0849555832096,-7778.608236146955,7174.887618409111,12090.751479953704,-187500.02235174447,-187500.02235174447,-187500.02235174447,-187500.02235174447
$SILENCE,1614.0418188621784,-7824.876347169441,6660.573978492496,12147.256689936721,-187500.02235174447,-187500.02235174447,-187500.02235174447,-187500.02235174447
$SILENCE,1619.7191619538262,-7868.909283746396,6534.018401386547,12140.372352644486,-187500.02235174447,-187500.02235174447,-187500.02235174447,-187500.02235174447
$SILENCE,1893.0586448977763,-7817.88025115493,7092.387329624574,12075.753459424193,-187500.02235174447,-187500.02235174447,-187500.02235174447,-187500.02235174447
$SILENCE,1894.8020809652903,-7777.736518113198,7226.43074112305,12081.96724438277,-187500.02235174447,-187500.02235174447,-187500.02235174447,-187500.02235174447
$SILENCE,1653.1573716589658,-7815.108634842472,6758.206398273278,12138.695971810339,-187500.02235174447,-187500.02235174447,-187500.02235174447,-187500.02235174447
$SILENCE,1582.8611353470249,-7869.2222081687705,6488.130270019802,12145.446198635842,-187500.02235174447,-187500.02235174447,-187500.02235174447,-187500.02235174447
$SILENCE,1854.233664778908,-7833.392361806913,7000.499308168806,12082.213113571777,-187500.02235174447,-187500.02235174447,-187500.02235174447,-187500.02235174447
$SILENCE,1916.259755642385,-7781.201038503771,7258.617253138692,12073.428878000841,-187500.02235174447,-187500.02235174447,-187500.02235174447,-187500.02235174447
$SILENCE,1692.6082006225827,-7803.709245170266,6855.905873287425,12128.861204250003,-187500.02235174447,-187500.02235174447,-187500.02235174447,-187500.02235174447
$SILENCE,1556.7095943343156,-7862.203760409804,6469.354804677344,12154.230434206776,-187500.02235174447,-187500.02235174447,-187500.02235174447,-187500.02235174447
$SILENCE,1798.4437106184616,-7842.713039244776,6890.886353359981,12094.01483464418,-187500.02235174447,-187500.02235174447,-187500.02235174447,-187500.02235174447
$SILENCE,1931.4365901275387,-7784.1067652829615,7266.730936375969,12070.411392499374,-187500.02235174447,-187500.02235174447,-187500.02235174447,-187500.02235174447
$SILENCE,1750.5439222507384,-7798.166012545349,6954.7005837798815,12118.422939589374,-187500.02235174447,-187500.02235174447,-187500.02235174447,-187500.02235174447
$SILENCE,1559.1459344799441,-7856.280548129148,6483.972845551115,12155.683297596372,-187500.02235174447,-187500.02235174447,-187500.02235174447,-187500.02235174447
$SILENCE,1747.9287681494677,-7851.74314400472,6777.652415949395,12103.067291148578,-187500.02235174447,-187500.02235174447,-187500.02235174447,-187500.02235174447
$SILENCE,1934.3870203956392,-7788.264189751648,7248.022526266876,12065.449305230297,-187500.02235174447,-187500.02235174447,-187500.02235174447,-187500.02235174447
$SILENCE,1790.5982483146488,-7787.593637417989,7041.20183482192,12107.604695273007,-187500.02235174447,-187500.02235174447,-187500.02235174447,-187500.02235174447
$SILENCE,1566.2984927056425,-7844.389420078925,6525.10005534888,12159.371335431497,-187500.02235174447,-187500.02235174447,-187500.02235174447,-187500.02235174447
$SILENCE,1701.3253809601524,-7861.0638214425835,6673.068603643013,12119.741692512238,-187500.02235174447,-187500.02235174447,-187500.02235174447,-187500.02235174447
não,1933.6270610841586,-7798.2554195231705,7211.812700249279,12065.471656974752,-187500.02235174447,-187500.02235174447,-187500.02235174447,-187500.02235174447
não,1829.8926150670786,-7780.642244892389,7123.880937562101,12096.853506190004,-187500.02235174447,-187500.02235174447,-187500.02235174447,-187500.02235174447
não,1584.246943503254,-7832.520643773156,6595.753919572106,12151.816445805604,-187500.02235174447,-187500.02235174447,-187500.02235174447,-187500.02235174447
não,1647.725897756326,-7864.148362177416,6584.689806066729,12130.425826361874,-187500.02235174447,-187500.02235174447,-187500.02235174447,-187500.02235174447
não,1916.4832730869382,-7805.609143448966,7148.847836118679,12068.91382562087,-187500.02235174447,-187500.02235174447,-187500.02235174447,-187500.02235174447
não,1876.7195197009469,-7774.830791334009,7188.9468656715,12088.62806423045,-187500.02235174447,-187500.02235174447,-187500.02235174447,-187500.02235174447
não,1625.2623945787425,-7823.3787802909355,6683.529220048096,12144.619184090994,-187500.02235174447,-187500.02235174447,-187500.02235174447,-187500.02235174447
não,1608.2974205371645,-7871.233865169748,6515.555860466464,12140.35000090003,-187500.02235174447,-187500.02235174447,-187500.02235174447,-187500.02235174447
não,1886.1743076055418,-7819.958963389274,7066.951044434434,12077.452192002796,-187500.02235174447,-187500.02235174447,-187500.02235174447,-187500.02235174447
não,1905.1285869036421,-7775.613102389944,7234.209148193497,12081.63196821594,-187500.02235174447,-187500.02235174447,-187500.02235174447,-187500.02235174447
não,1667.7307090438258,-7808.894849883896,6780.379328772942,12137.421922376387,-187500.02235174447,-187500.02235174447,-187500.02235174447,-187500.02235174447
não,1580.178926012388,-7862.31551913208,6475.635644869286,12149.648326593438,-187500.02235174447,-187500.02235174447,-187500.02235174447,-187500.02235174447
não,1845.784705374802,-7826.999762892696,6968.111630453066,12086.504648507196,-187500.02235174447,-187500.02235174447,-187500.02235174447,-187500.02235174447
não,1928.4638081149828,-7775.568398901034,7264.540465419348,12079.642662959417,-187500.02235174447,-187500.02235174447,-187500.02235174447,-187500.02235174447
não,1720.3243637471635,-7801.742291658198,6896.340179007075,12143.233375934766,-187500.02235174447,-187500.02235174447,-187500.02235174447,-187500.02235174447
não,1568.9136468069134,-7861.913187731885,6481.983540294593,12165.719230856805,-187500.02235174447,-187500.02235174447,-187500.02235174447,-187500.02235174447
não,1790.9335244814783,-7846.64694626891,6857.35873667702,12096.831154445548,-187500.02235174447,-187500.02235174447,-187500.02235174447,-187500.02235174447
não,1935.8845872741447,-7782.475087937723,7257.7008316160245,12069.29380527661,-187500.02235174447,-187500.02235174447,-187500.02235174447,-187500.02235174447
não,1759.886951433057,-7790.029977563618,6976.158258456977,12119.764044256694,-187500.02235174447,-187500.02235174447,-187500.02235174447,-187500.02235174447
não,1562.9010275484356,-7851.609033537989,6495.841621856884,12165.875693067992,-187500.02235174447,-187500.02235174447,-187500.02235174447,-187500.02235174447
não,1748.4875617608502,-7852.190178893827,6769.158753056378,12127.140119926944,-187500.02235174447,-187500.02235174447,-187500.02235174447,-187500.02235174447
não,1943.2830146888514,-7783.6373786494,7254.616290881192,12076.781639669138,-187500.02235174447,-187500.02235174447,-187500.02235174447,-187500.02235174447
não,1814.2240422039083,-7770.449849420768,7072.784849737269,12131.655172306917,-187500.02235174447,-187500.02235174447,-187500.02235174447,-187500.02235174447
não,1592.2935715071646,-7832.8335681955305,6578.8560007638935,12211.070920356622,-187500.02235174447,-187500.02235174447,-187500.02235174447,-187500.02235174447
não,1697.4585291693843,-7862.136705176438,6684.356234592943,12171.843608837558,-187500.02235174447,-187500.02235174447,-187500.02235174447,-187500.02235174447
não,1925.5580813357928,-7793.49449795419,7199.809813476779,12082.213113571777,-187500.02235174447,-187500.02235174447,-187500.02235174447,-187500.02235174447
não,1833.7371151133914,-7760.503323138157,7126.093760263177,12092.137288109934,-187500.02235174447,-187500.02235174447,-187500.02235174447,-187500.02235174447
não,1598.8426326325696,-7813.476957497234,6605.834556321449,12156.26444295221,-187500.02235174447,-187500.02235174447,-187500.02235174447,-187500.02235174447
não,1648.4635053233512,-7854.514760317178,6567.322500624955,12149.760085315715,-187500.02235174447,-187500.02235174447,-187500.02235174447,-187500.02235174447
não,1911.7894067513237,-7810.101844084484,7135.235623745397,12085.34235779552,-187500.02235174447,-187500.02235174447,-187500.02235174447,-187500.02235174447
não,1882.396862792595,-7780.686948381299,7223.4803108549495,12112.812651731092,-187500.02235174447,-187500.02235174447,-187500.02235174447,-187500.02235174447
não,1663.66269155296,-7789.247666507682,6745.063572533557,12196.631693438494,-187500.02235174447,-187500.02235174447,-187500.02235174447,-187500.02235174447
não,1597.054493076145,-7845.5517107906,6486.722110119118,12188.339196245575,-187500.02235174447,-187500.02235174447,-187500.02235174447,-187500.02235174447
não,1842.9236820845226,-7818.394341277402,7012.323380985664,12107.78350922865,-187500.02235174447,-187500.02235174447,-187500.02235174447,-187500.02235174447
não,1890.488194285416,-7769.86870406493,7235.9078807721,12105.123651638467,-187500.02235174447,-187500.02235174447,-187500.02235174447,-187500.02235174447
não,1672.1563544459766,-7785.961960072752,6797.746634214715,12160.287756954165,-187500.02235174447,-187500.02235174447,-187500.02235174447,-187500.02235174447
não,1567.9078183064246,-7852.279585871647,6477.8931710592715,12196.050548082656,-187500.02235174447,-187500.02235174447,-187500.02235174447,-187500.02235174447
não,1823.2764987083078,-7844.881158456941,6954.857045991069,12137.377218887475,-187500.02235174447,-187500.02235174447,-187500.02235174447,-187500.02235174447
não,1883.2909325708072,-7801.183498046816,7212.080921182743,12072.53480822263,-187500.02235174447,-187500.02235174447,-187500.02235174447,-187500.02235174447
não,1687.7802238202364,-7792.868649109441,6863.0137280242125,12149.648326593438,-187500.02235174447,-187500.02235174447,-187500.02235174447,-187500.02235174447
não,1516.0964746590228,-7867.434068612346,6432.876757726283,12179.487905441274,-187500.02235174447,-187500.02235174447,-187500.02235174447,-187500.02235174447
não,1757.5400182652497,-7869.088097702039,6838.203291678821,12148.776608559681,-187500.02235174447,-187500.02235174447,-187500.02235174447,-187500.02235174447
não,1929.0002499819102,-7795.640265421899,7277.884456859167,12136.416093875898,-187500.02235174447,-187500.02235174447,-187500.02235174447,-187500.02235174447
não,1738.3622215225962,-7808.604277205977,6963.104839695077,12156.085628996567,-187500.02235174447,-187500.02235174447,-187500.02235174447,-187500.02235174447
não,1524.0089921962015,-7871.211513425293,6458.380098149789,12194.262408526232,-187500.02235174447,-187500.02235174447,-187500.02235174447,-187500.02235174447
não,1692.496441900306,-7866.718812789776,6703.556383080052,12160.153646487433,-187500.02235174447,-187500.02235174447,-187500.02235174447,-187500.02235174447
não,1909.5765840502484,-7812.06879759655,7233.2256714374635,12123.049750691624,-187500.02235174447,-187500.02235174447,-187500.02235174447,-187500.02235174447
não,1768.1123933926099,-7815.645076709399,7076.785811994769,12137.198404931833,-187500.02235174447,-187500.02235174447,-187500.02235174447,-187500.02235174447
não,1552.149838465433,-7851.653737026899,6551.25159636159,12200.722062673816,-187500.02235174447,-187500.02235174447,-187500.02235174447,-187500.02235174447
não,1609.3479525265639,-7921.279421005181,6569.8705994928605,12132.482186851763,-187500.02235174447,-187500.02235174447,-187500.02235174447,-187500.02235174447
não,1871.489211498405,-7848.07745791405,7138.230757502408,12095.400642800409,-187500.02235174447,-187500.02235174447,-187500.02235174447,-187500.02235174447
não,1813.3746759146068,-7812.962867374763,7140.801208114768,12128.101244938523,-187500.02235174447,-187500.02235174447,-187500.02235174447,-187500.02235174447
não,1577.7872893556703,-7856.705231273799,6654.628414467385,12183.466515954318,-187500.02235174447,-187500.02235174447,-187500.02235174447,-187500.02235174447
não,1613.5947839730723,-7878.051147228617,6556.616015030863,12183.22064676531,-187500.02235174447,-187500.02235174447,-187500.02235174447,-187500.02235174447
não,1856.647653180081,-7845.261138112681,7097.505879104839,12093.098413121512,-187500.02235174447,-187500.02235174447,-187500.02235174447,-187500.02235174447
não,1846.1423332860868,-7814.9298208868295,7167.064507849755,12117.171241899878,-187500.02235174447,-187500.02235174447,-187500.02235174447,-187500.02235174447
não,1580.8047748571366,-7875.301882660614,6674.074432143501,12157.583195875073,-187500.02235174447,-187500.02235174447,-187500.02235174447,-187500.02235174447
não,1523.5619573070953,-7929.549566453644,6441.75040027504,12167.060335524124,-187500.02235174447,-187500.02235174447,-187500.02235174447,-187500.02235174447
não,1800.075387963699,-7876.352414650013,6971.374985143541,12104.207230115799,-187500.02235174447,-187500.02235174447,-187500.02235174447,-187500.02235174447
não,1871.1986388204862,-7823.132911101928,7218.451168352505,12096.048843389612,-187500.02235174447,-187500.02235174447,-187500.02235174447,-187500.02235174447
não,1656.6218920495382,-7836.8792339419415,6801.211154605288,12165.294547712154,-187500.02235174447,-187500.02235174447,-187500.02235174447,-187500.02235174447
não,1531.7426957777377,-7889.651702600921,6449.260586412023,12189.926170101902,-187500.02235174447,-187500.02235174447,-187500.02235174447,-187500.02235174447
não,1764.2008381129313,-7884.108469976005,6871.440335683863,12105.324817338565,-187500.02235174447,-187500.02235174447,-187500.02235174447,-187500.02235174447
não,1878.619417979648,-7826.329210559036,7216.886546240634,12097.926389923858,-187500.02235174447,-187500.02235174447,-187500.02235174447,-187500.02235174447
não,1681.6111423505715,-7841.483693299734,6888.114737047522,12145.893233524946,-187500.02235174447,-187500.02235174447,-187500.02235174447,-187500.02235174447
não,1518.9798496937574,-7888.400004911424,6448.455923611632,12173.385879204974,-187500.02235174447,-187500.02235174447,-187500.02235174447,-187500.02235174447
não,1726.6052039391047,-7883.437917642345,6777.361843271476,12118.177070400367,-187500.02235174447,-187500.02235174447,-187500.02235174447,-187500.02235174447
não,1904.390979336617,-7823.714056457765,7244.5580058763035,12088.96334039728,-187500.02235174447,-187500.02235174447,-187500.02235174447,-187500.02235174447
não,1753.4496490299284,-7817.50027149919,7014.446796708918,12136.371390386987,-187500.02235174447,-187500.02235174447,-187500.02235174447,-187500.02235174447
não,1528.6134515539948,-7881.649778085921,6483.078775772903,12168.133219257978,-187500.02235174447,-187500.02235174447,-187500.02235174447,-187500.02235174447
não,1671.5528573456834,-7914.3056767351245,6654.360193533921,12109.30342785161,-187500.02235174447,-187500.02235174447,-187500.02235174447,-187500.02235174447
não,1904.1004066586981,-7851.340812604525,7192.791365717812,12075.708755935282,-187500.02235174447,-187500.02235174447,-187500.02235174447,-187500.02235174447
não,1799.5836495856822,-7829.145530360405,7087.469945844406,12111.628009274962,-187500.02235174447,-187500.02235174447,-187500.02235174447,-187500.02235174447
não,1559.9058937914247,-7878.676996073365,6558.404154587288,12156.756181330227,-187500.02235174447,-187500.02235174447,-187500.02235174447,-187500.02235174447
não,1633.4207813049295,-7908.985961554762,6588.0649194794805,12122.960343713803,-187500.02235174447,-187500.02235174447,-187500.02235174447,-187500.02235174447
não,1888.744758217902,-7849.642080025921,7159.50961822386,12066.231616286233,-187500.02235174447,-187500.02235174447,-187500.02235174447,-187500.02235174447
não,1821.3095451962406,-7822.2611930681705,7154.905158866068,12076.178142568844,-187500.02235174447,-187500.02235174447,-187500.02235174447,-187500.02235174447
não,1571.439393930363,-7872.306748903603,6641.664402683306,12126.178994915366,-187500.02235174447,-187500.02235174447,-187500.02235174447,-187500.02235174447
não,1575.283893976676,-7919.401874470935,6516.785206411506,12118.244125633732,-187500.02235174447,-187500.02235174447,-187500.02235174447,-187500.02235174447
não,1845.6505949080702,-7865.645929055921,7074.394175338051,12058.632023171429,-187500.02235174447,-187500.02235174447,-187500.02235174447,-187500.02235174447
não,1849.5174466988383,-7823.3787802909355,7216.394807862617,12070.791372155116,-187500.02235174447,-187500.02235174447,-187500.02235174447,-187500.02235174447
não,1611.8736996500136,-7861.332042376047,6750.4279912028305,12126.000180959723,-187500.02235174447,-187500.02235174447,-187500.02235174447,-187500.02235174447
não,1536.3248033910756,-7916.607906414021,6471.9029035452495,12119.428768089863,-187500.02235174447,-187500.02235174447,-187500.02235174447,-187500.02235174447
não,1800.9694577419114,-7878.297016417625,6985.0989562391,12051.747685879194,-187500.02235174447,-187500.02235174447,-187500.02235174447,-187500.02235174447
não,1868.2482085523854,-7830.508986772179,7253.9457385475325,12048.260813744166,-187500.02235174447,-187500.02235174447,-187500.02235174447,-187500.02235174447
não,1649.7375547573038,-7859.678013286354,6851.346117418542,12099.736881224739,-187500.02235174447,-187500.02235174447,-187500.02235174447,-187500.02235174447
não,1521.1703206503776,-7907.935429565362,6466.985519765082,12133.44331186334,-187500.02235174447,-187500.02235174447,-187500.02235174447,-187500.02235174447
não,1761.1162973780988,-7887.03654849965,6885.924266090902,12079.217979814766,-187500.02235174447,-187500.02235174447,-187500.02235174447,-187500.02235174447
não,1881.9721796479441,-7835.69459148581,7251.129418746164,12041.443531685298,-187500.02235174447,-187500.02235174447,-187500.02235174447,-187500.02235174447
não,1696.922087302457,-7856.3699551069685,6938.830845216614,12080.402622270898,-187500.02235174447,-187500.02235174447,-187500.02235174447,-187500.02235174447
não,1509.5250617891625,-7906.415510942401,6481.670615872218,12132.325724640576,-187500.02235174447,-187500.02235174447,-187500.02235174447,-187500.02235174447
não,1716.5245671897612,-7889.808164812108,6797.992503403724,12084.448288017307,-187500.02235174447,-187500.02235174447,-187500.02235174447,-187500.02235174447
não,1906.6708572710584,-7820.853033167486,7260.763020606401,12048.640793399905,-187500.02235174447,-187500.02235174447,-187500.02235174447,-187500.02235174447
não,1739.3233465341743,-7825.613954736466,7033.602241707116,12078.815648414571,-187500.02235174447,-187500.02235174447,-187500.02235174447,-187500.02235174447
não,1510.0615036560898,-7886.298940932625,6521.300258791478,12129.464701350296,-187500.02235174447,-187500.02235174447,-187500.02235174447,-187500.02235174447
não,1652.7773920032255,-7916.965534325306,6670.676966986295,12086.124668851457,-187500.02235174447,-187500.02235174447,-187500.02235174447,-187500.02235174447
não,1891.9187059305557,-7845.238786368226,7212.7961770053125,12022.623362853928,-187500.02235174447,-187500.02235174447,-187500.02235174447,-187500.02235174447
não,1795.6944460504587,-7809.386588261913,7125.378504440607,12070.992537855213,-187500.02235174447,-187500.02235174447,-187500.02235174447,-187500.02235174447
não,1544.349079650531,-7874.050184971116,6585.4274136337535,12130.984619973258,-187500.02235174447,-187500.02235174447,-187500.02235174447,-187500.02235174447
não,1609.280897293198,-7902.593362640544,6577.693710052217,12117.752387255716,-187500.02235174447,-187500.02235174447,-187500.02235174447,-187500.02235174447
não,1878.9993976353883,-7845.395248579413,7155.218083288441,12042.114084018956,-187500.02235174447,-187500.02235174447,-187500.02235174447,-187500.02235174447
não,1848.981004831911,-7814.1028063419835,7214.830185750746,12052.418238212853,-187500.02235174447,-187500.02235174447,-187500.02235174447,-187500.02235174447
não,1587.3985394714523,-7871.36797563648,6675.639054255374,12114.220811631778,-187500.02235174447,-187500.02235174447,-187500.02235174447,-187500.02235174447
não,1549.0652977306006,-7911.04232204465,6486.610351396841,12100.072157391567,-187500.02235174447,-187500.02235174447,-187500.02235174447,-187500.02235174447
não,1845.069449552232,-7874.6089785825,7065.945215933945,12048.439627699809,-187500.02235174447,-187500.02235174447,-187500.02235174447,-187500.02235174447
não,1885.5484587607932,-7798.657750923366,7254.929215303567,12090.930293909347,-187500.02235174447,-187500.02235174447,-187500.02235174447,-187500.02235174447
não,1640.081601152611,-7816.360332531969,6790.907000411392,12146.742599814248,-187500.02235174447,-187500.02235174447,-187500.02235174447,-187500.02235174447
não,1535.3413266350422,-7882.163868208393,6462.761040063029,12152.17407371689,-187500.02235174447,-187500.02235174447,-187500.02235174447,-187500.02235174447
não,1802.265858920319,-7851.653737026899,6956.175798913932,12082.861314160982,-187500.02235174447,-187500.02235174447,-187500.02235174447,-187500.02235174447
não,1888.4318337955278,-7799.350655001481,7261.277110728874,12070.791372155116,-187500.02235174447,-187500.02235174447,-187500.02235174447,-187500.02235174447
não,1671.2175811788538,-7823.267021568659,6879.799888110148,12118.53469831165,-187500.02235174447,-187500.02235174447,-187500.02235174447,-187500.02235174447
não,1518.3316491045534,-7890.255199701214,6458.178932449691,12131.945744984836,-187500.02235174447,-187500.02235174447,-187500.02235174447,-187500.02235174447
não,1768.0900416481545,-7861.577911565056,6860.532684389674,12097.34524456802,-187500.02235174447,-187500.02235174447,-187500.02235174447,-187500.02235174447
não,1918.1820056655415,-7796.891963111397,7272.832962612268,12084.783564184138,-187500.02235174447,-187500.02235174447,-187500.02235174447,-187500.02235174447
não,1731.7014016749147,-7803.977466103729,6979.600427103094,12122.692122780338,-187500.02235174447,-187500.02235174447,-187500.02235174447,-187500.02235174447
não,1528.1664166648886,-7866.718812789776,6487.549124663964,12157.247919708243,-187500.02235174447,-187500.02235174447,-187500.02235174447,-187500.02235174447
não,1712.8365293546356,-7874.787792538142,6747.008174301169,12109.750462740716,-187500.02235174447,-187500.02235174447,-187500.02235174447,-187500.02235174447
não,1908.6378107831254,-7815.399207520391,7238.992421506932,12061.537749950618,-187500.02235174447,-187500.02235174447,-187500.02235174447,-187500.02235174447
não,1777.9918644418556,-7804.35744575947,7065.140553133554,12112.455023819808,-187500.02235174447,-187500.02235174447,-187500.02235174447,-187500.02235174447
não,1554.608530355517,-7848.323327103059,6544.590776513908,12169.02728903619,-187500.02235174447,-187500.02235174447,-187500.02235174447,-187500.02235174447
não,1669.3847381335186,-7870.831533769552,6653.354365033432,12126.78249201566,-187500.02235174447,-187500.02235174447,-187500.02235174447,-187500.02235174447
não,1911.9011654736003,-7811.711169685265,7208.348179858706,12075.90992163538,-187500.02235174447,-187500.02235174447,-187500.02235174447,-187500.02235174447
não,1819.1637777285312,-7795.4390997218015,7139.571862169727,12100.474488791764,-187500.02235174447,-187500.02235174447,-187500.02235174447,-187500.02235174447
não,1564.4209461713967,-7854.179484150349,6611.73541685765,12150.341230671553,-187500.02235174447,-187500.02235174447,-187500.02235174447,-187500.02235174447
não,1613.214804317332,-7874.899551260419,6566.5848930579305,12145.826178291582,-187500.02235174447,-187500.02235174447,-187500.02235174447,-187500.02235174447
não,1883.0897668707094,-7819.578983733533,7133.559242911249,12079.933235637336,-187500.02235174447,-187500.02235174447,-187500.02235174447,-187500.02235174447
não,1861.8332578937125,-7792.645131664888,7206.5153368133715,12102.933180681846,-187500.02235174447,-187500.02235174447,-187500.02235174447,-187500.02235174447
não,1612.2983827946643,-7849.820893981564,6705.2327639141995,12147.770780059192,-187500.02235174447,-187500.02235174447,-187500.02235174447,-187500.02235174447
não,1575.1944869988547,-7897.519516649189,6493.159412522246,12142.83104453457,-187500.02235174447,-187500.02235174447,-187500.02235174447,-187500.02235174447
não,1854.8371618792012,-7825.748065203198,7042.699401700426,12084.090660106023,-187500.02235174447,-187500.02235174447,-187500.02235174447,-187500.02235174447
não,1888.744758217902,-7769.533427898101,7246.413200666095,12093.366634054975,-187500.02235174447,-187500.02235174447,-187500.02235174447,-187500.02235174447
não,1658.6782525394265,-7805.564439960056,6807.1567186304,12152.486998139262,-187500.02235174447,-187500.02235174447,-187500.02235174447,-187500.02235174447
não,1550.0711262310895,-7867.679937801354,6469.287749443978,12167.127390757489,-187500.02235174447,-187500.02235174447,-187500.02235174447,-187500.02235174447
não,1808.7255130679027,-7841.662507255377,6938.160292882954,12100.116860880478,-187500.02235174447,-187500.02235174447,-187500.02235174447,-187500.02235174447
não,1909.911860217078,-7788.8676868519415,7260.785372350857,12086.77286944066,-187500.02235174447,-187500.02235174447,-187500.02235174447,-187500.02235174447
não,1705.7733781067584,-7808.1795940613265,6903.60449595505,12141.668753822894,-187500.02235174447,-187500.02235174447,-187500.02235174447,-187500.02235174447
não,1541.7786290381705,-7864.818914511075,6468.818362810417,12173.587044905073,-187500.02235174447,-187500.02235174447,-187500.02235174447,-187500.02235174447
não,1766.9948061698444,-7852.190178893827,6833.9564602323135,12121.663942535395,-187500.02235174447,-187500.02235174447,-187500.02235174447,-187500.02235174447
não,1923.0770377012539,-7789.962922330252,7261.925311318078,12088.739822952726,-187500.02235174447,-187500.02235174447,-187500.02235174447,-187500.02235174447
não,1750.655680973015,-7796.1990590332825,6999.471127923862,12127.184823415855,-187500.02235174447,-187500.02235174447,-187500.02235174447,-187500.02235174447
não,1546.763068051704,-7851.251405626704,6501.653075415263,12176.090440284068,-187500.02235174447,-187500.02235174447,-187500.02235174447,-187500.02235174447
não,1709.595526408616,-7857.331080118547,6721.326019922021,12132.169262429388,-187500.02235174447,-187500.02235174447,-187500.02235174447,-187500.02235174447
não,1925.6698400580694,-7794.388567732402,7231.6386975811365,12084.560046739585,-187500.02235174447,-187500.02235174447,-187500.02235174447,-187500.02235174447
não,1802.0646932202212,-7786.1631257728495,7087.291131888764,12123.720303025282,-187500.02235174447,-187500.02235174447,-187500.02235174447,-187500.02235174447
não,1567.0361002726675,-7843.093018900517,6562.20395114469,12177.923283329403,-187500.02235174447,-187500.02235174447,-187500.02235174447,-187500.02235174447
não,1658.633549050516,-7866.562350578589,6623.291268741044,12145.289736424655,-187500.02235174447,-187500.02235174447,-187500.02235174447,-187500.02235174447
não,1914.0916364302202,-7808.1795940613265,7180.98964464541,12093.321930566066,-187500.02235174447,-187500.02235174447,-187500.02235174447,-187500.02235174447
não,1840.3085279832517,-7786.856029850964,7154.435772232506,12115.293695365632,-187500.02235174447,-187500.02235174447,-187500.02235174447,-187500.02235174447
não,1590.080748806089,-7830.0172483941615,6635.092989813446,12173.229416993789,-187500.02235174447,-187500.02235174447,-187500.02235174447,-187500.02235174447
não,1608.9679728708236,-7864.282472644148,6543.696706735695,12159.326631942587,-187500.02235174447,-187500.02235174447,-187500.02235174447,-187500.02235174447
não,1878.1947348349972,-7808.0007801056845,7108.2570681878415,12096.942913167824,-187500.02235174447,-187500.02235174447,-187500.02235174447,-187500.02235174447
não,1867.8235254077347,-7769.600483131467,7212.90793572759,12108.230544117754,-187500.02235174447,-187500.02235174447,-187500.02235174447,-187500.02235174447
não,1630.626813248016,-7811.755873174176,6729.439703159297,12165.294547712154,-187500.02235174447,-187500.02235174447,-187500.02235174447,-187500.02235174447
não,1579.664835889916,-7864.707155788798,6486.655054885752,12167.663832624416,-187500.02235174447,-187500.02235174447,-187500.02235174447,-187500.02235174447
não,1852.5796356892154,-7826.351562303492,7013.1056920415995,12102.530849281651,-187500.02235174447,-187500.02235174447,-187500.02235174447,-187500.02235174447
não,1906.1791188930415,-7777.7141663687435,7247.508436144404,12098.753404468705,-187500.02235174447,-187500.02235174447,-187500.02235174447,-187500.02235174447
não,1677.4760696263397,-7805.609143448966,6832.704762542816,12155.660945851916,-187500.02235174447,-187500.02235174447,-187500.02235174447,-187500.02235174447
não,1549.1547047084218,-7861.823780754064,6470.539447133476,12176.760992617727,-187500.02235174447,-187500.02235174447,-187500.02235174447,-187500.02235174447
não,1801.617658331115,-7836.007515908184,6912.925173392913,12117.953552955814,-187500.02235174447,-187500.02235174447,-187500.02235174447,-187500.02235174447
não,1919.6348690551365,-7776.417765190336,7262.037070040354,12094.439517788831,-187500.02235174447,-187500.02235174447,-187500.02235174447,-187500.02235174447
não,1721.8889858590348,-7790.164088030349,6928.280821833709,12142.384009645464,-187500.02235174447,-187500.02235174447,-187500.02235174447,-187500.02235174447
não,1547.053640729623,-7852.4360480828345,6475.635644869286,12181.11958278651,-187500.02235174447,-187500.02235174447,-187500.02235174447,-187500.02235174447
não,1753.3825937965626,-7845.93169044634,6805.72620698526,12134.40443687492,-187500.02235174447,-187500.02235174447,-187500.02235174447,-187500.02235174447
não,1928.5979185817146,-7779.435250691802,7256.963224048999,12103.670788248872,-187500.02235174447,-187500.02235174447,-187500.02235174447,-187500.02235174447
não,1766.4807160473724,-7779.748175114176,7023.409846235496,12137.35486714302,-187500.02235174447,-187500.02235174447,-187500.02235174447,-187500.02235174447
não,1549.1100012195113,-7838.734428731732,6515.3993982552765,12186.573408433605,-187500.02235174447,-187500.02235174447,-187500.02235174447,-187500.02235174447
não,1701.303029215697,-7852.547806805112,6693.2522288861555,12140.752332300226,-187500.02235174447,-187500.02235174447,-187500.02235174447,-187500.02235174447
não,1923.2782034013514,-7788.286541496103,7217.087711940731,12092.472564276763,-187500.02235174447,-187500.02235174447,-187500.02235174447,-187500.02235174447
não,1814.0228765038105,-7775.881323323408,7104.345512908163,12127.58715481605,-187500.02235174447,-187500.02235174447,-187500.02235174447,-187500.02235174447
não,1584.0457778031562,-7830.196062349804,6601.677131852763,12181.208989764333,-187500.02235174447,-187500.02235174447,-187500.02235174447,-187500.02235174447
não,1652.9785577033233,-7855.609995795488,6624.520614686086,12155.12450398499,-187500.02235174447,-187500.02235174447,-187500.02235174447,-187500.02235174447
não,1901.3064386017847,-7797.16018404486,7159.286100779307,12098.77575621316,-187500.02235174447,-187500.02235174447,-187500.02235174447,-187500.02235174447
não,1852.0208420778326,-7767.566474386034,7183.001301646388,12115.405454087908,-187500.02235174447,-187500.02235174447,-187500.02235174447,-187500.02235174447
não,1601.6813041783935,-7816.74031218771,6649.286347542567,12178.996167063257,-187500.02235174447,-187500.02235174447,-187500.02235174447,-187500.02235174447
não,1607.6268682035052,-7854.9617952062845,6537.505273521576,12163.1711319889,-187500.02235174447,-187500.02235174447,-187500.02235174447,-187500.02235174447
não,1866.683586440514,-7811.532355729623,7059.530265275272,12095.467698033775,-187500.02235174447,-187500.02235174447,-187500.02235174447,-187500.02235174447
não,1881.9498279034888,-7768.058212764051,7211.276258382351,12114.041997676135,-187500.02235174447,-187500.02235174447,-187500.02235174447,-187500.02235174447
não,1647.0106419337562,-7804.089224826005,6754.741877882705,12173.922321071903,-187500.02235174447,-187500.02235174447,-187500.02235174447,-187500.02235174447
não,1570.7688415967039,-7860.482676086745,6482.028243783503,12174.905797827936,-187500.02235174447,-187500.02235174447,-187500.02235174447,-187500.02235174447
não,1835.2793854808076,-7821.814158179064,6990.575133630649,12107.381177828453,-187500.02235174447,-187500.02235174447,-187500.02235174447,-187500.02235174447
não,1905.843842726212,-7768.818172075531,7255.555064148315,12102.530849281651,-187500.02235174447,-187500.02235174447,-187500.02235174447,-187500.02235174447
não,1684.4498138963957,-7794.187402032305,6856.442315154352,12155.079800496078,-187500.02235174447,-187500.02235174447,-187500.02235174447,-187500.02235174447
não,1543.9020447614248,-7852.2572341271925,6462.09048772937,12180.65019615295,-187500.02235174447,-187500.02235174447,-187500.02235174447,-187500.02235174447
não,1785.9937889568555,-7831.179539105838,6877.698824131349,12125.396683859432,-187500.02235174447,-187500.02235174447,-187500.02235174447,-187500.02235174447
não,1920.3948283666168,-7771.410974432347,7261.1653520065975,12108.990503429235,-187500.02235174447,-187500.02235174447,-187500.02235174447,-187500.02235174447
não,1733.0648580866884,-7785.2243525057265,6954.387659357508,12152.710515583816,-187500.02235174447,-187500.02235174447,-187500.02235174447,-187500.02235174447
não,1545.2655011731986,-7847.608071280489,6479.457793171143,12177.208027506833,-187500.02235174447,-187500.02235174447,-187500.02235174447,-187500.02235174447
não,1738.8539599006128,-7846.132856146438,6769.67284317885,12125.486090837252,-187500.02235174447,-187500.02235174447,-187500.02235174447,-187500.02235174447
não,1927.2568139143962,-7779.479954180712,7245.407372165606,12090.349148553509,-187500.02235174447,-187500.02235174447,-187500.02235174447,-187500.02235174447
não,1779.109451664621,-7776.820096590531,7040.263061554798,12126.491919337741,-187500.02235174447,-187500.02235174447,-187500.02235174447,-187500.02235174447
não,1554.5861786110615,-7835.806350208087,6520.2720785465335,12176.448068195352,-187500.02235174447,-187500.02235174447,-187500.02235174447,-187500.02235174447
não,1682.661674339971,-7851.810199238086,6660.641033725862,12138.293640410142,-187500.02235174447,-187500.02235174447,-187500.02235174447,-187500.02235174447
não,1917.5114533318822,-7786.453698450769,7205.062473423776,12089.924465408858,-187500.02235174447,-187500.02235174447,-187500.02235174447,-187500.02235174447
não,1824.2599754643413,-7771.9027128103635,7119.947030537967,12116.053654677113,-187500.02235174447,-187500.02235174447,-187500.02235174447,-187500.02235174447
não,1581.117699279511,-7823.535242502123,6590.7694805585725,12170.681318125882,-187500.02235174447,-187500.02235174447,-187500.02235174447,-187500.02235174447
não,1639.2545866077646,-7853.441876583323,6574.497410595109,12153.045791750645,-187500.02235174447,-187500.02235174447,-187500.02235174447,-187500.02235174447
não,1901.7534734908909,-7797.651922422877,7142.455237204461,12093.567799755074,-187500.02235174447,-187500.02235174447,-187500.02235174447,-187500.02235174447
não,1861.3191677712402,-7766.985329030196,7186.7340429704245,12112.723244753272,-187500.02235174447,-187500.02235174447,-187500.02235174447,-187500.02235174447
não,1612.0972170945665,-7811.666466196355,6678.388318823376,12169.809600092125,-187500.02235174447,-187500.02235174447,-187500.02235174447,-187500.02235174447
não,1599.401426243952,-7858.292205130126,6506.548107450975,12164.221663978298,-187500.02235174447,-187500.02235174447,-187500.02235174447,-187500.02235174447
não,1874.2161243219525,-7810.1688993178495,7057.429201296473,12098.954570168802,-187500.02235174447,-187500.02235174447,-187500.02235174447,-187500.02235174447
não,1895.8302612102345,-7763.945491784274,7230.09642721372,12102.106166137,-187500.02235174447,-187500.02235174447,-187500.02235174447,-187500.02235174447
não,1660.309929884664,-7797.897791611886,6787.353073042998,12157.247919708243,-187500.02235174447,-187500.02235174447,-187500.02235174447,-187500.02235174447
não,1576.759109110726,-7847.675126513855,6509.185613296701,12168.826123336092,-187500.02235174447,-187500.02235174447,-187500.02235174447,-187500.02235174447
não,1806.8703182781123,-7816.9861813767175,6944.262319119253,12108.722282495772,-187500.02235174447,-187500.02235174447,-187500.02235174447,-187500.02235174447
não,1897.7301594889354,-7762.20205571676,7244.334488431751,12094.417166044375,-187500.02235174447,-187500.02235174447,-187500.02235174447,-187500.02235174447
não,1696.5197559022613,-7785.581980417011,6879.93399857688,12146.921413769891,-187500.02235174447,-187500.02235174447,-187500.02235174447,-187500.02235174447
não,1546.0478122291343,-7846.356373590991,6465.331490675389,12174.726983872293,-187500.02235174447,-187500.02235174447,-187500.02235174447,-187500.02235174447
não,1777.7683469973026,-7833.660582740376,6852.396649407941,12115.718378510282,-187500.02235174447,-187500.02235174447,-187500.02235174447,-187500.02235174447
não,1928.3520493927062,-7773.288520966593,7263.758154363412,12089.566837497574,-187500.02235174447,-187500.02235174447,-187500.02235174447,-187500.02235174447
$SILENCE,1749.2251693278754,-7776.104840767961,6985.501287639295,12135.432617119863,-187500.02235174447,-187500.02235174447,-187500.02235174447,-187500.02235174447
$SILENCE,1550.0040709977236,-7836.342792075014,6498.210906769145,12173.721155371804,-187500.02235174447,-187500.02235174447,-187500.02235174447,-187500.02235174447
$SILENCE,1724.6606021714929,-7839.628498509944,6748.505741179674,12126.626029804473,-187500.02235174447,-187500.02235174447,-187500.02235174447,-187500.02235174447
$SILENCE,1923.9934592239213,-7771.343919198981,7241.942851775033,12089.566837497574,-187500.02235174447,-187500.02235174447,-187500.02235174447,-187500.02235174447
$SILENCE,1792.6993122934477,-7765.465410407235,7067.666300257004,12122.088625680046,-187500.02235174447,-187500.02235174447,-187500.02235174447,-187500.02235174447
$SILENCE,1566.5443618946508,-7824.563422747067,6549.083477149425,12172.067126282112,-187500.02235174447,-187500.02235174447,-187500.02235174447,-187500.02235174447
$SILENCE,1678.8618777825689,-7848.345678847513,6648.861664397916,12138.248936921233,-187500.02235174447,-187500.02235174447,-187500.02235174447,-187500.02235174447
$SILENCE,1920.7301045334466,-7786.878381595419,7195.808851219279,12087.331663052042,-187500.02235174447,-187500.02235174447,-187500.02235174447,-187500.02235174447
$SILENCE,1836.776952359313,-7765.554817385057,7142.410533715551,12112.030340675157,-187500.02235174447,-187500.02235174447,-187500.02235174447,-187500.02235174447
$SILENCE,1593.2994000076533,-7814.818062164553,6619.446768694731,12172.983547804779,-187500.02235174447,-187500.02235174447,-187500.02235174447,-187500.02235174447
$SILENCE,1633.0408016491892,-7850.0891149150275,6561.779268000039,12158.097285997545,-187500.02235174447,-187500.02235174447,-187500.02235174447,-187500.02235174447
$SILENCE,1901.775825235346,-7795.483803210713,7126.809016085746,12093.76896545517,-187500.02235174447,-187500.02235174447,-187500.02235174447,-187500.02235174447
$SILENCE,1875.1772493335307,-7760.436267904791,7201.910877455578,12103.044939404124,-187500.02235174447,-187500.02235174447,-187500.02235174447,-187500.02235174447
$SILENCE,1630.827978948114,-7802.636361436411,6711.826528528515,12159.25957670922,-187500.02235174447,-187500.02235174447,-187500.02235174447,-187500.02235174447
$SILENCE,1592.248868018254,-7850.759667248687,6504.3352847499,12160.220701720798,-187500.02235174447,-187500.02235174447,-187500.02235174447,-187500.02235174447
$SILENCE,1865.454240495472,-7808.246649294692,7040.531282488261,12096.004139900702,-187500.02235174447,-187500.02235174447,-187500.02235174447,-187500.02235174447
$SILENCE,1903.1392816471198,-7764.01254701764,7243.507473886904,12094.283055577644,-187500.02235174447,-187500.02235174447,-187500.02235174447,-187500.02235174447
$SILENCE,1673.5421626022057,-7792.466317709246,6809.72716924276,12152.151721972434,-187500.02235174447,-187500.02235174447,-187500.02235174447,-187500.02235174447
$SILENCE,1566.7231758502933,-7849.731487003743,6472.037014011981,12173.721155371804,-187500.02235174447,-187500.02235174447,-187500.02235174447,-187500.02235174447
$SILENCE,1823.947051041967,-7820.853033167486,6938.4955690497845,12112.879706964459,-187500.02235174447,-187500.02235174447,-187500.02235174447,-187500.02235174447
$SILENCE,1921.5347673338376,-7762.8055528170535,7266.753288120424,12092.919599165869,-187500.02235174447,-187500.02235174447,-187500.02235174447,-187500.02235174447
$SILENCE,1715.5634421781829,-7780.463430936746,6914.981533882801,12141.758160800715,-187500.02235174447,-187500.02235174447,-187500.02235174447,-187500.02235174447
$SILENCE,1547.411268640908,-7840.366106076969,6478.6531303707525,12175.330480972587,-187500.02235174447,-187500.02235174447,-187500.02235174447,-187500.02235174447
$SILENCE,1770.8393062161574,-7830.419579794358,6835.476378855274,12118.199422144822,-187500.02235174447,-187500.02235174447,-187500.02235174447,-187500.02235174447
$SILENCE,1931.5036453609046,-7766.58299763,7266.9768055649765,12086.147020595912,-187500.02235174447,-187500.02235174447,-187500.02235174447,-187500.02235174447
$SILENCE,1763.8432102016463,-7771.925064554819,7011.451662951907,12130.716399039793,-187500.02235174447,-187500.02235174447,-187500.02235174447,-187500.02235174447
$SILENCE,1559.8388385580586,-7834.30878332958,6511.733712164607,12176.358661217531,-187500.02235174447,-187500.02235174447,-187500.02235174447,-187500.02235174447
$SILENCE,1726.1805207944537,-7840.254347354692,6724.164691467845,12135.566727586596,-187500.02235174447,-187500.02235174447,-187500.02235174447,-187500.02235174447
$SILENCE,1941.6066338547032,-7775.300177967571,7235.5726046052705,12085.007081628692,-187500.02235174447,-187500.02235174447,-187500.02235174447,-187500.02235174447
$SILENCE,1817.688562594481,-7767.3206051970255,7094.063710458721,12114.287866865143,-187500.02235174447,-187500.02235174447,-187500.02235174447,-187500.02235174447
$SILENCE,1585.856269104036,-7821.590640734511,6571.256407649089,12170.614262892517,-187500.02235174447,-187500.02235174447,-187500.02235174447,-187500.02235174447
$SILENCE,1682.4605086398733,-7847.809236980586,6630.421475222287,12139.478282866274,-187500.02235174447,-187500.02235174447,-187500.02235174447,-187500.02235174447
$SILENCE,1939.7514390649128,-7788.510058940657,7186.711691225969,12078.34626178101,-187500.02235174447,-187500.02235174447,-187500.02235174447,-187500.02235174447
$SILENCE,1876.6077609786703,-7765.711279596243,7168.629129961626,12101.122689380967,-187500.02235174447,-187500.02235174447,-187500.02235174447,-187500.02235174447
$SILENCE,1631.498531281773,-7816.405036020879,6652.750867933139,12157.02440226369,-187500.02235174447,-187500.02235174447,-187500.02235174447,-187500.02235174447
$SILENCE,1646.2283308778206,-7856.682879529343,6553.10679115138,12144.619184090994,-187500.02235174447,-187500.02235174447,-187500.02235174447,-187500.02235174447
$SILENCE,1912.5046625738935,-7800.557649202067,7114.515556635328,12088.002215385703,-187500.02235174447,-187500.02235174447,-187500.02235174447,-187500.02235174447
$SILENCE,1899.9206304455556,-7757.552892870056,7226.9448312455215,12101.882648692448,-187500.02235174447,-187500.02235174447,-187500.02235174447,-187500.02235174447
$SILENCE,1656.2866158827087,-7796.176707288827,6746.896415578892,12160.041887765157,-187500.02235174447,-187500.02235174447,-187500.02235174447,-187500.02235174447
$SILENCE,1592.6064959295388,-7847.071629413561,6498.210906769145,12164.132257000478,-187500.02235174447,-187500.02235174447,-187500.02235174447,-187500.02235174447
$SILENCE,1857.5417229582933,-7806.324399271536,7016.033770565245,12097.278189334655,-187500.02235174447,-187500.02235174447,-187500.02235174447,-187500.02235174447
$SILENCE,1912.5493660628042,-7760.05628824905,7252.5375786468485,12093.500744521707,-187500.02235174447,-187500.02235174447,-187500.02235174447,-187500.02235174447
$SILENCE,1689.0319215097336,-7786.54310542859,6841.6454603249385,12153.626937106483,-187500.02235174447,-187500.02235174447,-187500.02235174447,-187500.02235174447
$SILENCE,1566.8349345725699,-7847.764533491676,6477.826115825906,12170.010765792224,-187500.02235174447,-187500.02235174447,-187500.02235174447,-187500.02235174447
$SILENCE,1816.1462922270648,-7822.9093936573745,6915.160347838444,12105.190706871834,-187500.02235174447,-187500.02235174447,-187500.02235174447,-187500.02235174447
$SILENCE,1933.4258953840608,-7758.491666137179,7269.01081431041,12088.53865725263,-187500.02235174447,-187500.02235174447,-187500.02235174447,-187500.02235174447
$SILENCE,1742.6314047135597,-7775.0096052896515,6942.652993518472,12136.617259575994,-187500.02235174447,-187500.02235174447,-187500.02235174447,-187500.02235174447
$SILENCE,1565.8738095609915,-7837.16980661986,6487.437365941688,12173.721155371804,-187500.02235174447,-187500.02235174447,-187500.02235174447,-187500.02235174447
$SILENCE,1768.8723527040904,-7830.576042005545,6809.123672142467,12123.049750691624,-187500.02235174447,-187500.02235174447,-187500.02235174447,-187500.02235174447
$SILENCE,1942.2324826994518,-7765.8006865740645,7262.327642718273,12089.656244475394,-187500.02235174447,-187500.02235174447,-187500.02235174447,-187500.02235174447
$SILENCE,1788.6536465470372,-7767.208846474749,7034.049276596222,12130.045846706134,-187500.02235174447,-187500.02235174447,-187500.02235174447,-187500.02235174447
$SILENCE,1573.339292209064,-7826.865652425963,6527.62580247233,12172.469457682308,-187500.02235174447,-187500.02235174447,-187500.02235174447,-187500.02235174447
$SILENCE,1719.4749974578617,-7839.36027757648,6701.142394678878,12128.458872849807,-187500.02235174447,-187500.02235174447,-187500.02235174447,-187500.02235174447
$SILENCE,1946.5687211237814,-7777.8929803243855,7225.201395178008,12077.183971069333,-187500.02235174447,-187500.02235174447,-187500.02235174447,-187500.02235174447
$SILENCE,1842.141371028587,-7765.577169129511,7115.700199091459,12110.108090652,-187500.02235174447,-187500.02235174447,-187500.02235174447,-187500.02235174447
$SILENCE,1603.827071646103,-7819.780149433631,6588.422547390765,12163.394649433452,-187500.02235174447,-187500.02235174447,-187500.02235174447,-187500.02235174447
$SILENCE,1675.2855986697195,-7846.8034084800975,6604.873431309871,12136.661963064906,-187500.02235174447,-187500.02235174447,-187500.02235174447,-187500.02235174447
$SILENCE,1934.588186095737,-7782.96682631574,7171.423098018539,12084.940026395325,-187500.02235174447,-187500.02235174447,-187500.02235174447,-187500.02235174447
$SILENCE,1880.6087232361704,-7755.8765120359085,7185.3258830697405,12102.642608003927,-187500.02235174447,-187500.02235174447,-187500.02235174447,-187500.02235174447
$SILENCE,1631.4091243039518,-7801.451718980279,6675.79551646656,12158.03023076418,-187500.02235174447,-187500.02235174447,-187500.02235174447,-187500.02235174447
$SILENCE,1626.8270166906138,-7845.17173113486,6538.734619466618,12149.670678337894,-187500.02235174447,-187500.02235174447,-187500.02235174447,-187500.02235174447
$SILENCE,1903.9662961919662,-7796.914314855852,7093.393158125063,12084.604750228495,-187500.02235174447,-187500.02235174447,-187500.02235174447,-187500.02235174447
$SILENCE,1911.1859096510304,-7755.96591901373,7234.320906915773,12087.555180496596,-187500.02235174447,-187500.02235174447,-187500.02235174447,-187500.02235174447
$SILENCE,1666.0766799541332,-7791.013454319651,6769.851657134493,12147.971945759291,-187500.02235174447,-187500.02235174447,-187500.02235174447,-187500.02235174447
$SILENCE,1589.276086005698,-7845.484655557234,6488.443194442177,12159.907777298426,-187500.02235174447,-187500.02235174447,-187500.02235174447,-187500.02235174447
$SILENCE,1860.8050776487682,-7809.185422561815,6992.76560458727,12098.418128301875,-187500.02235174447,-187500.02235174447,-187500.02235174447,-187500.02235174447
$SILENCE,1933.3141366617845,-7756.882340536397,7260.114820017197,12088.136325852434,-187500.02235174447,-187500.02235174447,-187500.02235174447,-187500.02235174447
$SILENCE,1715.5410904337277,-7780.865762336942,6867.327614704087,12136.952535742825,-187500.02235174447,-187500.02235174447,-187500.02235174447,-187500.02235174447
$SILENCE,1576.3344259660753,-7839.628498509944,6475.210961724635,12163.685222111371,-187500.02235174447,-187500.02235174447,-187500.02235174447,-187500.02235174447
$SILENCE,1818.1803009724977,-7818.2155273217595,6888.047681814156,12108.811689473592,-187500.02235174447,-187500.02235174447,-187500.02235174447,-187500.02235174447
$SILENCE,1951.9331397930553,-7758.715183581732,7273.279997501373,12085.320006051064,-187500.02235174447,-187500.02235174447,-187500.02235174447,-187500.02235174447
$SILENCE,1764.2008381129313,-7769.0863930089945,6971.710261310371,12129.621163561484,-187500.02235174447,-187500.02235174447,-187500.02235174447,-187500.02235174447
$SILENCE,1575.306245721131,-7831.7159809727655,6499.529659692009,12166.434486679374,-187500.02235174447,-187500.02235174447,-187500.02235174447,-187500.02235174447
$SILENCE,1768.1794486259757,-7831.850091439497,6779.597017717007,12113.170279642378,-187500.02235174447,-187500.02235174447,-187500.02235174447,-187500.02235174447
$SILENCE,1959.7338986079574,-7767.745288341676,7253.431648425061,12076.044032102112,-187500.02235174447,-187500.02235174447,-187500.02235174447,-187500.02235174447
$SILENCE,1820.0578475067434,-7764.101953995461,7057.87623618558,12117.439462833341,-187500.02235174447,-187500.02235174447,-187500.02235174447,-187500.02235174447
$SILENCE,1588.7172923943153,-7821.612992478967,6539.449875289188,12168.736716358271,-187500.02235174447,-187500.02235174447,-187500.02235174447,-187500.02235174447
$SILENCE,1715.0046485668004,-7840.187292121326,6672.979196665192,12136.2149281758,-187500.02235174447,-187500.02235174447,-187500.02235174447,-187500.02235174447
$SILENCE,1951.262587459396,-7777.088317523995,7212.058569438287,12078.458020503285,-187500.02235174447,-187500.02235174447,-187500.02235174447,-187500.02235174447
$SILENCE,1855.0159758348439,-7758.8716457929195,7130.966440554434,12101.480317292253,-187500.02235174447,-187500.02235174447,-187500.02235174447,-187500.02235174447
$SILENCE,1616.1652345854325,-7811.9346871298185,6607.287419711044,12156.59971911904,-187500.02235174447,-187500.02235174447,-187500.02235174447,-187500.02235174447
$SILENCE,1670.6811393119265,-7845.775228235153,6584.242771177623,12136.751370042726,-187500.02235174447,-187500.02235174447,-187500.02235174447,-187500.02235174447
$SILENCE,1931.7495145499129,-7788.2194862627375,7149.943071596989,12078.636834458928,-187500.02235174447,-187500.02235174447,-187500.02235174447,-187500.02235174447
$SILENCE,1893.4386245535165,-7756.144732969372,7200.860345466179,12096.942913167824,-187500.02235174447,-187500.02235174447,-187500.02235174447,-187500.02235174447
$SILENCE,1645.0436884216892,-7798.836564879009,6699.331903377999,12151.615280105505,-187500.02235174447,-187500.02235174447,-187500.02235174447,-187500.02235174447
$SILENCE,1620.1885485873877,-7844.07649565655,6516.606392455864,12147.860187037015,-187500.02235174447,-187500.02235174447,-187500.02235174447,-187500.02235174447
$SILENCE,1896.4337583105278,-7798.054253823073,7067.085154901166,12086.102317107001,-187500.02235174447,-187500.02235174447,-187500.02235174447,-187500.02235174447
$SILENCE,1924.1275696906532,-7754.244834690671,7245.697944843525,12088.717471208272,-187500.02235174447,-187500.02235174447,-187500.02235174447,-187500.02235174447
$SILENCE,1687.5120028867725,-7786.945436828785,6796.293770825121,12144.172149201888,-187500.02235174447,-187500.02235174447,-187500.02235174447,-187500.02235174447
$SILENCE,1594.9087256084354,-7840.902547943896,6486.1633165077355,12159.818370320603,-187500.02235174447,-187500.02235174447,-187500.02235174447,-187500.02235174447
$SILENCE,1860.7827259043129,-7809.006608606173,6973.47604912234,12097.971093412769,-187500.02235174447,-187500.02235174447,-187500.02235174447,-187500.02235174447
$SILENCE,1944.4676571449827,-7753.753096312654,7271.894189345145,12082.950721138803,-187500.02235174447,-187500.02235174447,-187500.02235174447,-187500.02235174447
$SILENCE,1737.1999308109203,-7777.11066926845,6896.809565640637,12130.828157762071,-187500.02235174447,-187500.02235174447,-187500.02235174447,-187500.02235174447
$SILENCE,1588.0020365717455,-7838.667373498366,6476.99910128106,12161.651213365938,-187500.02235174447,-187500.02235174447,-187500.02235174447,-187500.02235174447
$SILENCE,1819.9684405289222,-7823.468187268757,6857.604605866028,12105.68244524985,-187500.02235174447,-187500.02235174447,-187500.02235174447,-187500.02235174447
$SILENCE,1968.361671967706,-7761.777372572109,7267.848523598734,12074.635872201428,-187500.02235174447,-187500.02235174447,-187500.02235174447,-187500.02235174447
$SILENCE,1788.273666891297,-7767.544122641579,6989.301084196697,12118.624105289473,-187500.02235174447,-187500.02235174447,-187500.02235174447,-187500.02235174447
$SILENCE,1591.757129640237,-7827.223280337248,6504.447043472176,12165.138085500967,-187500.02235174447,-187500.02235174447,-187500.02235174447,-187500.02235174447
$SILENCE,1770.1240503935876,-7832.945326917807,6754.585415671518,12112.164451141889,-187500.02235174447,-187500.02235174447,-187500.02235174447,-187500.02235174447
$SILENCE,1974.3072359928176,-7768.706413353255,7252.157598991108,12068.82441864305,-187500.02235174447,-187500.02235174447,-187500.02235174447,-187500.02235174447
$SILENCE,1845.0470978077767,-7762.224407461215,7085.9723789659,12109.571648785073,-187500.02235174447,-187500.02235174447,-187500.02235174447,-187500.02235174447
$SILENCE,1615.5393857406839,-7821.434178523324,6564.01444244557,12157.806713319625,-187500.02235174447,-187500.02235174447,-187500.02235174447,-187500.02235174447
$SILENCE,1716.9716020788674,-7843.115370644971,6656.438905768265,12121.485128579752,-187500.02235174447,-187500.02235174447,-187500.02235174447,-187500.02235174447
$SILENCE,1960.873837575178,-7775.948378556774,7204.257810623385,12069.852598887992,-187500.02235174447,-187500.02235174447,-187500.02235174447,-187500.02235174447
$SILENCE,1886.1743076055418,-7756.480009136201,7157.587368200704,12093.76896545517,-187500.02235174447,-187500.02235174447,-187500.02235174447,-187500.02235174447
$SILENCE,1638.6734412519268,-7808.805442906076,6635.0259345800805,12147.793131803648,-187500.02235174447,-187500.02235174447,-187500.02235174447,-187500.02235174447
$SILENCE,1672.5363341017169,-7845.372896834958,6570.3399861264215,12131.87868975147,-187500.02235174447,-187500.02235174447,-187500.02235174447,-187500.02235174447
$SILENCE,1941.2713576878737,-7790.722881641732,7138.02959180231,12069.67378493235,-187500.02235174447,-187500.02235174447,-187500.02235174447,-187500.02235174447
$SILENCE,1918.7407992769242,-7755.563587613534,7219.300534641807,12081.430802515843,-187500.02235174447,-187500.02235174447,-187500.02235174447,-187500.02235174447
$SILENCE,1676.8949242705019,-7797.383701489413,6731.4066566713645,12140.685277066861,-187500.02235174447,-187500.02235174447,-187500.02235174447,-187500.02235174447
$SILENCE,1633.1525603714658,-7844.881158456941,6516.226412800123,12142.227547434277,-187500.02235174447,-187500.02235174447,-187500.02235174447,-187500.02235174447
$SILENCE,1903.4969095584047,-7800.915277113352,7051.774209949281,12081.140229837923,-187500.02235174447,-187500.02235174447,-187500.02235174447,-187500.02235174447
$SILENCE,1945.4511339010162,-7752.859026534442,7259.936006061555,12080.58143622654,-187500.02235174447,-187500.02235174447,-187500.02235174447,-187500.02235174447
$SILENCE,1720.883157358546,-7783.972654816229,6828.368524118487,12135.723189797782,-187500.02235174447,-187500.02235174447,-187500.02235174447,-187500.02235174447
$SILENCE,1608.4091792594409,-7840.857844454986,6485.783336851995,12150.698858582839,-187500.02235174447,-187500.02235174447,-187500.02235174447,-187500.02235174447
$SILENCE,1861.4532782379722,-7814.035751108618,6948.330336610119,12083.598921728006,-187500.02235174447,-187500.02235174447,-187500.02235174447,-187500.02235174447
$SILENCE,1963.5560469098148,-7755.004794002151,7277.370366736694,12066.656299430884,-187500.02235174447,-187500.02235174447,-187500.02235174447,-187500.02235174447
$SILENCE,1762.5021055343277,-7774.7190326117325,6926.269164832732,12117.01477968869,-187500.02235174447,-187500.02235174447,-187500.02235174447,-187500.02235174447
$SILENCE,1595.7580918977371,-7835.046390896606,6487.638531641785,12151.324707427586,-187500.02235174447,-187500.02235174447,-187500.02235174447,-187500.02235174447
$SILENCE,1813.9111177815341,-7823.468187268757,6838.471512612286,12092.070232876567,-187500.02235174447,-187500.02235174447,-187500.02235174447,-187500.02235174447
$SILENCE,1979.7834133843678,-7760.05628824905,7275.448116713538,12062.677688917838,-187500.02235174447,-187500.02235174447,-187500.02235174447,-187500.02235174447
$SILENCE,1812.0782747361989,-7764.928968540307,7025.734427658847,12107.694102250827,-187500.02235174447,-187500.02235174447,-187500.02235174447,-187500.02235174447
$SILENCE,1606.88926063648,-7826.284507070126,6530.419770529244,12154.319841184599,-187500.02235174447,-187500.02235174447,-187500.02235174447,-187500.02235174447
$SILENCE,1767.6653585035037,-7835.9404606748185,6736.90518580737,12106.800032472614,-187500.02235174447,-187500.02235174447,-187500.02235174447,-187500.02235174447
$SILENCE,1981.3480354962392,-7771.969768043729,7244.781523320857,12056.620366170451,-187500.02235174447,-187500.02235174447,-187500.02235174447,-187500.02235174447
$SILENCE,1863.0849555832096,-7762.291462694581,7108.972324010411,12088.829229930549,-187500.02235174447,-187500.02235174447,-187500.02235174447,-187500.02235174447
$SILENCE,1624.1671591004324,-7817.612030221467,6587.841402034927,12144.663887579905,-187500.02235174447,-187500.02235174447,-187500.02235174447,-187500.02235174447
$SILENCE,1715.138759033532,-7844.143550889916,6642.916100372804,12116.59009654404,-187500.02235174447,-187500.02235174447,-187500.02235174447,-187500.02235174447
$SILENCE,1964.874799832678,-7782.2292187487155,7199.027502420843,12061.381287739432,-187500.02235174447,-187500.02235174447,-187500.02235174447,-187500.02235174447
$SILENCE,1896.8360897107232,-7758.134038225894,7184.3871098026175,12083.442459516818,-187500.02235174447,-187500.02235174447,-187500.02235174447,-187500.02235174447
$SILENCE,1647.6364907785048,-7807.844317894497,6667.771240207106,12140.238242177755,-187500.02235174447,-187500.02235174447,-187500.02235174447,-187500.02235174447
$SILENCE,1668.892999755502,-7849.731487003743,6560.3040528659885,12126.961305971303,-187500.02235174447,-187500.02235174447,-187500.02235174447,-187500.02235174447
$SILENCE,1945.4958373899267,-7795.640265421899,7121.556356138749,12066.119857563956,-187500.02235174447,-187500.02235174447,-187500.02235174447,-187500.02235174447
$SILENCE,1934.7670000513795,-7750.981480000196,7235.013810993888,12071.014889599668,-187500.02235174447,-187500.02235174447,-187500.02235174447,-187500.02235174447
$SILENCE,1688.9648662763675,-7792.578076431522,6761.246235519199,12129.129425183466,-187500.02235174447,-187500.02235174447,-187500.02235174447,-187500.02235174447
$SILENCE,1628.346935313575,-7845.618766023966,6512.538374964997,12137.98071598777,-187500.02235174447,-187500.02235174447,-187500.02235174447,-187500.02235174447
$SILENCE,1904.7709589923572,-7806.659675438366,7032.4175992509845,12073.495933234208,-187500.02235174447,-187500.02235174447,-187500.02235174447,-187500.02235174447
$SILENCE,1959.6668433745915,-7756.01062250264,7275.828096369279,12070.143171565911,-187500.02235174447,-187500.02235174447,-187500.02235174447,-187500.02235174447
$SILENCE,1724.750009149314,-7781.089279781495,6864.220722224799,12126.469567593285,-187500.02235174447,-187500.02235174447,-187500.02235174447,-187500.02235174447
$SILENCE,1602.5306704676952,-7840.857844454986,6493.80761311145,12145.177977702377,-187500.02235174447,-187500.02235174447,-187500.02235174447,-187500.02235174447
$SILENCE,1862.6379206941035,-7819.422521522346,6928.839615445092,12078.189799569822,-187500.02235174447,-187500.02235174447,-187500.02235174447,-187500.02235174447
$SILENCE,1982.7561953969237,-7760.972709771719,7285.461698229516,12055.547482436596,-187500.02235174447,-187500.02235174447,-187500.02235174447,-187500.02235174447
$SILENCE,1793.2804576492856,-7776.1271925124165,6961.361403627563,12104.67661674936,-187500.02235174447,-187500.02235174447,-187500.02235174447,-187500.02235174447
$SILENCE,1610.7561124272481,-7839.539091532122,6504.447043472176,12141.2664224227,-187500.02235174447,-187500.02235174447,-187500.02235174447,-187500.02235174447
$SILENCE,1809.5525276127491,-7831.69362922831,6819.897212969925,12088.985692141736,-187500.02235174447,-187500.02235174447,-187500.02235174447,-187500.02235174447
$SILENCE,1987.360654754717,-7767.052384263562,7279.493782459949,12057.559139437573,-187500.02235174447,-187500.02235174447,-187500.02235174447,-187500.02235174447
$SILENCE,1834.005336046855,-7768.058212764051,7057.697422229937,12098.865163190982,-187500.02235174447,-187500.02235174447,-187500.02235174447,-187500.02235174447
$SILENCE,1611.8960513944687,-7828.519681515656,6547.988241671114,12145.155625957923,-187500.02235174447,-187500.02235174447,-187500.02235174447,-187500.02235174447
$SILENCE,1750.1192391060877,-7839.740257232221,6717.101540219968,12105.01189291619,-187500.02235174447,-187500.02235174447,-187500.02235174447,-187500.02235174447
$SILENCE,1983.0691198192978,-7776.574227401523,7246.167331477086,12057.827360371037,-187500.02235174447,-187500.02235174447,-187500.02235174447,-187500.02235174447
$SILENCE,1881.905124414578,-7764.593692373478,7139.549510425271,12087.979863641247,-187500.02235174447,-187500.02235174447,-187500.02235174447,-187500.02235174447
$SILENCE,1638.114647640544,-7817.88025115493,6614.64114363684,12140.998201489236,-187500.02235174447,-187500.02235174447,-187500.02235174447,-187500.02235174447
$SILENCE,1705.1922327509205,-7847.630423024943,6627.1581205318125,12119.92050646788,-187500.02235174447,-187500.02235174447,-187500.02235174447,-187500.02235174447
$SILENCE,1962.5502184093261,-7788.644169407388,7188.6115895046705,12064.354069751987,-187500.02235174447,-187500.02235174447,-187500.02235174447,-187500.02235174447
$SILENCE,1910.3365433617287,-7759.1622184708385,7206.895316469111,12083.777735683649,-187500.02235174447,-187500.02235174447,-187500.02235174447,-187500.02235174447
$SILENCE,1664.6014648200828,-7806.749082416187,6699.689531289284,12141.378181144975,-187500.02235174447,-187500.02235174447,-187500.02235174447,-187500.02235174447
$SILENCE,1657.85123799458,-7851.519626560167,6555.63253827483,12132.817463018593,-187500.02235174447,-187500.02235174447,-187500.02235174447,-187500.02235174447
$SILENCE,1933.358840150695,-7799.015378834651,7110.782815311291,12072.981843111736,-187500.02235174447,-187500.02235174447,-187500.02235174447,-187500.02235174447
$SILENCE,1946.4569624015048,-7757.150561469861,7258.6396048831475,12077.832171658538,-187500.02235174447,-187500.02235174447,-187500.02235174447,-187500.02235174447
$SILENCE,1705.7957298512138,-7793.203925276271,6795.265590580177,12132.705704296315,-187500.02235174447,-187500.02235174447,-187500.02235174447,-187500.02235174447
$SILENCE,1625.6200224900274,-7844.769399734664,6509.073854574425,12141.758160800715,-187500.02235174447,-187500.02235174447,-187500.02235174447,-187500.02235174447
$SILENCE,1891.5387262748154,-7809.185422561815,7012.144567030021,12080.29086354862,-187500.02235174447,-187500.02235174447,-187500.02235174447,-187500.02235174447
$SILENCE,1969.3451487237394,-7757.619948103422,7287.272189530396,12070.880779132936,-187500.02235174447,-187500.02235174447,-187500.02235174447,-187500.02235174447
$SILENCE,1750.8791984175682,-7782.2292187487155,6896.854269129547,12124.748483270227,-187500.02235174447,-187500.02235174447,-187500.02235174447,-187500.02235174447
$SILENCE,1608.7891589151811,-7842.243652611215,6499.395549225277,12153.269309195199,-187500.02235174447,-187500.02235174447,-187500.02235174447,-187500.02235174447
$SILENCE,1848.9139495985448,-7823.177614590838,6909.974743124812,12097.188782356834,-187500.02235174447,-187500.02235174447,-187500.02235174447,-187500.02235174447
$SILENCE,1980.4316139735718,-7762.269110950127,7298.336303035772,12072.53480822263,-187500.02235174447,-187500.02235174447,-187500.02235174447,-187500.02235174447
$SILENCE,1794.3756931275957,-7776.104840767961,6996.118366255566,12116.478337821763,-187500.02235174447,-187500.02235174447,-187500.02235174447,-187500.02235174447
$SILENCE,1602.7318361677928,-7833.973507162751,6518.126311078824,12155.571538874095,-187500.02235174447,-187500.02235174447,-187500.02235174447,-187500.02235174447
$SILENCE,1793.6157338161152,-7834.442893796313,6796.226715591755,12102.82142195957,-187500.02235174447,-187500.02235174447,-187500.02235174447,-187500.02235174447
$SILENCE,1991.0710443342978,-7771.455677921257,7278.376195237183,12062.34241275101,-187500.02235174447,-187500.02235174447,-187500.02235174447,-187500.02235174447
$SILENCE,1850.8809031106118,-7769.756945342654,7085.391233610062,12102.083814392545,-187500.02235174447,-187500.02235174447,-187500.02235174447,-187500.02235174447
$SILENCE,1622.7813509442033,-7825.591602992011,6567.791887258517,12156.756181330227,-187500.02235174447,-187500.02235174447,-187500.02235174447,-187500.02235174447
$SILENCE,1739.949195378923,-7842.087190400028,6697.096728932468,12121.663942535395,-187500.02235174447,-187500.02235174447,-187500.02235174447,-187500.02235174447
$SILENCE,1974.776622626379,-7778.988215802696,7239.305345929307,12070.85842738848,-187500.02235174447,-187500.02235174447,-187500.02235174447,-187500.02235174447
$SILENCE,1885.3472930606954,-7761.620910360923,7163.979967114922,12098.641645746427,-187500.02235174447,-187500.02235174447,-187500.02235174447,-187500.02235174447
$SILENCE,1638.7851999742031,-7813.409902263868,6636.07646656948,12154.655117351427,-187500.02235174447,-187500.02235174447,-187500.02235174447,-187500.02235174447
$SILENCE,1688.406072664985,-7847.161036391382,6604.314637698489,12136.30433515362,-187500.02235174447,-187500.02235174447,-187500.02235174447,-187500.02235174447
$SILENCE,1954.972977038977,-7789.180611274316,7171.177228829531,12077.809819914082,-187500.02235174447,-187500.02235174447,-187500.02235174447,-187500.02235174447
$SILENCE,1924.2393284129298,-7757.82111380352,7222.787406776835,12090.930293909347,-187500.02235174447,-187500.02235174447,-187500.02235174447,-187500.02235174447
$SILENCE,1680.2476859387978,-7802.144623058394,6723.225918200722,12148.26251843721,-187500.02235174447,-187500.02235174447,-187500.02235174447,-187500.02235174447
$SILENCE,1646.3847930890076,-7849.038582925628,6541.148607867791,12147.659021336916,-187500.02235174447,-187500.02235174447,-187500.02235174447,-187500.02235174447
$SILENCE,1912.7281800184467,-7802.412843991858,7087.73816677787,12086.459945018285,-187500.02235174447,-187500.02235174447,-187500.02235174447,-187500.02235174447
$SILENCE,1939.9302530205553,-7758.089334736984,7271.469506200494,12087.331663052042,-187500.02235174447,-187500.02235174447,-187500.02235174447,-187500.02235174447
$SILENCE,1707.9638490633786,-7790.432308963813,6825.440445594842,12142.361657901009,-187500.02235174447,-187500.02235174447,-187500.02235174447,-187500.02235174447
$SILENCE,1610.1079118380442,-7845.104675901494,6506.391645239788,12160.377163931986,-187500.02235174447,-187500.02235174447,-187500.02235174447,-187500.02235174447
$SILENCE,1870.3045690422737,-7814.996876120195,6985.434232405929,12096.451174789809,-187500.02235174447,-187500.02235174447,-187500.02235174447,-187500.02235174447
$SILENCE,1969.2557417459182,-7759.832770804498,7288.725052919991,12080.804953671093,-187500.02235174447,-187500.02235174447,-187500.02235174447,-187500.02235174447
$SILENCE,1765.139611380054,-7781.513962926146,6919.787158940692,12131.945744984836,-187500.02235174447,-187500.02235174447,-187500.02235174447,-187500.02235174447
$SILENCE,1603.9164786239241,-7840.9919549217175,6498.680293402707,12162.612338377518,-187500.02235174447,-187500.02235174447,-187500.02235174447,-187500.02235174447
$SILENCE,1828.5738621442156,-7827.513853015167,6876.737699119771,12106.1071283945,-187500.02235174447,-187500.02235174447,-187500.02235174447,-187500.02235174447
$SILENCE,1976.0730238047868,-7766.359480185447,7292.904829133133,12078.659186203384,-187500.02235174447,-187500.02235174447,-187500.02235174447,-187500.02235174447
$SILENCE,1803.3163909097186,-7774.316701211536,7021.889927612535,12122.87093673598,-187500.02235174447,-187500.02235174447,-187500.02235174447,-187500.02235174447
$SILENCE,1601.8824698784913,-7834.688762985321,6533.213738586157,12164.892216311959,-187500.02235174447,-187500.02235174447,-187500.02235174447,-187500.02235174447
$SILENCE,1770.660492260515,-7840.231995610237,6770.432802490331,12117.484166322252,-187500.02235174447,-187500.02235174447,-187500.02235174447,-187500.02235174447
$SILENCE,1980.2080965290186,-7775.076660523017,7268.362613721206,12074.814686157071,-187500.02235174447,-187500.02235174447,-187500.02235174447,-187500.02235174447
não,1848.2210455204304,-7765.6218726184225,7106.893611776068,12112.991465686735,-187500.02235174447,-187500.02235174447,-187500.02235174447,-187500.02235174447
não,1615.114702596033,-7822.350600045991,6581.985244987637,12162.053544766135,-187500.02235174447,-187500.02235174447,-187500.02235174447,-187500.02235174447
não,1723.4536079709064,-7846.423428824357,6667.100687873446,12130.69404729534,-187500.02235174447,-187500.02235174447,-187500.02235174447,-187500.02235174447
não,1965.5453521663371,-7784.151468771872,7221.200432920508,12080.424974015354,-187500.02235174447,-187500.02235174447,-187500.02235174447,-187500.02235174447
não,1885.7943279498015,-7761.330337683004,7180.408499289572,12106.241238861232,-187500.02235174447,-187500.02235174447,-187500.02235174447,-187500.02235174447
não,1637.3770400735189,-7809.945381873296,6657.1541615908345,12161.271233710198,-187500.02235174447,-187500.02235174447,-187500.02235174447,-187500.02235174447
não,1663.729746786326,-7847.026925924651,6583.996901988614,12144.865053280004,-187500.02235174447,-187500.02235174447,-187500.02235174447,-187500.02235174447
não,1934.945814007022,-7792.980407831718,7148.736077396403,12083.643625216917,-187500.02235174447,-187500.02235174447,-187500.02235174447,-187500.02235174447
não,1917.7573225208907,-7757.329375425503,7233.493892370927,12093.992482899725,-187500.02235174447,-187500.02235174447,-187500.02235174447,-187500.02235174447
não,1680.4935551278063,-7798.4342334788125,6746.00234580068,12151.727038827783,-187500.02235174447,-187500.02235174447,-187500.02235174447,-187500.02235174447
não,1633.7784092162144,-7848.278623614147,6523.378971025822,12152.486998139262,-187500.02235174447,-187500.02235174447,-187500.02235174447,-187500.02235174447
não,1902.200508379997,-7805.631495193422,7054.881102428568,12090.907942164891,-187500.02235174447,-187500.02235174447,-187500.02235174447,-187500.02235174447
não,1941.9866135104435,-7757.731706825699,7269.301386988329,12090.751479953704,-187500.02235174447,-187500.02235174447,-187500.02235174447,-187500.02235174447
não,1711.5848316651384,-7785.134945527905,6843.791227792648,12147.390800403453,-187500.02235174447,-187500.02235174447,-187500.02235174447,-187500.02235174447
não,1598.1050250655444,-7840.477864799245,6497.607409668853,12167.909701813425,-187500.02235174447,-187500.02235174447,-187500.02235174447,-187500.02235174447
não,1855.820638635235,-7815.734483687221,6953.0912581791,12100.072157391567,-187500.02235174447,-187500.02235174447,-187500.02235174447,-187500.02235174447
não,1964.2042474990187,-7758.782238815098,7285.77462265189,12080.804953671093,-187500.02235174447,-187500.02235174447,-187500.02235174447,-187500.02235174447
não,1762.1891811119535,-7776.417765190336,6937.847368460581,12130.939916484347,-187500.02235174447,-187500.02235174447,-187500.02235174447,-187500.02235174447
não,1590.0583970616337,-7834.97933566324,6492.913543333238,12164.847512823048,-187500.02235174447,-187500.02235174447,-187500.02235174447,-187500.02235174447
não,1806.3562281556403,-7824.831643680531,6840.170245190889,12111.426843574864,-187500.02235174447,-187500.02235174447,-187500.02235174447,-187500.02235174447
não,1971.6250266581808,-7761.620910360923,7286.065195329809,12086.437593273831,-187500.02235174447,-187500.02235174447,-187500.02235174447,-187500.02235174447
não,1807.652629334048,-7765.174837729316,7036.865596397591,12130.381122872965,-187500.02235174447,-187500.02235174447,-187500.02235174447,-187500.02235174447
não,1593.7464348967594,-7824.809291936075,6529.346886795389,12172.2235884933,-187500.02235174447,-187500.02235174447,-187500.02235174447,-187500.02235174447
não,1745.6712419594817,-7835.02403915215,6727.204528713767,12127.520099582685,-187500.02235174447,-187500.02235174447,-187500.02235174447,-187500.02235174447
não,1976.0730238047868,-7769.10874475345,7268.429668954572,12082.257817060688,-187500.02235174447,-187500.02235174447,-187500.02235174447,-187500.02235174447
não,1849.3162809987405,-7755.697698080266,7132.486359177395,12121.328666368565,-187500.02235174447,-187500.02235174447,-187500.02235174447,-187500.02235174447
não,1607.5821647145945,-7812.1135010854605,6597.899687039815,12175.50929492823,-187500.02235174447,-187500.02235174447,-187500.02235174447,-187500.02235174447
não,1691.244744210809,-7830.330172816536,6637.417571236798,12146.07204748059,-187500.02235174447,-187500.02235174447,-187500.02235174447,-187500.02235174447
não,1934.297613417818,-7781.11163152595,7165.388127015606,12096.96526491228,-187500.02235174447,-187500.02235174447,-187500.02235174447,-187500.02235174447
não,1879.6252464801369,-7749.930948010797,7175.84874342069,12119.294657623132,-187500.02235174447,-187500.02235174447,-187500.02235174447,-187500.02235174447
não,1641.3556505865636,-7789.404128718869,6686.837278227482,12186.372242733509,-187500.02235174447,-187500.02235174447,-187500.02235174447,-187500.02235174447
não,1651.369232102541,-7835.046390896606,6574.072727450458,12177.431544951385,-187500.02235174447,-187500.02235174447,-187500.02235174447,-187500.02235174447
não,1922.3394301342287,-7786.699567639776,7104.412568141529,12108.364654584486,-187500.02235174447,-187500.02235174447,-187500.02235174447,-187500.02235174447
não,1909.3754183501505,-7749.550968355056,7226.4754446119605,12107.44823306182,-187500.02235174447,-187500.02235174447,-187500.02235174447,-187500.02235174447
não,1667.1272119435325,-7784.218524005238,6771.1480583129005,12171.59773964855,-187500.02235174447,-187500.02235174447,-187500.02235174447,-187500.02235174447
não,1602.8659466345248,-7836.007515908184,6488.443194442177,12185.232303766288,-187500.02235174447,-187500.02235174447,-187500.02235174447,-187500.02235174447
não,1883.3132843152625,-7785.716090883743,6997.124194756055,12134.426788619374,-187500.02235174447,-187500.02235174447,-187500.02235174447,-187500.02235174447
não,1895.651447254592,-7767.0300325191065,7222.206261420997,12109.079910407056,-187500.02235174447,-187500.02235174447,-187500.02235174447,-187500.02235174447
não,1684.338055174119,-7785.984311817207,6844.372373148486,12189.993225335267,-187500.02235174447,-187500.02235174447,-187500.02235174447,-187500.02235174447
não,1559.4812106467737,-7844.322364845559,6471.522923889509,12215.004827380757,-187500.02235174447,-187500.02235174447,-187500.02235174447,-187500.02235174447
não,1817.9567835279447,-7801.49642246919,6895.490812717773,12168.535550658173,-187500.02235174447,-187500.02235174447,-187500.02235174447,-187500.02235174447
não,1945.3393751787396,-7742.733686296187,7266.909750331611,12143.456893379318,-187500.02235174447,-187500.02235174447,-187500.02235174447,-187500.02235174447
não,1727.7451429063253,-7775.210770989749,6922.379961297508,12168.624957635995,-187500.02235174447,-187500.02235174447,-187500.02235174447,-187500.02235174447
não,1543.410306383408,-7824.116387857961,6446.377211377288,12219.721045460827,-187500.02235174447,-187500.02235174447,-187500.02235174447,-187500.02235174447
não,1700.0736832706552,-7870.518609347178,6713.458205873752,12139.478282866274,-187500.02235174447,-187500.02235174447,-187500.02235174447,-187500.02235174447
não,1908.9507352054998,-7787.839506606997,7192.321979084251,12115.24899187672,-187500.02235174447,-187500.02235174447,-187500.02235174447,-187500.02235174447
não,1771.2416376163528,-7765.331299940503,6994.5537441436945,12173.899969327447,-187500.02235174447,-187500.02235174447,-187500.02235174447,-187500.02235174447
não,1554.183847210866,-7820.696570956299,6495.2828282455,12246.051400429178,-187500.02235174447,-187500.02235174447,-187500.02235174447,-187500.02235174447
não,1700.4760146708506,-7825.681009969832,6659.724612203195,12174.190542005366,-187500.02235174447,-187500.02235174447,-187500.02235174447,-187500.02235174447
não,1902.133453146631,-7794.54502994359,7163.130600825621,12085.208247328788,-187500.02235174447,-187500.02235174447,-187500.02235174447,-187500.02235174447
não,1802.4893763648722,-7788.107727540461,7122.964516039434,12133.063332207601,-187500.02235174447,-187500.02235174447,-187500.02235174447,-187500.02235174447
não,1617.9086706529465,-7768.818172075531,6679.997644424158,12251.438170842906,-187500.02235174447,-187500.02235174447,-187500.02235174447,-187500.02235174447
não,1657.0689269386444,-7820.964791889763,6632.522539201086,12197.749280661259,-187500.02235174447,-187500.02235174447,-187500.02235174447,-187500.02235174447
não,1855.105382812665,-7825.301030314092,7064.224131610887,12088.918636908369,-187500.02235174447,-187500.02235174447,-187500.02235174447,-187500.02235174447
não,1778.3941958420512,-7841.081361899539,7025.6673724254815,12081.944892638314,-187500.02235174447,-187500.02235174447,-187500.02235174447,-187500.02235174447
não,1573.5181061647065,-7848.569196292066,6593.183468959745,12181.432507208885,-187500.02235174447,-187500.02235174447,-187500.02235174447,-187500.02235174447
não,1601.4354349893852,-7858.627481296955,6486.610351396841,12219.542231505184,-187500.02235174447,-187500.02235174447,-187500.02235174447,-187500.02235174447
não,1885.32494131624,-7804.580963204023,7056.0657448847,12142.004029989725,-187500.02235174447,-187500.02235174447,-187500.02235174447,-187500.02235174447
não,1913.3540288631953,-7754.267186435126,7252.470523413483,12165.40630643443,-187500.02235174447,-187500.02235174447,-187500.02235174447,-187500.02235174447
não,1657.8959414834908,-7781.692776881788,6740.347354453487,12185.36641423302,-187500.02235174447,-187500.02235174447,-187500.02235174447,-187500.02235174447
não,1577.0720335331005,-7841.908376444385,6421.0079814205155,12177.878579840492,-187500.02235174447,-187500.02235174447,-187500.02235174447,-187500.02235174447
não,1814.5369666262827,-7850.424391081857,6905.906725633947,12101.368558569975,-187500.02235174447,-187500.02235174447,-187500.02235174447,-187500.02235174447
não,1904.3462758477065,-7796.8472596224865,7214.070226439265,12113.170279642378,-187500.02235174447,-187500.02235174447,-187500.02235174447,-187500.02235174447
não,1719.5867561801383,-7789.627646163422,6863.349004191042,12199.805641151148,-187500.02235174447,-187500.02235174447,-187500.02235174447,-187500.02235174447
não,1578.8378213450696,-7844.702344501298,6467.2090372096345,12223.923173418425,-187500.02235174447,-187500.02235174447,-187500.02235174447,-187500.02235174447
não,1821.3766004296067,-7815.958001131774,6880.559847421629,12168.982585547279,-187500.02235174447,-187500.02235174447,-187500.02235174447,-187500.02235174447
não,1985.1478320536414,-7719.398465084847,7302.15845133763,12170.927187314892,-187500.02235174447,-187500.02235174447,-187500.02235174447,-187500.02235174447
não,1807.2279461893972,-7725.522843065602,7012.077511796655,12224.280801329709,-187500.02235174447,-187500.02235174447,-187500.02235174447,-187500.02235174447
não,1549.5123326197067,-7863.321347632569,6469.645377355263,12204.007769108746,-187500.02235174447,-187500.02235174447,-187500.02235174447,-187500.02235174447
não,1768.0676899036994,-7838.957946176285,6773.942026369814,12191.736661402781,-187500.02235174447,-187500.02235174447,-187500.02235174447,-187500.02235174447
não,1984.5666866978036,-7747.136979953883,7284.835849384767,12172.737678615771,-187500.02235174447,-187500.02235174447,-187500.02235174447,-187500.02235174447
não,1855.9323973575113,-7733.323601880504,7111.341608922674,12223.744359462782,-187500.02235174447,-187500.02235174447,-187500.02235174447,-187500.02235174447
não,1636.661784250949,-7775.166067500838,6596.089195738936,12278.640243845015,-187500.02235174447,-187500.02235174447,-187500.02235174447,-187500.02235174447
não,1760.8480764446351,-7788.77827987412,6722.644772844884,12244.75499925077,-187500.02235174447,-187500.02235174447,-187500.02235174447,-187500.02235174447
não,1966.9758638114768,-7775.411936689847,7243.887453542645,12165.249844223243,-187500.02235174447,-187500.02235174447,-187500.02235174447,-187500.02235174447
não,1893.7291972314356,-7745.304136908548,7185.839973192213,12210.825051167614,-187500.02235174447,-187500.02235174447,-187500.02235174447,-187500.02235174447
não,1656.5548368161724,-7775.143715756383,6661.512751759619,12274.66163333197,-187500.02235174447,-187500.02235174447,-187500.02235174447,-187500.02235174447
não,1713.3506194771076,-7803.709245170266,6637.88695787036,12264.692755304904,-187500.02235174447,-187500.02235174447,-187500.02235174447,-187500.02235174447
não,1989.5734774557923,-7738.598613571956,7216.2606973958855,12205.773556920714,-187500.02235174447,-187500.02235174447,-187500.02235174447,-187500.02235174447
não,1969.970997568488,-7689.536534492557,7285.908733118622,12233.959106678856,-187500.02235174447,-187500.02235174447,-187500.02235174447,-187500.02235174447
não,1713.6188404105712,-7754.20013120176,6774.120840325456,12281.791839813213,-187500.02235174447,-187500.02235174447,-187500.02235174447,-187500.02235174447
não,1676.2690754257533,-7820.473053511746,6577.9172274967705,12266.369136139052,-187500.02235174447,-187500.02235174447,-187500.02235174447,-187500.02235174447
não,1966.5958841557367,-7758.2234452037155,7131.547585910272,12211.763824434736,-187500.02235174447,-187500.02235174447,-187500.02235174447,-187500.02235174447
não,1998.1118438377196,-7705.227459100182,7319.145777123664,12213.954295391357,-187500.02235174447,-187500.02235174447,-187500.02235174447,-187500.02235174447
não,1770.168753882498,-7733.413008858324,6885.298417246154,12271.085354219122,-187500.02235174447,-187500.02235174447,-187500.02235174447,-187500.02235174447
não,1674.8609155250688,-7791.169916530838,6571.524628582553,12277.545008366706,-187500.02235174447,-187500.02235174447,-187500.02235174447,-187500.02235174447
não,1948.4686194024825,-7768.706413353255,7059.463210041906,12211.696769201371,-187500.02235174447,-187500.02235174447,-187500.02235174447,-187500.02235174447
não,2048.4032688621605,-7712.625886514889,7373.594626616791,12193.144821303466,-187500.02235174447,-187500.02235174447,-187500.02235174447,-187500.02235174447
não,1834.1617982580422,-7729.233232645182,7007.853032094602,12251.125246420534,-187500.02235174447,-187500.02235174447,-187500.02235174447,-187500.02235174447
não,1672.312816657164,-7782.363329215447,6585.941503756226,12282.28357819123,-187500.02235174447,-187500.02235174447,-187500.02235174447,-187500.02235174447
não,1895.070301898754,-7772.729727355209,6954.789990757703,12203.672492941916,-187500.02235174447,-187500.02235174447,-187500.02235174447,-187500.02235174447
não,2041.8095042478449,-7711.105967891928,7370.420678904138,12170.055469281135,-187500.02235174447,-187500.02235174447,-187500.02235174447,-187500.02235174447
não,1862.7273276719247,-7713.9669911822075,7103.272629174308,12222.090330373088,-187500.02235174447,-187500.02235174447,-187500.02235174447,-187500.02235174447
não,1650.8104384911585,-7775.255474478659,6607.332123199955,12265.117438449555,-187500.02235174447,-187500.02235174447,-187500.02235174447,-187500.02235174447
não,1829.8032080892574,-7791.616951419945,6849.2227016952875,12218.111719860044,-187500.02235174447,-187500.02235174447,-187500.02235174447,-187500.02235174447
não,2043.061201937342,-7725.38873259887,7359.714193310046,12169.273158225198,-187500.02235174447,-187500.02235174447,-187500.02235174447,-187500.02235174447
não,1908.3025346162958,-7705.585087011467,7197.909915198078,12200.900876629457,-187500.02235174447,-187500.02235174447,-187500.02235174447,-187500.02235174447
não,1665.696700298393,-7763.900788295364,6667.614777995918,12253.941566221902,-187500.02235174447,-187500.02235174447,-187500.02235174447,-187500.02235174447
não,1774.594399284649,-7793.248628765182,6748.461037690764,12219.072844871622,-187500.02235174447,-187500.02235174447,-187500.02235174447,-187500.02235174447
não,2033.2040826325517,-7734.329430380993,7308.953381652043,12164.802809334136,-187500.02235174447,-187500.02235174447,-187500.02235174447,-187500.02235174447
não,1960.8291340862675,-7718.772616240099,7267.289729987351,12190.149687546455,-187500.02235174447,-187500.02235174447,-187500.02235174447,-187500.02235174447
não,1712.501253187806,-7762.023241761118,6740.593223642496,12240.508167804262,-187500.02235174447,-187500.02235174447,-187500.02235174447,-187500.02235174447
não,1743.9278058919676,-7789.895867096886,6665.536065761575,12231.411007810952,-187500.02235174447,-187500.02235174447,-187500.02235174447,-187500.02235174447
não,2020.1059603817416,-7734.821168759009,7224.866119011179,12165.898044812448,-187500.02235174447,-187500.02235174447,-187500.02235174447,-187500.02235174447
não,2012.6851812225798,-7703.416967799302,7326.253631860452,12177.185675762377,-187500.02235174447,-187500.02235174447,-187500.02235174447,-187500.02235174447
não,1768.4923730483501,-7742.0854857069835,6849.781495306671,12243.190377138899,-187500.02235174447,-187500.02235174447,-187500.02235174447,-187500.02235174447
não,1700.2524972262977,-7788.621817662933,6600.850117307916,12238.496510803285,-187500.02235174447,-187500.02235174447,-187500.02235174447,-187500.02235174447
não,1960.7173753639909,-7743.448942118757,7134.229795244908,12167.105039013033,-187500.02235174447,-187500.02235174447,-187500.02235174447,-187500.02235174447
não,1998.8270996602894,-7701.897049176342,7367.783173058412,12151.592928361051,-187500.02235174447,-187500.02235174447,-187500.02235174447,-187500.02235174447
não,1770.9510649384338,-7737.615136815923,6935.299269592675,12211.517955245728,-187500.02235174447,-187500.02235174447,-187500.02235174447,-187500.02235174447
não,1658.4547350948735,-7776.440116934791,6576.9784542296475,12258.166045923954,-187500.02235174447,-187500.02235174447,-187500.02235174447,-187500.02235174447
não,1907.1402439046199,-7742.934851996286,7021.778168890259,12189.970873590813,-187500.02235174447,-187500.02235174447,-187500.02235174447,-187500.02235174447
não,2013.3333818117837,-7691.861115915909,7358.8871787652,12160.31010869862,-187500.02235174447,-187500.02235174447,-187500.02235174447,-187500.02235174447
não,1819.9684405289222,-7713.05056965954,7026.293221270231,12211.89793490147,-187500.02235174447,-187500.02235174447,-187500.02235174447,-187500.02235174447
não,1644.596653532583,-7776.440116934791,6574.698576295206,12246.476083573829,-187500.02235174447,-187500.02235174447,-187500.02235174447,-187500.02235174447
não,1859.106345070165,-7774.227294233716,6912.70165594836,12188.585065434583,-187500.02235174447,-187500.02235174447,-187500.02235174447,-187500.02235174447
não,2028.063181407831,-7715.911592949819,7355.489713607993,12155.392724918453,-187500.02235174447,-187500.02235174447,-187500.02235174447,-187500.02235174447
não,1859.8216008927348,-7706.7473777231435,7104.12199546361,12202.800774908159,-187500.02235174447,-187500.02235174447,-187500.02235174447,-187500.02235174447
não,1636.795894717681,-7761.553855127556,6598.97257077367,12241.692810260392,-187500.02235174447,-187500.02235174447,-187500.02235174447,-187500.02235174447
não,1791.9170012375118,-7779.032919291606,6795.623218491462,12199.582123706596,-187500.02235174447,-187500.02235174447,-187500.02235174447,-187500.02235174447
não,2010.0476753768535,-7716.7833109835765,7313.356675309739,12140.439407877851,-187500.02235174447,-187500.02235174447,-187500.02235174447,-187500.02235174447
não,1899.3394850897178,-7709.898973691342,7185.996435403399,12175.576350161595,-187500.02235174447,-187500.02235174447,-187500.02235174447,-187500.02235174447
não,1657.6500722944825,-7765.666576107333,6651.163894076812,12232.95327817837,-187500.02235174447,-187500.02235174447,-187500.02235174447,-187500.02235174447
não,1736.976413366367,-7792.354558986969,6689.27361837311,12204.141879575478,-187500.02235174447,-187500.02235174447,-187500.02235174447,-187500.02235174447
não,1992.0545210903313,-7732.116607679917,7251.665860613091,12144.999163746736,-187500.02235174447,-187500.02235174447,-187500.02235174447,-187500.02235174447
não,1932.9565087504996,-7701.673531731789,7245.697944843525,12165.696879112349,-187500.02235174447,-187500.02235174447,-187500.02235174447,-187500.02235174447
não,1685.5897528636162,-7752.7696195566205,6729.506758392663,12229.13112987651,-187500.02235174447,-187500.02235174447,-187500.02235174447,-187500.02235174447
não,1692.2729244557531,-7799.551820701578,6611.556602902008,12220.056321627657,-187500.02235174447,-187500.02235174447,-187500.02235174447,-187500.02235174447
não,1966.4617736890048,-7741.616099073422,7173.188885830508,12158.074934253089,-187500.02235174447,-187500.02235174447,-187500.02235174447,-187500.02235174447
não,1962.5055149204154,-7701.539421265057,7296.570515223803,12163.864036067014,-187500.02235174447,-187500.02235174447,-187500.02235174447,-187500.02235174447
não,1717.9550788349009,-7740.230290917193,6820.1654339033885,12215.541269247684,-187500.02235174447,-187500.02235174447,-187500.02235174447,-187500.02235174447
não,1650.6092727910607,-7797.048425322584,6552.279776606533,12217.530574504206,-187500.02235174447,-187500.02235174447,-187500.02235174447,-187500.02235174447
não,1919.3666481216728,-7763.856084806453,7072.538980548261,12157.0691057526,-187500.02235174447,-187500.02235174447,-187500.02235174447,-187500.02235174447
não,1980.386910484661,-7712.715293492711,7322.297373091862,12150.877672538481,-187500.02235174447,-187500.02235174447,-187500.02235174447,-187500.02235174447
não,1757.9870531543559,-7740.163235683827,6909.41594951343,12202.107870830045,-187500.02235174447,-187500.02235174447,-187500.02235174447,-187500.02235174447
não,1627.5199207687285,-7789.87351535243,6531.984392641115,12223.1855658514,-187500.02235174447,-187500.02235174447,-187500.02235174447,-187500.02235174447
não,1867.6670631965476,-7769.980462787207,6961.808438516669,12158.633727864471,-187500.02235174447,-187500.02235174447,-187500.02235174447,-187500.02235174447
não,1993.417977502105,-7714.011694671118,7330.098131906764,12137.73484679876,-187500.02235174447,-187500.02235174447,-187500.02235174447,-187500.02235174447
não,1803.1822804429867,-7728.696790778255,7005.506098926795,12184.785268877182,-187500.02235174447,-187500.02235174447,-187500.02235174447,-187500.02235174447
não,1615.9193653964242,-7789.9852740747065,6531.291488563,12221.12920536151,-187500.02235174447,-187500.02235174447,-187500.02235174447,-187500.02235174447
não,1805.1045304661432,-7794.097995054483,6832.905928242913,12166.143914001455,-187500.02235174447,-187500.02235174447,-187500.02235174447,-187500.02235174447
não,1985.930143109577,-7725.969877954707,7301.599657726248,12141.154663700423,-187500.02235174447,-187500.02235174447,-187500.02235174447,-187500.02235174447
não,1844.3765454741176,-7715.419854571803,7092.141460435565,12182.17011477591,-187500.02235174447,-187500.02235174447,-187500.02235174447,-187500.02235174447
não,1628.6151562470386,-7774.987253545196,6579.101869952902,12219.65399022746,-187500.02235174447,-187500.02235174447,-187500.02235174447,-187500.02235174447
não,1761.0939456336434,-7794.232105521215,6732.5242438941295,12177.096268784557,-187500.02235174447,-187500.02235174447,-187500.02235174447,-187500.02235174447
não,1984.4102244866162,-7733.614174558423,7266.619177653692,12126.804843760116,-187500.02235174447,-187500.02235174447,-187500.02235174447,-187500.02235174447
não,1882.4862697704161,-7720.784273241076,7169.9478828844885,12157.538492386162,-187500.02235174447,-187500.02235174447,-187500.02235174447,-187500.02235174447
não,1639.3663453300412,-7775.881323323408,6638.222234037189,12210.042740111678,-187500.02235174447,-187500.02235174447,-187500.02235174447,-187500.02235174447
não,1704.6334391395378,-7802.792823647598,6633.506015957119,12188.249789267755,-187500.02235174447,-187500.02235174447,-187500.02235174447,-187500.02235174447
não,1968.6075411567142,-7743.806570030042,7200.905048955089,12132.25866940721,-187500.02235174447,-187500.02235174447,-187500.02235174447,-187500.02235174447
não,1925.9157092470778,-7712.581183025978,7235.796122049824,12156.376201674486,-187500.02235174447,-187500.02235174447,-187500.02235174447,-187500.02235174447
não,1675.1514882029878,-7757.977576014707,6725.081112990512,12209.662760455938,-187500.02235174447,-187500.02235174447,-187500.02235174447,-187500.02235174447
não,1660.466392095851,-7805.050349837584,6562.405116844788,12201.88435338549,-187500.02235174447,-187500.02235174447,-187500.02235174447,-187500.02235174447
não,1935.325793662762,-7760.793895816076,7113.465024645928,12139.254765421721,-187500.02235174447,-187500.02235174447,-187500.02235174447,-187500.02235174447
não,1949.6085583697031,-7719.152595895839,7271.402450967128,12143.21102419031,-187500.02235174447,-187500.02235174447,-187500.02235174447,-187500.02235174447
não,1712.9929915658226,-7751.58497710049,6814.197518133822,12201.526725474207,-187500.02235174447,-187500.02235174447,-187500.02235174447,-187500.02235174447
não,1628.1234178690218,-7804.7150736707545,6516.405226755765,12210.310961045143,-187500.02235174447,-187500.02235174447,-187500.02235174447,-187500.02235174447
não,1896.2549443548853,-7770.293387209581,7015.139700787032,12149.268346937699,-187500.02235174447,-187500.02235174447,-187500.02235174447,-187500.02235174447
não,1975.134250537664,-7721.454825574735,7300.2585530589295,12138.852434021526,-187500.02235174447,-187500.02235174447,-187500.02235174447,-187500.02235174447
não,1758.8587711881128,-7742.465465362724,6914.422740271419,12188.719175901315,-187500.02235174447,-187500.02235174447,-187500.02235174447,-187500.02235174447
não,1607.760978670237,-7802.904582369874,6503.508270205053,12213.127280846511,-187500.02235174447,-187500.02235174447,-187500.02235174447,-187500.02235174447
não,1842.5437024287824,-7786.476050195223,6900.721120920315,12152.509349883718,-187500.02235174447,-187500.02235174447,-187500.02235174447,-187500.02235174447
não,1986.5112884654152,-7721.231308130183,7300.884401903678,12127.408340860407,-187500.02235174447,-187500.02235174447,-187500.02235174447,-187500.02235174447
não,1805.9538967554447,-7733.524767580601,7009.752930373304,12177.610358907028,-187500.02235174447,-187500.02235174447,-187500.02235174447,-187500.02235174447
não,1609.8396909045805,-7794.075643310028,6523.267212303545,12216.144766347978,-187500.02235174447,-187500.02235174447,-187500.02235174447,-187500.02235174447
não,1795.5379838392716,-7792.846297364986,6790.303503311098,12159.572501131595,-187500.02235174447,-187500.02235174447,-187500.02235174447,-187500.02235174447
não,1991.7863001568676,-7729.657915789833,7280.209038282519,12122.200384402322,-187500.02235174447,-187500.02235174447,-187500.02235174447,-187500.02235174447
não,1849.942129843489,-7726.126340165894,7097.841155271668,12163.752277344738,-187500.02235174447,-187500.02235174447,-187500.02235174447,-187500.02235174447
não,1613.4159700174298,-7785.291407739092,6569.915302981771,12215.630676225504,-187500.02235174447,-187500.02235174447,-187500.02235174447,-187500.02235174447
não,1728.5721574511717,-7805.564439960056,6679.550609535052,12175.308129228131,-187500.02235174447,-187500.02235174447,-187500.02235174447,-187500.02235174447
não,1975.3801197266723,-7743.583052585489,7233.203319693008,12123.005047202712,-187500.02235174447,-187500.02235174447,-187500.02235174447,-187500.02235174447
não,1889.683531485025,-7723.399427342347,7172.540685241304,12151.659983594416,-187500.02235174447,-187500.02235174447,-187500.02235174447,-187500.02235174447
não,1639.567511030139,-7773.087355266494,6644.860702140415,12210.51212674524,-187500.02235174447,-187500.02235174447,-187500.02235174447,-187500.02235174447
não,1680.0465202387002,-7809.923030128841,6595.105718982902,12187.243960767266,-187500.02235174447,-187500.02235174447,-187500.02235174447,-187500.02235174447
não,1953.8330380717562,-7757.195264958771,7162.840028147702,12126.626029804473,-187500.02235174447,-187500.02235174447,-187500.02235174447,-187500.02235174447
não,1927.9497179925106,-7723.444130831258,7227.9059562571,12142.652230578928,-187500.02235174447,-187500.02235174447,-187500.02235174447,-187500.02235174447
não,1679.0406917382113,-7765.1524859848605,6731.272546204633,12204.857135398048,-187500.02235174447,-187500.02235174447,-187500.02235174447,-187500.02235174447
não,1639.4110488189517,-7809.274829539637,6532.252613574578,12199.358606262042,-187500.02235174447,-187500.02235174447,-187500.02235174447,-187500.02235174447
não,1917.8020260098012,-7765.465410407235,7080.473849829895,12131.632820562461,-187500.02235174447,-187500.02235174447,-187500.02235174447,-187500.02235174447
não,1952.223712470974,-7723.041799431062,7275.850448113733,12133.68918105235,-187500.02235174447,-187500.02235174447,-187500.02235174447,-187500.02235174447
não,1717.9327270904455,-7751.920253267319,6831.050733453123,12192.250751525255,-187500.02235174447,-187500.02235174447,-187500.02235174447,-187500.02235174447
não,1614.5782607291058,-7806.033826593617,6502.323627748922,12211.696769201371,-187500.02235174447,-187500.02235174447,-187500.02235174447,-187500.02235174447
não,1875.6466359670922,-7777.311834968547,6978.549895113694,12143.725114312783,-187500.02235174447,-187500.02235174447,-187500.02235174447,-187500.02235174447
não,1971.937951080555,-7722.728875008688,7295.005893111932,12127.654210049417,-187500.02235174447,-187500.02235174447,-187500.02235174447,-187500.02235174447
não,1760.9374834224564,-7742.443113618268,6930.18072011241,12181.097231042057,-187500.02235174447,-187500.02235174447,-187500.02235174447,-187500.02235174447
não,1597.6132866875275,-7800.580000946522,6499.507307947553,12215.1836413364,-187500.02235174447,-187500.02235174447,-187500.02235174447,-187500.02235174447
não,1822.8071120747463,-7790.141736285894,6870.210989738821,12159.125466242489,-187500.02235174447,-187500.02235174447,-187500.02235174447,-187500.02235174447
não,1983.8290791307784,-7725.254622132137,7299.029207113887,12128.145948427433,-187500.02235174447,-187500.02235174447,-187500.02235174447,-187500.02235174447
não,1814.648725348559,-7730.551985568045,7032.663468439993,12171.061297781624,-187500.02235174447,-187500.02235174447,-187500.02235174447,-187500.02235174447
não,1606.375170514008,-7792.980407831718,6533.459607775165,12211.361493034541,-187500.02235174447,-187500.02235174447,-187500.02235174447,-187500.02235174447
não,1771.9121899500121,-7802.524602714134,6759.1451715404,12157.78436157517,-187500.02235174447,-187500.02235174447,-187500.02235174447,-187500.02235174447
não,1980.1857447845632,-7736.497549593157,7268.429668954572,12118.378236100465,-187500.02235174447,-187500.02235174447,-187500.02235174447,-187500.02235174447
não,1850.4785717104164,-7727.646258788855,7114.850832802157,12156.756181330227,-187500.02235174447,-187500.02235174447,-187500.02235174447,-187500.02235174447
não,1614.242984562276,-7782.318625726537,6589.763652058084,12209.148670333467,-187500.02235174447,-187500.02235174447,-187500.02235174447,-187500.02235174447
não,1711.3389624761298,-7807.285524283115,6661.98213839318,12177.02921355119,-187500.02235174447,-187500.02235174447,-187500.02235174447,-187500.02235174447
$SILENCE,1962.1255352646751,-7744.477122363702,7221.3121916427845,12118.914677967392,-187500.02235174447,-187500.02235174447,-187500.02235174447,-187500.02235174447
$SILENCE,1891.3375605747178,-7720.448997074247,7193.148993629097,12142.987506745758,-187500.02235174447,-187500.02235174447,-187500.02235174447,-187500.02235174447
$SILENCE,1644.6413570214936,-7768.9075790533525,6668.285330329577,12205.997074365268,-187500.02235174447,-187500.02235174447,-187500.02235174447,-187500.02235174447
$SILENCE,1664.9367409869126,-7806.994951605196,6579.1465734418125,12189.322673001609,-187500.02235174447,-187500.02235174447,-187500.02235174447,-187500.02235174447
$SILENCE,1938.2091686974966,-7755.094200979973,7147.327917495718,12123.49678558073,-187500.02235174447,-187500.02235174447,-187500.02235174447,-187500.02235174447
$SILENCE,1925.1781016800526,-7718.102063906439,7245.899110543623,12133.823291519082,-187500.02235174447,-187500.02235174447,-187500.02235174447,-187500.02235174447
$SILENCE,1678.079566726633,-7759.318680682026,6756.865293605959,12191.93782710288,-187500.02235174447,-187500.02235174447,-187500.02235174447,-187500.02235174447
$SILENCE,1621.7978741881698,-7808.850146394986,6521.188500069202,12196.0281963382,-187500.02235174447,-187500.02235174447,-187500.02235174447,-187500.02235174447
$SILENCE,1896.746682732902,-7769.287558709092,7052.534169260761,12130.49288159524,-187500.02235174447,-187500.02235174447,-187500.02235174447,-187500.02235174447
$SILENCE,1952.8495613157227,-7720.314886607514,7279.292616759851,12127.140119926944,-187500.02235174447,-187500.02235174447,-187500.02235174447,-187500.02235174447
$SILENCE,1732.2825470307528,-7749.260395677137,6860.130352989478,12182.17011477591,-187500.02235174447,-187500.02235174447,-187500.02235174447,-187500.02235174447
$SILENCE,1611.60547871655,-7805.966771360251,6499.753177136562,12201.437318496386,-187500.02235174447,-187500.02235174447,-187500.02235174447,-187500.02235174447
$SILENCE,1861.2744642823297,-7779.837582091997,6950.341993611097,12139.92531775538,-187500.02235174447,-187500.02235174447,-187500.02235174447,-187500.02235174447
$SILENCE,1973.8825528481666,-7722.371247097403,7300.169146081108,12122.692122780338,-187500.02235174447,-187500.02235174447,-187500.02235174447,-187500.02235174447
$SILENCE,1773.1191841505986,-7737.8610060049305,6957.718069281348,12170.971890803801,-187500.02235174447,-187500.02235174447,-187500.02235174447,-187500.02235174447
$SILENCE,1594.953429097346,-7798.836564879009,6500.624895170319,12205.013597609235,-187500.02235174447,-187500.02235174447,-187500.02235174447,-187500.02235174447
$SILENCE,1805.2833444217856,-7794.299160754581,6834.1352741879555,12151.12354172749,-187500.02235174447,-187500.02235174447,-187500.02235174447,-187500.02235174447
$SILENCE,1984.2314105309738,-7733.457712347235,7290.423785498594,12112.812651731092,-187500.02235174447,-187500.02235174447,-187500.02235174447,-187500.02235174447
$SILENCE,1818.046190505766,-7731.826035001998,7049.4943320148395,12153.604585362029,-187500.02235174447,-187500.02235174447,-187500.02235174447,-187500.02235174447
$SILENCE,1598.440301232374,-7790.186439774805,6542.087381134914,12201.191449307376,-187500.02235174447,-187500.02235174447,-187500.02235174447,-187500.02235174447
$SILENCE,1746.7664774377915,-7800.580000946522,6733.261851461155,12158.723134842294,-187500.02235174447,-187500.02235174447,-187500.02235174447,-187500.02235174447
$SILENCE,1970.8203638577897,-7737.190453671272,7257.790238593846,12110.756291241205,-187500.02235174447,-187500.02235174447,-187500.02235174447,-187500.02235174447
$SILENCE,1863.3531765166733,-7724.472311076202,7134.430960945006,12146.966117258802,-187500.02235174447,-187500.02235174447,-187500.02235174447,-187500.02235174447
$SILENCE,1621.954336399357,-7779.748175114176,6601.185393474745,12198.08455682809,-187500.02235174447,-187500.02235174447,-187500.02235174447,-187500.02235174447
$SILENCE,1702.2194507383647,-7811.442948751802,6629.2144810217005,12166.83681807957,-187500.02235174447,-187500.02235174447,-187500.02235174447,-187500.02235174447
$SILENCE,1964.3383579657507,-7753.48487537919,7195.13829888562,12106.77768072816,-187500.02235174447,-187500.02235174447,-187500.02235174447,-187500.02235174447
$SILENCE,1908.101368916198,-7727.914479722319,7203.386092589628,12127.475396093774,-187500.02235174447,-187500.02235174447,-187500.02235174447,-187500.02235174447
$SILENCE,1660.086412440111,-7770.472201165224,6685.94320844927,12188.36154799003,-187500.02235174447,-187500.02235174447,-187500.02235174447,-187500.02235174447
$SILENCE,1657.9629967168567,-7810.21360280676,6558.2476923761005,12180.426678708396,-187500.02235174447,-187500.02235174447,-187500.02235174447,-187500.02235174447
$SILENCE,1931.8836250166448,-7762.872608050419,7121.019914271822,12113.550259298117,-187500.02235174447,-187500.02235174447,-187500.02235174447,-187500.02235174447
$SILENCE,1933.1576744505971,-7722.728875008688,7255.286843214852,12124.077930936568,-187500.02235174447,-187500.02235174447,-187500.02235174447,-187500.02235174447
$SILENCE,1695.3574651905853,-7759.139866726383,6783.396814274409,12181.723079886804,-187500.02235174447,-187500.02235174447,-187500.02235174447,-187500.02235174447
$SILENCE,1623.7871794446921,-7813.186384819315,6510.593773197386,12186.484001455785,-187500.02235174447,-187500.02235174447,-187500.02235174447,-187500.02235174447
$SILENCE,1897.9983804223991,-7777.803573346565,7025.890889870035,12121.73099776876,-187500.02235174447,-187500.02235174447,-187500.02235174447,-187500.02235174447
$SILENCE,1970.4403842020495,-7726.796892499554,7287.5180587194045,12113.930238953859,-187500.02235174447,-187500.02235174447,-187500.02235174447,-187500.02235174447
$SILENCE,1750.3204048061855,-7749.930948010797,6885.588989924073,12170.83778033707,-187500.02235174447,-187500.02235174447,-187500.02235174447,-187500.02235174447
$SILENCE,1615.0252956182119,-7807.665503938855,6495.416938712232,12197.302245772153,-187500.02235174447,-187500.02235174447,-187500.02235174447,-187500.02235174447
$SILENCE,1856.491190968894,-7789.381776974414,6918.535461251196,12130.15760542841,-187500.02235174447,-187500.02235174447,-187500.02235174447,-187500.02235174447
$SILENCE,1986.0419018318537,-7729.926136723297,7300.929105392588,12109.21402087379,-187500.02235174447,-187500.02235174447,-187500.02235174447,-187500.02235174447
$SILENCE,1796.722626295403,-7742.420761873814,6987.244723706809,12155.102152240534,-187500.02235174447,-187500.02235174447,-187500.02235174447,-187500.02235174447
$SILENCE,1610.7114089383376,-7804.133928314916,6511.845470886883,12191.982530591791,-187500.02235174447,-187500.02235174447,-187500.02235174447,-187500.02235174447
$SILENCE,1806.199765944453,-7803.284562025615,6807.223773863766,12141.333477656064,-187500.02235174447,-187500.02235174447,-187500.02235174447,-187500.02235174447
$SILENCE,1995.519041480904,-7739.649145561355,7283.874724373189,12106.978846428257,-187500.02235174447,-187500.02235174447,-187500.02235174447,-187500.02235174447
$SILENCE,1850.8809031106118,-7738.084523449484,7075.802335238735,12144.507425368718,-187500.02235174447,-187500.02235174447,-187500.02235174447,-187500.02235174447
$SILENCE,1624.3012695671644,-7792.1533932868715,6555.185503385724,12189.70265265735,-187500.02235174447,-187500.02235174447,-187500.02235174447,-187500.02235174447
$SILENCE,1752.1979513404312,-7810.280658040126,6701.701188290262,12151.92820452788,-187500.02235174447,-187500.02235174447,-187500.02235174447,-187500.02235174447
$SILENCE,1987.0477303323426,-7747.472256120713,7245.362668676695,12106.285942350143,-187500.02235174447,-187500.02235174447,-187500.02235174447,-187500.02235174447
$SILENCE,1886.5095837723713,-7727.355686110936,7158.392031001095,12134.15856768591,-187500.02235174447,-187500.02235174447,-187500.02235174447,-187500.02235174447
$SILENCE,1643.3896593319964,-7780.619893147933,6626.241699009144,12187.31101600063,-187500.02235174447,-187500.02235174447,-187500.02235174447,-187500.02235174447
$SILENCE,1702.822947838658,-7815.935649387318,6612.629486635863,12166.188617490367,-187500.02235174447,-187500.02235174447,-187500.02235174447,-187500.02235174447
$SILENCE,1966.4617736890048,-7757.418782403324,7182.733080712925,12107.470584806275,-187500.02235174447,-187500.02235174447,-187500.02235174447,-187500.02235174447
$SILENCE,1923.389962123628,-7728.137997166872,7220.999267220411,12122.15568091341,-187500.02235174447,-187500.02235174447,-187500.02235174447,-187500.02235174447
$SILENCE,1677.9231045154459,-7770.896884309875,6713.8605372739485,12179.487905441274,-187500.02235174447,-187500.02235174447,-187500.02235174447,-187500.02235174447
$SILENCE,1662.723918285837,-7816.673256954344,6544.7472387250955,12176.179847261888,-187500.02235174447,-187500.02235174447,-187500.02235174447,-187500.02235174447
$SILENCE,1938.3656309086837,-7771.388622687891,7097.729396549392,12110.152794140911,-187500.02235174447,-187500.02235174447,-187500.02235174447,-187500.02235174447
$SILENCE,1958.7727735963792,-7725.656953532333,7265.903921831122,12113.974942442768,-187500.02235174447,-187500.02235174447,-187500.02235174447,-187500.02235174447
$SILENCE,1717.1951195234203,-7760.77154407162,6810.375369831964,12169.206102991833,-187500.02235174447,-187500.02235174447,-187500.02235174447,-187500.02235174447
$SILENCE,1626.6705544794268,-7815.555669731578,6503.150642293768,12180.136106030477,-187500.02235174447,-187500.02235174447,-187500.02235174447,-187500.02235174447
$SILENCE,1895.1820606210306,-7782.899771082374,6998.979389545845,12118.735864011749,-187500.02235174447,-187500.02235174447,-187500.02235174447,-187500.02235174447
$SILENCE,1984.1420035531526,-7731.0437239460625,7295.967018123511,12109.705759251805,-187500.02235174447,-187500.02235174447,-187500.02235174447,-187500.02235174447
$SILENCE,1767.5983032701379,-7751.853198033953,6914.1992228268655,12159.483094153775,-187500.02235174447,-187500.02235174447,-187500.02235174447,-187500.02235174447
$SILENCE,1616.7687316857257,-7810.481823740223,6499.350845736367,12187.422774722907,-187500.02235174447,-187500.02235174447,-187500.02235174447,-187500.02235174447
$SILENCE,1847.1481617865757,-7796.310817755559,6892.0709958161115,12126.894250737936,-187500.02235174447,-187500.02235174447,-187500.02235174447,-187500.02235174447
$SILENCE,1996.480166492482,-7735.312907137026,7300.68323620358,12102.374387070464,-187500.02235174447,-187500.02235174447,-187500.02235174447,-187500.02235174447
$SILENCE,1815.9004230380565,-7742.063133962529,7012.099863541111,12150.229471949277,-187500.02235174447,-187500.02235174447,-187500.02235174447,-187500.02235174447
$SILENCE,1613.728894439804,-7802.435195736313,6520.629706457818,12191.781364891693,-187500.02235174447,-187500.02235174447,-187500.02235174447,-187500.02235174447
$SILENCE,1794.3533413831403,-7807.196117305293,6778.702947938794,12145.40149514693,-187500.02235174447,-187500.02235174447,-187500.02235174447,-187500.02235174447
$SILENCE,1996.0554833478313,-7744.2536049191485,7274.174067279586,12101.860296947993,-187500.02235174447,-187500.02235174447,-187500.02235174447,-187500.02235174447
$SILENCE,1859.4192694925393,-7738.397447871858,7096.924733749001,12138.15952994341,-187500.02235174447,-187500.02235174447,-187500.02235174447,-187500.02235174447
$SILENCE,1629.9339091699017,-7790.387605474903,6570.429393104243,12193.502449214751,-187500.02235174447,-187500.02235174447,-187500.02235174447,-187500.02235174447
$SILENCE,1743.9054541475123,-7810.124195828938,6673.158010620834,12157.963175530813,-187500.02235174447,-187500.02235174447,-187500.02235174447,-187500.02235174447
$SILENCE,1987.58417219927,-7749.349802654959,7227.973011490466,12105.861259205492,-187500.02235174447,-187500.02235174447,-187500.02235174447,-187500.02235174447
$SILENCE,1903.4298543250388,-7729.47910183419,7174.977025386933,12133.488015352252,-187500.02235174447,-187500.02235174447,-187500.02235174447,-187500.02235174447
$SILENCE,1654.1632001594544,-7778.563532658045,6646.1794550632785,12189.836763124082,-187500.02235174447,-187500.02235174447,-187500.02235174447,-187500.02235174447
$SILENCE,1693.6810843564374,-7815.35450403148,6590.2553904361,12173.207065249333,-187500.02235174447,-187500.02235174447,-187500.02235174447,-187500.02235174447
$SILENCE,1964.8971515771332,-7762.090296994484,7162.191827558498,12108.565820284584,-187500.02235174447,-187500.02235174447,-187500.02235174447,-187500.02235174447
$SILENCE,1939.8631977871894,-7727.914479722319,7235.393790649628,12123.519137325186,-187500.02235174447,-187500.02235174447,-187500.02235174447,-187500.02235174447
$SILENCE,1688.3837209205296,-7768.102916252961,6735.9887642847025,12181.36545197552,-187500.02235174447,-187500.02235174447,-187500.02235174447,-187500.02235174447
$SILENCE,1648.016470434245,-7818.304934299581,6527.178767583224,12183.69003339887,-187500.02235174447,-187500.02235174447,-187500.02235174447,-187500.02235174447
$SILENCE,1926.4521511140051,-7777.0659657795395,7070.169695635998,12119.987561701246,-187500.02235174447,-187500.02235174447,-187500.02235174447,-187500.02235174447
$SILENCE,1963.1984189985299,-7726.886299477375,7273.212942268007,12116.29952386612,-187500.02235174447,-187500.02235174447,-187500.02235174447,-187500.02235174447
$SILENCE,1734.7859424097471,-7757.418782403324,6834.001163721224,12175.799867606149,-187500.02235174447,-187500.02235174447,-187500.02235174447,-187500.02235174447
$SILENCE,1626.7152579683375,-7811.755873174176,6497.339188735389,12193.971835848313,-187500.02235174447,-187500.02235174447,-187500.02235174447,-187500.02235174447
$SILENCE,1884.4979267713938,-7782.676253637822,6972.358461899575,12131.856338007014,-187500.02235174447,-187500.02235174447,-187500.02235174447,-187500.02235174447
$SILENCE,1984.4102244866162,-7725.008752943129,7298.91744839161,12117.126538410967,-187500.02235174447,-187500.02235174447,-187500.02235174447,-187500.02235174447
$SILENCE,1781.3893295990622,-7745.013564230629,6937.534444038206,12168.60260589154,-187500.02235174447,-187500.02235174447,-187500.02235174447,-187500.02235174447
$SILENCE,1616.8134351746364,-7805.6538469378775,6496.5568776794535,12200.967931862824,-187500.02235174447,-187500.02235174447,-187500.02235174447,-187500.02235174447
$SILENCE,1834.0500395357658,-7796.713149155754,6859.839780311559,12142.719285812294,-187500.02235174447,-187500.02235174447,-187500.02235174447,-187500.02235174447
$SILENCE,2008.706570709535,-7731.110779179428,7323.459663803538,12108.565820284584,-187500.02235174447,-187500.02235174447,-187500.02235174447,-187500.02235174447
$SILENCE,1820.2813649512966,-7735.983459470685,7030.763570161292,12158.49961739774,-187500.02235174447,-187500.02235174447,-187500.02235174447,-187500.02235174447
$SILENCE,1615.2041095738543,-7798.098957311983,6534.577194997931,12198.688053928383,-187500.02235174447,-187500.02235174447,-187500.02235174447,-187500.02235174447
$SILENCE,1769.9452364379451,-7803.999817848185,6744.0353922886125,12158.566672631106,-187500.02235174447,-187500.02235174447,-187500.02235174447,-187500.02235174447
$SILENCE,1979.1575645396192,-7744.164197941327,7238.277165684362,12118.378236100465,-187500.02235174447,-187500.02235174447,-187500.02235174447,-187500.02235174447
$SILENCE,1865.5212957288381,-7730.507282079135,7107.810033298735,12151.280003938677,-187500.02235174447,-187500.02235174447,-187500.02235174447,-187500.02235174447
$SILENCE,1629.0621911361447,-7782.8774193379195,6582.275817665555,12207.159365076945,-187500.02235174447,-187500.02235174447,-187500.02235174447,-187500.02235174447
$SILENCE,1721.4419509699287,-7809.967733617751,6646.358269018921,12174.391707705463,-187500.02235174447,-187500.02235174447,-187500.02235174447,-187500.02235174447
$SILENCE,1980.163393040108,-7750.19916894426,7208.437586836528,12117.372407599976,-187500.02235174447,-187500.02235174447,-187500.02235174447,-187500.02235174447
$SILENCE,1911.3200201177622,-7726.86394773292,7184.99060690291,12143.076913723578,-187500.02235174447,-187500.02235174447,-187500.02235174447,-187500.02235174447
$SILENCE,1661.6733862964377,-7773.86966632243,6659.6799087142845,12199.000978350758,-187500.02235174447,-187500.02235174447,-187500.02235174447,-187500.02235174447
$SILENCE,1677.85604928208,-7813.968695875252,6564.796753501506,12184.807620621637,-187500.02235174447,-187500.02235174447,-187500.02235174447,-187500.02235174447
$SILENCE,1948.6697851025804,-7761.307985938548,7135.2579754898525,12123.116805924989,-187500.02235174447,-187500.02235174447,-187500.02235174447,-187500.02235174447
$SILENCE,1939.8855495316448,-7724.0029244426405,7243.418066909083,12135.723189797782,-187500.02235174447,-187500.02235174447,-187500.02235174447,-187500.02235174447
$SILENCE,1691.8929448000129,-7761.062116749539,6756.999404072691,12193.45774572584,-187500.02235174447,-187500.02235174447,-187500.02235174447,-187500.02235174447
$SILENCE,1632.1243801265218,-7811.331190029525,6514.371218010333,12198.665702183927,-187500.02235174447,-187500.02235174447,-187500.02235174447,-187500.02235174447
$SILENCE,1907.587278793726,-7773.199113988771,7043.235843567353,12131.945744984836,-187500.02235174447,-187500.02235174447,-187500.02235174447,-187500.02235174447
$SILENCE,1966.8194016002897,-7724.33820060947,7276.990387080955,12127.430692604863,-187500.02235174447,-187500.02235174447,-187500.02235174447,-187500.02235174447
$SILENCE,1742.787866924747,-7751.450866633758,6857.35873667702,12183.242998509766,-187500.02235174447,-187500.02235174447,-187500.02235174447,-187500.02235174447
$SILENCE,1613.9747636288123,-7809.274829539637,6490.767775865528,12205.684149942894,-187500.02235174447,-187500.02235174447,-187500.02235174447,-187500.02235174447
$SILENCE,1858.8381241367013,-7785.470221694734,6935.165159125943,12144.105093968523,-187500.02235174447,-187500.02235174447,-187500.02235174447,-187500.02235174447
$SILENCE,1977.6823494055689,-7725.969877954707,7290.379082009684,12128.190651916344,-187500.02235174447,-187500.02235174447,-187500.02235174447,-187500.02235174447
$SILENCE,1782.0375301882661,-7740.453808361746,6955.6393570470045,12173.83291409408,-187500.02235174447,-187500.02235174447,-187500.02235174447,-187500.02235174447
$SILENCE,1606.665743191927,-7800.937628857807,6497.741520135584,12206.42175750992,-187500.02235174447,-187500.02235174447,-187500.02235174447,-187500.02235174447
$SILENCE,1814.492263137372,-7796.489631711202,6824.009933949702,12150.83296904957,-187500.02235174447,-187500.02235174447,-187500.02235174447,-187500.02235174447
$SILENCE,1988.321779766295,-7732.183662913283,7281.259570271918,12118.311180867098,-187500.02235174447,-187500.02235174447,-187500.02235174447,-187500.02235174447
$SILENCE,1829.0656005222322,-7731.088427434973,7051.39423029354,12164.400477933941,-187500.02235174447,-187500.02235174447,-187500.02235174447,-187500.02235174447
$SILENCE,1609.213842059832,-7789.44883220778,6536.544148509997,12210.020388367224,-187500.02235174447,-187500.02235174447,-187500.02235174447,-187500.02235174447
$SILENCE,1753.6731664744816,-7805.743253915698,6717.682685575805,12166.233320979276,-187500.02235174447,-187500.02235174447,-187500.02235174447,-187500.02235174447
$SILENCE,1992.1886315570632,-7739.336221138981,7274.442288213049,12115.49486106573,-187500.02235174447,-187500.02235174447,-187500.02235174447,-187500.02235174447
$SILENCE,1876.7642231898576,-7722.415950586314,7150.255996019363,12150.810617305115,-187500.02235174447,-187500.02235174447,-187500.02235174447,-187500.02235174447
$SILENCE,1624.0554003781558,-7780.888114081396,6586.634407834341,12207.695806943872,-187500.02235174447,-187500.02235174447,-187500.02235174447,-187500.02235174447
$SILENCE,1704.1864042504317,-7812.202908063282,6611.936582557748,12180.873713597503,-187500.02235174447,-187500.02235174447,-187500.02235174447,-187500.02235174447
$SILENCE,1968.0487475453315,-7753.3507649124585,7181.056699878776,12121.596887302028,-187500.02235174447,-187500.02235174447,-187500.02235174447,-187500.02235174447
$SILENCE,1909.911860217078,-7723.399427342347,7194.04306340731,12142.339306156553,-187500.02235174447,-187500.02235174447,-187500.02235174447,-187500.02235174447
$SILENCE,1658.141810672499,-7769.175799986816,6677.069565900513,12195.000016093258,-187500.02235174447,-187500.02235174447,-187500.02235174447,-187500.02235174447
$SILENCE,1657.337147872108,-7812.135852829916,6544.0990381358915,12189.613245679528,-187500.02235174447,-187500.02235174447,-187500.02235174447,-187500.02235174447
$SILENCE,1929.3802296376502,-7759.564549871034,7107.564164109727,12125.664904792895,-187500.02235174447,-187500.02235174447,-187500.02235174447,-187500.02235174447
$SILENCE,1940.846674543223,-7719.264354618115,7249.654203612114,12135.074989208579,-187500.02235174447,-187500.02235174447,-187500.02235174447,-187500.02235174447
$SILENCE,1706.1310060180433,-7755.720049824721,6777.920636882858,12192.608379436539,-187500.02235174447,-187500.02235174447,-187500.02235174447,-187500.02235174447
$SILENCE,1632.593766760083,-7809.297181284092,6499.574363180919,12198.88921962848,-187500.02235174447,-187500.02235174447,-187500.02235174447,-187500.02235174447
$SILENCE,1899.8535752121898,-7775.076660523017,7010.669351895971,12133.175090929877,-187500.02235174447,-187500.02235174447,-187500.02235174447,-187500.02235174447
$SILENCE,1971.6250266581808,-7721.521880808102,7283.382985995172,12127.363637371498,-187500.02235174447,-187500.02235174447,-187500.02235174447,-187500.02235174447
$SILENCE,1751.6168059845934,-7744.9018055083525,6883.97966432329,12183.93590258788,-187500.02235174447,-187500.02235174447,-187500.02235174447,-187500.02235174447
$SILENCE,1607.5598129701393,-7805.9444196157965,6485.559819407442,12207.382882521497,-187500.02235174447,-187500.02235174447,-187500.02235174447,-187500.02235174447
$SILENCE,1845.0918012966874,-7784.911428083352,6903.64919944396,12146.809655047615,-187500.02235174447,-187500.02235174447,-187500.02235174447,-187500.02235174447
$SILENCE,1978.5987709282365,-7723.7123517647215,7285.796974396346,12122.759178013705,-187500.02235174447,-187500.02235174447,-187500.02235174447,-187500.02235174447
$SILENCE,1788.6536465470372,-7732.8095117580315,6977.678177079938,12174.391707705463,-187500.02235174447,-187500.02235174447,-187500.02235174447,-187500.02235174447
$SILENCE,1598.3061907656422,-7795.215582277248,6500.7813573815065,12214.244868069276,-187500.02235174447,-187500.02235174447,-187500.02235174447,-187500.02235174447
$SILENCE,1794.2415826608637,-7796.824907878031,6789.2306195772435,12160.153646487433,-187500.02235174447,-187500.02235174447,-187500.02235174447,-187500.02235174447
$SILENCE,1986.6230471876918,-7732.295421635559,7270.530732933371,12122.490957080241,-187500.02235174447,-187500.02235174447,-187500.02235174447,-187500.02235174447
$SILENCE,1840.8226181057237,-7729.277936134093,7069.834419469169,12161.472399410297,-187500.02235174447,-187500.02235174447,-187500.02235174447,-187500.02235174447
$SILENCE,1614.690019451382,-7788.8676868519415,6547.496503293098,12208.70163544436,-187500.02235174447,-187500.02235174447,-187500.02235174447,-187500.02235174447
$SILENCE,1742.854922158113,-7804.625666692933,6686.546705549563,12169.474323925297,-187500.02235174447,-187500.02235174447,-187500.02235174447,-187500.02235174447
$SILENCE,1984.8796111201777,-7741.660802562333,7231.593994092226,12115.897192465925,-187500.02235174447,-187500.02235174447,-187500.02235174447,-187500.02235174447
$SILENCE,1888.6329994956257,-7725.835767487975,7150.077182063721,12145.133274213467,-187500.02235174447,-187500.02235174447,-187500.02235174447,-187500.02235174447
$SILENCE,1642.2720721092312,-7777.803573346565,6618.753864616617,12201.727891174305,-187500.02235174447,-187500.02235174447,-187500.02235174447,-187500.02235174447
$SILENCE,1692.5187936447614,-7812.716998185754,6595.999788761114,12183.913550843425,-187500.02235174447,-187500.02235174447,-187500.02235174447,-187500.02235174447
$SILENCE,1953.7659828383903,-7753.417820145824,7165.835161904713,12123.675599536373,-187500.02235174447,-187500.02235174447,-187500.02235174447,-187500.02235174447
$SILENCE,1918.0255434543544,-7719.264354618115,7211.097444426709,12140.2158904333,-187500.02235174447,-187500.02235174447,-187500.02235174447,-187500.02235174447
$SILENCE,1672.5810375906276,-7762.984366772696,6704.025769713613,12197.548114961162,-187500.02235174447,-187500.02235174447,-187500.02235174447,-187500.02235174447
$SILENCE,1652.8667989810467,-7810.615934206955,6529.302183306478,12191.803716636148,-187500.02235174447,-187500.02235174447,-187500.02235174447,-187500.02235174447
$SILENCE,1926.1168749471756,-7762.962015028241,7086.285303388275,12127.944782727336,-187500.02235174447,-187500.02235174447,-187500.02235174447,-187500.02235174447
$SILENCE,1949.6979653475244,-7717.923249950797,7259.846599083734,12131.029323462168,-187500.02235174447,-187500.02235174447,-187500.02235174447,-187500.02235174447
$SILENCE,1710.8919275870237,-7750.802666044554,6803.222811606266,12188.070975312112,-187500.02235174447,-187500.02235174447,-187500.02235174447,-187500.02235174447
$SILENCE,1616.9922491302789,-7805.11740507095,6489.3372642203885,12200.722062673816,-187500.02235174447,-187500.02235174447,-187500.02235174447,-187500.02235174447
$SILENCE,1876.3842435341173,-7773.86966632243,6979.511020125273,12135.231451419766,-187500.02235174447,-187500.02235174447,-187500.02235174447,-187500.02235174447
$SILENCE,1963.779564354368,-7721.611287785922,7281.058404571821,12127.095416438035,-187500.02235174447,-187500.02235174447,-187500.02235174447,-187500.02235174447
$SILENCE,1754.3437188081407,-7742.554872340545,6902.1069290765445,12181.879542097991,-187500.02235174447,-187500.02235174447,-187500.02235174447,-187500.02235174447
$SILENCE,1599.9825715997902,-7802.412843991858,6481.625912383308,12209.618056967027,-187500.02235174447,-187500.02235174447,-187500.02235174447,-187500.02235174447
$SILENCE,1825.9587080429446,-7788.510058940657,6872.177943250888,12151.436466149864,-187500.02235174447,-187500.02235174447,-187500.02235174447,-187500.02235174447
$SILENCE,1979.291675006351,-7724.33820060947,7286.199305796541,12126.670733293384,-187500.02235174447,-187500.02235174447,-187500.02235174447,-187500.02235174447
$SILENCE,1804.7021990659475,-7730.373171612403,7004.276752981753,12172.69297512686,-187500.02235174447,-187500.02235174447,-187500.02235174447,-187500.02235174447
$SILENCE,1604.8776036355025,-7791.393433975391,6512.203098798168,12214.691902958382,-187500.02235174447,-187500.02235174447,-187500.02235174447,-187500.02235174447
$SILENCE,1780.0482249317438,-7796.109652055461,6765.783639643627,12165.696879112349,-187500.02235174447,-187500.02235174447,-187500.02235174447,-187500.02235174447
$SILENCE,1980.6551314181247,-7731.781331513087,7265.635700897658,12123.988523958746,-187500.02235174447,-187500.02235174447,-187500.02235174447,-187500.02235174447
$SILENCE,1851.2161792774416,-7726.483968077179,7094.488393603372,12161.651213365938,-187500.02235174447,-187500.02235174447,-187500.02235174447,-187500.02235174447
$SILENCE,1622.2002055883654,-7783.123288526927,6566.540189569019,12212.747301190771,-187500.02235174447,-187500.02235174447,-187500.02235174447,-187500.02235174447
$SILENCE,1727.1639975504872,-7804.424500992835,6661.333937803976,12177.878579840492,-187500.02235174447,-187500.02235174447,-187500.02235174447,-187500.02235174447
$SILENCE,1969.7251283794797,-7742.219596173716,7217.020656707366,12125.754311770716,-187500.02235174447,-187500.02235174447,-187500.02235174447,-187500.02235174447
$SILENCE,1887.6271709951368,-7721.566584297012,7166.08103109372,12152.330535928075,-187500.02235174447,-187500.02235174447,-187500.02235174447,-187500.02235174447
$SILENCE,1639.7463249857815,-7772.886189566397,6636.970536347692,12206.444109254375,-187500.02235174447,-187500.02235174447,-187500.02235174447,-187500.02235174447
$SILENCE,1671.6199125790492,-7810.0571405955725,6572.3963466163095,12189.479135212796,-187500.02235174447,-187500.02235174447,-187500.02235174447,-187500.02235174447
$SILENCE,1942.9924420109323,-7754.088372479484,7143.505769193861,12129.285887394653,-187500.02235174447,-187500.02235174447,-187500.02235174447,-187500.02235174447
$SILENCE,1921.1994911670079,-7719.711389507222,7224.173214933064,12142.316954412097,-187500.02235174447,-187500.02235174447,-187500.02235174447,-187500.02235174447
$SILENCE,1678.079566726633,-7760.413916160335,6729.082075248012,12200.096213829067,-187500.02235174447,-187500.02235174447,-187500.02235174447,-187500.02235174447
$SILENCE,1639.791028474692,-7809.855974895475,6515.377046510822,12198.688053928383,-187500.02235174447,-187500.02235174447,-187500.02235174447,-187500.02235174447
$SILENCE,1913.9798777079438,-7767.208846474749,7055.685765228959,12133.219794418788,-187500.02235174447,-187500.02235174447,-187500.02235174447,-187500.02235174447
$SILENCE,1955.0847357612536,-7720.046665674051,7262.640567140647,12130.135253683955,-187500.02235174447,-187500.02235174447,-187500.02235174447,-187500.02235174447
$SILENCE,1724.1912155379316,-7750.735610811188,6827.2062334068105,12186.014614822223,-187500.02235174447,-187500.02235174447,-187500.02235174447,-187500.02235174447
$SILENCE,1620.9038044099575,-7809.163070817361,6483.481107173098,12203.784251664192,-187500.02235174447,-187500.02235174447,-187500.02235174447,-187500.02235174447
$SILENCE,1884.654388982581,-7783.793840860587,6949.224406388332,12137.176053187377,-187500.02235174447,-187500.02235174447,-187500.02235174447,-187500.02235174447
$SILENCE,1987.0477303323426,-7727.758017511132,7281.840715627756,12118.802919245116,-187500.02235174447,-187500.02235174447,-187500.02235174447,-187500.02235174447
$SILENCE,1777.3436638526516,-7747.002869487152,6926.090350877089,12169.65313788094,-187500.02235174447,-187500.02235174447,-187500.02235174447,-187500.02235174447
$SILENCE,1623.7424759557816,-7805.318570771047,6486.9903310525815,12209.886277900492,-187500.02235174447,-187500.02235174447,-187500.02235174447,-187500.02235174447
$SILENCE,1847.9081210980562,-7793.87447760993,6842.047791725135,12154.945690029346,-187500.02235174447,-187500.02235174447,-187500.02235174447,-187500.02235174447
$SILENCE,1992.8368321462672,-7728.987363456174,7284.277055773385,12125.664904792895,-187500.02235174447,-187500.02235174447,-187500.02235174447,-187500.02235174447
$SILENCE,1817.0850654941876,-7728.383866355881,7032.551709717716,12175.911626328425,-187500.02235174447,-187500.02235174447,-187500.02235174447,-187500.02235174447
$SILENCE,1598.6638186769271,-7789.672349652333,6521.791997169495,12219.542231505184,-187500.02235174447,-187500.02235174447,-187500.02235174447,-187500.02235174447
$SILENCE,1760.8927799335456,-7798.54599220109,6732.636002616407,12173.385879204974,-187500.02235174447,-187500.02235174447,-187500.02235174447,-187500.02235174447
$SILENCE,1971.1556400246193,-7733.524767580601,7252.269357713385,12127.296582138131,-187500.02235174447,-187500.02235174447,-187500.02235174447,-187500.02235174447
$SILENCE,1846.388202475095,-7722.7735784975985,7114.73907407988,12161.718268599305,-187500.02235174447,-187500.02235174447,-187500.02235174447,-187500.02235174447
$SILENCE,1608.6774001929045,-7779.032919291606,6583.326349654955,12213.50726050225,-187500.02235174447,-187500.02235174447,-187500.02235174447,-187500.02235174447
$SILENCE,1701.817119338169,-7806.167937060349,6636.188225291757,12182.617149665017,-187500.02235174447,-187500.02235174447,-187500.02235174447,-187500.02235174447
$SILENCE,1963.131363765164,-7745.706468308744,7199.5862960322265,12125.128462925966,-187500.02235174447,-187500.02235174447,-187500.02235174447,-187500.02235174447
$SILENCE,1893.7962524648015,-7721.6559912748335,7186.845801692701,12149.089532982056,-187500.02235174447,-187500.02235174447,-187500.02235174447,-187500.02235174447
$SILENCE,1643.3896593319964,-7770.0251662761175,6666.050155884047,12205.013597609235,-187500.02235174447,-187500.02235174447,-187500.02235174447,-187500.02235174447
$SILENCE,1659.8628949955578,-7809.945381873296,6557.599491786897,12188.473306712307,-187500.02235174447,-187500.02235174447,-187500.02235174447,-187500.02235174447
$SILENCE,1933.8282267842565,-7756.859988791942,7124.618545129126,12125.73196002626,-187500.02235174447,-187500.02235174447,-187500.02235174447,-187500.02235174447
$SILENCE,1924.2393284129298,-7718.638505773367,7241.205244208008,12135.678486308872,-187500.02235174447,-187500.02235174447,-187500.02235174447,-187500.02235174447
$SILENCE,1678.526601615739,-7757.083506236495,6759.793372129604,12196.251713782754,-187500.02235174447,-187500.02235174447,-187500.02235174447,-187500.02235174447
$SILENCE,1616.0087723742454,-7808.224297550238,6506.704569662163,12202.353740019053,-187500.02235174447,-187500.02235174447,-187500.02235174447,-187500.02235174447
$SILENCE,1892.5445547753043,-7770.226331976215,7029.333058516152,12134.359733386009,-187500.02235174447,-187500.02235174447,-187500.02235174447,-187500.02235174447
$SILENCE,1951.3072909483067,-7718.303229606538,7273.794087623845,12128.63768680545,-187500.02235174447,-187500.02235174447,-187500.02235174447,-187500.02235174447
$SILENCE,1724.6382504270377,-7746.0193927311175,6858.811600066615,12184.919379343914,-187500.02235174447,-187500.02235174447,-187500.02235174447,-187500.02235174447
$SILENCE,1598.6191151880164,-7806.346751015992,6479.9495315491595,12209.863926156037,-187500.02235174447,-187500.02235174447,-187500.02235174447,-187500.02235174447
$SILENCE,1849.8974263545783,-7784.576151916523,6917.4849292617955,12142.004029989725,-187500.02235174447,-187500.02235174447,-187500.02235174447,-187500.02235174447
$SILENCE,1970.418032457594,-7725.992229699163,7280.857238871723,12118.35588435601,-187500.02235174447,-187500.02235174447,-187500.02235174447,-187500.02235174447
$SILENCE,1773.0297771727774,-7739.604442072445,6954.0523831906785,12168.669661124904,-187500.02235174447,-187500.02235174447,-187500.02235174447,-187500.02235174447
$SILENCE,1593.634676174483,-7801.183498046816,6490.812479354439,12203.22545805281,-187500.02235174447,-187500.02235174447,-187500.02235174447,-187500.02235174447
$SILENCE,1799.1589664410315,-7798.009550334162,6806.419111063375,12151.727038827783,-187500.02235174447,-187500.02235174447,-187500.02235174447,-187500.02235174447
$SILENCE,1978.1964395280409,-7731.982497213185,7272.385927723161,12119.026436689668,-187500.02235174447,-187500.02235174447,-187500.02235174447,-187500.02235174447
não,1820.6389928625815,-7732.407180357836,7054.098791372632,12155.97387027429,-187500.02235174447,-187500.02235174447,-187500.02235174447,-187500.02235174447
não,1588.7172923943153,-7794.9697130882405,6538.265232833056,12200.252676040254,-187500.02235174447,-187500.02235174447,-187500.02235174447,-187500.02235174447
não,1728.9744888513671,-7807.620800449944,6703.6457900578735,12165.495713412252,-187500.02235174447,-187500.02235174447,-187500.02235174447,-187500.02235174447
não,1967.9593405675103,-7743.001907229652,7238.835959295745,12119.54052681214,-187500.02235174447,-187500.02235174447,-187500.02235174447,-187500.02235174447
não,1857.139391558098,-7734.843520503465,7126.160815496542,12129.129425183466,-187500.02235174447,-187500.02235174447,-187500.02235174447,-187500.02235174447
não,1601.1001588225556,-7786.386643217403,6593.272875937567,12173.162361760422,-187500.02235174447,-187500.02235174447,-187500.02235174447,-187500.02235174447
não,1681.9017150284906,-7810.97356211824,6617.524518671575,12168.088515769066,-187500.02235174447,-187500.02235174447,-187500.02235174447,-187500.02235174447
não,1955.7105846060022,-7754.446000390769,7186.331711570229,12111.96328544179,-187500.02235174447,-187500.02235174447,-187500.02235174447,-187500.02235174447
não,1907.6543340270919,-7728.428569844791,7207.990551947421,12133.219794418788,-187500.02235174447,-187500.02235174447,-187500.02235174447,-187500.02235174447
não,1665.9649212318566,-7773.802611089064,6696.225010898711,12190.79788813566,-187500.02235174447,-187500.02235174447,-187500.02235174447,-187500.02235174447
não,1642.5402930426949,-7819.601335477989,6533.43725603071,12163.662870366916,-187500.02235174447,-187500.02235174447,-187500.02235174447,-187500.02235174447
não,1907.453168326994,-7771.746250599176,7078.4398410844615,12087.666939218872,-187500.02235174447,-187500.02235174447,-187500.02235174447,-187500.02235174447
não,1947.6416048576361,-7728.428569844791,7253.856331569712,12112.767948242183,-187500.02235174447,-187500.02235174447,-187500.02235174447,-187500.02235174447
não,1707.203889751898,-7768.505247653156,6800.048863893612,12185.992263077767,-187500.02235174447,-187500.02235174447,-187500.02235174447,-187500.02235174447
não,1617.0593043636447,-7821.814158179064,6505.609334183852,12194.50827771524,-187500.02235174447,-187500.02235174447,-187500.02235174447,-187500.02235174447
não,1890.778766963335,-7782.855067593464,7002.1309855140435,12116.344227355032,-187500.02235174447,-187500.02235174447,-187500.02235174447,-187500.02235174447
não,1961.9243695645773,-7730.663744290322,7277.795049881345,12091.578494498552,-187500.02235174447,-187500.02235174447,-187500.02235174447,-187500.02235174447
não,1757.8752944320793,-7752.635509089889,6896.161365051433,12152.308184183621,-187500.02235174447,-187500.02235174447,-187500.02235174447,-187500.02235174447
não,1604.117644324022,-7815.421559264846,6489.694892131673,12175.397536205952,-187500.02235174447,-187500.02235174447,-187500.02235174447,-187500.02235174447
não,1832.1277895126093,-7806.92789637183,6880.1575160214325,12101.860296947993,-187500.02235174447,-187500.02235174447,-187500.02235174447,-187500.02235174447
não,1986.8018611433342,-7740.453808361746,7281.080756316275,12095.043014889123,-187500.02235174447,-187500.02235174447,-187500.02235174447,-187500.02235174447
não,1816.9956585163663,-7747.874587520909,7000.3651977020745,12147.793131803648,-187500.02235174447,-187500.02235174447,-187500.02235174447,-187500.02235174447
não,1614.7570746847482,-7812.761701674664,6516.561688966953,12178.973815318801,-187500.02235174447,-187500.02235174447,-187500.02235174447,-187500.02235174447
não,1805.4845101218832,-7815.756835431676,6790.951703900302,12129.419997861385,-187500.02235174447,-187500.02235174447,-187500.02235174447,-187500.02235174447
não,2014.093341123264,-7752.456695134247,7283.315930761806,12085.76704094017,-187500.02235174447,-187500.02235174447,-187500.02235174447,-187500.02235174447
não,1860.9838916044107,-7758.648128348366,7075.422355582996,12099.62512250246,-187500.02235174447,-187500.02235174447,-187500.02235174447,-187500.02235174447
não,1603.8494233905583,-7817.612030221467,6524.921241393237,12129.487053094752,-187500.02235174447,-187500.02235174447,-187500.02235174447,-187500.02235174447
não,1772.850963217135,-7822.082379112528,6691.821717241016,12140.372352644486,-187500.02235174447,-187500.02235174447,-187500.02235174447,-187500.02235174447
não,2039.5072745689483,-7762.291462694581,7256.560892648804,12100.049805647113,-187500.02235174447,-187500.02235174447,-187500.02235174447,-187500.02235174447
não,1935.7951802963235,-7750.0650584775285,7171.423098018539,12102.776718470659,-187500.02235174447,-187500.02235174447,-187500.02235174447,-187500.02235174447
não,1691.110633744077,-7804.133928314916,6639.384524748865,12153.492826639751,-187500.02235174447,-187500.02235174447,-187500.02235174447,-187500.02235174447
não,1738.8092564117023,-7843.584757278533,6608.181489489257,12130.247012406233,-187500.02235174447,-187500.02235174447,-187500.02235174447,-187500.02235174447
não,2006.806672430834,-7791.080509553017,7185.459993536472,12078.905055392392,-187500.02235174447,-187500.02235174447,-187500.02235174447,-187500.02235174447
não,1974.5754569262813,-7755.921215524819,7240.847616296723,12093.277227077155,-187500.02235174447,-187500.02235174447,-187500.02235174447,-187500.02235174447
não,1734.0036313538112,-7801.518774213645,6739.967374797747,12166.658004123927,-187500.02235174447,-187500.02235174447,-187500.02235174447,-187500.02235174447
não,1703.404093194496,-7844.83645496803,6541.908567179271,12141.378181144975,-187500.02235174447,-187500.02235174447,-187500.02235174447,-187500.02235174447
não,1981.8844773631665,-7795.193230532794,7096.120070948609,12068.779715154138,-187500.02235174447,-187500.02235174447,-187500.02235174447,-187500.02235174447
não,2020.5753470153031,-7753.082543978995,7292.502497732938,12081.095526349012,-187500.02235174447,-187500.02235174447,-187500.02235174447,-187500.02235174447
não,1798.2648966628192,-7791.393433975391,6845.02057373769,12137.824253776582,-187500.02235174447,-187500.02235174447,-187500.02235174447,-187500.02235174447
não,1696.3409419466188,-7848.166864891871,6514.505328477065,12155.728001085283,-187500.02235174447,-187500.02235174447,-187500.02235174447,-187500.02235174447
não,1947.7086600910022,-7817.947306388296,6997.682988367437,12089.67859621985,-187500.02235174447,-187500.02235174447,-187500.02235174447,-187500.02235174447
não,2057.5004288554705,-7763.341994683981,7319.63751550168,12092.181991598844,-187500.02235174447,-187500.02235174447,-187500.02235174447,-187500.02235174447
não,1856.625301435626,-7784.77731761662,6944.9552231973685,12152.17407371689,-187500.02235174447,-187500.02235174447,-187500.02235174447,-187500.02235174447
não,1716.9268985899566,-7848.658603269888,6514.997066855081,12178.303262985142,-187500.02235174447,-187500.02235174447,-187500.02235174447,-187500.02235174447
não,1972.228523758474,-7835.158149618883,6904.655027944449,12128.123596682977,-187500.02235174447,-187500.02235174447,-187500.02235174447,-187500.02235174447
não,2131.618813469269,-7770.271035465126,7335.082570920297,12107.582343528551,-187500.02235174447,-187500.02235174447,-187500.02235174447,-187500.02235174447
não,1977.972922083488,-7775.076660523017,7067.643948512548,12157.69495459735,-187500.02235174447,-187500.02235174447,-187500.02235174447,-187500.02235174447
não,1775.756689996325,-7838.689725242821,6570.831724504438,12203.180754563899,-187500.02235174447,-187500.02235174447,-187500.02235174447,-187500.02235174447
não,1939.4832181314491,-7845.417600323868,6808.676637253361,12157.091457497056,-187500.02235174447,-187500.02235174447,-187500.02235174447,-187500.02235174447
não,2153.5905782688355,-7783.927951327319,7321.336248080283,12116.388930843941,-187500.02235174447,-187500.02235174447,-187500.02235174447,-187500.02235174447
não,2045.966928716532,-7778.787050102598,7172.741850941402,12150.251823693732,-187500.02235174447,-187500.02235174447,-187500.02235174447,-187500.02235174447
não,1818.1803009724977,-7840.477864799245,6645.508902729619,12199.090385328578,-187500.02235174447,-187500.02235174447,-187500.02235174447,-187500.02235174447
não,1919.5901655662258,-7870.093926202528,6728.232708958711,12173.11765827151,-187500.02235174447,-187500.02235174447,-187500.02235174447,-187500.02235174447
não,2152.9647294240867,-7814.035751108618,7274.911674846611,12103.760195226694,-187500.02235174447,-187500.02235174447,-187500.02235174447,-187500.02235174447
não,2084.9036675576767,-7785.961960072752,7238.880662784656,12138.718323554795,-187500.02235174447,-187500.02235174447,-187500.02235174447,-187500.02235174447
não,1861.4756299824276,-7839.2261671097485,6729.551461881574,12206.309998787643,-187500.02235174447,-187500.02235174447,-187500.02235174447,-187500.02235174447
não,1892.3880925641172,-7865.154190677905,6651.74503943265,12179.398498463452,-187500.02235174447,-187500.02235174447,-187500.02235174447,-187500.02235174447
não,2165.9510929526205,-7818.237879066215,7220.015790464377,12098.284017835143,-187500.02235174447,-187500.02235174447,-187500.02235174447,-187500.02235174447
não,2149.4108020556932,-7784.9337798278075,7312.216736342519,12120.434596590352,-187500.02235174447,-187500.02235174447,-187500.02235174447,-187500.02235174447
não,1909.4871770724271,-7831.380704805935,6821.953573459813,12183.555922932139,-187500.02235174447,-187500.02235174447,-187500.02235174447,-187500.02235174447
não,1858.5475514587822,-7881.22509494127,6591.775309059061,12183.466515954318,-187500.02235174447,-187500.02235174447,-187500.02235174447,-187500.02235174447
não,2137.1396943497293,-7841.617803766466,7135.593251656682,12137.01959097619,-187500.02235174447,-187500.02235174447,-187500.02235174447,-187500.02235174447
não,2175.539991323947,-7801.630532935922,7348.4489141045715,12118.35588435601,-187500.02235174447,-187500.02235174447,-187500.02235174447,-187500.02235174447
não,1943.9088635336,-7839.270870598659,6906.934905878891,12164.847512823048,-187500.02235174447,-187500.02235174447,-187500.02235174447,-187500.02235174447
não,1847.818714120235,-7884.287283931647,6578.476021108154,12273.991080998312,-187500.02235174447,-187500.02235174447,-187500.02235174447,-187500.02235174447
não,2126.030877355442,-7857.062859185084,7060.849018198135,12216.658856470449,-187500.02235174447,-187500.02235174447,-187500.02235174447,-187500.02235174447
não,2225.2279192480946,-7796.936666600307,7380.814240075856,12127.721265282782,-187500.02235174447,-187500.02235174447,-187500.02235174447,-187500.02235174447
não,2007.3431142977613,-7810.682989440321,7021.889927612535,12163.126428499989,-187500.02235174447,-187500.02235174447,-187500.02235174447,-187500.02235174447
não,1834.8994058250673,-7877.022966983673,6564.126201167846,12202.532553974695,-187500.02235174447,-187500.02235174447,-187500.02235174447,-187500.02235174447
não,2018.518986525415,-7875.346586149524,6885.812507368625,12141.73580905626,-187500.02235174447,-187500.02235174447,-187500.02235174447,-187500.02235174447
não,2215.9072418102314,-7805.095053326494,7361.189408444096,12152.665812094905,-187500.02235174447,-187500.02235174447,-187500.02235174447,-187500.02235174447
não,2077.7734610764337,-7806.7714341606425,7139.884786592101,12237.222461369332,-187500.02235174447,-187500.02235174447,-187500.02235174447,-187500.02235174447
não,1851.752621144369,-7868.015213968184,6616.652800637818,12262.658746559471,-187500.02235174447,-187500.02235174447,-187500.02235174447,-187500.02235174447
não,1995.1390618251637,-7883.572028109077,6805.033302907146,12204.812431909137,-187500.02235174447,-187500.02235174447,-187500.02235174447,-187500.02235174447
não,2214.5884888873684,-7821.456530267779,7327.773550483412,12168.893178569459,-187500.02235174447,-187500.02235174447,-187500.02235174447,-187500.02235174447
não,2105.1766997786403,-7806.369102760447,7207.409406591583,12212.389673279486,-187500.02235174447,-187500.02235174447,-187500.02235174447,-187500.02235174447
não,1860.1345253151092,-7858.023984196661,6675.370833321909,12267.017336728257,-187500.02235174447,-187500.02235174447,-187500.02235174447,-187500.02235174447
não,1941.584282110248,-7889.137612478449,6711.938287250792,12240.239946870799,-187500.02235174447,-187500.02235174447,-187500.02235174447,-187500.02235174447
não,2200.9762765140863,-7829.950193160796,7277.571532436792,12196.27406552721,-187500.02235174447,-187500.02235174447,-187500.02235174447,-187500.02235174447
não,2147.0638688878857,-7805.027998093128,7272.207113767518,12221.687998972893,-187500.02235174447,-187500.02235174447,-187500.02235174447,-187500.02235174447
não,1888.9459239179998,-7852.592510294022,6751.970261570247,12266.883226261525,-187500.02235174447,-187500.02235174447,-187500.02235174447,-187500.02235174447
não,1884.654388982581,-7897.854792816019,6627.627507165374,12251.840502243103,-187500.02235174447,-187500.02235174447,-187500.02235174447,-187500.02235174447
não,2165.9734446970756,-7845.17173113486,7193.797194218301,12187.199257278355,-187500.02235174447,-187500.02235174447,-187500.02235174447,-187500.02235174447
não,2169.080337176363,-7805.095053326494,7328.801730728356,12202.957237119346,-187500.02235174447,-187500.02235174447,-187500.02235174447,-187500.02235174447
não,1931.4365901275387,-7845.819931724064,6851.457876140818,12265.564473338662,-187500.02235174447,-187500.02235174447,-187500.02235174447,-187500.02235174447
não,1882.5309732593266,-7896.334874193058,6591.171811958768,12277.656767088982,-187500.02235174447,-187500.02235174447,-187500.02235174447,-187500.02235174447
não,2137.5867292388357,-7853.240710883226,7110.000504255356,12215.921248903423,-187500.02235174447,-187500.02235174447,-187500.02235174447,-187500.02235174447
não,2192.214392687606,-7802.904582369874,7361.524684610926,12209.148670333467,-187500.02235174447,-187500.02235174447,-187500.02235174447,-187500.02235174447
não,1974.061366803809,-7832.922975173352,6952.979499456823,12262.010545970268,-187500.02235174447,-187500.02235174447,-187500.02235174447,-187500.02235174447
não,1836.2852139812965,-7890.255199701214,6572.195180916212,12291.447793417907,-187500.02235174447,-187500.02235174447,-187500.02235174447,-187500.02235174447
não,2092.927943817132,-7866.674109300865,7001.818061091669,12229.689923487893,-187500.02235174447,-187500.02235174447,-187500.02235174447,-187500.02235174447
não,2227.4854454380807,-7810.727692929232,7368.900760281177,12195.245885282266,-187500.02235174447,-187500.02235174447,-187500.02235174447,-187500.02235174447
não,2028.8231407193114,-7821.948268645796,7048.801427936724,12239.815263726148,-187500.02235174447,-187500.02235174447,-187500.02235174447,-187500.02235174447
não,1829.624394133615,-7878.878161773463,6584.555695599997,12282.015357257767,-187500.02235174447,-187500.02235174447,-187500.02235174447,-187500.02235174447
não,2031.2371291204847,-7876.575932094566,6892.562734194128,12231.254545599764,-187500.02235174447,-187500.02235174447,-187500.02235174447,-187500.02235174447
não,2224.4232564477034,-7812.918163885852,7363.849266034278,12197.570466705618,-187500.02235174447,-187500.02235174447,-187500.02235174447,-187500.02235174447
não,2060.1826381901074,-7812.73934993021,7145.495074450383,12244.643240528494,-187500.02235174447,-187500.02235174447,-187500.02235174447,-187500.02235174447
não,1825.9587080429446,-7871.256216914203,6620.474948939675,12284.362290425575,-187500.02235174447,-187500.02235174447,-187500.02235174447,-187500.02235174447
não,1966.4170702000943,-7884.935484520851,6777.183029315834,12241.536348049207,-187500.02235174447,-187500.02235174447,-187500.02235174447,-187500.02235174447
não,2215.281392965483,-7821.5012337566895,7316.217698600019,12198.062205083634,-187500.02235174447,-187500.02235174447,-187500.02235174447,-187500.02235174447
não,2106.383693979227,-7806.838489394008,7215.411331106584,12222.962048406845,-187500.02235174447,-187500.02235174447,-187500.02235174447,-187500.02235174447
não,1869.9245893865336,-7857.465190585279,6687.261961372133,12277.969691511356,-187500.02235174447,-187500.02235174447,-187500.02235174447,-187500.02235174447
não,1910.0906741727204,-7888.914095033896,6694.749795764661,12256.355554623075,-187500.02235174447,-187500.02235174447,-187500.02235174447,-187500.02235174447
não,2163.581808040358,-7827.670315226354,7252.29170945784,12196.207010293843,-187500.02235174447,-187500.02235174447,-187500.02235174447,-187500.02235174447
não,2121.4711214865592,-7798.9036201123745,7273.123535290187,12207.65110345496,-187500.02235174447,-187500.02235174447,-187500.02235174447,-187500.02235174447
não,1859.4863247259052,-7845.104675901494,6760.374517485442,12254.299194133186,-187500.02235174447,-187500.02235174447,-187500.02235174447,-187500.02235174447
não,1859.5086764703606,-7890.813993312597,6610.483719168154,12262.815208770659,-187500.02235174447,-187500.02235174447,-187500.02235174447,-187500.02235174447
não,2147.153275865707,-7841.662507255377,7164.6058159596705,12194.240056781777,-187500.02235174447,-187500.02235174447,-187500.02235174447,-187500.02235174447
não,2152.0036044125086,-7799.68593116831,7320.017495157421,12178.772649618704,-187500.02235174447,-187500.02235174447,-187500.02235174447,-187500.02235174447
não,1885.9954936498993,-7836.052219397095,6855.816466309603,12220.79392919468,-187500.02235174447,-187500.02235174447,-187500.02235174447,-187500.02235174447
não,1794.6886175499699,-7887.193010710837,6563.522704067553,12233.512071789752,-187500.02235174447,-187500.02235174447,-187500.02235174447,-187500.02235174447
não,2060.652024823669,-7854.157132405893,7065.453477555929,12166.434486679374,-187500.02235174447,-187500.02235174447,-187500.02235174447,-187500.02235174447
não,2129.249528557006,-7803.0163410921505,7349.097114693775,12151.12354172749,-187500.02235174447,-187500.02235174447,-187500.02235174447,-187500.02235174447
não,1902.2452118689075,-7826.016286136662,6954.834694246614,12208.65693195545,-187500.02235174447,-187500.02235174447,-187500.02235174447,-187500.02235174447
não,1740.9103203905013,-7884.9578362653065,6540.098075878392,12227.90178393147,-187500.02235174447,-187500.02235174447,-187500.02235174447,-187500.02235174447
não,1965.1430207661417,-7867.568179079078,6932.728818980315,12173.095306527055,-187500.02235174447,-187500.02235174447,-187500.02235174447,-187500.02235174447
não,2093.9784758065316,-7804.871535881942,7324.957230682044,12142.115788712,-187500.02235174447,-187500.02235174447,-187500.02235174447,-187500.02235174447
não,1895.7855577213238,-7815.712131942765,7027.679029426459,12173.11765827151,-187500.02235174447,-187500.02235174447,-187500.02235174447,-187500.02235174447
não,1672.1563544459766,-7867.970510479273,6532.409075785766,12207.807565666148,-187500.02235174447,-187500.02235174447,-187500.02235174447,-187500.02235174447
não,1848.981004831911,-7862.024946454161,6803.0216459061685,12150.207120204821,-187500.02235174447,-187500.02235174447,-187500.02235174447,-187500.02235174447
não,2046.5033705834594,-7797.271942767137,7303.63366647168,12097.76992771267,-187500.02235174447,-187500.02235174447,-187500.02235174447,-187500.02235174447
não,1903.2063368804859,-7806.324399271536,7124.640896873581,12136.572556087083,-187500.02235174447,-187500.02235174447,-187500.02235174447,-187500.02235174447
não,1676.4702411258509,-7863.991899966229,6595.150422471813,12196.36347250503,-187500.02235174447,-187500.02235174447,-187500.02235174447,-187500.02235174447
não,1791.6711320485035,-7875.011309982695,6697.387301610387,12137.176053187377,-187500.02235174447,-187500.02235174447,-187500.02235174447,-187500.02235174447
não,2023.5928325167697,-7822.685876212821,7244.088619242742,12079.977939126247,-187500.02235174447,-187500.02235174447,-187500.02235174447,-187500.02235174447
não,1929.357877893195,-7805.296219026593,7184.498868524894,12104.833078960548,-187500.02235174447,-187500.02235174447,-187500.02235174447,-187500.02235174447
não,1681.946418517401,-7852.570158549566,6663.457353527231,12162.187655232867,-187500.02235174447,-187500.02235174447,-187500.02235174447,-187500.02235174447
não,1713.7753026217583,-7899.41941492789,6610.349608701421,12131.632820562461,-187500.02235174447,-187500.02235174447,-187500.02235174447,-187500.02235174447
não,1984.745500653446,-7827.111521614972,7183.113060368665,12075.842866402016,-187500.02235174447,-187500.02235174447,-187500.02235174447,-187500.02235174447
não,1958.6386631296473,-7790.566419430545,7255.800933337323,12092.360805554486,-187500.02235174447,-187500.02235174447,-187500.02235174447,-187500.02235174447
não,1716.5022154453059,-7831.291297828115,6762.810857631071,12165.272195967698,-187500.02235174447,-187500.02235174447,-187500.02235174447,-187500.02235174447
não,1673.273941668742,-7888.020025255683,6555.744296997106,12156.35384993003,-187500.02235174447,-187500.02235174447,-187500.02235174447,-187500.02235174447
não,1944.0876774892424,-7846.490484057723,7097.014140726822,12093.433689288342,-187500.02235174447,-187500.02235174447,-187500.02235174447,-187500.02235174447
não,1975.0224918153874,-7799.171841045838,7295.251762300941,12082.414279271876,-187500.02235174447,-187500.02235174447,-187500.02235174447,-187500.02235174447
não,1741.2679483017862,-7819.958963389274,6854.028326753179,12136.080817709068,-187500.02235174447,-187500.02235174447,-187500.02235174447,-187500.02235174447
não,1638.6063860185607,-7878.274664673169,6520.585002968908,12153.35871617302,-187500.02235174447,-187500.02235174447,-187500.02235174447,-187500.02235174447
não,1901.2393833684187,-7848.546844547612,7005.774319860258,12098.865163190982,-187500.02235174447,-187500.02235174447,-187500.02235174447,-187500.02235174447
não,2014.585079501281,-7790.789936875098,7356.473190364027,12092.919599165869,-187500.02235174447,-187500.02235174447,-187500.02235174447,-187500.02235174447
não,1782.7080825219255,-7817.902602899386,6949.403220343974,12137.936012498858,-187500.02235174447,-187500.02235174447,-187500.02235174447,-187500.02235174447
não,1636.8405982065915,-7871.300920403114,6544.166093369257,12160.421867420897,-187500.02235174447,-187500.02235174447,-187500.02235174447,-187500.02235174447
não,1841.5155221838384,-7851.69844051581,6877.944693320357,12115.628971532462,-187500.02235174447,-187500.02235174447,-187500.02235174447,-187500.02235174447
não,1996.614276959214,-7795.170878788338,7295.743500678957,12084.671805461861,-187500.02235174447,-187500.02235174447,-187500.02235174447,-187500.02235174447
não,1825.7798940873022,-7803.977466103729,7027.209642792898,12132.661000807406,-187500.02235174447,-187500.02235174447,-187500.02235174447,-187500.02235174447
não,1610.6220019605164,-7869.535132591144,6532.856110674872,12163.707573855827,-187500.02235174447,-187500.02235174447,-187500.02235174447,-187500.02235174447
não,1778.327140608685,-7858.158094663393,6765.403659987886,12129.464701350296,-187500.02235174447,-187500.02235174447,-187500.02235174447,-187500.02235174447
não,1995.9884281144655,-7794.54502994359,7282.265398772407,12089.231561330744,-187500.02235174447,-187500.02235174447,-187500.02235174447,-187500.02235174447
não,1877.166554590053,-7788.39830021838,7136.912004579545,12131.565765329095,-187500.02235174447,-187500.02235174447,-187500.02235174447,-187500.02235174447
não,1644.954281443868,-7835.158149618883,6611.802472091016,12180.381975219487,-187500.02235174447,-187500.02235174447,-187500.02235174447,-187500.02235174447
não,1739.7703814232805,-7862.717850532276,6682.9257229478035,12145.490902124751,-187500.02235174447,-187500.02235174447,-187500.02235174447,-187500.02235174447
não,1986.8689163767,-7806.547916716089,7240.981726763454,12094.171296855367,-187500.02235174447,-187500.02235174447,-187500.02235174447,-187500.02235174447
não,1911.5882410512259,-7783.6373786494,7201.687360011025,12112.25385811971,-187500.02235174447,-187500.02235174447,-187500.02235174447,-187500.02235174447
não,1661.2039996628762,-7830.531338516634,6676.108440888935,12165.518065156706,-187500.02235174447,-187500.02235174447,-187500.02235174447,-187500.02235174447
não,1678.4595463823732,-7868.998690724217,6588.199029946212,12152.218777205799,-187500.02235174447,-187500.02235174447,-187500.02235174447,-187500.02235174447
não,1959.555084652315,-7811.577059218534,7162.236531047408,12098.127555623956,-187500.02235174447,-187500.02235174447,-187500.02235174447,-187500.02235174447
não,1952.5366368933485,-7772.617968632933,7261.970014806988,12115.673675021371,-187500.02235174447,-187500.02235174447,-187500.02235174447,-187500.02235174447
não,1705.080474028644,-7810.0571405955725,6771.595093202007,12174.83874259457,-187500.02235174447,-187500.02235174447,-187500.02235174447,-187500.02235174447
não,1643.367307587541,-7863.74603077722,6533.839587430905,12173.475286182796,-187500.02235174447,-187500.02235174447,-187500.02235174447,-187500.02235174447
não,1919.4113516105833,-7821.523585501145,7070.884951458568,12105.905962694404,-187500.02235174447,-187500.02235174447,-187500.02235174447,-187500.02235174447
não,1973.7260906369795,-7771.0756982655175,7295.184707067574,12103.782546971148,-187500.02235174447,-187500.02235174447,-187500.02235174447,-187500.02235174447
não,1745.2912623037414,-7800.848221879986,6872.692033373361,12164.467533167308,-187500.02235174447,-187500.02235174447,-187500.02235174447,-187500.02235174447
não,1620.3226590541196,-7860.437972597835,6511.554898208964,12185.679338655395,-187500.02235174447,-187500.02235174447,-187500.02235174447,-187500.02235174447
não,1870.2598655533632,-7832.319478073058,6962.523694339239,12108.230544117754,-187500.02235174447,-187500.02235174447,-187500.02235174447,-187500.02235174447
não,1982.2197535299963,-7769.354613942459,7308.01460838492,12083.800087428104,-187500.02235174447,-187500.02235174447,-187500.02235174447,-187500.02235174447
não,1783.7362627668695,-7789.404128718869,6969.922121753946,12137.578384587572,-187500.02235174447,-187500.02235174447,-187500.02235174447,-187500.02235174447
não,1605.9951908582677,-7849.955004448296,6515.041770343992,12176.470419939807,-187500.02235174447,-187500.02235174447,-187500.02235174447,-187500.02235174447
não,1821.1977864739642,-7838.801483965098,6851.748448818737,12123.54148906964,-187500.02235174447,-187500.02235174447,-187500.02235174447,-187500.02235174447
não,2000.0117421164207,-7773.15441049986,7309.6462857301585,12102.553201026107,-187500.02235174447,-187500.02235174447,-187500.02235174447,-187500.02235174447
não,1835.2793854808076,-7775.255474478659,7069.275625857786,12147.189634703354,-187500.02235174447,-187500.02235174447,-187500.02235174447,-187500.02235174447
não,1624.3459730560749,-7837.192158364315,6582.454631621198,12187.802754378648,-187500.02235174447,-187500.02235174447,-187500.02235174447,-187500.02235174447
não,1761.6303875005708,-7845.484655557234,6751.925558081336,12136.460797364807,-187500.02235174447,-187500.02235174447,-187500.02235174447,-187500.02235174447
não,1981.9738843409878,-7781.1786867593155,7256.024450781876,12093.165468354879,-187500.02235174447,-187500.02235174447,-187500.02235174447,-187500.02235174447
não,1868.2482085523854,-7768.39348893088,7140.734152881402,12120.009913445701,-187500.02235174447,-187500.02235174447,-187500.02235174447,-187500.02235174447
não,1636.795894717681,-7820.718922700754,6614.0152947920915,12181.656024653439,-187500.02235174447,-187500.02235174447,-187500.02235174447,-187500.02235174447
não,1717.9103753459901,-7849.619728281466,6646.738248674661,12157.851416808537,-187500.02235174447,-187500.02235174447,-187500.02235174447,-187500.02235174447
não,1975.514230193404,-7791.505192697668,7215.098406684209,12101.748538225716,-187500.02235174447,-187500.02235174447,-187500.02235174447,-187500.02235174447
não,1917.6902672875246,-7764.705451095754,7219.188775919531,12122.1109774245,-187500.02235174447,-187500.02235174447,-187500.02235174447,-187500.02235174447
não,1670.4129183784628,-7808.805442906076,6701.030635956602,12171.776553604193,-187500.02235174447,-187500.02235174447,-187500.02235174447,-187500.02235174447
não,1672.8716102685464,-7851.765495749176,6570.407041359787,12164.065201767113,-187500.02235174447,-187500.02235174447,-187500.02235174447,-187500.02235174447
não,1948.9603577804994,-7798.501288712179,7135.146216767575,12108.543468540129,-187500.02235174447,-187500.02235174447,-187500.02235174447,-187500.02235174447
não,1953.4083549271054,-7751.9426050117745,7267.7367648764575,12117.618276788984,-187500.02235174447,-187500.02235174447,-187500.02235174447,-187500.02235174447
não,1711.9424595764233,-7791.952227586774,6793.008064390191,12176.917454828914,-187500.02235174447,-187500.02235174447,-187500.02235174447,-187500.02235174447
não,1640.729801741815,-7847.608071280489,6520.316782035445,12182.728908387293,-187500.02235174447,-187500.02235174447,-187500.02235174447,-187500.02235174447
não,1914.7398370194242,-7808.537221972611,7039.413695265495,12123.787358258649,-187500.02235174447,-187500.02235174447,-187500.02235174447,-187500.02235174447
não,1982.0185878298985,-7756.971747514218,7306.092358361764,12112.052692419613,-187500.02235174447,-187500.02235174447,-187500.02235174447,-187500.02235174447
não,1754.2990153192302,-7781.066928037039,6898.3518360080525,12165.853341323536,-187500.02235174447,-187500.02235174447,-187500.02235174447,-187500.02235174447
não,1615.1594060849436,-7837.840358953519,6500.267267259034,12186.260484011233,-187500.02235174447,-187500.02235174447,-187500.02235174447,-187500.02235174447
não,1865.2083713064637,-7817.612030221467,6930.828920701614,12123.429730347363,-187500.02235174447,-187500.02235174447,-187500.02235174447,-187500.02235174447
não,1999.7882246718675,-7757.687003336788,7315.882422433188,12103.983712671246,-187500.02235174447,-187500.02235174447,-187500.02235174447,-187500.02235174447
não,1808.7255130679027,-7771.522733154623,6999.962866301878,12157.225567963787,-187500.02235174447,-187500.02235174447,-187500.02235174447,-187500.02235174447
não,1620.2556038207538,-7829.011419893673,6522.998991370081,12193.636559681483,-187500.02235174447,-187500.02235174447,-187500.02235174447,-187500.02235174447
não,1816.5039201383497,-7824.295201813603,6819.427826336364,12142.585175345563,-187500.02235174447,-187500.02235174447,-187500.02235174447,-187500.02235174447
não,2006.9184311531105,-7759.117514981928,7299.63270421418,12106.129480138956,-187500.02235174447,-187500.02235174447,-187500.02235174447,-187500.02235174447
não,1855.0830310682097,-7756.927044025308,7090.487431345872,12144.328611413075,-187500.02235174447,-187500.02235174447,-187500.02235174447,-187500.02235174447
não,1627.341106813086,-7817.656733710377,6564.77440175705,12201.660835940938,-187500.02235174447,-187500.02235174447,-187500.02235174447,-187500.02235174447
não,1761.071593889188,-7835.225204852249,6713.011170984647,12160.935957543368,-187500.02235174447,-187500.02235174447,-187500.02235174447,-187500.02235174447
não,1998.7600444269235,-7770.047518020573,7258.8184188387895,12102.240276603732,-187500.02235174447,-187500.02235174447,-187500.02235174447,-187500.02235174447
$SILENCE,1906.715560759969,-7751.048535233562,7171.512504996361,12131.789282773649,-187500.02235174447,-187500.02235174447,-187500.02235174447,-187500.02235174447
$SILENCE,1658.7453077727923,-7801.474070724735,6637.395219492343,12183.242998509766,-187500.02235174447,-187500.02235174447,-187500.02235174447,-187500.02235174447
$SILENCE,1712.5683084211719,-7836.186329863826,6621.279611740067,12161.830027321581,-187500.02235174447,-187500.02235174447,-187500.02235174447,-187500.02235174447
$SILENCE,1979.2022680285297,-7777.870628579931,7195.495926796905,12104.430747560353,-187500.02235174447,-187500.02235174447,-187500.02235174447,-187500.02235174447
$SILENCE,1940.9807850099546,-7745.170026441816,7237.427799395061,12126.961305971303,-187500.02235174447,-187500.02235174447,-187500.02235174447,-187500.02235174447
$SILENCE,1687.690816842415,-7792.332207242514,6725.774017068627,12180.627844408495,-187500.02235174447,-187500.02235174447,-187500.02235174447,-187500.02235174447
$SILENCE,1666.4119561209627,-7836.141626374916,6552.01155567307,12173.162361760422,-187500.02235174447,-187500.02235174447,-187500.02235174447,-187500.02235174447
$SILENCE,1940.9584332654995,-7788.8676868519415,7105.194879197465,12110.890401707937,-187500.02235174447,-187500.02235174447,-187500.02235174447,-187500.02235174447
$SILENCE,1962.326700964773,-7744.633584574889,7279.694948160047,12111.471547063775,-187500.02235174447,-187500.02235174447,-187500.02235174447,-187500.02235174447
$SILENCE,1734.204797053909,-7780.195210003282,6824.568727561084,12167.26150122422,-187500.02235174447,-187500.02235174447,-187500.02235174447,-187500.02235174447
$SILENCE,1647.8823599675131,-7837.5497862756,6515.265287788545,12186.036966566679,-187500.02235174447,-187500.02235174447,-187500.02235174447,-187500.02235174447
$SILENCE,1907.2072991379857,-7803.172803303338,7012.837471108136,12135.276154908677,-187500.02235174447,-187500.02235174447,-187500.02235174447,-187500.02235174447
$SILENCE,1987.7182826660019,-7747.472256120713,7313.200213098552,12121.64159079094,-187500.02235174447,-187500.02235174447,-187500.02235174447,-187500.02235174447
$SILENCE,1780.0035214428333,-7769.041689520084,6928.012600900245,12163.349945944543,-187500.02235174447,-187500.02235174447,-187500.02235174447,-187500.02235174447
$SILENCE,1629.7550952142592,-7829.525510016145,6509.185613296701,12182.728908387293,-187500.02235174447,-187500.02235174447,-187500.02235174447,-187500.02235174447
$SILENCE,1860.6262636931258,-7815.399207520391,6899.692940675372,12124.59202105904,-187500.02235174447,-187500.02235174447,-187500.02235174447,-187500.02235174447
$SILENCE,2008.773625942901,-7751.920253267319,7310.9426869085655,12102.307331837099,-187500.02235174447,-187500.02235174447,-187500.02235174447,-187500.02235174447
$SILENCE,1831.747809856869,-7760.257453949149,7022.135796801544,12153.291660939654,-187500.02235174447,-187500.02235174447,-187500.02235174447,-187500.02235174447
$SILENCE,1627.4752172798178,-7820.696570956299,6525.994125127092,12192.809545136637,-187500.02235174447,-187500.02235174447,-187500.02235174447,-187500.02235174447
$SILENCE,1809.1948997014642,-7821.367123289958,6785.63198871994,12137.73484679876,-187500.02235174447,-187500.02235174447,-187500.02235174447,-187500.02235174447
$SILENCE,2017.2449370914624,-7755.071849235517,7290.423785498594,12099.558067269096,-187500.02235174447,-187500.02235174447,-187500.02235174447,-187500.02235174447
$SILENCE,1888.5435925178044,-7750.780314300098,7118.024780514811,12141.892271267447,-187500.02235174447,-187500.02235174447,-187500.02235174447,-187500.02235174447
$SILENCE,1654.9455112153903,-7807.173765560838,6592.602323603907,12193.256580025743,-187500.02235174447,-187500.02235174447,-187500.02235174447,-187500.02235174447
$SILENCE,1761.9880154118557,-7829.257289082681,6689.765356751127,12161.49475115475,-187500.02235174447,-187500.02235174447,-187500.02235174447,-187500.02235174447
$SILENCE,2001.3975502726496,-7767.4994191526675,7241.160540719097,12102.597904515018,-187500.02235174447,-187500.02235174447,-187500.02235174447,-187500.02235174447
$SILENCE,1923.0099824678878,-7744.790046786076,7185.3258830697405,12135.969058986791,-187500.02235174447,-187500.02235174447,-187500.02235174447,-187500.02235174447
$SILENCE,1681.9911220063118,-7796.467279966746,6656.595367979452,12185.79109737767,-187500.02235174447,-187500.02235174447,-187500.02235174447,-187500.02235174447
$SILENCE,1716.8821951010461,-7834.152321118394,6598.63729460684,12162.1205999995,-187500.02235174447,-187500.02235174447,-187500.02235174447,-187500.02235174447
$SILENCE,1988.2323727884739,-7778.0047390466625,7171.266635807352,12099.803936458104,-187500.02235174447,-187500.02235174447,-187500.02235174447,-187500.02235174447
$SILENCE,1963.6231021431809,-7745.684116564288,7247.866064055689,12116.858317477503,-187500.02235174447,-187500.02235174447,-187500.02235174447,-187500.02235174447
$SILENCE,1711.1154450315769,-7785.1125937834495,6747.231691745722,12171.396573948452,-187500.02235174447,-187500.02235174447,-187500.02235174447,-187500.02235174447
$SILENCE,1670.0999939560884,-7834.26407984067,6532.051447874481,12171.731850115282,-187500.02235174447,-187500.02235174447,-187500.02235174447,-187500.02235174447
$SILENCE,1953.1177822491863,-7789.11355604095,7082.463155086417,12110.622180774473,-187500.02235174447,-187500.02235174447,-187500.02235174447,-187500.02235174447
$SILENCE,2004.1468148406525,-7741.169064184316,7297.084605346276,12115.673675021371,-187500.02235174447,-187500.02235174447,-187500.02235174447,-187500.02235174447
$SILENCE,1772.7392044948585,-7774.54021865609,6853.35777441952,12166.568597146106,-187500.02235174447,-187500.02235174447,-187500.02235174447,-187500.02235174447
$SILENCE,1668.244799166298,-7833.593527507011,6508.112729562847,12176.917454828914,-187500.02235174447,-187500.02235174447,-187500.02235174447,-187500.02235174447
$SILENCE,1930.6989825605135,-7804.826832393031,6979.33220616963,12112.432672075352,-187500.02235174447,-187500.02235174447,-187500.02235174447,-187500.02235174447
$SILENCE,2038.7696670019232,-7747.67342182081,7312.239088086973,12099.11103237999,-187500.02235174447,-187500.02235174447,-187500.02235174447,-187500.02235174447
$SILENCE,1837.6039669041595,-7767.611177874945,6957.628662303528,12156.622070863496,-187500.02235174447,-187500.02235174447,-187500.02235174447,-187500.02235174447
$SILENCE,1666.5907700766052,-7830.061951883073,6514.505328477065,12191.088460813578,-187500.02235174447,-187500.02235174447,-187500.02235174447,-187500.02235174447
$SILENCE,1886.3754733056396,-7814.25926855317,6871.507390917229,12133.823291519082,-187500.02235174447,-187500.02235174447,-187500.02235174447,-187500.02235174447
$SILENCE,2043.2623676374399,-7751.428514889302,7307.232297328985,12096.898209678915,-187500.02235174447,-187500.02235174447,-187500.02235174447,-187500.02235174447
$SILENCE,1866.2141998069526,-7758.446962648269,7049.360221548107,12141.311125911609,-187500.02235174447,-187500.02235174447,-187500.02235174447,-187500.02235174447
$SILENCE,1649.692851268393,-7810.21360280676,6545.887177692316,12193.636559681483,-187500.02235174447,-187500.02235174447,-187500.02235174447,-187500.02235174447
$SILENCE,1806.5126903668274,-7816.561498232067,6761.380345985931,12154.610413862518,-187500.02235174447,-187500.02235174447,-187500.02235174447,-187500.02235174447
$SILENCE,2021.9164516826215,-7751.294404422571,7280.4772592159825,12109.146965640422,-187500.02235174447,-187500.02235174447,-187500.02235174447,-187500.02235174447
$SILENCE,1898.4007118225948,-7743.24777641866,7138.163702269042,12139.59004158855,-187500.02235174447,-187500.02235174447,-187500.02235174447,-187500.02235174447
$SILENCE,1659.080583939622,-7800.244724779693,6606.996847033125,12188.875638112502,-187500.02235174447,-187500.02235174447,-187500.02235174447,-187500.02235174447
$SILENCE,1752.3320618071632,-7825.748065203198,6661.870379670904,12159.796018576148,-187500.02235174447,-187500.02235174447,-187500.02235174447,-187500.02235174447
$SILENCE,2011.7911114443675,-7766.627701118911,7223.212089921486,12104.363692326986,-187500.02235174447,-187500.02235174447,-187500.02235174447,-187500.02235174447
$SILENCE,1945.38407866765,-7744.812398530531,7206.202412390997,12129.956439728314,-187500.02235174447,-187500.02235174447,-187500.02235174447,-187500.02235174447
$SILENCE,1695.4468721684066,-7789.001797318673,6686.881981716393,12187.355719489542,-187500.02235174447,-187500.02235174447,-187500.02235174447,-187500.02235174447
$SILENCE,1709.4167124529736,-7830.061951883073,6583.013425232581,12171.754201859738,-187500.02235174447,-187500.02235174447,-187500.02235174447,-187500.02235174447
$SILENCE,1986.6453989321471,-7777.49064892419,7147.707897151458,12105.056596405102,-187500.02235174447,-187500.02235174447,-187500.02235174447,-187500.02235174447
$SILENCE,1986.9136198656108,-7740.096180450461,7263.288767729851,12118.668808778384,-187500.02235174447,-187500.02235174447,-187500.02235174447,-187500.02235174447
$SILENCE,1747.0570501157106,-7777.8929803243855,6781.385157273431,12180.270216497209,-187500.02235174447,-187500.02235174447,-187500.02235174447,-187500.02235174447
$SILENCE,1678.7501190602923,-7829.346696060503,6527.938726894704,12185.41111772193,-187500.02235174447,-187500.02235174447,-187500.02235174447,-187500.02235174447
$SILENCE,1954.4141834275943,-7789.560590930056,7056.82570419618,12119.808747745605,-187500.02235174447,-187500.02235174447,-187500.02235174447,-187500.02235174447
$SILENCE,2013.1098643672306,-7738.084523449484,7298.023378613399,12109.21402087379,-187500.02235174447,-187500.02235174447,-187500.02235174447,-187500.02235174447
$SILENCE,1779.5564865537272,-7766.359480185447,6878.995225309757,12161.986489532768,-187500.02235174447,-187500.02235174447,-187500.02235174447,-187500.02235174447
$SILENCE,1650.6539762799712,-7824.943402402807,6505.05054057247,12185.969911333314,-187500.02235174447,-187500.02235174447,-187500.02235174447,-187500.02235174447
$SILENCE,1905.1509386480975,-7802.748120158687,6946.586900542606,12126.022532704179,-187500.02235174447,-187500.02235174447,-187500.02235174447,-187500.02235174447
$SILENCE,2029.6725070086131,-7742.8454450184645,7310.138024108175,12105.324817338565,-187500.02235174447,-187500.02235174447,-187500.02235174447,-187500.02235174447
$SILENCE,1834.809998847246,-7756.72587832521,6984.115479483066,12152.822274306092,-187500.02235174447,-187500.02235174447,-187500.02235174447,-187500.02235174447
$SILENCE,1642.406182575963,-7815.958001131774,6518.2157180566455,12189.590893935072,-187500.02235174447,-187500.02235174447,-187500.02235174447,-187500.02235174447
$SILENCE,1850.4785717104164,-7812.918163885852,6838.44916086783,12141.087608467056,-187500.02235174447,-187500.02235174447,-187500.02235174447,-187500.02235174447
$SILENCE,2036.0204024339203,-7749.886244521886,7302.583134482281,12109.862221462992,-187500.02235174447,-187500.02235174447,-187500.02235174447,-187500.02235174447
$SILENCE,1873.1879440770083,-7749.998003244163,7075.0200241828,12150.050657993634,-187500.02235174447,-187500.02235174447,-187500.02235174447,-187500.02235174447
$SILENCE,1643.4790663098177,-7809.744216173198,6558.471209820654,12193.79302189267,-187500.02235174447,-187500.02235174447,-187500.02235174447,-187500.02235174447
$SILENCE,1792.6099053156265,-7818.126120343938,6729.61851711494,12156.197387718843,-187500.02235174447,-187500.02235174447,-187500.02235174447,-187500.02235174447
$SILENCE,2034.4110768331382,-7750.333279410992,7268.988462565954,12110.868049963481,-187500.02235174447,-187500.02235174447,-187500.02235174447,-187500.02235174447
$SILENCE,1924.7757702798572,-7736.117569937417,7160.336632768707,12129.889384494947,-187500.02235174447,-187500.02235174447,-187500.02235174447,-187500.02235174447
$SILENCE,1674.1009562135885,-7792.287503753603,6628.02983856557,12182.483039198285,-187500.02235174447,-187500.02235174447,-187500.02235174447,-187500.02235174447
$SILENCE,1744.0842681031547,-7822.417655279358,6639.518635215597,12156.890291796959,-187500.02235174447,-187500.02235174447,-187500.02235174447,-187500.02235174447
$SILENCE,2016.4626260355267,-7764.548988884568,7207.52116531386,12096.115898622978,-187500.02235174447,-187500.02235174447,-187500.02235174447,-187500.02235174447
$SILENCE,1968.0263958008763,-7737.81630251602,7225.402560878106,12123.340323369543,-187500.02235174447,-187500.02235174447,-187500.02235174447,-187500.02235174447
$SILENCE,1711.7412938763255,-7783.1679920158385,6708.071435460024,12186.618111922517,-187500.02235174447,-187500.02235174447,-187500.02235174447,-187500.02235174447
$SILENCE,1698.5537646476944,-7828.139701859916,6556.794828986505,12172.93884431587,-187500.02235174447,-187500.02235174447,-187500.02235174447,-187500.02235174447
$SILENCE,1978.3529017392282,-7778.8317535915085,7122.897460806068,12105.235410360743,-187500.02235174447,-187500.02235174447,-187500.02235174447,-187500.02235174447
$SILENCE,1992.0321693458761,-7735.067037948017,7277.638587670159,12116.344227355032,-187500.02235174447,-187500.02235174447,-187500.02235174447,-187500.02235174447
$SILENCE,1751.7732681957805,-7768.885227308897,6812.543489044129,12176.69393738436,-187500.02235174447,-187500.02235174447,-187500.02235174447,-187500.02235174447
$SILENCE,1670.0105869782672,-7821.680047712332,6522.663715203252,12181.901893842447,-187500.02235174447,-187500.02235174447,-187500.02235174447,-187500.02235174447
$SILENCE,1942.321889677273,-7785.894904839386,7028.3048782712085,12115.807785488103,-187500.02235174447,-187500.02235174447,-187500.02235174447,-187500.02235174447
$SILENCE,2020.9553266710434,-7732.563642569023,7304.147756594152,12109.839869718537,-187500.02235174447,-187500.02235174447,-187500.02235174447,-187500.02235174447
$SILENCE,1802.9811147428888,-7758.2234452037155,6907.627809957005,12161.830027321581,-187500.02235174447,-187500.02235174447,-187500.02235174447,-187500.02235174447
$SILENCE,1655.4596013378623,-7818.5955069775,6505.497575461576,12189.345024746064,-187500.02235174447,-187500.02235174447,-187500.02235174447,-187500.02235174447
$SILENCE,1895.1597088765752,-7801.049387580084,6915.27210656072,12130.582288573061,-187500.02235174447,-187500.02235174447,-187500.02235174447,-187500.02235174447
$SILENCE,2033.4276000771047,-7737.8610060049305,7305.041826372365,12107.403529572908,-187500.02235174447,-187500.02235174447,-187500.02235174447,-187500.02235174447
$SILENCE,1842.6107576621482,-7749.7744857996095,7002.376854703052,12156.532663885673,-187500.02235174447,-187500.02235174447,-187500.02235174447,-187500.02235174447
$SILENCE,1638.0252406627228,-7809.140719072905,6515.846433144383,12193.167173047921,-187500.02235174447,-187500.02235174447,-187500.02235174447,-187500.02235174447
$SILENCE,1830.4961121673718,-7809.051312095084,6797.143137114423,12144.887405024458,-187500.02235174447,-187500.02235174447,-187500.02235174447,-187500.02235174447
$SILENCE,2038.5014460684595,-7744.34301189697,7290.244971542951,12108.744634240227,-187500.02235174447,-187500.02235174447,-187500.02235174447,-187500.02235174447
$SILENCE,1890.9352291745222,-7741.05730546204,7099.539887850272,12145.915585269402,-187500.02235174447,-187500.02235174447,-187500.02235174447,-187500.02235174447
$SILENCE,1654.4984763262842,-7798.456585223268,6568.574198314453,12192.496620714262,-187500.02235174447,-187500.02235174447,-187500.02235174447,-187500.02235174447
$SILENCE,1779.6458935315484,-7813.186384819315,6690.905295718348,12160.712440098816,-187500.02235174447,-187500.02235174447,-187500.02235174447,-187500.02235174447
$SILENCE,2022.519948782915,-7749.349802654959,7239.998250007421,12107.850564462015,-187500.02235174447,-187500.02235174447,-187500.02235174447,-187500.02235174447
$SILENCE,1929.4696366154715,-7733.077732691495,7170.149048584587,12131.051675206623,-187500.02235174447,-187500.02235174447,-187500.02235174447,-187500.02235174447
$SILENCE,1677.5207731152504,-7786.476050195223,6637.93166135927,12187.780402634193,-187500.02235174447,-187500.02235174447,-187500.02235174447,-187500.02235174447
$SILENCE,1725.0405818272332,-7819.601335477989,6601.87829755286,12167.641480879962,-187500.02235174447,-187500.02235174447,-187500.02235174447,-187500.02235174447
$SILENCE,1999.58705897177,-7762.738497583688,7175.781688187324,12109.549297040618,-187500.02235174447,-187500.02235174447,-187500.02235174447,-187500.02235174447
$SILENCE,1968.3840237121613,-7729.188529156271,7235.796122049824,12127.654210049417,-187500.02235174447,-187500.02235174447,-187500.02235174447,-187500.02235174447
$SILENCE,1716.4798637008505,-7771.835657576998,6729.752627581672,12185.679338655395,-187500.02235174447,-187500.02235174447,-187500.02235174447,-187500.02235174447
$SILENCE,1681.8346597951247,-7818.282582555125,6542.892043935304,12187.556885189639,-187500.02235174447,-187500.02235174447,-187500.02235174447,-187500.02235174447
$SILENCE,1964.0254335433763,-7773.0203000331285,7093.862544758624,12128.123596682977,-187500.02235174447,-187500.02235174447,-187500.02235174447,-187500.02235174447
$SILENCE,1996.7707391704012,-7726.752189010644,7274.442288213049,12125.44138734834,-187500.02235174447,-187500.02235174447,-187500.02235174447,-187500.02235174447
$SILENCE,1754.3437188081407,-7758.446962648269,6819.941916458835,12172.335347215576,-187500.02235174447,-187500.02235174447,-187500.02235174447,-187500.02235174447
$SILENCE,1652.151543158477,-7812.582887719022,6497.182726524202,12186.640463666972,-187500.02235174447,-187500.02235174447,-187500.02235174447,-187500.02235174447
$SILENCE,1919.9030899886002,-7782.005701304162,6982.707319582381,12118.177070400367,-187500.02235174447,-187500.02235174447,-187500.02235174447,-187500.02235174447
$SILENCE,2014.9203556681105,-7726.931002966286,7295.519983234404,12106.889439450437,-187500.02235174447,-187500.02235174447,-187500.02235174447,-187500.02235174447
$SILENCE,1800.589478086171,-7747.561663098534,6925.889185176991,12164.780457589683,-187500.02235174447,-187500.02235174447,-187500.02235174447,-187500.02235174447
$SILENCE,1636.6394325064937,-7806.480861482723,6495.506345690053,12199.872696384513,-187500.02235174447,-187500.02235174447,-187500.02235174447,-187500.02235174447
$SILENCE,1868.2258568079303,-7793.49449795419,6872.893199073458,12141.44523637834,-187500.02235174447,-187500.02235174447,-187500.02235174447,-187500.02235174447
$SILENCE,2023.0563906498423,-7732.071904191006,7292.770718666401,12110.309256352099,-187500.02235174447,-187500.02235174447,-187500.02235174447,-187500.02235174447
$SILENCE,1847.2375687643969,-7736.229328659693,7016.704322898904,12158.119637742,-187500.02235174447,-187500.02235174447,-187500.02235174447,-187500.02235174447
$SILENCE,1636.2371011062983,-7794.2097537767595,6520.942630880193,12201.325559774108,-187500.02235174447,-187500.02235174447,-187500.02235174447,-187500.02235174447
$SILENCE,1804.9480682549558,-7801.183498046816,6762.721450653249,12151.704687083327,-187500.02235174447,-187500.02235174447,-187500.02235174447,-187500.02235174447
$SILENCE,2014.3615620567277,-7737.302212393548,7271.044823055843,12109.146965640422,-187500.02235174447,-187500.02235174447,-187500.02235174447,-187500.02235174447
$SILENCE,1886.330769816729,-7728.428569844791,7108.16766121002,12144.999163746736,-187500.02235174447,-187500.02235174447,-187500.02235174447,-187500.02235174447
$SILENCE,1647.3459181005858,-7783.570323416034,6576.307901895989,12197.011673094234,-187500.02235174447,-187500.02235174447,-187500.02235174447,-187500.02235174447
$SILENCE,1752.7790966962693,-7806.458509738268,6660.46221977022,12169.429620436385,-187500.02235174447,-187500.02235174447,-187500.02235174447,-187500.02235174447
$SILENCE,2008.840681176267,-7745.259433419637,7221.513357342882,12116.903020966414,-187500.02235174447,-187500.02235174447,-187500.02235174447,-187500.02235174447
$SILENCE,1928.4414563705275,-7722.460654075224,7181.347272556695,12143.188672445855,-187500.02235174447,-187500.02235174447,-187500.02235174447,-187500.02235174447
$SILENCE,1677.3196074151526,-7773.646148877878,6652.683812699773,12199.291551028677,-187500.02235174447,-187500.02235174447,-187500.02235174447,-187500.02235174447
$SILENCE,1706.466282184873,-7810.191251062304,6575.637349562329,12183.332405487587,-187500.02235174447,-187500.02235174447,-187500.02235174447,-187500.02235174447
$SILENCE,1982.8679541192002,-7753.753096312654,7147.059696562254,12117.193593644333,-187500.02235174447,-187500.02235174447,-187500.02235174447,-187500.02235174447
$SILENCE,1962.7960875983345,-7716.693904005755,7238.053648239809,12132.72805604077,-187500.02235174447,-187500.02235174447,-187500.02235174447,-187500.02235174447
$SILENCE,1712.5683084211719,-7756.368250413925,6746.136456267412,12193.770670148215,-187500.02235174447,-187500.02235174447,-187500.02235174447,-187500.02235174447
$SILENCE,1664.8473340090914,-7805.11740507095,6520.137968079802,12195.961141104835,-187500.02235174447,-187500.02235174447,-187500.02235174447,-187500.02235174447
$SILENCE,1938.7903140533347,-7760.838599304986,7057.630366996571,12130.761102528704,-187500.02235174447,-187500.02235174447,-187500.02235174447,-187500.02235174447
$SILENCE,1987.0477303323426,-7714.928116193786,7273.995253323943,12127.341285627042,-187500.02235174447,-187500.02235174447,-187500.02235174447,-187500.02235174447
$SILENCE,1758.4564397879171,-7745.907634008841,6842.070143469589,12184.897027599458,-187500.02235174447,-187500.02235174447,-187500.02235174447,-187500.02235174447
$SILENCE,1636.6841359954044,-7802.368140502947,6489.024339798015,12208.925152888913,-187500.02235174447,-187500.02235174447,-187500.02235174447,-187500.02235174447
$SILENCE,1894.6232670096479,-7777.200076246271,6950.967842455846,12146.362620158508,-187500.02235174447,-187500.02235174447,-187500.02235174447,-187500.02235174447
$SILENCE,2011.7017044665463,-7719.487872062668,7292.614256455214,12127.944782727336,-187500.02235174447,-187500.02235174447,-187500.02235174447,-187500.02235174447
$SILENCE,1809.7313415683916,-7732.228366402193,6943.5470632966835,12176.068088539612,-187500.02235174447,-187500.02235174447,-187500.02235174447,-187500.02235174447
$SILENCE,1630.5150545257395,-7791.751061886676,6493.248819500068,12207.829917410603,-187500.02235174447,-187500.02235174447,-187500.02235174447,-187500.02235174447
$SILENCE,1848.4445629649836,-7782.989178060196,6836.63866956695,12152.576405117085,-187500.02235174447,-187500.02235174447,-187500.02235174447,-187500.02235174447
$SILENCE,2021.4023615601495,-7721.276011619093,7284.031186584376,12125.039055948146,-187500.02235174447,-187500.02235174447,-187500.02235174447,-187500.02235174447
$SILENCE,1851.46204846645,-7723.24296513116,7036.306802786208,12166.389783190463,-187500.02235174447,-187500.02235174447,-187500.02235174447,-187500.02235174447
$SILENCE,1636.147694128477,-7780.843410592486,6530.866805418349,12211.719120945827,-187500.02235174447,-187500.02235174447,-187500.02235174447,-187500.02235174447
$SILENCE,1794.8227280167018,-7791.840468864498,6731.563118882552,12168.177922746889,-187500.02235174447,-187500.02235174447,-187500.02235174447,-187500.02235174447
$SILENCE,2016.2167568465184,-7727.601555299945,7254.146904247631,12123.362675113998,-187500.02235174447,-187500.02235174447,-187500.02235174447,-187500.02235174447
$SILENCE,1893.1480518755975,-7717.632677272878,7120.438768915984,12158.723134842294,-187500.02235174447,-187500.02235174447,-187500.02235174447,-187500.02235174447
$SILENCE,1650.5422175576948,-7771.276863965615,6586.522649112064,12209.819222667125,-187500.02235174447,-187500.02235174447,-187500.02235174447,-187500.02235174447
$SILENCE,1736.1941023104314,-7796.579038689022,6629.326239743977,12182.237170009277,-187500.02235174447,-187500.02235174447,-187500.02235174447,-187500.02235174447
$SILENCE,1998.0447886043537,-7737.369267626914,7194.177173874042,12125.888422237447,-187500.02235174447,-187500.02235174447,-187500.02235174447,-187500.02235174447
$SILENCE,1936.912767519089,-7709.943677180252,7190.645598250103,12149.268346937699,-187500.02235174447,-187500.02235174447,-187500.02235174447,-187500.02235174447
$SILENCE,1684.4274621519403,-7757.865817292431,6672.487458287175,12205.70650168735,-187500.02235174447,-187500.02235174447,-187500.02235174447,-187500.02235174447
$SILENCE,1689.9930465213117,-7801.027035835628,6552.525645795542,12193.010710836734,-187500.02235174447,-187500.02235174447,-187500.02235174447,-187500.02235174447
$SILENCE,1971.1779917690747,-7749.841541032975,7118.114187492632,12128.883555994458,-187500.02235174447,-187500.02235174447,-187500.02235174447,-187500.02235174447
$SILENCE,1968.3169684787952,-7707.328523078982,7245.295613443329,12140.819387533593,-187500.02235174447,-187500.02235174447,-187500.02235174447,-187500.02235174447
$SILENCE,1723.1853870374428,-7747.136979953883,6766.297729766099,12197.659873683438,-187500.02235174447,-187500.02235174447,-187500.02235174447,-187500.02235174447
$SILENCE,1657.9406449724013,-7800.065910824051,6501.206040526157,12204.968894120324,-187500.02235174447,-187500.02235174447,-187500.02235174447,-187500.02235174447
$SILENCE,1938.7232588199688,-7762.20205571676,7022.582831690649,12139.992372988747,-187500.02235174447,-187500.02235174447,-187500.02235174447,-187500.02235174447
$SILENCE,2000.548183983348,-7712.402369070336,7275.828096369279,12132.25866940721,-187500.02235174447,-187500.02235174447,-187500.02235174447,-187500.02235174447
$SILENCE,1766.8606957031127,-7736.564604826523,6864.466591413808,12187.042795067167,-187500.02235174447,-187500.02235174447,-187500.02235174447,-187500.02235174447
$SILENCE,1630.5821097591056,-7792.265152009149,6483.928142062205,12213.663722713438,-187500.02235174447,-187500.02235174447,-187500.02235174447,-187500.02235174447
$SILENCE,1885.6378657386144,-7772.953244799763,6915.361513538542,12153.895158039948,-187500.02235174447,-187500.02235174447,-187500.02235174447,-187500.02235174447
$SILENCE,2022.1176173827193,-7715.688075505266,7285.126422062686,12131.074026951079,-187500.02235174447,-187500.02235174447,-187500.02235174447,-187500.02235174447
$SILENCE,1823.07533300821,-7727.489796577668,6965.898807751991,12179.107925785533,-187500.02235174447,-187500.02235174447,-187500.02235174447,-187500.02235174447
$SILENCE,1631.1856068593988,-7786.744271128688,6497.696816646674,12218.89403091598,-187500.02235174447,-187500.02235174447,-187500.02235174447,-187500.02235174447
$SILENCE,1837.916891326534,-7784.2855792386035,6806.217945363277,12171.441277437363,-187500.02235174447,-187500.02235174447,-187500.02235174447,-187500.02235174447
$SILENCE,2025.4927307954706,-7721.43247383028,7276.006910324921,12130.626992061972,-187500.02235174447,-187500.02235174447,-187500.02235174447,-187500.02235174447
$SILENCE,1865.878923640123,-7721.276011619093,7056.915111174001,12171.664794881915,-187500.02235174447,-187500.02235174447,-187500.02235174447,-187500.02235174447
$SILENCE,1634.3148510831418,-7774.853143078464,6537.013535143559,12222.202089095366,-187500.02235174447,-187500.02235174447,-187500.02235174447,-187500.02235174447
$SILENCE,1772.850963217135,-7790.588771175,6694.928609720303,12182.572446176106,-187500.02235174447,-187500.02235174447,-187500.02235174447,-187500.02235174447
$SILENCE,2010.1817858435854,-7727.24392738866,7236.757247061401,12136.527852598174,-187500.02235174447,-187500.02235174447,-187500.02235174447,-187500.02235174447
$SILENCE,1909.911860217078,-7713.005866170629,7141.248243003874,12169.004937291735,-187500.02235174447,-187500.02235174447,-187500.02235174447,-187500.02235174447
$SILENCE,1661.762793274259,-7765.1524859848605,6606.438053421743,12223.006751895757,-187500.02235174447,-187500.02235174447,-187500.02235174447,-187500.02235174447
$SILENCE,1725.0629335716885,-7797.428404978324,6601.431262663754,12198.755109161748,-187500.02235174447,-187500.02235174447,-187500.02235174447,-187500.02235174447
$SILENCE,1998.134195582175,-7741.9066717513415,7173.948845141989,12143.50159686823,-187500.02235174447,-187500.02235174447,-187500.02235174447,-187500.02235174447
$SILENCE,1953.7883345828457,-7711.061264403018,7203.475499567449,12165.719230856805,-187500.02235174447,-187500.02235174447,-187500.02235174447,-187500.02235174447
$SILENCE,1694.9998372793004,-7754.423648646313,6690.190039895778,12220.659818727949,-187500.02235174447,-187500.02235174447,-187500.02235174447,-187500.02235174447
$SILENCE,1678.7054155713815,-7800.244724779693,6530.553880995975,12213.976647135813,-187500.02235174447,-187500.02235174447,-187500.02235174447,-187500.02235174447
$SILENCE,1961.320872464284,-7751.853198033953,7092.074405202199,12151.794094061148,-187500.02235174447,-187500.02235174447,-187500.02235174447,-187500.02235174447
$SILENCE,1977.7494046389347,-7706.970895167697,7255.95739554851,12160.488922654262,-187500.02235174447,-187500.02235174447,-187500.02235174447,-187500.02235174447
$SILENCE,1739.0551256007107,-7739.224462416704,6794.326817313054,12220.79392919468,-187500.02235174447,-187500.02235174447,-187500.02235174447,-187500.02235174447
$SILENCE,1654.0737931816332,-7794.634436921411,6492.8017846109615,12224.034932140701,-187500.02235174447,-187500.02235174447,-187500.02235174447,-187500.02235174447
$SILENCE,1917.6679155430695,-7765.711279596243,6988.496421396306,12147.569614359096,-187500.02235174447,-187500.02235174447,-187500.02235174447,-187500.02235174447
$SILENCE,2005.7561404414346,-7710.815395214009,7276.856276614222,12140.595870089039,-187500.02235174447,-187500.02235174447,-187500.02235174447,-187500.02235174447
$SILENCE,1789.6147715586153,-7732.787160013576,6890.171097537411,12199.22449579531,-187500.02235174447,-187500.02235174447,-187500.02235174447,-187500.02235174447
$SILENCE,1636.952356928868,-7791.125213041928,6480.128345504802,12233.020333411734,-187500.02235174447,-187500.02235174447,-187500.02235174447,-187500.02235174447
$SILENCE,1876.652464467581,-7772.0815267660055,6885.767803879715,12174.257597238731,-187500.02235174447,-187500.02235174447,-187500.02235174447,-187500.02235174447
$SILENCE,2025.6044895177472,-7714.369322582403,7288.6356459421695,12146.630841091972,-187500.02235174447,-187500.02235174447,-187500.02235174447,-187500.02235174447
$SILENCE,1829.914966811534,-7728.585032055978,6985.3448254281075,12186.260484011233,-187500.02235174447,-187500.02235174447,-187500.02235174447,-187500.02235174447
$SILENCE,1624.435380033896,-7784.151468771872,6496.71333989064,12230.025199654723,-187500.02235174447,-187500.02235174447,-187500.02235174447,-187500.02235174447
$SILENCE,1814.1569869705424,-7783.3468059714805,6770.76807865716,12185.187600277377,-187500.02235174447,-187500.02235174447,-187500.02235174447,-187500.02235174447
$SILENCE,2013.579251000792,-7719.420816829303,7265.345128219739,12146.183806202866,-187500.02235174447,-187500.02235174447,-187500.02235174447,-187500.02235174447
$SILENCE,1870.4833829979161,-7714.011694671118,7078.30573061773,12186.88633285598,-187500.02235174447,-187500.02235174447,-187500.02235174447,-187500.02235174447
$SILENCE,1637.46644705134,-7769.801648831564,6548.8599597048715,12238.317696847642,-187500.02235174447,-187500.02235174447,-187500.02235174447,-187500.02235174447
$SILENCE,1757.9423496654451,-7789.694701396787,6664.46318202772,12201.817298152126,-187500.02235174447,-187500.02235174447,-187500.02235174447,-187500.02235174447
$SILENCE,2009.8018061878452,-7727.1098169219285,7220.28401139784,12154.252785951232,-187500.02235174447,-187500.02235174447,-187500.02235174447,-187500.02235174447
$SILENCE,1913.5998980522036,-7708.736682979666,7156.425077489028,12184.070013054612,-187500.02235174447,-187500.02235174447,-187500.02235174447,-187500.02235174447
$SILENCE,1658.4100316059628,-7762.5820353725,6625.9287745867705,12237.870661958535,-187500.02235174447,-187500.02235174447,-187500.02235174447,-187500.02235174447
$SILENCE,1709.2155467528758,-7796.556686944567,6583.572218843963,12216.748263448271,-187500.02235174447,-187500.02235174447,-187500.02235174447,-187500.02235174447
não,1983.0467680748427,-7741.929023495797,7154.078144321221,12154.342192929053,-187500.02235174447,-187500.02235174447,-187500.02235174447,-187500.02235174447
não,1954.168314238586,-7705.920363178297,7219.836976508735,12169.764896603216,-187500.02235174447,-187500.02235174447,-187500.02235174447,-187500.02235174447
não,1699.9619245483786,-7749.550968355056,6708.496118604675,12224.593725752084,-187500.02235174447,-187500.02235174447,-187500.02235174447,-187500.02235174447
não,1669.2282759223315,-7800.669407924343,6508.023322585025,12223.230269340309,-187500.02235174447,-187500.02235174447,-187500.02235174447,-187500.02235174447
não,1954.3471281942284,-7752.34493641197,7059.373803064085,12162.254710466232,-187500.02235174447,-187500.02235174447,-187500.02235174447,-187500.02235174447
não,1990.936933867566,-7707.663799245811,7257.566721149293,12161.651213365938,-187500.02235174447,-187500.02235174447,-187500.02235174447,-187500.02235174447
não,1753.2484833298306,-7739.112703694428,6824.278154883165,12218.692865215882,-187500.02235174447,-187500.02235174447,-187500.02235174447,-187500.02235174447
não,1653.8949792259907,-7794.5897334325,6520.540299479998,12231.23219385531,-187500.02235174447,-187500.02235174447,-187500.02235174447,-187500.02235174447
não,1890.6670082410585,-7768.482895908702,6939.300231850176,12173.072954782601,-187500.02235174447,-187500.02235174447,-187500.02235174447,-187500.02235174447
não,2001.06227410582,-7708.826089957487,7270.351918977728,12157.69495459735,-187500.02235174447,-187500.02235174447,-187500.02235174447,-187500.02235174447
não,1784.138594167065,-7730.954316968241,6894.105004561545,12209.774519178214,-187500.02235174447,-187500.02235174447,-187500.02235174447,-187500.02235174447
não,1615.405275273952,-7792.689835153799,6465.666766842219,12239.345877092586,-187500.02235174447,-187500.02235174447,-187500.02235174447,-187500.02235174447
não,1843.616586162637,-7780.664596636844,6833.911756743402,12183.1759432764,-187500.02235174447,-187500.02235174447,-187500.02235174447,-187500.02235174447
não,2018.027248147398,-7715.933944694275,7277.035090569865,12160.31010869862,-187500.02235174447,-187500.02235174447,-187500.02235174447,-187500.02235174447
não,1837.2239872484192,-7723.757055253632,7017.352523488107,12205.952370876357,-187500.02235174447,-187500.02235174447,-187500.02235174447,-187500.02235174447
não,1617.8639671640358,-7779.658768136355,6505.899906861771,12245.80553124017,-187500.02235174447,-187500.02235174447,-187500.02235174447,-187500.02235174447
não,1794.9568384834336,-7785.4031664613685,6725.438740901797,12198.88921962848,-187500.02235174447,-187500.02235174447,-187500.02235174447,-187500.02235174447
não,2014.4956725234597,-7722.840633730964,7255.711526359502,12152.442294650353,-187500.02235174447,-187500.02235174447,-187500.02235174447,-187500.02235174447
não,1887.8506884396897,-7703.618133499401,7100.791585539769,12194.396518992964,-187500.02235174447,-187500.02235174447,-187500.02235174447,-187500.02235174447
não,1646.2283308778206,-7762.760849328143,6562.449820333698,12244.017391683745,-187500.02235174447,-187500.02235174447,-187500.02235174447,-187500.02235174447
não,1733.3554307646075,-7799.887096868408,6626.129940286868,12204.812431909137,-187500.02235174447,-187500.02235174447,-187500.02235174447,-187500.02235174447
não,1990.936933867566,-7744.410067130336,7186.666987737059,12147.100227725534,-187500.02235174447,-187500.02235174447,-187500.02235174447,-187500.02235174447
não,1937.5609681082926,-7714.749302238143,7178.218028332953,12185.45582121084,-187500.02235174447,-187500.02235174447,-187500.02235174447,-187500.02235174447
não,1688.7413488318145,-7750.288575922082,6668.486496029675,12255.372077867041,-187500.02235174447,-187500.02235174447,-187500.02235174447,-187500.02235174447
não,1716.2339945118422,-7767.6335296194,6568.1718669142565,12250.342935364597,-187500.02235174447,-187500.02235174447,-187500.02235174447,-187500.02235174447
não,1950.0108897698988,-7754.87068353542,7100.12103320611,12139.746503799737,-187500.02235174447,-187500.02235174447,-187500.02235174447,-187500.02235174447
não,1937.7621338083904,-7730.86490999042,7197.574639031249,12152.68816383936,-187500.02235174447,-187500.02235174447,-187500.02235174447,-187500.02235174447
não,1704.0075902947892,-7754.177779457305,6722.041275744591,12238.630621270016,-187500.02235174447,-187500.02235174447,-187500.02235174447,-187500.02235174447
não,1633.4431330493849,-7809.49834698419,6480.217752482624,12232.729760733815,-187500.02235174447,-187500.02235174447,-187500.02235174447,-187500.02235174447
não,1922.6523545566029,-7766.806515074553,7022.448721223917,12170.144876258955,-187500.02235174447,-187500.02235174447,-187500.02235174447,-187500.02235174447
não,1979.1352127951639,-7716.9621249392185,7251.934081546555,12169.675489625393,-187500.02235174447,-187500.02235174447,-187500.02235174447,-187500.02235174447
não,1750.5215705062833,-7741.370229884414,6829.888442741447,12232.014504911245,-187500.02235174447,-187500.02235174447,-187500.02235174447,-187500.02235174447
não,1632.951394671368,-7781.268093737137,6477.289673958979,12260.960013980868,-187500.02235174447,-187500.02235174447,-187500.02235174447,-187500.02235174447
não,1894.489156542916,-7758.759887070643,6928.973725911824,12199.112737073034,-187500.02235174447,-187500.02235174447,-187500.02235174447,-187500.02235174447
não,1973.1225935366863,-7738.330392638492,7243.082790742254,12148.307221926121,-187500.02235174447,-187500.02235174447,-187500.02235174447,-187500.02235174447
não,1787.5137075798164,-7741.10200895095,6915.719141449827,12214.401330280463,-187500.02235174447,-187500.02235174447,-187500.02235174447,-187500.02235174447
não,1632.4596562933514,-7787.705396140265,6469.824191310906,12258.724839535338,-187500.02235174447,-187500.02235174447,-187500.02235174447,-187500.02235174447
não,1827.2104057324418,-7788.152431029372,6796.360826058487,12205.751205176259,-187500.02235174447,-187500.02235174447,-187500.02235174447,-187500.02235174447
não,1975.648340660136,-7728.607383800434,7235.773770305368,12166.255672723732,-187500.02235174447,-187500.02235174447,-187500.02235174447,-187500.02235174447
não,1819.0967224951653,-7726.126340165894,7009.015322806278,12214.177812835911,-187500.02235174447,-187500.02235174447,-187500.02235174447,-187500.02235174447
não,1618.109836353044,-7781.201038503771,6536.186520598712,12261.0941244476,-187500.02235174447,-187500.02235174447,-187500.02235174447,-187500.02235174447
não,1757.5176665207944,-7790.387605474903,6704.204583669256,12221.218612339331,-187500.02235174447,-187500.02235174447,-187500.02235174447,-187500.02235174447
não,1977.1235557941861,-7730.350819867947,7205.733025757436,12175.55399841714,-187500.02235174447,-187500.02235174447,-187500.02235174447,-187500.02235174447
não,1866.1694963180419,-7721.968915697207,7079.44566958495,12195.424699237908,-187500.02235174447,-187500.02235174447,-187500.02235174447,-187500.02235174447
não,1611.2031473163543,-7785.939608328296,6537.8852531773155,12241.335182349108,-187500.02235174447,-187500.02235174447,-187500.02235174447,-187500.02235174447
não,1702.2194507383647,-7805.6538469378775,6580.040643220025,12226.113644375044,-187500.02235174447,-187500.02235174447,-187500.02235174447,-187500.02235174447
não,1982.8008988858342,-7742.800741529553,7153.362888498651,12171.284815226176,-187500.02235174447,-187500.02235174447,-187500.02235174447,-187500.02235174447
não,1931.838921527734,-7710.189546369261,7165.9916241159,12194.41887073742,-187500.02235174447,-187500.02235174447,-187500.02235174447,-187500.02235174447
não,1692.2729244557531,-7755.563587613534,6654.248434811644,12251.348763865086,-187500.02235174447,-187500.02235174447,-187500.02235174447,-187500.02235174447
não,1670.2564561672755,-7809.45364349528,6519.2886017905,12232.483891544807,-187500.02235174447,-187500.02235174447,-187500.02235174447,-187500.02235174447
não,1953.0730787602758,-7760.637433604888,7085.25712314333,12174.637576894473,-187500.02235174447,-187500.02235174447,-187500.02235174447,-187500.02235174447
não,1940.332584420751,-7725.232270387683,7206.04595017981,12175.129315272488,-187500.02235174447,-187500.02235174447,-187500.02235174447,-187500.02235174447
não,1695.6033343795937,-7761.598558616467,6730.087903748501,12229.064074643145,-187500.02235174447,-187500.02235174447,-187500.02235174447,-187500.02235174447
não,1631.3197173261306,-7809.677160939832,6464.303310430445,12243.972688194835,-187500.02235174447,-187500.02235174447,-187500.02235174447,-187500.02235174447
não,1898.780691478335,-7770.5839598875,6986.060081250678,12181.186638019877,-187500.02235174447,-187500.02235174447,-187500.02235174447,-187500.02235174447
não,1987.874744877189,-7716.515090050112,7251.554101890815,12172.178885004389,-187500.02235174447,-187500.02235174447,-187500.02235174447,-187500.02235174447
não,1760.6692624889927,-7738.665668805322,6856.822294810092,12232.930926433914,-187500.02235174447,-187500.02235174447,-187500.02235174447,-187500.02235174447
não,1612.3654380280302,-7802.815175392053,6476.485011158587,12253.315717377152,-187500.02235174447,-187500.02235174447,-187500.02235174447,-187500.02235174447
não,1860.6262636931258,-7785.604332161467,6886.5501149356505,12185.589931677572,-187500.02235174447,-187500.02235174447,-187500.02235174447,-187500.02235174447
não,1996.9048496371329,-7718.325581350992,7264.115782274697,12165.205140734333,-187500.02235174447,-187500.02235174447,-187500.02235174447,-187500.02235174447
não,1821.6671731075255,-7709.76486322461,6980.069813736655,12232.796815967182,-187500.02235174447,-187500.02235174447,-187500.02235174447,-187500.02235174447
não,1608.0739030926113,-7792.198096775783,6462.202246451646,12248.398333596986,-187500.02235174447,-187500.02235174447,-187500.02235174447,-187500.02235174447
não,1775.4884690628612,-7814.661599953366,6730.758456082161,12168.043812280157,-187500.02235174447,-187500.02235174447,-187500.02235174447,-187500.02235174447
não,1999.7658729274124,-7724.137034909372,7256.404430437617,12162.589986633062,-187500.02235174447,-187500.02235174447,-187500.02235174447,-187500.02235174447
não,1837.715725626436,-7737.145750182361,7020.5041194563055,12188.875638112502,-187500.02235174447,-187500.02235174447,-187500.02235174447,-187500.02235174447
não,1606.6433914474717,-7789.11355604095,6495.7969183679725,12240.932850948913,-187500.02235174447,-187500.02235174447,-187500.02235174447,-187500.02235174447
não,1768.1570968815206,-7769.354613942459,6682.366929336421,12220.838632683592,-187500.02235174447,-187500.02235174447,-187500.02235174447,-187500.02235174447
não,1977.972922083488,-7754.825980046508,7199.4745373099495,12138.360695643509,-187500.02235174447,-187500.02235174447,-187500.02235174447,-187500.02235174447
não,1850.7914961327906,-7772.059175021551,7066.235788611864,12146.474378880785,-187500.02235174447,-187500.02235174447,-187500.02235174447,-187500.02235174447
não,1636.661784250949,-7794.187402032305,6568.305977380989,12227.097121131077,-187500.02235174447,-187500.02235174447,-187500.02235174447,-187500.02235174447
não,1706.041599040222,-7814.63924820891,6579.303035653,12211.786176179192,-187500.02235174447,-187500.02235174447,-187500.02235174447,-187500.02235174447
não,1957.7892968403455,-7761.2185789607265,7150.546568697282,12145.021515491191,-187500.02235174447,-187500.02235174447,-187500.02235174447,-187500.02235174447
não,1928.5085116038933,-7717.967953439707,7184.3871098026175,12176.895103084458,-187500.02235174447,-187500.02235174447,-187500.02235174447,-187500.02235174447
não,1681.8793632840352,-7751.517921867124,6675.08026064399,12234.696714245882,-187500.02235174447,-187500.02235174447,-187500.02235174447,-187500.02235174447
não,1611.627830461005,-7856.615824295977,6466.806705809439,12177.252730995742,-187500.02235174447,-187500.02235174447,-187500.02235174447,-187500.02235174447
não,1908.1907758940192,-7790.678178152822,7039.100770843122,12135.49967235323,-187500.02235174447,-187500.02235174447,-187500.02235174447,-187500.02235174447
não,1950.2120554699966,-7727.601555299945,7212.9526392165,12150.49769288274,-187500.02235174447,-187500.02235174447,-187500.02235174447,-187500.02235174447
não,1712.2777357432528,-7756.0553259915505,6758.564026184563,12207.338179032586,-187500.02235174447,-187500.02235174447,-187500.02235174447,-187500.02235174447
não,1604.0282373462007,-7834.040562396117,6436.363629861311,12202.398443507964,-187500.02235174447,-187500.02235174447,-187500.02235174447,-187500.02235174447
não,1887.6495227395922,-7795.707320655266,6955.929929724924,12155.325669685088,-187500.02235174447,-187500.02235174447,-187500.02235174447,-187500.02235174447
não,1995.2508205474403,-7716.3139243500145,7272.832962612268,12159.863073809514,-187500.02235174447,-187500.02235174447,-187500.02235174447,-187500.02235174447
não,1729.5556342072052,-7776.484820423701,6839.7679137906935,12170.569559403606,-187500.02235174447,-187500.02235174447,-187500.02235174447,-187500.02235174447
não,1576.31207422162,-7829.279640827137,6427.288821612457,12212.501432001762,-187500.02235174447,-187500.02235174447,-187500.02235174447,-187500.02235174447
não,1829.0432487777769,-7804.022169592639,6834.515253843696,12165.205140734333,-187500.02235174447,-187500.02235174447,-187500.02235174447,-187500.02235174447
não,1975.9612650825102,-7737.8610060049305,7244.200377965019,12137.2654601652,-187500.02235174447,-187500.02235174447,-187500.02235174447,-187500.02235174447
não,1800.142443197065,-7740.878491506397,6960.37792687153,12184.94173108837,-187500.02235174447,-187500.02235174447,-187500.02235174447,-187500.02235174447
não,1582.0341208021787,-7815.958001131774,6458.223635938602,12216.100062859066,-187500.02235174447,-187500.02235174447,-187500.02235174447,-187500.02235174447
não,1777.656588275026,-7811.487652240712,6730.199662470778,12180.381975219487,-187500.02235174447,-187500.02235174447,-187500.02235174447,-187500.02235174447
não,1989.9534571115325,-7746.377020642402,7234.209148193497,12143.702762568328,-187500.02235174447,-187500.02235174447,-187500.02235174447,-187500.02235174447
não,1837.0228215483216,-7747.941642754275,7053.048259383233,12171.038946037168,-187500.02235174447,-187500.02235174447,-187500.02235174447,-187500.02235174447
não,1603.827071646103,-7796.132003799917,6532.520834508042,12227.722969975826,-187500.02235174447,-187500.02235174447,-187500.02235174447,-187500.02235174447
não,1716.301049745208,-7817.88025115493,6623.335972229955,12194.284760270688,-187500.02235174447,-187500.02235174447,-187500.02235174447,-187500.02235174447
não,1973.9943115704432,-7758.469314392724,7180.006167889377,12140.2158904333,-187500.02235174447,-187500.02235174447,-187500.02235174447,-187500.02235174447
não,1894.712673987469,-7736.206976915238,7128.284231219796,12165.696879112349,-187500.02235174447,-187500.02235174447,-187500.02235174447,-187500.02235174447
não,1636.1700458729324,-7787.705396140265,6598.145556228824,12217.977609393312,-187500.02235174447,-187500.02235174447,-187500.02235174447,-187500.02235174447
não,1680.5382586167168,-7825.524547758645,6546.20010211469,12202.51020223024,-187500.02235174447,-187500.02235174447,-187500.02235174447,-187500.02235174447
não,1959.2421602299405,-7770.53925639859,7119.12001599312,12137.399570631931,-187500.02235174447,-187500.02235174447,-187500.02235174447,-187500.02235174447
não,1936.3539739077062,-7737.05634320454,7197.574639031249,12136.0137624757,-187500.02235174447,-187500.02235174447,-187500.02235174447,-187500.02235174447
não,1695.469223912862,-7783.078585038017,6718.66616233184,12208.969856377824,-187500.02235174447,-187500.02235174447,-187500.02235174447,-187500.02235174447
não,1651.5480460581834,-7829.726675716242,6503.530621949509,12202.823126652615,-187500.02235174447,-187500.02235174447,-187500.02235174447,-187500.02235174447
não,1931.2801279163514,-7784.509096683157,7041.671221455482,12135.365561886498,-187500.02235174447,-187500.02235174447,-187500.02235174447,-187500.02235174447
não,1972.7873173698567,-7741.683154306788,7249.318927445284,12129.218832161288,-187500.02235174447,-187500.02235174447,-187500.02235174447,-187500.02235174447
não,1724.3253260046633,-7775.590750645489,6801.4346720498415,12167.082687268578,-187500.02235174447,-187500.02235174447,-187500.02235174447,-187500.02235174447
não,1617.3722287860191,-7834.599356007499,6472.28288320099,12195.290588771175,-187500.02235174447,-187500.02235174447,-187500.02235174447,-187500.02235174447
não,1883.4250430375391,-7804.513907970657,6943.435304574407,12138.651268321428,-187500.02235174447,-187500.02235174447,-187500.02235174447,-187500.02235174447
não,1990.4004920006387,-7742.778389785099,7277.4821254589715,12116.500689566219,-187500.02235174447,-187500.02235174447,-187500.02235174447,-187500.02235174447
não,1773.2532946173305,-7764.079602251006,6916.993190883779,12162.008841277224,-187500.02235174447,-187500.02235174447,-187500.02235174447,-187500.02235174447
não,1604.3635135130303,-7825.658658225377,6477.736708848084,12196.341120760575,-187500.02235174447,-187500.02235174447,-187500.02235174447,-187500.02235174447
não,1822.941222541478,-7816.829719165531,6833.330611387564,12135.83494852006,-187500.02235174447,-187500.02235174447,-187500.02235174447,-187500.02235174447
não,1982.331512252273,-7751.406163144847,7261.4559246845165,12102.553201026107,-187500.02235174447,-187500.02235174447,-187500.02235174447,-187500.02235174447
não,1810.2454316908636,-7757.82111380352,7000.5440116577165,12136.63961132045,-187500.02235174447,-187500.02235174447,-187500.02235174447,-187500.02235174447
não,1600.2731442777092,-7816.896774398897,6503.977656838615,12184.606454921539,-187500.02235174447,-187500.02235174447,-187500.02235174447,-187500.02235174447
não,1771.8451347166463,-7827.603259992989,6723.605897856462,12142.78634104566,-187500.02235174447,-187500.02235174447,-187500.02235174447,-187500.02235174447
não,2003.4762625069932,-7762.91731153933,7242.389886664139,12101.659131247894,-187500.02235174447,-187500.02235174447,-187500.02235174447,-187500.02235174447
não,1882.709787214969,-7754.557759113045,7095.851850015146,12123.116805924989,-187500.02235174447,-187500.02235174447,-187500.02235174447,-187500.02235174447
não,1644.9319296994126,-7807.151413816383,6571.189352415723,12190.976702091302,-187500.02235174447,-187500.02235174447,-187500.02235174447,-187500.02235174447
não,1736.7975994107246,-7835.426370552346,6627.426341465276,12154.02926850668,-187500.02235174447,-187500.02235174447,-187500.02235174447,-187500.02235174447
não,2001.0846258502754,-7770.53925639859,7202.357912344684,12097.792279457126,-187500.02235174447,-187500.02235174447,-187500.02235174447,-187500.02235174447
não,1922.8311685122453,-7739.872663005908,7185.70586272548,12108.632875517951,-187500.02235174447,-187500.02235174447,-187500.02235174447,-187500.02235174447
não,1665.5625898316612,-7782.184515259804,6660.104591858935,12188.093327056567,-187500.02235174447,-187500.02235174447,-187500.02235174447,-187500.02235174447
não,1681.633494095027,-7820.115425600461,6567.948349469704,12183.913550843425,-187500.02235174447,-187500.02235174447,-187500.02235174447,-187500.02235174447
não,1955.7999915838234,-7769.555779642556,7131.726399865914,12111.06921566358,-187500.02235174447,-187500.02235174447,-187500.02235174447,-187500.02235174447
não,1946.9487007795217,-7731.177834412794,7234.678534827058,12137.2654601652,-187500.02235174447,-187500.02235174447,-187500.02235174447,-187500.02235174447
não,1693.3458081896079,-7770.002814531662,6749.131590024423,12182.773611876204,-187500.02235174447,-187500.02235174447,-187500.02235174447,-187500.02235174447
não,1631.0961998815776,-7820.607163978478,6498.367368980333,12201.996112107769,-187500.02235174447,-187500.02235174447,-187500.02235174447,-187500.02235174447
não,1910.716523017469,-7777.535352413101,7030.428293994462,12141.40053288943,-187500.02235174447,-187500.02235174447,-187500.02235174447,-187500.02235174447
não,1970.5968464132366,-7726.126340165894,7273.950549835033,12127.58715481605,-187500.02235174447,-187500.02235174447,-187500.02235174447,-187500.02235174447
não,1746.9229396489789,-7757.910520781341,6858.208102966321,12176.984510062279,-187500.02235174447,-187500.02235174447,-187500.02235174447,-187500.02235174447
não,1620.345010798575,-7820.607163978478,6485.023377540515,12198.263370783732,-187500.02235174447,-187500.02235174447,-187500.02235174447,-187500.02235174447
não,1874.0596621107654,-7791.013454319651,6929.532519523206,12140.081779966567,-187500.02235174447,-187500.02235174447,-187500.02235174447,-187500.02235174447
não,1992.3450937682503,-7730.596689056956,7288.8144598978115,12119.518175067686,-187500.02235174447,-187500.02235174447,-187500.02235174447,-187500.02235174447
não,1784.7420912673583,-7743.180721185294,6955.974633213835,12165.719230856805,-187500.02235174447,-187500.02235174447,-187500.02235174447,-187500.02235174447
não,1600.7425309112707,-7803.396320747891,6493.3829299668,12196.877562627502,-187500.02235174447,-187500.02235174447,-187500.02235174447,-187500.02235174447
não,1815.4533881489504,-7794.723843899232,6809.414244820386,12161.874730810492,-187500.02235174447,-187500.02235174447,-187500.02235174447,-187500.02235174447
não,1994.9602478695213,-7733.636526302877,7272.430631212072,12123.340323369543,-187500.02235174447,-187500.02235174447,-187500.02235174447,-187500.02235174447
não,1835.5029029253608,-7734.754113525643,7043.459361011906,12161.718268599305,-187500.02235174447,-187500.02235174447,-187500.02235174447,-187500.02235174447
não,1618.087484608589,-7784.665558894344,6531.783226941017,12216.301228559165,-187500.02235174447,-187500.02235174447,-187500.02235174447,-187500.02235174447
não,1754.5001810193278,-7800.848221879986,6704.204583669256,12169.451972180841,-187500.02235174447,-187500.02235174447,-187500.02235174447,-187500.02235174447
não,1980.67748316258,-7739.0903519499725,7240.937023274544,12108.49876505122,-187500.02235174447,-187500.02235174447,-187500.02235174447,-187500.02235174447
não,1876.6748162120364,-7725.1205116654055,7127.993658541877,12150.475341138284,-187500.02235174447,-187500.02235174447,-187500.02235174447,-187500.02235174447
não,1635.1418656279882,-7776.998910546174,6596.290361439033,12206.689978443383,-187500.02235174447,-187500.02235174447,-187500.02235174447,-187500.02235174447
não,1714.2223375108645,-7800.222373035237,6614.238812236645,12201.303208029654,-187500.02235174447,-187500.02235174447,-187500.02235174447,-187500.02235174447
não,1972.6308551586694,-7744.007735730141,7183.247170835397,12141.489939867251,-187500.02235174447,-187500.02235174447,-187500.02235174447,-187500.02235174447
não,1919.4337033550387,-7716.537441794568,7197.798156475802,12154.900986540437,-187500.02235174447,-187500.02235174447,-187500.02235174447,-187500.02235174447
não,1669.8317730226247,-7763.029070261607,6679.1706298793115,12207.56169647714,-187500.02235174447,-187500.02235174447,-187500.02235174447,-187500.02235174447
não,1659.8405432511024,-7810.012437106662,6532.453779274676,12192.138992802977,-187500.02235174447,-187500.02235174447,-187500.02235174447,-187500.02235174447
não,1933.4705988729716,-7758.782238815098,7099.673998317004,12125.30727688161,-187500.02235174447,-187500.02235174447,-187500.02235174447,-187500.02235174447
não,1944.0206222558766,-7715.889241205364,7246.77082857738,12132.996276974234,-187500.02235174447,-187500.02235174447,-187500.02235174447,-187500.02235174447
não,1710.914279331479,-7752.456695134247,6773.830267647537,12202.867830141526,-187500.02235174447,-187500.02235174447,-187500.02235174447,-187500.02235174447
não,1637.6229092625272,-7805.6538469378775,6488.242028742079,12202.51020223024,-187500.02235174447,-187500.02235174447,-187500.02235174447,-187500.02235174447
não,1898.6912845005138,-7778.9435123137855,6995.514869155272,12119.808747745605,-187500.02235174447,-187500.02235174447,-187500.02235174447,-187500.02235174447
não,1983.0691198192978,-7714.771653982599,7277.705642903525,12129.97879147277,-187500.02235174447,-187500.02235174447,-187500.02235174447,-187500.02235174447
não,1772.7615562393137,-7734.999982714651,6882.236228255776,12189.166210790421,-187500.02235174447,-187500.02235174447,-187500.02235174447,-187500.02235174447
não,1623.697772466871,-7798.881268367919,6479.23427572659,12213.283743057698,-187500.02235174447,-187500.02235174447,-187500.02235174447,-187500.02235174447
não,1860.2909875262962,-7779.502305925168,6888.718234147816,12157.627899363983,-187500.02235174447,-187500.02235174447,-187500.02235174447,-187500.02235174447
não,1991.7863001568676,-7722.14772965285,7271.111878289209,12129.755274028215,-187500.02235174447,-187500.02235174447,-187500.02235174447,-187500.02235174447
não,1805.3727513996068,-7733.457712347235,6967.5528368416835,12170.390745447963,-187500.02235174447,-187500.02235174447,-187500.02235174447,-187500.02235174447
não,1617.1040078525555,-7786.520753684134,6485.246894985068,12204.723024931316,-187500.02235174447,-187500.02235174447,-187500.02235174447,-187500.02235174447
não,1808.7031613234476,-7787.325416484526,6772.533866469129,12162.277062210687,-187500.02235174447,-187500.02235174447,-187500.02235174447,-187500.02235174447
não,1999.0059136159318,-7729.546157067556,7253.252834469418,12128.235355405255,-187500.02235174447,-187500.02235174447,-187500.02235174447,-187500.02235174447
não,1852.0655455667431,-7721.723046508199,7056.713945473904,12156.800884819137,-187500.02235174447,-187500.02235174447,-187500.02235174447,-187500.02235174447
não,1636.8405982065915,-7775.814268090042,6549.038773660514,12209.551001733662,-187500.02235174447,-187500.02235174447,-187500.02235174447,-187500.02235174447
não,1764.6478730020374,-7796.0873003110055,6671.392222808865,12181.723079886804,-187500.02235174447,-187500.02235174447,-187500.02235174447,-187500.02235174447
não,1997.642457204158,-7735.447017603758,7218.585278819237,12127.453044349319,-187500.02235174447,-187500.02235174447,-187500.02235174447,-187500.02235174447
não,1908.7942729943125,-7717.43151157278,7148.177283785019,12154.789227818159,-187500.02235174447,-187500.02235174447,-187500.02235174447,-187500.02235174447
não,1652.1962466473874,-7771.746250599176,6601.2748004525665,12207.94167613288,-187500.02235174447,-187500.02235174447,-187500.02235174447,-187500.02235174447
não,1702.8005960942025,-7805.765605660154,6572.105773938391,12186.46164971133,-187500.02235174447,-187500.02235174447,-187500.02235174447,-187500.02235174447
não,1992.3674455127057,-7741.750209540154,7164.829333404224,12137.2654601652,-187500.02235174447,-187500.02235174447,-187500.02235174447,-187500.02235174447
não,1958.9962910409322,-7712.6705900038,7217.914726485578,12154.655117351427,-187500.02235174447,-187500.02235174447,-187500.02235174447,-187500.02235174447
não,1702.465319927373,-7756.6811748363,6709.144319193879,12203.739548175281,-187500.02235174447,-187500.02235174447,-187500.02235174447,-187500.02235174447
não,1679.4206713939514,-7808.157242316872,6524.876537904327,12199.98445510679,-187500.02235174447,-187500.02235174447,-187500.02235174447,-187500.02235174447
não,1957.6998898625243,-7764.2137127177375,7073.634216026571,12131.252840906722,-187500.02235174447,-187500.02235174447,-187500.02235174447,-187500.02235174447
não,1991.6745414345912,-7715.0845784049725,7262.528808418371,12129.889384494947,-187500.02235174447,-187500.02235174447,-187500.02235174447,-187500.02235174447
não,1756.82476244268,-7746.578186342501,6805.569744774073,12178.146800773955,-187500.02235174447,-187500.02235174447,-187500.02235174447,-187500.02235174447
não,1660.600502562583,-7804.692721926299,6487.437365941688,12206.265295298732,-187500.02235174447,-187500.02235174447,-187500.02235174447,-187500.02235174447
não,1930.073133715765,-7774.093183766983,6978.326377669142,12149.022477748691,-187500.02235174447,-187500.02235174447,-187500.02235174447,-187500.02235174447
não,2023.5704807723143,-7720.538404052068,7297.4422332575605,12118.042959933635,-187500.02235174447,-187500.02235174447,-187500.02235174447,-187500.02235174447
não,1803.3834461430845,-7741.705506051244,6910.578240225106,12160.086591254067,-187500.02235174447,-187500.02235174447,-187500.02235174447,-187500.02235174447
não,1657.404203105474,-7802.703416669777,6495.707511390151,12199.045681839667,-187500.02235174447,-187500.02235174447,-187500.02235174447,-187500.02235174447
não,1898.4677670559606,-7796.109652055461,6870.970949050302,12133.935050241358,-187500.02235174447,-187500.02235174447,-187500.02235174447,-187500.02235174447
não,2045.6316525497023,-7737.0339914600845,7271.916541089599,12104.16252662689,-187500.02235174447,-187500.02235174447,-187500.02235174447,-187500.02235174447
não,1873.3891097771061,-7740.878491506397,7004.321456470663,12155.906815040924,-187500.02235174447,-187500.02235174447,-187500.02235174447,-187500.02235174447
não,1651.2351216358093,-7800.512945713156,6499.395549225277,12189.523838701707,-187500.02235174447,-187500.02235174447,-187500.02235174447,-187500.02235174447
não,1839.9285483275114,-7809.386588261913,6758.362860484464,12146.49673062524,-187500.02235174447,-187500.02235174447,-187500.02235174447,-187500.02235174447
não,2055.220550921029,-7749.43920963278,7277.236256269963,12109.996331929724,-187500.02235174447,-187500.02235174447,-187500.02235174447,-187500.02235174447
não,1924.328735390751,-7733.882395491886,7114.202632212953,12155.146855729445,-187500.02235174447,-187500.02235174447,-187500.02235174447,-187500.02235174447
não,1693.9269535454457,-7783.369157715936,6581.9628932431815,12213.306094802154,-187500.02235174447,-187500.02235174447,-187500.02235174447,-187500.02235174447
não,1789.1677366695092,-7810.235954551215,6658.115286602412,12171.709498370827,-187500.02235174447,-187500.02235174447,-187500.02235174447,-187500.02235174447
não,2042.7929810038784,-7748.72395381021,7220.798101520312,12113.34909359802,-187500.02235174447,-187500.02235174447,-187500.02235174447,-187500.02235174447
não,1968.1381545231527,-7732.228366402193,7173.881789908623,12140.998201489236,-187500.02235174447,-187500.02235174447,-187500.02235174447,-187500.02235174447
não,1715.6528491560043,-7783.838544349497,6642.737286417161,12197.950446361358,-187500.02235174447,-187500.02235174447,-187500.02235174447,-187500.02235174447
não,1741.2679483017862,-7815.0415796091065,6575.503239095598,12185.254655510744,-187500.02235174447,-187500.02235174447,-187500.02235174447,-187500.02235174447
não,2016.7979022023562,-7773.82496283352,7145.048039561277,12123.988523958746,-187500.02235174447,-187500.02235174447,-187500.02235174447,-187500.02235174447
não,2009.4441782765603,-7727.57920355549,7246.614366366192,12148.195463203843,-187500.02235174447,-187500.02235174447,-187500.02235174447,-187500.02235174447
não,1754.7907536972468,-7760.6821370938,6753.378421470931,12210.199202322865,-187500.02235174447,-187500.02235174447,-187500.02235174447,-187500.02235174447
não,1703.8287763391468,-7814.63924820891,6523.200157070179,12211.003865123257,-187500.02235174447,-187500.02235174447,-187500.02235174447,-187500.02235174447
não,1977.481183705471,-7775.858971578953,7051.4389337824505,12143.255727679221,-187500.02235174447,-187500.02235174447,-187500.02235174447,-187500.02235174447
não,2035.8639402227332,-7720.33723835197,7292.793070410857,12142.361657901009,-187500.02235174447,-187500.02235174447,-187500.02235174447,-187500.02235174447
não,1803.6293153320928,-7757.619948103422,6855.950576776336,12177.967986818312,-187500.02235174447,-187500.02235174447,-187500.02235174447,-187500.02235174447
não,1678.8171742936581,-7820.048370367095,6474.607464624341,12191.155516046943,-187500.02235174447,-187500.02235174447,-187500.02235174447,-187500.02235174447
não,1956.135267750653,-7791.2146200197485,6950.967842455846,12147.077875981078,-187500.02235174447,-187500.02235174447,-187500.02235174447,-187500.02235174447
não,2063.803620791867,-7736.519901337612,7289.663826187114,12133.398608374431,-187500.02235174447,-187500.02235174447,-187500.02235174447,-187500.02235174447
não,1861.6991474269805,-7753.10489572345,6946.51984530924,12184.919379343914,-187500.02235174447,-187500.02235174447,-187500.02235174447,-187500.02235174447
não,1696.6315146245379,-7818.55080348859,6514.214755799146,12209.819222667125,-187500.02235174447,-187500.02235174447,-187500.02235174447,-187500.02235174447
não,1913.9798777079438,-7805.1844603043155,6866.165323992411,12142.83104453457,-187500.02235174447,-187500.02235174447,-187500.02235174447,-187500.02235174447
não,2090.804528093878,-7733.033029202585,7313.624896243203,12125.910773981903,-187500.02235174447,-187500.02235174447,-187500.02235174447,-187500.02235174447
não,1939.6396803426362,-7741.191415928772,7071.77902123678,12163.729925600283,-187500.02235174447,-187500.02235174447,-187500.02235174447,-187500.02235174447
não,1713.7082473883925,-7804.536259715112,6550.759857983573,12197.03402483869,-187500.02235174447,-187500.02235174447,-187500.02235174447,-187500.02235174447
não,1866.3706620181397,-7814.169861575349,6748.639851646406,12141.0652567226,-187500.02235174447,-187500.02235174447,-187500.02235174447,-187500.02235174447
não,2104.0814643003305,-7755.518884124624,7283.047709828343,12094.73009046675,-187500.02235174447,-187500.02235174447,-187500.02235174447,-187500.02235174447
não,1985.7960326428454,-7748.075753221006,7159.867246135145,12126.715436782293,-187500.02235174447,-187500.02235174447,-187500.02235174447,-187500.02235174447
$SILENCE,1720.5925846806272,-7797.428404978324,6605.611038876897,12174.592873405561,-187500.02235174447,-187500.02235174447,-187500.02235174447,-187500.02235174447
$SILENCE,1815.8780712936011,-7824.40696053588,6672.152182120345,12147.569614359096,-187500.02235174447,-187500.02235174447,-187500.02235174447,-187500.02235174447
$SILENCE,2089.306961215372,-7763.29729119507,7255.465657170494,12089.611540986483,-187500.02235174447,-187500.02235174447,-187500.02235174447,-187500.02235174447
$SILENCE,2017.9154894251217,-7737.503378093646,7202.693188511514,12108.16348888439,-187500.02235174447,-187500.02235174447,-187500.02235174447,-187500.02235174447
$SILENCE,1769.4758498043836,-7786.498401939679,6695.889734731882,12176.291605984165,-187500.02235174447,-187500.02235174447,-187500.02235174447,-187500.02235174447
$SILENCE,1770.9510649384338,-7828.094998371005,6591.261218936589,12157.02440226369,-187500.02235174447,-187500.02235174447,-187500.02235174447,-187500.02235174447
$SILENCE,2051.8230857638223,-7776.238951234693,7153.7428681543915,12096.406471300897,-187500.02235174447,-187500.02235174447,-187500.02235174447,-187500.02235174447
$SILENCE,2063.4012893916715,-7735.20114841475,7302.963114138021,12108.58817202904,-187500.02235174447,-187500.02235174447,-187500.02235174447,-187500.02235174447
$SILENCE,1799.494242607861,-7774.137887255894,6816.25387862371,12149.491864382251,-187500.02235174447,-187500.02235174447,-187500.02235174447,-187500.02235174447
$SILENCE,1731.142608063532,-7828.40792279338,6527.558747238964,12152.665812094905,-187500.02235174447,-187500.02235174447,-187500.02235174447,-187500.02235174447
$SILENCE,2009.06419862082,-7794.343864243492,7038.027887109267,12096.62998874545,-187500.02235174447,-187500.02235174447,-187500.02235174447,-187500.02235174447
$SILENCE,2065.4352981371044,-7742.0854857069835,7299.051558858342,12091.131459609445,-187500.02235174447,-187500.02235174447,-187500.02235174447,-187500.02235174447
$SILENCE,1836.2181587479306,-7764.817209818031,6907.001961112257,12142.428713134375,-187500.02235174447,-187500.02235174447,-187500.02235174447,-187500.02235174447
$SILENCE,1704.6781426284485,-7824.585774491522,6520.137968079802,12161.472399410297,-187500.02235174447,-187500.02235174447,-187500.02235174447,-187500.02235174447
$SILENCE,1938.7232588199688,-7800.691759668799,6940.283708606209,12095.959436411791,-187500.02235174447,-187500.02235174447,-187500.02235174447,-187500.02235174447
$SILENCE,2083.473155912537,-7743.24777641866,7318.810500956834,12085.96820664027,-187500.02235174447,-187500.02235174447,-187500.02235174447,-187500.02235174447
$SILENCE,1891.8740024416452,-7757.977576014707,6996.386587189029,12125.329628626065,-187500.02235174447,-187500.02235174447,-187500.02235174447,-187500.02235174447
$SILENCE,1689.6130668655715,-7815.555669731578,6523.803654170472,12158.20904471982,-187500.02235174447,-187500.02235174447,-187500.02235174447,-187500.02235174447
$SILENCE,1891.5387262748154,-7812.292315041103,6830.916622986391,12105.660093505394,-187500.02235174447,-187500.02235174447,-187500.02235174447,-187500.02235174447
$SILENCE,2084.121356501741,-7751.562625356034,7306.137061850675,12070.210226799278,-187500.02235174447,-187500.02235174447,-187500.02235174447,-187500.02235174447
$SILENCE,1928.5308633483487,-7749.349802654959,7090.107451690132,12115.271343621176,-187500.02235174447,-187500.02235174447,-187500.02235174447,-187500.02235174447
$SILENCE,1700.9677530488675,-7806.816137649553,6567.0542796914915,12171.26246348172,-187500.02235174447,-187500.02235174447,-187500.02235174447,-187500.02235174447
$SILENCE,1835.9946413033774,-7820.696570956299,6730.110255492957,12121.418073346385,-187500.02235174447,-187500.02235174447,-187500.02235174447,-187500.02235174447
$SILENCE,2055.712289299046,-7754.066020735028,7261.254758984418,12071.171351810855,-187500.02235174447,-187500.02235174447,-187500.02235174447,-187500.02235174447
$SILENCE,1948.4686194024825,-7740.699677550755,7155.553359455271,12105.056596405102,-187500.02235174447,-187500.02235174447,-187500.02235174447,-187500.02235174447
$SILENCE,1708.9920293083228,-7795.193230532794,6621.54783267353,12160.98066103228,-187500.02235174447,-187500.02235174447,-187500.02235174447,-187500.02235174447
$SILENCE,1779.5564865537272,-7825.770416947654,6627.9851350766585,12133.73388454126,-187500.02235174447,-187500.02235174447,-187500.02235174447,-187500.02235174447
$SILENCE,2033.740524499479,-7765.264244707138,7193.037234906821,12077.094564091512,-187500.02235174447,-187500.02235174447,-187500.02235174447,-187500.02235174447
$SILENCE,1982.7561953969237,-7735.24585190366,7220.731046286946,12093.791317199626,-187500.02235174447,-187500.02235174447,-187500.02235174447,-187500.02235174447
$SILENCE,1727.5439772062275,-7778.340015213492,6705.456281358753,12149.35775391552,-187500.02235174447,-187500.02235174447,-187500.02235174447,-187500.02235174447
$SILENCE,1726.3146312611857,-7820.294239556103,6559.275872621045,12151.592928361051,-187500.02235174447,-187500.02235174447,-187500.02235174447,-187500.02235174447
$SILENCE,2004.7056084520352,-7775.814268090042,7124.797359084769,12088.561008997085,-187500.02235174447,-187500.02235174447,-187500.02235174447,-187500.02235174447
$SILENCE,2013.06516087832,-7736.609308315434,7276.878628358678,12084.940026395325,-187500.02235174447,-187500.02235174447,-187500.02235174447,-187500.02235174447
$SILENCE,1769.7664224823027,-7771.567436643534,6808.453119808808,12138.49480611024,-187500.02235174447,-187500.02235174447,-187500.02235174447,-187500.02235174447
$SILENCE,1688.1825552204318,-7823.31172505757,6515.265287788545,12148.463684137307,-187500.02235174447,-187500.02235174447,-187500.02235174447,-187500.02235174447
$SILENCE,1959.868009074689,-7785.693739139288,7020.079436311655,12083.867142661471,-187500.02235174447,-187500.02235174447,-187500.02235174447,-187500.02235174447
$SILENCE,2041.7871525033895,-7736.184625170783,7306.5393932508705,12069.67378493235,-187500.02235174447,-187500.02235174447,-187500.02235174447,-187500.02235174447
$SILENCE,1823.008277774844,-7760.793895816076,6917.551984495161,12126.15664317091,-187500.02235174447,-187500.02235174447,-187500.02235174447,-187500.02235174447
$SILENCE,1674.4585841248734,-7820.942440145307,6510.280848775012,12148.955422515324,-187500.02235174447,-187500.02235174447,-187500.02235174447,-187500.02235174447
$SILENCE,1905.3074008592846,-7804.312742270558,6910.868812903025,12077.42984025834,-187500.02235174447,-187500.02235174447,-187500.02235174447,-187500.02235174447
$SILENCE,2046.481018839004,-7742.040782218073,7312.999047398454,12053.535825435618,-187500.02235174447,-187500.02235174447,-187500.02235174447,-187500.02235174447
$SILENCE,1865.3201300287403,-7751.607328844944,7008.545936172716,12101.592076014529,-187500.02235174447,-187500.02235174447,-187500.02235174447,-187500.02235174447
$SILENCE,1669.407089877974,-7810.884155140419,6522.194328569691,12140.55116660013,-187500.02235174447,-187500.02235174447,-187500.02235174447,-187500.02235174447
$SILENCE,1858.7934206477905,-7812.202908063282,6805.927372685358,12092.651378232405,-187500.02235174447,-187500.02235174447,-187500.02235174447,-187500.02235174447
$SILENCE,2049.7443735294787,-7746.757000298143,7293.888305889167,12047.545557921596,-187500.02235174447,-187500.02235174447,-187500.02235174447,-187500.02235174447
$SILENCE,1904.7262555034467,-7741.638450817878,7098.489355860872,12081.184933326833,-187500.02235174447,-187500.02235174447,-187500.02235174447,-187500.02235174447
$SILENCE,1676.559648103672,-7800.892925368897,6579.504201353097,12135.633782819961,-187500.02235174447,-187500.02235174447,-187500.02235174447,-187500.02235174447
$SILENCE,1795.5156320948163,-7821.255364567682,6706.126833692412,12100.429785302853,-187500.02235174447,-187500.02235174447,-187500.02235174447,-187500.02235174447
$SILENCE,2042.0106699479427,-7757.9328725257965,7254.996270536933,12041.175310751834,-187500.02235174447,-187500.02235174447,-187500.02235174447,-187500.02235174447
$SILENCE,1952.9613200379993,-7740.72202929521,7180.699071967491,12067.840941887014,-187500.02235174447,-187500.02235174447,-187500.02235174447,-187500.02235174447
$SILENCE,1700.341904204119,-7791.415785719846,6647.252338797133,12124.480262336763,-187500.02235174447,-187500.02235174447,-187500.02235174447,-187500.02235174447
$SILENCE,1753.0026141408223,-7824.988105891718,6610.215498234689,12107.06825340608,-187500.02235174447,-187500.02235174447,-187500.02235174447,-187500.02235174447
$SILENCE,2028.3984575746606,-7767.566474386034,7184.5659237582595,12048.14905502189,-187500.02235174447,-187500.02235174447,-187500.02235174447,-187500.02235174447
$SILENCE,1998.3800647711832,-7734.754113525643,7243.52982563136,12062.878854617937,-187500.02235174447,-187500.02235174447,-187500.02235174447,-187500.02235174447
$SILENCE,1753.5390560077497,-7774.2496459781705,6749.846845846992,12121.708646024304,-187500.02235174447,-187500.02235174447,-187500.02235174447,-187500.02235174447
$SILENCE,1712.2777357432528,-7815.890945898408,6570.608207059885,12118.244125633732,-187500.02235174447,-187500.02235174447,-187500.02235174447,-187500.02235174447
$SILENCE,1969.970997568488,-7774.875494822919,7074.416527082507,12058.073229560046,-187500.02235174447,-187500.02235174447,-187500.02235174447,-187500.02235174447
$SILENCE,2026.4315040625936,-7731.535462324079,7293.262457044418,12061.314232506065,-187500.02235174447,-187500.02235174447,-187500.02235174447,-187500.02235174447
$SILENCE,1774.460288817917,-7766.203017974261,6804.809785462593,12124.346151870031,-187500.02235174447,-187500.02235174447,-187500.02235174447,-187500.02235174447
$SILENCE,1673.8327352801248,-7817.053236610083,6489.538429920487,12141.087608467056,-187500.02235174447,-187500.02235174447,-187500.02235174447,-187500.02235174447
$SILENCE,1943.0594972442982,-7786.699567639776,6980.516848625762,12077.049860602601,-187500.02235174447,-187500.02235174447,-187500.02235174447,-187500.02235174447
$SILENCE,2041.2283588920068,-7730.820206501509,7298.045730357854,12064.219959285256,-187500.02235174447,-187500.02235174447,-187500.02235174447,-187500.02235174447
$SILENCE,1822.3600771856402,-7749.014526488129,6924.168100853933,12114.44432907633,-187500.02235174447,-187500.02235174447,-187500.02235174447,-187500.02235174447
$SILENCE,1658.2982728836862,-7811.68881794081,6494.545220678476,12149.849492293537,-187500.02235174447,-187500.02235174447,-187500.02235174447,-187500.02235174447
$SILENCE,1896.5455170328044,-7796.154355544371,6876.357719464031,12099.468660291275,-187500.02235174447,-187500.02235174447,-187500.02235174447,-187500.02235174447
$SILENCE,2054.035908464898,-7730.842558245964,7297.419881513105,12067.460962231275,-187500.02235174447,-187500.02235174447,-187500.02235174447,-187500.02235174447
$SILENCE,1878.8429354242012,-7736.810474015531,7025.063875325189,12110.309256352099,-187500.02235174447,-187500.02235174447,-187500.02235174447,-187500.02235174447
$SILENCE,1667.5295433437282,-7798.836564879009,6525.10005534888,12156.912643541413,-187500.02235174447,-187500.02235174447,-187500.02235174447,-187500.02235174447
$SILENCE,1839.3026994827628,-7807.576096961034,6760.888607607914,12112.365616841988,-187500.02235174447,-187500.02235174447,-187500.02235174447,-187500.02235174447
$SILENCE,2053.11948694223,-7743.359535140937,7269.815477110801,12070.701965177293,-187500.02235174447,-187500.02235174447,-187500.02235174447,-187500.02235174447
$SILENCE,1916.2374038979299,-7732.518939080112,7105.641914086571,12106.263590605688,-187500.02235174447,-187500.02235174447,-187500.02235174447,-187500.02235174447
$SILENCE,1672.2234096793427,-7786.0513670505725,6574.050375706002,12160.98066103228,-187500.02235174447,-187500.02235174447,-187500.02235174447,-187500.02235174447
$SILENCE,1780.562315054216,-7810.5935824625,6660.953958148237,12135.812596775604,-187500.02235174447,-187500.02235174447,-187500.02235174447,-187500.02235174447
$SILENCE,2038.2332251349958,-7745.035915975084,7219.144072430619,12079.799125170604,-187500.02235174447,-187500.02235174447,-187500.02235174447,-187500.02235174447
$SILENCE,1957.744593351435,-7718.86202321792,7185.594104003204,12102.664959748383,-187500.02235174447,-187500.02235174447,-187500.02235174447,-187500.02235174447
$SILENCE,1710.1319682755434,-7770.114573253939,6654.024917367091,12158.186692975367,-187500.02235174447,-187500.02235174447,-187500.02235174447,-187500.02235174447
$SILENCE,1737.266986044286,-7810.794748162598,6568.373032614355,12145.133274213467,-187500.02235174447,-187500.02235174447,-187500.02235174447,-187500.02235174447
$SILENCE,2008.7289224539904,-7758.111686481439,7136.532024923805,12079.1509245814,-187500.02235174447,-187500.02235174447,-187500.02235174447,-187500.02235174447
$SILENCE,1988.0535588328314,-7718.593802284456,7233.851520282212,12092.24904683221,-187500.02235174447,-187500.02235174447,-187500.02235174447,-187500.02235174447
$SILENCE,1741.2903000462413,-7758.893997537375,6745.28708997811,12156.711477841316,-187500.02235174447,-187500.02235174447,-187500.02235174447,-187500.02235174447
$SILENCE,1701.2136222378758,-7810.21360280676,6514.438273243699,12158.186692975367,-187500.02235174447,-187500.02235174447,-187500.02235174447,-187500.02235174447
$SILENCE,1977.77175638339,-7771.746250599176,7047.7955994362355,12090.215038086777,-187500.02235174447,-187500.02235174447,-187500.02235174447,-187500.02235174447
$SILENCE,2030.521873297915,-7720.560755796523,7277.750346392435,12098.01579690168,-187500.02235174447,-187500.02235174447,-187500.02235174447,-187500.02235174447
$SILENCE,1799.628353074593,-7748.500436365657,6850.87673078498,12159.237224964765,-187500.02235174447,-187500.02235174447,-187500.02235174447,-187500.02235174447
$SILENCE,1672.469278868351,-7805.609143448966,6481.983540294593,12172.961196060323,-187500.02235174447,-187500.02235174447,-187500.02235174447,-187500.02235174447
$SILENCE,1926.3180406472732,-7778.16120125785,6936.394505070985,12109.236372618243,-187500.02235174447,-187500.02235174447,-187500.02235174447,-187500.02235174447
$SILENCE,2043.0388501928867,-7717.587973783967,7288.501535475438,12091.82436368756,-187500.02235174447,-187500.02235174447,-187500.02235174447,-187500.02235174447
$SILENCE,1845.4941326968828,-7732.496587335657,6943.99409818579,12141.556995100618,-187500.02235174447,-187500.02235174447,-187500.02235174447,-187500.02235174447
$SILENCE,1677.721938815348,-7796.8472596224865,6489.180802009202,12178.660890896428,-187500.02235174447,-187500.02235174447,-187500.02235174447,-187500.02235174447
$SILENCE,1890.9128774300668,-7788.890038596397,6835.856358511014,12126.938954226847,-187500.02235174447,-187500.02235174447,-187500.02235174447,-187500.02235174447
$SILENCE,2064.965911503543,-7724.896994220852,7291.340207021261,12096.16060211189,-187500.02235174447,-187500.02235174447,-187500.02235174447,-187500.02235174447
$SILENCE,1902.4016740800946,-7727.422741344302,7041.313593544197,12135.522024097685,-187500.02235174447,-187500.02235174447,-187500.02235174447,-187500.02235174447
$SILENCE,1683.2204679513536,-7788.2194862627375,6523.446026259187,12185.567579933117,-187500.02235174447,-187500.02235174447,-187500.02235174447,-187500.02235174447
$SILENCE,1832.3736587016176,-7797.718977656243,6720.409598399353,12141.69110556735,-187500.02235174447,-187500.02235174447,-187500.02235174447,-187500.02235174447
$SILENCE,2066.0387952373976,-7725.522843065602,7259.354860705717,12100.653302747405,-187500.02235174447,-187500.02235174447,-187500.02235174447,-187500.02235174447
$SILENCE,1958.7057183630131,-7713.452901059735,7136.152045268064,12137.846605521037,-187500.02235174447,-187500.02235174447,-187500.02235174447,-187500.02235174447
$SILENCE,1719.9443840914232,-7769.600483131467,6595.642160849829,12194.016539337223,-187500.02235174447,-187500.02235174447,-187500.02235174447,-187500.02235174447
$SILENCE,1801.304733908741,-7795.528506699623,6626.800492620528,12165.339251201065,-187500.02235174447,-187500.02235174447,-187500.02235174447,-187500.02235174447
$SILENCE,2067.4022516491714,-7737.2128054157265,7199.452185565494,12112.544430797629,-187500.02235174447,-187500.02235174447,-187500.02235174447,-187500.02235174447
$SILENCE,2014.2945068233619,-7710.346008580448,7198.468708809461,12137.220756676288,-187500.02235174447,-187500.02235174447,-187500.02235174447,-187500.02235174447
$SILENCE,1768.850000959635,-7757.82111380352,6683.484516559186,12194.41887073742,-187500.02235174447,-187500.02235174447,-187500.02235174447,-187500.02235174447
$SILENCE,1773.9685504399004,-7800.40118699088,6553.956157440682,12184.785268877182,-187500.02235174447,-187500.02235174447,-187500.02235174447,-187500.02235174447
$SILENCE,2054.6841090541016,-7747.002869487152,7119.008257270844,12124.837890248047,-187500.02235174447,-187500.02235174447,-187500.02235174447,-187500.02235174447
$SILENCE,2058.0815742113086,-7703.506374777124,7250.928253046067,12134.82912001957,-187500.02235174447,-187500.02235174447,-187500.02235174447,-187500.02235174447
$SILENCE,1812.2570886918413,-7740.565567084023,6769.695194923305,12195.581161449094,-187500.02235174447,-187500.02235174447,-187500.02235174447,-187500.02235174447
$SILENCE,1746.2523873153195,-7794.790899132598,6500.3343224924,12205.79590866517,-187500.02235174447,-187500.02235174447,-187500.02235174447,-187500.02235174447
$SILENCE,2018.004896402943,-7756.435305647291,7020.593526434127,12139.187710188355,-187500.02235174447,-187500.02235174447,-187500.02235174447,-187500.02235174447
$SILENCE,2087.608228636769,-7707.99907541264,7280.991349338455,12135.454968864318,-187500.02235174447,-187500.02235174447,-187500.02235174447,-187500.02235174447
$SILENCE,1864.5378189728046,-7734.15061642535,6872.513219417718,12192.831896881093,-187500.02235174447,-187500.02235174447,-187500.02235174447,-187500.02235174447
$SILENCE,1727.0298870837555,-7790.231143263715,6488.107918275347,12217.217650081831,-187500.02235174447,-187500.02235174447,-187500.02235174447,-187500.02235174447
$SILENCE,1970.3286254797729,-7767.700584852766,6920.234193829799,12154.386896417964,-187500.02235174447,-187500.02235174447,-187500.02235174447,-187500.02235174447
$SILENCE,2102.293324743906,-7709.831918457976,7296.637570457169,12129.107073439012,-187500.02235174447,-187500.02235174447,-187500.02235174447,-187500.02235174447
$SILENCE,1909.0177904388656,-7723.57824129799,6969.698604309393,12172.26829198221,-187500.02235174447,-187500.02235174447,-187500.02235174447,-187500.02235174447
$SILENCE,1730.784980152247,-7785.805497861565,6501.675427159718,12211.830879668103,-187500.02235174447,-187500.02235174447,-187500.02235174447,-187500.02235174447
$SILENCE,1931.52599710536,-7783.950303071774,6809.526003542663,12164.087553511567,-187500.02235174447,-187500.02235174447,-187500.02235174447,-187500.02235174447
$SILENCE,2114.407970238682,-7719.085540662473,7283.114765061709,12125.374332114976,-187500.02235174447,-187500.02235174447,-187500.02235174447,-187500.02235174447
$SILENCE,1959.3762706966725,-7715.419854571803,7069.275625857786,12165.227492478787,-187500.02235174447,-187500.02235174447,-187500.02235174447,-187500.02235174447
$SILENCE,1733.9589278649007,-7773.579093644512,6545.283680592022,12212.389673279486,-187500.02235174447,-187500.02235174447,-187500.02235174447,-187500.02235174447
$SILENCE,1871.0198248648437,-7790.141736285894,6700.650656300862,12170.860132081525,-187500.02235174447,-187500.02235174447,-187500.02235174447,-187500.02235174447
$SILENCE,2112.1727957931516,-7728.4062181003355,7244.267433198385,12119.205250645311,-187500.02235174447,-187500.02235174447,-187500.02235174447,-187500.02235174447
$SILENCE,2012.6628294781244,-7713.0282179150845,7149.004298329866,12149.625974848983,-187500.02235174447,-187500.02235174447,-187500.02235174447,-187500.02235174447
$SILENCE,1763.1056026346212,-7766.985329030196,6616.809262849005,12208.321655788619,-187500.02235174447,-187500.02235174447,-187500.02235174447,-187500.02235174447
$SILENCE,1827.9927167883775,-7796.869611366941,6609.12026275638,12182.103059542545,-187500.02235174447,-187500.02235174447,-187500.02235174447,-187500.02235174447
$SILENCE,2100.41577820966,-7739.313869394526,7186.287008081318,12121.775701257671,-187500.02235174447,-187500.02235174447,-187500.02235174447,-187500.02235174447
$SILENCE,2055.2652544099396,-7710.569526025001,7221.736874787435,12139.143006699445,-187500.02235174447,-187500.02235174447,-187500.02235174447,-187500.02235174447
$SILENCE,1799.7624635413247,-7755.4071254023465,6707.46793835973,12193.725966659304,-187500.02235174447,-187500.02235174447,-187500.02235174447,-187500.02235174447
$SILENCE,1788.787757013769,-7800.200021290782,6546.91535793726,12189.993225335267,-187500.02235174447,-187500.02235174447,-187500.02235174447,-187500.02235174447
$SILENCE,2068.519838871937,-7753.641337590378,7106.088948975676,12123.317971625087,-187500.02235174447,-187500.02235174447,-187500.02235174447,-187500.02235174447
$SILENCE,2086.445937925093,-7711.888278947864,7269.211980010507,12124.100282681024,-187500.02235174447,-187500.02235174447,-187500.02235174447,-187500.02235174447
$SILENCE,1846.6117199196483,-7746.689945064777,6806.687331996838,12180.851361853047,-187500.02235174447,-187500.02235174447,-187500.02235174447,-187500.02235174447
$SILENCE,1757.7188322208922,-7801.786995147109,6505.117595805836,12192.183696291888,-187500.02235174447,-187500.02235174447,-187500.02235174447,-187500.02235174447
$SILENCE,2030.0077831754427,-7768.862875564441,7009.037674550734,12127.520099582685,-187500.02235174447,-187500.02235174447,-187500.02235174447,-187500.02235174447
$SILENCE,2113.8491766272996,-7715.464558060713,7294.15652682263,12111.1586226414,-187500.02235174447,-187500.02235174447,-187500.02235174447,-187500.02235174447
$SILENCE,1898.6242292671477,-7736.206976915238,6907.426644256908,12163.774629089194,-187500.02235174447,-187500.02235174447,-187500.02235174447,-187500.02235174447
$SILENCE,1746.0959251041324,-7796.288466011103,6496.66863640173,12193.0777660701,-187500.02235174447,-187500.02235174447,-187500.02235174447,-187500.02235174447
$SILENCE,1979.068157561798,-7780.888114081396,6894.864963873025,12130.537585084152,-187500.02235174447,-187500.02235174447,-187500.02235174447,-187500.02235174447
$SILENCE,2124.3992000102044,-7720.560755796523,7297.375178024195,12104.67661674936,-187500.02235174447,-187500.02235174447,-187500.02235174447,-187500.02235174447
$SILENCE,1943.6853460890468,-7729.859081489931,7007.964790816879,12154.185730717867,-187500.02235174447,-187500.02235174447,-187500.02235174447,-187500.02235174447
$SILENCE,1740.7762099237693,-7788.286541496103,6522.350790780877,12195.268237026721,-187500.02235174447,-187500.02235174447,-187500.02235174447,-187500.02235174447
$SILENCE,1923.1887964235302,-7792.06398630905,6791.421090533864,12142.540471856651,-187500.02235174447,-187500.02235174447,-187500.02235174447,-187500.02235174447
$SILENCE,2127.0143541114753,-7727.914479722319,7291.899000632644,12103.357863826497,-187500.02235174447,-187500.02235174447,-187500.02235174447,-187500.02235174447
$SILENCE,1990.7134164230129,-7721.611287785922,7106.133652464588,12142.115788712,-187500.02235174447,-187500.02235174447,-187500.02235174447,-187500.02235174447
$SILENCE,1757.651776987526,-7777.960035557751,6572.77632627205,12194.016539337223,-187500.02235174447,-187500.02235174447,-187500.02235174447,-187500.02235174447
$SILENCE,1871.5786184762262,-7796.869611366941,6682.9257229478035,12157.225567963787,-187500.02235174447,-187500.02235174447,-187500.02235174447,-187500.02235174447
$SILENCE,2112.3069062598834,-7733.524767580601,7235.483197627449,12104.140174882434,-187500.02235174447,-187500.02235174447,-187500.02235174447,-187500.02235174447
$SILENCE,2025.000992417454,-7715.1963371272495,7176.586350987715,12131.521061840185,-187500.02235174447,-187500.02235174447,-187500.02235174447,-187500.02235174447
$SILENCE,1777.5448295527494,-7768.01350927514,6651.946205132748,12188.182734034388,-187500.02235174447,-187500.02235174447,-187500.02235174447,-187500.02235174447
$SILENCE,1822.293021952274,-7805.475032982235,6603.286457453544,12166.143914001455,-187500.02235174447,-187500.02235174447,-187500.02235174447,-187500.02235174447
$SILENCE,2093.0397025394086,-7749.10393346595,7175.267598064852,12100.049805647113,-187500.02235174447,-187500.02235174447,-187500.02235174447,-187500.02235174447
$SILENCE,2066.3740714042274,-7715.710427249722,7246.659069855103,12119.428768089863,-187500.02235174447,-187500.02235174447,-187500.02235174447,-187500.02235174447
$SILENCE,1816.1462922270648,-7755.429477146802,6736.994592785191,12176.090440284068,-187500.02235174447,-187500.02235174447,-187500.02235174447,-187500.02235174447
$SILENCE,1781.2105156434197,-7803.821003892542,6534.107808364369,12174.861094339025,-187500.02235174447,-187500.02235174447,-187500.02235174447,-187500.02235174447
$SILENCE,2066.7316993155123,-7759.832770804498,7086.620579555104,12114.153756398411,-187500.02235174447,-187500.02235174447,-187500.02235174447,-187500.02235174447
$SILENCE,2102.8297666108333,-7714.52578479359,7283.9417796065545,12115.181936643356,-187500.02235174447,-187500.02235174447,-187500.02235174447,-187500.02235174447
$SILENCE,1866.5718277182375,-7748.053401476551,6837.398628878431,12167.350908202043,-187500.02235174447,-187500.02235174447,-187500.02235174447,-187500.02235174447
$SILENCE,1761.0939456336434,-7804.648018437389,6509.006799341059,12183.51121944323,-187500.02235174447,-187500.02235174447,-187500.02235174447,-187500.02235174447
$SILENCE,2024.129274383697,-7775.926026812319,6985.210714961376,12120.434596590352,-187500.02235174447,-187500.02235174447,-187500.02235174447,-187500.02235174447
$SILENCE,2120.219423797062,-7720.38194184088,7304.281867060884,12101.525020781162,-187500.02235174447,-187500.02235174447,-187500.02235174447,-187500.02235174447
$SILENCE,1905.9556014484886,-7738.218633916215,6939.076714405623,12150.140064971456,-187500.02235174447,-187500.02235174447,-187500.02235174447,-187500.02235174447
$SILENCE,1743.8383989141464,-7800.468242224246,6508.246840029578,12183.399460720953,-187500.02235174447,-187500.02235174447,-187500.02235174447,-187500.02235174447
$SILENCE,1970.5074394354153,-7791.058157808561,6882.303283489142,12123.899116980925,-187500.02235174447,-187500.02235174447,-187500.02235174447,-187500.02235174447
$SILENCE,2128.8024936679,-7727.646258788855,7311.121500864208,12091.01970088717,-187500.02235174447,-187500.02235174447,-187500.02235174447,-187500.02235174447
$SILENCE,1955.7999915838234,-7733.2788983915925,7041.715924944392,12133.331553141064,-187500.02235174447,-187500.02235174447,-187500.02235174447,-187500.02235174447
$SILENCE,1743.0560878582107,-7794.612085176956,6538.756971211073,12176.470419939807,-187500.02235174447,-187500.02235174447,-187500.02235174447,-187500.02235174447
$SILENCE,1912.8846422296338,-7801.183498046816,6768.95758735628,12128.92825948337,-187500.02235174447,-187500.02235174447,-187500.02235174447,-187500.02235174447
$SILENCE,2125.2038628105956,-7734.6870582922775,7283.852372628734,12084.53769499513,-187500.02235174447,-187500.02235174447,-187500.02235174447,-187500.02235174447
$SILENCE,1996.994256614954,-7722.795930242054,7138.387219713595,12125.64255304844,-187500.02235174447,-187500.02235174447,-187500.02235174447,-187500.02235174447
$SILENCE,1768.5370765372606,-7782.430384448813,6604.292285954033,12175.442239694863,-187500.02235174447,-187500.02235174447,-187500.02235174447,-187500.02235174447
$SILENCE,1873.8137929217569,-7809.632457450922,6672.643920498362,12145.222681191288,-187500.02235174447,-187500.02235174447,-187500.02235174447,-187500.02235174447
$SILENCE,2121.1134935752743,-7749.305099166048,7230.722276058469,12084.805915928593,-187500.02235174447,-187500.02235174447,-187500.02235174447,-187500.02235174447
$SILENCE,2047.4421438505822,-7726.953354710741,7200.458014065983,12104.766023727183,-187500.02235174447,-187500.02235174447,-187500.02235174447,-187500.02235174447
$SILENCE,1799.6730565635035,-7774.182590744805,6671.1240018754015,12163.059373266624,-187500.02235174447,-187500.02235174447,-187500.02235174447,-187500.02235174447
$SILENCE,1821.5777661297043,-7814.460434253268,6580.264160664578,12145.535605613662,-187500.02235174447,-187500.02235174447,-187500.02235174447,-187500.02235174447
$SILENCE,2102.092159043808,-7764.079602251006,7154.435772232506,12078.458020503285,-187500.02235174447,-187500.02235174447,-187500.02235174447,-187500.02235174447
$SILENCE,2097.5994584082914,-7727.601555299945,7260.159523506109,12087.286959563133,-187500.02235174447,-187500.02235174447,-187500.02235174447,-187500.02235174447
$SILENCE,1856.334728757707,-7770.762773843143,6768.823476889548,12141.73580905626,-187500.02235174447,-187500.02235174447,-187500.02235174447,-187500.02235174447
$SILENCE,1805.4845101218832,-7822.4400070238125,6530.91150890726,12146.139102713956,-187500.02235174447,-187500.02235174447,-187500.02235174447,-187500.02235174447
$SILENCE,2081.4614989115594,-7776.261302979148,7067.196913623442,12086.906979907391,-187500.02235174447,-187500.02235174447,-187500.02235174447,-187500.02235174447
$SILENCE,2128.377810523249,-7725.835767487975,7298.649227458147,12083.084831605534,-187500.02235174447,-187500.02235174447,-187500.02235174447,-187500.02235174447
$SILENCE,1899.9653339344663,-7753.082543978995,6873.295530473653,12140.841739278048,-187500.02235174447,-187500.02235174447,-187500.02235174447,-187500.02235174447
$SILENCE,1771.2192858718975,-7808.894849883896,6507.732749907106,12162.21000697732,-187500.02235174447,-187500.02235174447,-187500.02235174447,-187500.02235174447
$SILENCE,2013.9592306565323,-7784.263227494148,6960.735554782815,12098.619294001974,-187500.02235174447,-187500.02235174447,-187500.02235174447,-187500.02235174447
$SILENCE,2125.89676688871,-7725.701657021244,7317.5140997784265,12079.620311214961,-187500.02235174447,-187500.02235174447,-187500.02235174447,-187500.02235174447
$SILENCE,1921.4453603560164,-7741.549043840057,6975.219485189854,12129.68821879485,-187500.02235174447,-187500.02235174447,-187500.02235174447,-187500.02235174447
$SILENCE,1748.0628786161994,-7798.993027090196,6519.2886017905,12169.988414047768,-187500.02235174447,-187500.02235174447,-187500.02235174447,-187500.02235174447
$SILENCE,1964.6512823881249,-7791.393433975391,6853.335422675064,12113.237334875743,-187500.02235174447,-187500.02235174447,-187500.02235174447,-187500.02235174447
$SILENCE,2141.2747670739614,-7730.9319652237855,7307.9475531515545,12076.848694902505,-187500.02235174447,-187500.02235174447,-187500.02235174447,-187500.02235174447
$SILENCE,1979.1575645396192,-7732.630697802389,7068.49331480185,12119.24995413422,-187500.02235174447,-187500.02235174447,-187500.02235174447,-187500.02235174447
$SILENCE,1762.1221258785877,-7793.136870042905,6558.404154587288,12168.200274491344,-187500.02235174447,-187500.02235174447,-187500.02235174447,-187500.02235174447
$SILENCE,1909.6659910280696,-7806.011474849162,6744.482427177719,12119.339361112043,-187500.02235174447,-187500.02235174447,-187500.02235174447,-187500.02235174447
$SILENCE,2139.0395926284305,-7742.443113618268,7273.7270323904795,12070.321985521554,-187500.02235174447,-187500.02235174447,-187500.02235174447,-187500.02235174447
$SILENCE,2025.6268412622026,-7730.7531512681435,7151.194769286486,12104.073119649067,-187500.02235174447,-187500.02235174447,-187500.02235174447,-187500.02235174447
$SILENCE,1787.3125418797188,-7783.480916438212,6620.340838472944,12164.623995378495,-187500.02235174447,-187500.02235174447,-187500.02235174447,-187500.02235174447
$SILENCE,1862.2132375494525,-7810.437120251313,6654.091972600458,12136.281983409166,-187500.02235174447,-187500.02235174447,-187500.02235174447,-187500.02235174447
$SILENCE,2117.9171941181653,-7751.987308500685,7217.579450318748,12073.272415789655,-187500.02235174447,-187500.02235174447,-187500.02235174447,-187500.02235174447
não,2072.2078767070625,-7725.031104687585,7222.80975852129,12097.501706779207,-187500.02235174447,-187500.02235174447,-187500.02235174447,-187500.02235174447
não,1828.0150685328329,-7771.835657576998,6707.1103104484455,12153.246957450743,-187500.02235174447,-187500.02235174447,-187500.02235174447,-187500.02235174447
não,1819.5437573842714,-7813.655771452877,6574.2738931505555,12138.919489254891,-187500.02235174447,-187500.02235174447,-187500.02235174447,-187500.02235174447
não,2101.4663101990595,-7760.145695226872,7144.377487227618,12081.34139553802,-187500.02235174447,-187500.02235174447,-187500.02235174447,-187500.02235174447
não,2111.2787260149394,-7721.678343019288,7283.695910417547,12090.01387238668,-187500.02235174447,-187500.02235174447,-187500.02235174447,-187500.02235174447
não,1857.4970194693828,-7768.058212764051,6794.148003357412,12133.845643263538,-187500.02235174447,-187500.02235174447,-187500.02235174447,-187500.02235174447
não,1792.0958151931543,-7815.130986586927,6522.060218102958,12149.156588215423,-187500.02235174447,-187500.02235174447,-187500.02235174447,-187500.02235174447
não,2058.8191817783336,-7777.021262290628,7033.177558562465,12082.39192752742,-187500.02235174447,-187500.02235174447,-187500.02235174447,-187500.02235174447
não,2118.8783191297434,-7725.634601787878,7297.576343724292,12073.764154167671,-187500.02235174447,-187500.02235174447,-187500.02235174447,-187500.02235174447
não,1908.749569505402,-7752.188474200782,6905.683208189394,12133.376256629976,-187500.02235174447,-187500.02235174447,-187500.02235174447,-187500.02235174447
não,1795.202707672442,-7798.456585223268,6552.659756262274,12176.515123428719,-187500.02235174447,-187500.02235174447,-187500.02235174447,-187500.02235174447
não,2033.6287657772025,-7777.311834968547,6959.260339648765,12113.594962787029,-187500.02235174447,-187500.02235174447,-187500.02235174447,-187500.02235174447
não,2138.6819647171455,-7740.9678984842185,7299.58800072527,12063.638813929418,-187500.02235174447,-187500.02235174447,-187500.02235174447,-187500.02235174447
não,1955.5764741392702,-7747.114628209428,6997.392415689518,12123.273268136176,-187500.02235174447,-187500.02235174447,-187500.02235174447,-187500.02235174447
não,1751.7732681957805,-7812.202908063282,6520.450892502176,12156.040925507657,-187500.02235174447,-187500.02235174447,-187500.02235174447,-187500.02235174447
não,1963.5113434209043,-7796.735500900209,6845.311146415609,12115.092529665533,-187500.02235174447,-187500.02235174447,-187500.02235174447,-187500.02235174447
não,2131.0823716023415,-7758.134038225894,7281.572494694293,12062.409467984375,-187500.02235174447,-187500.02235174447,-187500.02235174447,-187500.02235174447
não,1981.1692215405967,-7751.383811400392,7071.130820647576,12111.180974385856,-187500.02235174447,-187500.02235174447,-187500.02235174447,-187500.02235174447
não,1763.9102654350122,-7797.227239278226,6555.789000486016,12164.60164363404,-187500.02235174447,-187500.02235174447,-187500.02235174447,-187500.02235174447
não,1887.068377383754,-7817.969658132752,6697.722577777216,12114.041997676135,-187500.02235174447,-187500.02235174447,-187500.02235174447,-187500.02235174447
não,2125.3379732773274,-7755.474180635712,7255.108029259209,12067.952700609292,-187500.02235174447,-187500.02235174447,-187500.02235174447,-187500.02235174447
não,2036.422733834116,-7735.8046455150425,7166.885693894112,12110.465718563286,-187500.02235174447,-187500.02235174447,-187500.02235174447,-187500.02235174447
não,1788.8771639915901,-7788.890038596397,6628.163949032301,12165.093382012055,-187500.02235174447,-187500.02235174447,-187500.02235174447,-187500.02235174447
não,1840.2414727498858,-7816.762663932164,6629.728571144173,12119.898154723425,-187500.02235174447,-187500.02235174447,-187500.02235174447,-187500.02235174447
não,2106.3613422347717,-7754.893035279875,7206.448281580006,12055.614537669962,-187500.02235174447,-187500.02235174447,-187500.02235174447,-187500.02235174447
não,2072.40904240716,-7738.822131016509,7221.535709087338,12102.955532426302,-187500.02235174447,-187500.02235174447,-187500.02235174447,-187500.02235174447
não,1814.849891048657,-7785.380814716914,6691.5534963075515,12147.815483548104,-187500.02235174447,-187500.02235174447,-187500.02235174447,-187500.02235174447
não,1798.846042018657,-7824.4963675137005,6533.549014752986,12147.591966103551,-187500.02235174447,-187500.02235174447,-187500.02235174447,-187500.02235174447
não,2096.504222929981,-7765.8006865740645,7122.092798005677,12102.106166137,-187500.02235174447,-187500.02235174447,-187500.02235174447,-187500.02235174447
não,2101.5333654324254,-7739.738552539176,7275.4928202024485,12087.130497351945,-187500.02235174447,-187500.02235174447,-187500.02235174447,-187500.02235174447
não,1852.5796356892154,-7784.151468771872,6806.732035485749,12140.148835199934,-187500.02235174447,-187500.02235174447,-187500.02235174447,-187500.02235174447
não,1774.6391027735594,-7826.575079748044,6520.383837268811,12165.495713412252,-187500.02235174447,-187500.02235174447,-187500.02235174447,-187500.02235174447
não,2047.0398124503868,-7794.634436921411,7023.789825891236,12105.928314438857,-187500.02235174447,-187500.02235174447,-187500.02235174447,-187500.02235174447
não,2133.272842558961,-7739.760904283632,7331.707457507546,12100.072157391567,-187500.02235174447,-187500.02235174447,-187500.02235174447,-187500.02235174447
não,1902.2452118689075,-7766.135962740895,6911.628772214505,12151.101189983034,-187500.02235174447,-187500.02235174447,-187500.02235174447,-187500.02235174447
não,1733.6236516980712,-7823.803463435586,6461.129362717791,12160.019536020702,-187500.02235174447,-187500.02235174447,-187500.02235174447,-187500.02235174447
não,1985.4607564760158,-7802.077567825028,6877.855286342537,12114.801956987616,-187500.02235174447,-187500.02235174447,-187500.02235174447,-187500.02235174447
não,2138.480799017048,-7742.867796762919,7297.710454191024,12091.064404376079,-187500.02235174447,-187500.02235174447,-187500.02235174447,-187500.02235174447
não,1961.812610842301,-7752.434343389791,7015.139700787032,12145.379143402475,-187500.02235174447,-187500.02235174447,-187500.02235174447,-187500.02235174447
não,1751.9073786625122,-7813.700474941787,6516.941668622693,12183.399460720953,-187500.02235174447,-187500.02235174447,-187500.02235174447,-187500.02235174447
não,1915.5668515642706,-7814.035751108618,6760.039241318613,12112.231506375254,-187500.02235174447,-187500.02235174447,-187500.02235174447,-187500.02235174447
não,2127.1931680671178,-7750.556796855545,7271.715375389502,12097.747575968217,-187500.02235174447,-187500.02235174447,-187500.02235174447,-187500.02235174447
não,1985.483108220471,-7744.834750274987,7094.063710458721,12144.730942813272,-187500.02235174447,-187500.02235174447,-187500.02235174447,-187500.02235174447
não,1742.6984599469258,-7801.0717393245395,6564.148552912302,12197.816335894626,-187500.02235174447,-187500.02235174447,-187500.02235174447,-187500.02235174447
não,1858.9498828589778,-7821.344771545502,6672.2415890981665,12169.921358814403,-187500.02235174447,-187500.02235174447,-187500.02235174447,-187500.02235174447
não,2106.517804445959,-7758.491666137179,7229.023543479865,12111.337436597043,-187500.02235174447,-187500.02235174447,-187500.02235174447,-187500.02235174447
não,2024.3304400837947,-7738.777427527599,7175.80403993178,12142.763989301204,-187500.02235174447,-187500.02235174447,-187500.02235174447,-187500.02235174447
não,1766.9948061698444,-7789.068852552039,6640.1891875492565,12196.0281963382,-187500.02235174447,-187500.02235174447,-187500.02235174447,-187500.02235174447
não,1803.0258182317996,-7824.094036113505,6584.287474666533,12181.432507208885,-187500.02235174447,-187500.02235174447,-187500.02235174447,-187500.02235174447
não,2078.846344810289,-7769.332262198003,7159.241397290397,12121.932163468859,-187500.02235174447,-187500.02235174447,-187500.02235174447,-187500.02235174447
não,2052.0689549528306,-7735.6258315594005,7235.997287749921,12136.55020434263,-187500.02235174447,-187500.02235174447,-187500.02235174447,-187500.02235174447
não,1794.912134994523,-7775.970730301229,6732.568947383041,12197.615170194527,-187500.02235174447,-187500.02235174447,-187500.02235174447,-187500.02235174447
não,1751.2144745843977,-7823.468187268757,6519.24389830159,12196.475231227307,-187500.02235174447,-187500.02235174447,-187500.02235174447,-187500.02235174447
não,2028.6666785081243,-7778.608236146955,7065.565236278205,12127.631858304961,-187500.02235174447,-187500.02235174447,-187500.02235174447,-187500.02235174447
não,2067.446955138082,-7732.228366402193,7274.554046935326,12134.40443687492,-187500.02235174447,-187500.02235174447,-187500.02235174447,-187500.02235174447
não,1831.300774967763,-7764.884265051397,6831.587175320051,12191.446088724862,-187500.02235174447,-187500.02235174447,-187500.02235174447,-187500.02235174447
não,1720.011439324789,-7820.316591300559,6491.080700287903,12214.244868069276,-187500.02235174447,-187500.02235174447,-187500.02235174447,-187500.02235174447
não,1978.554067439326,-7790.342901985991,6964.088316451111,12145.915585269402,-187500.02235174447,-187500.02235174447,-187500.02235174447,-187500.02235174447
não,2076.4547081535707,-7732.9883257136735,7293.173050066597,12131.58811707355,-187500.02235174447,-187500.02235174447,-187500.02235174447,-187500.02235174447
não,1866.8400486517012,-7751.093238722473,6934.539310281195,12187.758050889737,-187500.02235174447,-187500.02235174447,-187500.02235174447,-187500.02235174447
não,1696.5197559022613,-7810.370065017947,6489.001988053559,12218.111719860044,-187500.02235174447,-187500.02235174447,-187500.02235174447,-187500.02235174447
não,1914.449264341505,-7798.568343945545,6846.83106503857,12159.952480787335,-187500.02235174447,-187500.02235174447,-187500.02235174447,-187500.02235174447
não,2075.940618031099,-7734.999982714651,7286.623988941192,12138.986544488258,-187500.02235174447,-187500.02235174447,-187500.02235174447,-187500.02235174447
não,1897.2607728553742,-7739.20211067225,7026.896718370524,12183.734736887782,-187500.02235174447,-187500.02235174447,-187500.02235174447,-187500.02235174447
não,1670.1894009339096,-7800.267076524148,6514.393569754788,12222.403254795463,-187500.02235174447,-187500.02235174447,-187500.02235174447,-187500.02235174447
não,1836.776952359313,-7808.693684183799,6733.686534605806,12176.738640873271,-187500.02235174447,-187500.02235174447,-187500.02235174447,-187500.02235174447
não,2059.936769001099,-7744.477122363702,7253.565758891793,12134.82912001957,-187500.02235174447,-187500.02235174447,-187500.02235174447,-187500.02235174447
não,1931.2577761718962,-7733.144787924861,7106.871260031612,12164.534588400673,-187500.02235174447,-187500.02235174447,-187500.02235174447,-187500.02235174447
não,1685.6791598414375,-7789.739404885699,6576.866695507371,12212.635542468493,-187500.02235174447,-187500.02235174447,-187500.02235174447,-187500.02235174447
não,1780.4505563319394,-7817.2767540546365,6645.754771918628,12181.253693253244,-187500.02235174447,-187500.02235174447,-187500.02235174447,-187500.02235174447
não,2030.0748384088085,-7755.988270758185,7207.498813569405,12120.814576246094,-187500.02235174447,-187500.02235174447,-187500.02235174447,-187500.02235174447
não,1956.2693782173847,-7730.686096034778,7184.051833635787,12142.227547434277,-187500.02235174447,-187500.02235174447,-187500.02235174447,-187500.02235174447
não,1700.9454013044121,-7780.619893147933,6654.941338889759,12195.916437615924,-187500.02235174447,-187500.02235174447,-187500.02235174447,-187500.02235174447
não,1713.3953229660183,-7822.015323879162,6553.5538260404865,12180.2255130083,-187500.02235174447,-187500.02235174447,-187500.02235174447,-187500.02235174447
não,1986.8018611433342,-7769.15344824236,7128.284231219796,12118.601753545017,-187500.02235174447,-187500.02235174447,-187500.02235174447,-187500.02235174447
não,1976.0730238047868,-7735.379962370392,7241.026430252366,12134.985582230758,-187500.02235174447,-187500.02235174447,-187500.02235174447,-187500.02235174447
não,1725.6440789275264,-7772.796782588575,6758.072287806545,12196.564638205129,-187500.02235174447,-187500.02235174447,-187500.02235174447,-187500.02235174447
não,1653.604406548072,-7819.981315133729,6500.982523081604,12195.447050982362,-187500.02235174447,-187500.02235174447,-187500.02235174447,-187500.02235174447
não,1924.8875290021335,-7781.513962926146,7025.980296847856,12121.686294279849,-187500.02235174447,-187500.02235174447,-187500.02235174447,-187500.02235174447
não,1975.514230193404,-7730.2837646345815,7265.300424730829,12115.606619788006,-187500.02235174447,-187500.02235174447,-187500.02235174447,-187500.02235174447
não,1747.5711402381828,-7757.798762059065,6844.059448726112,12165.585120390073,-187500.02235174447,-187500.02235174447,-187500.02235174447,-187500.02235174447
não,1617.0593043636447,-7820.853033167486,6473.579284379397,12186.841629367069,-187500.02235174447,-187500.02235174447,-187500.02235174447,-187500.02235174447
não,1869.9916446198995,-7796.891963111397,6927.878490433513,12135.633782819961,-187500.02235174447,-187500.02235174447,-187500.02235174447,-187500.02235174447
não,1987.2712477768957,-7739.805607772542,7288.948570364544,12112.946762197824,-187500.02235174447,-187500.02235174447,-187500.02235174447,-187500.02235174447
não,1784.0491871892439,-7749.215692188227,6952.733630267815,12164.400477933941,-187500.02235174447,-187500.02235174447,-187500.02235174447,-187500.02235174447
não,1604.564679213128,-7808.40311150588,6492.265342744034,12196.072899827112,-187500.02235174447,-187500.02235174447,-187500.02235174447,-187500.02235174447
não,1798.2648966628192,-7801.295256769092,6801.524079027663,12120.30048612362,-187500.02235174447,-187500.02235174447,-187500.02235174447,-187500.02235174447
não,1983.3149890083064,-7729.568508812012,7275.7833928803675,12103.424919059864,-187500.02235174447,-187500.02235174447,-187500.02235174447,-187500.02235174447
não,1826.2492807208635,-7734.776465270098,7045.426314523973,12154.163378973411,-187500.02235174447,-187500.02235174447,-187500.02235174447,-187500.02235174447
não,1594.1934697858655,-7797.070777067039,6519.020380857037,12189.814411379626,-187500.02235174447,-187500.02235174447,-187500.02235174447,-187500.02235174447
não,1722.917166103979,-7803.932762614819,6685.630284026895,12127.073064693579,-187500.02235174447,-187500.02235174447,-187500.02235174447,-187500.02235174447
não,1955.5988258837256,-7748.142808454372,7229.694095813525,12074.457058245785,-187500.02235174447,-187500.02235174447,-187500.02235174447,-187500.02235174447
não,1875.2219528224414,-7742.018430473618,7140.287117992297,12137.578384587572,-187500.02235174447,-187500.02235174447,-187500.02235174447,-187500.02235174447
não,1630.2021301033653,-7774.741384356187,6608.941448800737,12201.236152796288,-187500.02235174447,-187500.02235174447,-187500.02235174447,-187500.02235174447
não,1694.7763198347475,-7826.485672770224,6617.971553560681,12161.718268599305,-187500.02235174447,-187500.02235174447,-187500.02235174447,-187500.02235174447
não,1957.0740410177757,-7772.796782588575,7179.492077766905,12088.695119463817,-187500.02235174447,-187500.02235174447,-187500.02235174447,-187500.02235174447
não,1896.23259261043,-7728.026238444596,7193.081938395731,12093.165468354879,-187500.02235174447,-187500.02235174447,-187500.02235174447,-187500.02235174447
não,1644.9989849327785,-7769.15344824236,6678.969464179214,12175.911626328425,-187500.02235174447,-187500.02235174447,-187500.02235174447,-187500.02235174447
não,1647.3906215894965,-7802.792823647598,6548.234110860123,12174.414059449919,-187500.02235174447,-187500.02235174447,-187500.02235174447,-187500.02235174447
não,1933.6270610841586,-7750.333279410992,7116.370751425118,12126.44721584883,-187500.02235174447,-187500.02235174447,-187500.02235174447,-187500.02235174447
não,1930.4084098825945,-7726.036933188073,7252.492875157938,12117.908849466903,-187500.02235174447,-187500.02235174447,-187500.02235174447,-187500.02235174447
não,1691.8929448000129,-7761.419744660824,6779.597017717007,12171.664794881915,-187500.02235174447,-187500.02235174447,-187500.02235174447,-187500.02235174447
não,1609.504414737751,-7808.045483594595,6489.739595620585,12182.930074087391,-187500.02235174447,-187500.02235174447,-187500.02235174447,-187500.02235174447
não,1884.3861680491173,-7791.013454319651,7002.823889592158,12105.034244660646,-187500.02235174447,-187500.02235174447,-187500.02235174447,-187500.02235174447
não,1960.9408928085438,-7741.951375240252,7274.352881235228,12107.805860973103,-187500.02235174447,-187500.02235174447,-187500.02235174447,-187500.02235174447
não,1732.7742854087694,-7754.960090513241,6867.662890870916,12176.537475173172,-187500.02235174447,-187500.02235174447,-187500.02235174447,-187500.02235174447
não,1585.3868824704746,-7808.336056272514,6468.728955832596,12189.054452068145,-187500.02235174447,-187500.02235174447,-187500.02235174447,-187500.02235174447
não,1842.2754814953187,-7787.124250784427,6903.626847699506,12139.880614266469,-187500.02235174447,-187500.02235174447,-187500.02235174447,-187500.02235174447
não,1986.1089570652196,-7726.52867156609,7297.755157679935,12120.099320423524,-187500.02235174447,-187500.02235174447,-187500.02235174447,-187500.02235174447
não,1800.0530362192437,-7741.169064184316,6984.3389969276195,12171.351870459543,-187500.02235174447,-187500.02235174447,-187500.02235174447,-187500.02235174447
não,1595.2663535197203,-7810.191251062304,6497.607409668853,12201.146745818467,-187500.02235174447,-187500.02235174447,-187500.02235174447,-187500.02235174447
não,1784.652684289537,-7808.112538827961,6783.10624159649,12140.327649155575,-187500.02235174447,-187500.02235174447,-187500.02235174447,-187500.02235174447
não,1987.8300413882782,-7733.7482850251545,7272.900017845634,12119.317009367587,-187500.02235174447,-187500.02235174447,-187500.02235174447,-187500.02235174447
não,1843.169551273531,-7735.067037948017,7076.271721872297,12156.68912609686,-187500.02235174447,-187500.02235174447,-187500.02235174447,-187500.02235174447
não,1622.3566677995525,-7796.132003799917,6575.883218751338,12195.916437615924,-187500.02235174447,-187500.02235174447,-187500.02235174447,-187500.02235174447
não,1735.0094598543,-7808.604277205977,6694.3698161089205,12158.92430054239,-187500.02235174447,-187500.02235174447,-187500.02235174447,-187500.02235174447
não,1972.452041203027,-7746.399372386858,7229.157653946598,12109.817517974081,-187500.02235174447,-187500.02235174447,-187500.02235174447,-187500.02235174447
não,1877.9488656459887,-7728.540328567068,7159.286100779307,12145.580309102574,-187500.02235174447,-187500.02235174447,-187500.02235174447,-187500.02235174447
não,1626.9387754128904,-7785.336111228003,6606.862736566393,12203.359568519541,-187500.02235174447,-187500.02235174447,-187500.02235174447,-187500.02235174447
não,1687.5567063756832,-7811.711169685265,6590.724777069661,12189.0768038126,-187500.02235174447,-187500.02235174447,-187500.02235174447,-187500.02235174447
não,1947.1051629907088,-7757.351727169958,7147.3502692401735,12128.816500761093,-187500.02235174447,-187500.02235174447,-187500.02235174447,-187500.02235174447
não,1913.644601541114,-7728.048590189051,7210.650409537603,12138.740675299248,-187500.02235174447,-187500.02235174447,-187500.02235174447,-187500.02235174447
não,1662.9921392193007,-7772.237988977193,6705.948019736769,12196.676396927405,-187500.02235174447,-187500.02235174447,-187500.02235174447,-187500.02235174447
não,1635.9018249394685,-7819.489576755712,6522.440197758699,12190.440260224374,-187500.02235174447,-187500.02235174447,-187500.02235174447,-187500.02235174447
não,1916.61738355367,-7770.159276742849,7080.809125996724,12132.102207196023,-187500.02235174447,-187500.02235174447,-187500.02235174447,-187500.02235174447
não,1949.8320758142563,-7720.538404052068,7266.663881142603,12139.478282866274,-187500.02235174447,-187500.02235174447,-187500.02235174447,-187500.02235174447
não,1710.8025206092025,-7754.133075968394,6810.375369831964,12191.356681747042,-187500.02235174447,-187500.02235174447,-187500.02235174447,-187500.02235174447
não,1612.2089758168431,-7814.192213319804,6492.265342744034,12207.382882521497,-187500.02235174447,-187500.02235174447,-187500.02235174447,-187500.02235174447
não,1881.9274761590334,-7779.055271036062,6987.401185917996,12149.469512637796,-187500.02235174447,-187500.02235174447,-187500.02235174447,-187500.02235174447
não,1976.5647621828036,-7722.7735784975985,7292.949532622044,12135.946707242336,-187500.02235174447,-187500.02235174447,-187500.02235174447,-187500.02235174447
não,1766.078384647177,-7745.259433419637,6913.863946660036,12186.260484011233,-187500.02235174447,-187500.02235174447,-187500.02235174447,-187500.02235174447
não,1605.6375629469828,-7805.720902171243,6487.839697341883,12220.883336172503,-187500.02235174447,-187500.02235174447,-187500.02235174447,-187500.02235174447
não,1836.464027936939,-7790.901695597375,6873.943731062857,12159.281928453676,-187500.02235174447,-187500.02235174447,-187500.02235174447,-187500.02235174447
não,1986.6453989321471,-7728.540328567068,7288.143907564153,12129.598811817028,-187500.02235174447,-187500.02235174447,-187500.02235174447,-187500.02235174447
não,1808.4125886455286,-7734.754113525643,7006.936610571935,12178.16915251841,-187500.02235174447,-187500.02235174447,-187500.02235174447,-187500.02235174447
não,1606.2634117917314,-7790.767585130643,6516.628744200319,12227.70061823137,-187500.02235174447,-187500.02235174447,-187500.02235174447,-187500.02235174447
não,1786.753748268336,-7797.204887533771,6772.153886813389,12178.1244490295,-187500.02235174447,-187500.02235174447,-187500.02235174447,-187500.02235174447
não,1996.7707391704012,-7735.402314114847,7275.246951013441,12134.672657808384,-187500.02235174447,-187500.02235174447,-187500.02235174447,-187500.02235174447
não,1856.200618290975,-7727.735665766677,7104.457271630439,12176.40336470644,-187500.02235174447,-187500.02235174447,-187500.02235174447,-187500.02235174447
não,1615.9417171408793,-7784.710262383254,6567.098983180402,12226.1359961195,-187500.02235174447,-187500.02235174447,-187500.02235174447,-187500.02235174447
não,1731.567291208183,-7806.860841138464,6657.243568568656,12194.441222481873,-187500.02235174447,-187500.02235174447,-187500.02235174447,-187500.02235174447
não,1992.1439280681525,-7739.96206998373,7223.256793410396,12148.910719026413,-187500.02235174447,-187500.02235174447,-187500.02235174447,-187500.02235174447
não,1912.817586996268,-7719.532575551579,7181.749603956891,12179.957292074836,-187500.02235174447,-187500.02235174447,-187500.02235174447,-187500.02235174447
não,1657.6500722944825,-7768.929930797807,6650.2251208096895,12235.546080535183,-187500.02235174447,-187500.02235174447,-187500.02235174447,-187500.02235174447
não,1686.595581364105,-7806.7714341606425,6578.565428085974,12209.148670333467,-187500.02235174447,-187500.02235174447,-187500.02235174447,-187500.02235174447
não,1972.8096691143119,-7752.322584667514,7166.818638660746,12138.919489254891,-187500.02235174447,-187500.02235174447,-187500.02235174447,-187500.02235174447
não,1957.3646136956947,-7712.022389414596,7266.239197997952,12151.950556272335,-187500.02235174447,-187500.02235174447,-187500.02235174447,-187500.02235174447
não,1681.7676045617586,-7758.759887070643,6716.788615797594,12218.268182071231,-187500.02235174447,-187500.02235174447,-187500.02235174447,-187500.02235174447
não,1643.4567145653623,-7811.979390618729,6507.799805140473,12223.453786784863,-187500.02235174447,-187500.02235174447,-187500.02235174447,-187500.02235174447
não,1929.424933126561,-7766.135962740895,7059.999651908834,12163.439352922363,-187500.02235174447,-187500.02235174447,-187500.02235174447,-187500.02235174447
não,1975.4695267044935,-7717.7220842506995,7275.939855091555,12155.057448751622,-187500.02235174447,-187500.02235174447,-187500.02235174447,-187500.02235174447
não,1739.591567467638,-7749.9532997552515,6838.3597538900085,12205.013597609235,-187500.02235174447,-187500.02235174447,-187500.02235174447,-187500.02235174447
não,1624.2118625893431,-7806.838489394008,6490.767775865528,12224.303153074165,-187500.02235174447,-187500.02235174447,-187500.02235174447,-187500.02235174447
não,1888.1412611176088,-7783.033881549107,6960.5120373382615,12157.69495459735,-187500.02235174447,-187500.02235174447,-187500.02235174447,-187500.02235174447
não,2000.615239216714,-7724.874642476398,7297.576343724292,12143.054561979123,-187500.02235174447,-187500.02235174447,-187500.02235174447,-187500.02235174447
não,1791.8722977486013,-7738.710372294233,6942.004792929268,12204.141879575478,-187500.02235174447,-187500.02235174447,-187500.02235174447,-187500.02235174447
não,1624.6141939895385,-7798.59069569,6503.172994038224,12248.621851041538,-187500.02235174447,-187500.02235174447,-187500.02235174447,-187500.02235174447
não,1852.0878973111985,-7789.3370734855025,6862.745507090749,12184.382937476987,-187500.02235174447,-187500.02235174447,-187500.02235174447,-187500.02235174447
não,2019.2342423479847,-7726.10398842144,7299.63270421418,12146.966117258802,-187500.02235174447,-187500.02235174447,-187500.02235174447,-187500.02235174447
não,1845.6505949080702,-7731.826035001998,7038.921956887479,12186.238132266777,-187500.02235174447,-187500.02235174447,-187500.02235174447,-187500.02235174447
não,1624.569490500628,-7795.841431121998,6523.311915792456,12226.963010664345,-187500.02235174447,-187500.02235174447,-187500.02235174447,-187500.02235174447
não,1785.9714372124001,-7804.78212890412,6732.814816572049,12180.136106030477,-187500.02235174447,-187500.02235174447,-187500.02235174447,-187500.02235174447
não,2010.5394137548703,-7737.81630251602,7260.986538050955,12135.477320608774,-187500.02235174447,-187500.02235174447,-187500.02235174447,-187500.02235174447
não,1895.8079094657792,-7727.802721000043,7126.6302021301035,12176.984510062279,-187500.02235174447,-187500.02235174447,-187500.02235174447,-187500.02235174447
não,1657.0689269386444,-7783.279750738115,6594.189297460234,12230.360475821553,-187500.02235174447,-187500.02235174447,-187500.02235174447,-187500.02235174447
não,1744.5089512478057,-7802.904582369874,6646.134751574368,12199.917399873424,-187500.02235174447,-187500.02235174447,-187500.02235174447,-187500.02235174447
não,2002.582192728781,-7743.24777641866,7217.087711940731,12147.502559125729,-187500.02235174447,-187500.02235174447,-187500.02235174447,-187500.02235174447
não,1940.2655291873848,-7719.756092996132,7206.247115879908,12169.049640780646,-187500.02235174447,-187500.02235174447,-187500.02235174447,-187500.02235174447
não,1690.082453499133,-7768.035861019595,6681.539914791574,12226.337161819598,-187500.02235174447,-187500.02235174447,-187500.02235174447,-187500.02235174447
não,1701.2136222378758,-7808.961905117262,6571.9269599827485,12215.429510525408,-187500.02235174447,-187500.02235174447,-187500.02235174447,-187500.02235174447
não,1975.7377476379572,-7757.48583763669,7141.851740104168,12154.610413862518,-187500.02235174447,-187500.02235174447,-187500.02235174447,-187500.02235174447
não,1968.6298929011696,-7722.103026163939,7250.6600321126025,12150.989431260758,-187500.02235174447,-187500.02235174447,-187500.02235174447,-187500.02235174447
não,1731.6790499304593,-7757.195264958771,6767.460020477774,12205.773556920714,-187500.02235174447,-187500.02235174447,-187500.02235174447,-187500.02235174447
não,1677.6772353264375,-7808.537221972611,6519.355657023866,12218.670513471427,-187500.02235174447,-187500.02235174447,-187500.02235174447,-187500.02235174447
não,1952.9613200379993,-7772.774430844121,7050.030773881766,12163.841684322559,-187500.02235174447,-187500.02235174447,-187500.02235174447,-187500.02235174447
não,2012.8416434337669,-7722.058322675029,7298.045730357854,12156.59971911904,-187500.02235174447,-187500.02235174447,-187500.02235174447,-187500.02235174447
não,1784.2950563782522,-7748.276918921104,6875.195428752355,12196.721100416316,-187500.02235174447,-187500.02235174447,-187500.02235174447,-187500.02235174447
não,1652.464467580851,-7806.324399271536,6495.104014289858,12212.501432001762,-187500.02235174447,-187500.02235174447,-187500.02235174447,-187500.02235174447
não,1903.876889214145,-7783.659730393855,6934.9192899369355,12152.397591161442,-187500.02235174447,-187500.02235174447,-187500.02235174447,-187500.02235174447
não,2029.1584168861411,-7724.740532009666,7305.175936839097,12127.989486216245,-187500.02235174447,-187500.02235174447,-187500.02235174447,-187500.02235174447
não,1836.9334145705004,-7740.453808361746,6982.036767248723,12184.159420032433,-187500.02235174447,-187500.02235174447,-187500.02235174447,-187500.02235174447
não,1649.5810925461165,-7799.395358490391,6514.058293587958,12227.320638575631,-187500.02235174447,-187500.02235174447,-187500.02235174447,-187500.02235174447
não,1851.46204846645,-7794.5897334325,6830.4919398417405,12166.300376212643,-187500.02235174447,-187500.02235174447,-187500.02235174447,-187500.02235174447
não,2039.0155361909315,-7729.8143780010205,7297.665750702114,12132.281021151664,-187500.02235174447,-187500.02235174447,-187500.02235174447,-187500.02235174447
não,1884.654388982581,-7728.093293677962,7071.488448558861,12179.554960674639,-187500.02235174447,-187500.02235174447,-187500.02235174447,-187500.02235174447
não,1665.0708514536443,-7788.331244985015,6553.375012084844,12230.293420588187,-187500.02235174447,-187500.02235174447,-187500.02235174447,-187500.02235174447
não,1812.0335712472884,-7806.145585315894,6725.9528310242695,12184.785268877182,-187500.02235174447,-187500.02235174447,-187500.02235174447,-187500.02235174447
não,2043.552940315359,-7743.337183396481,7262.215883995997,12132.325724640576,-187500.02235174447,-187500.02235174447,-187500.02235174447,-187500.02235174447
não,1934.9905174959324,-7731.893090235364,7153.832275132213,12161.047716265646,-187500.02235174447,-187500.02235174447,-187500.02235174447,-187500.02235174447
não,1686.148546474999,-7785.425518205824,6616.742207615639,12212.635542468493,-187500.02235174447,-187500.02235174447,-187500.02235174447,-187500.02235174447
não,1750.789791439747,-7810.638285951411,6625.638201908851,12187.042795067167,-187500.02235174447,-187500.02235174447,-187500.02235174447,-187500.02235174447
não,2021.223547604507,-7749.618023588422,7199.832165221234,12130.895212995436,-187500.02235174447,-187500.02235174447,-187500.02235174447,-187500.02235174447
não,1973.9719598259878,-7724.71818026521,7222.04979920981,12144.127445712978,-187500.02235174447,-187500.02235174447,-187500.02235174447,-187500.02235174447
não,1728.2815847732527,-7770.159276742849,6708.026731971113,12204.141879575478,-187500.02235174447,-187500.02235174447,-187500.02235174447,-187500.02235174447
não,1718.759741635292,-7811.264134796159,6555.856055719382,12204.36539702003,-187500.02235174447,-187500.02235174447,-187500.02235174447,-187500.02235174447
$SILENCE,1992.2333350459737,-7762.425573161313,7117.175414225509,12141.959326500813,-187500.02235174447,-187500.02235174447,-187500.02235174447,-187500.02235174447
$SILENCE,2009.7794544433898,-7720.761921496621,7274.084660301764,12150.765913816203,-187500.02235174447,-187500.02235174447,-187500.02235174447,-187500.02235174447
$SILENCE,1771.8898382055568,-7756.256491691648,6806.9555529303025,12202.867830141526,-187500.02235174447,-187500.02235174447,-187500.02235174447,-187500.02235174447
$SILENCE,1687.2214302088537,-7810.548878973589,6511.353732508866,12208.098138344067,-187500.02235174447,-187500.02235174447,-187500.02235174447,-187500.02235174447
$SILENCE,1959.9797677969657,-7776.283654723604,7022.001686334812,12143.389838145953,-187500.02235174447,-187500.02235174447,-187500.02235174447,-187500.02235174447
$SILENCE,2035.0369256778868,-7720.7172180077105,7303.186631582575,12146.608489347516,-187500.02235174447,-187500.02235174447,-187500.02235174447,-187500.02235174447
$SILENCE,1819.4767021509056,-7743.895977007864,6910.041798358178,12197.950446361358,-187500.02235174447,-187500.02235174447,-187500.02235174447,-187500.02235174447
$SILENCE,1669.85412476708,-7802.234030036215,6502.457738215654,12218.022312882224,-187500.02235174447,-187500.02235174447,-187500.02235174447,-187500.02235174447
$SILENCE,1906.492043315416,-7783.927951327319,6909.214783813332,12154.722172584794,-187500.02235174447,-187500.02235174447,-187500.02235174447,-187500.02235174447
$SILENCE,2043.3964781041716,-7723.377075597892,7305.198288583552,12128.905907738914,-187500.02235174447,-187500.02235174447,-187500.02235174447,-187500.02235174447
$SILENCE,1860.0227665928326,-7732.898918735853,7005.953133815901,12182.281873498187,-187500.02235174447,-187500.02235174447,-187500.02235174447,-187500.02235174447
$SILENCE,1667.2166189213538,-7793.405090976369,6523.781302426017,12226.85125194207,-187500.02235174447,-187500.02235174447,-187500.02235174447,-187500.02235174447
$SILENCE,1858.301682269774,-7795.528506699623,6802.06052089459,12170.658966381427,-187500.02235174447,-187500.02235174447,-187500.02235174447,-187500.02235174447
$SILENCE,2054.3488328872722,-7733.167139669316,7291.340207021261,12133.644477563439,-187500.02235174447,-187500.02235174447,-187500.02235174447,-187500.02235174447
$SILENCE,1911.7223515179578,-7727.802721000043,7097.59528608266,12171.910664070925,-187500.02235174447,-187500.02235174447,-187500.02235174447,-187500.02235174447
$SILENCE,1683.3545784180856,-7783.6373786494,6572.910436738782,12221.106853617055,-187500.02235174447,-187500.02235174447,-187500.02235174447,-187500.02235174447
$SILENCE,1805.7303793108917,-7806.324399271536,6699.443662100275,12185.187600277377,-187500.02235174447,-187500.02235174447,-187500.02235174447,-187500.02235174447
$SILENCE,2048.4703240955264,-7739.649145561355,7250.190645479041,12136.63961132045,-187500.02235174447,-187500.02235174447,-187500.02235174447,-187500.02235174447
$SILENCE,1959.2198084854854,-7719.24200287366,7175.111135853665,12155.348021429541,-187500.02235174447,-187500.02235174447,-187500.02235174447,-187500.02235174447
$SILENCE,1712.7918258657248,-7771.612140132444,6639.473931726687,12206.667626698927,-187500.02235174447,-187500.02235174447,-187500.02235174447,-187500.02235174447
$SILENCE,1758.6799572324703,-7807.933724872319,6606.102777254913,12188.0262718232,-187500.02235174447,-187500.02235174447,-187500.02235174447,-187500.02235174447
$SILENCE,2031.6841640095909,-7752.456695134247,7184.632978991625,12132.54924208513,-187500.02235174447,-187500.02235174447,-187500.02235174447,-187500.02235174447
$SILENCE,1995.876669392189,-7720.873680218898,7240.601747107715,12150.92237602739,-187500.02235174447,-187500.02235174447,-187500.02235174447,-187500.02235174447
$SILENCE,1746.2970908042303,-7763.319642939526,6734.982935784214,12214.155461091455,-187500.02235174447,-187500.02235174447,-187500.02235174447,-187500.02235174447
$SILENCE,1719.2961835022193,-7806.391454504902,6545.462494547665,12214.200164580365,-187500.02235174447,-187500.02235174447,-187500.02235174447,-187500.02235174447
$SILENCE,1999.5423554828592,-7760.77154407162,7099.584591339182,12147.904890525924,-187500.02235174447,-187500.02235174447,-187500.02235174447,-187500.02235174447
$SILENCE,2031.6171087762248,-7716.448034816746,7287.272189530396,12152.35288767253,-187500.02235174447,-187500.02235174447,-187500.02235174447,-187500.02235174447
$SILENCE,1796.722626295403,-7748.925119510308,6835.789303277648,12209.126318589011,-187500.02235174447,-187500.02235174447,-187500.02235174447,-187500.02235174447
$SILENCE,1691.7811860777363,-7804.78212890412,6508.805633640962,12219.586934994095,-187500.02235174447,-187500.02235174447,-187500.02235174447,-187500.02235174447
$SILENCE,1952.1566572376082,-7773.3108727110475,6997.459470922884,12154.386896417964,-187500.02235174447,-187500.02235174447,-187500.02235174447,-187500.02235174447
$SILENCE,2047.0398124503868,-7718.638505773367,7310.696817719558,12145.848530036037,-187500.02235174447,-187500.02235174447,-187500.02235174447,-187500.02235174447
$SILENCE,1841.0237838058215,-7736.654011804344,6935.634545759505,12200.006806851246,-187500.02235174447,-187500.02235174447,-187500.02235174447,-187500.02235174447
$SILENCE,1677.3196074151526,-7795.975541588729,6499.395549225277,12221.553888506161,-187500.02235174447,-187500.02235174447,-187500.02235174447,-187500.02235174447
$SILENCE,1902.5357845468266,-7783.793840860587,6880.4480886993515,12158.879597053481,-187500.02235174447,-187500.02235174447,-187500.02235174447,-187500.02235174447
$SILENCE,2054.2370741649956,-7720.650162774345,7303.7230734495015,12131.766931029193,-187500.02235174447,-187500.02235174447,-187500.02235174447,-187500.02235174447
$SILENCE,1878.462955768461,-7729.367343111914,7028.036657337744,12183.51121944323,-187500.02235174447,-187500.02235174447,-187500.02235174447,-187500.02235174447
$SILENCE,1679.6441888385045,-7789.44883220778,6529.793921684494,12230.47223454383,-187500.02235174447,-187500.02235174447,-187500.02235174447,-187500.02235174447
$SILENCE,1855.4853624684051,-7792.488669453701,6774.00908160318,12182.728908387293,-187500.02235174447,-187500.02235174447,-187500.02235174447,-187500.02235174447
$SILENCE,2065.9493882595766,-7726.0592849325285,7284.545276706848,12141.489939867251,-187500.02235174447,-187500.02235174447,-187500.02235174447,-187500.02235174447
$SILENCE,1938.2538721864073,-7719.3090581070255,7118.985905526389,12173.899969327447,-187500.02235174447,-187500.02235174447,-187500.02235174447,-187500.02235174447
$SILENCE,1702.8676513275686,-7775.814268090042,6583.751032799606,12223.65495248496,-187500.02235174447,-187500.02235174447,-187500.02235174447,-187500.02235174447
$SILENCE,1815.0957602376652,-7799.238896279204,6671.615740253418,12189.74735614626,-187500.02235174447,-187500.02235174447,-187500.02235174447,-187500.02235174447
$SILENCE,2071.738490073501,-7740.945546739763,7233.67270632657,12131.431654862363,-187500.02235174447,-187500.02235174447,-187500.02235174447,-187500.02235174447
$SILENCE,1998.8270996602894,-7721.164252896817,7192.5454965288045,12162.187655232867,-187500.02235174447,-187500.02235174447,-187500.02235174447,-187500.02235174447
$SILENCE,1747.1241053490764,-7768.996986031174,6664.306719816533,12223.029103640212,-187500.02235174447,-187500.02235174447,-187500.02235174447,-187500.02235174447
$SILENCE,1770.884009705068,-7804.737425415209,6587.819050290472,12203.873658642015,-187500.02235174447,-187500.02235174447,-187500.02235174447,-187500.02235174447
$SILENCE,2042.6812222816018,-7748.366325898925,7162.862379892156,12145.446198635842,-187500.02235174447,-187500.02235174447,-187500.02235174447,-187500.02235174447
$SILENCE,2019.3460010702613,-7707.2167643567045,7255.018622281387,12162.142951743956,-187500.02235174447,-187500.02235174447,-187500.02235174447,-187500.02235174447
$SILENCE,1767.7994689702357,-7745.594709586467,6762.497933208697,12223.677304229415,-187500.02235174447,-187500.02235174447,-187500.02235174447,-187500.02235174447
$SILENCE,1713.9094130884903,-7795.394396232891,6534.487788020109,12233.512071789752,-187500.02235174447,-187500.02235174447,-187500.02235174447,-187500.02235174447
$SILENCE,1985.0137215869097,-7757.038802747585,7072.896608459546,12166.523893657195,-187500.02235174447,-187500.02235174447,-187500.02235174447,-187500.02235174447
$SILENCE,2033.0699721658198,-7711.083616147473,7290.6920064320575,12157.203216219332,-187500.02235174447,-187500.02235174447,-187500.02235174447,-187500.02235174447
$SILENCE,1809.0607892347325,-7733.591822813967,6858.45397215533,12209.193373822376,-187500.02235174447,-187500.02235174447,-187500.02235174447,-187500.02235174447
$SILENCE,1695.3574651905853,-7790.164088030349,6503.66473241624,12230.740455477293,-187500.02235174447,-187500.02235174447,-187500.02235174447,-187500.02235174447
$SILENCE,1952.5366368933485,-7769.041689520084,6970.771488043248,12168.423791935897,-187500.02235174447,-187500.02235174447,-187500.02235174447,-187500.02235174447
$SILENCE,2062.3731091467275,-7708.71433123521,7315.368332310717,12155.236262707265,-187500.02235174447,-187500.02235174447,-187500.02235174447,-187500.02235174447
$SILENCE,1859.262807281352,-7725.455787832236,6963.238950161809,12206.689978443383,-187500.02235174447,-187500.02235174447,-187500.02235174447,-187500.02235174447
$SILENCE,1684.986255763323,-7787.370119973436,6510.593773197386,12239.077656159123,-187500.02235174447,-187500.02235174447,-187500.02235174447,-187500.02235174447
$SILENCE,1898.2889531003182,-7780.5304861701115,6857.425791910386,12188.808582879137,-187500.02235174447,-187500.02235174447,-187500.02235174447,-187500.02235174447
$SILENCE,2068.2739696829285,-7715.553965038534,7307.075835117797,12153.515178384207,-187500.02235174447,-187500.02235174447,-187500.02235174447,-187500.02235174447
$SILENCE,1904.323924103251,-7715.062226660518,7056.356317562619,12194.463574226329,-187500.02235174447,-187500.02235174447,-187500.02235174447,-187500.02235174447
$SILENCE,1691.7364825888258,-7773.86966632243,6541.640346245807,12236.887185202502,-187500.02235174447,-187500.02235174447,-187500.02235174447,-187500.02235174447
$SILENCE,1843.0354408067992,-7785.336111228003,6743.8565783329705,12191.289626513675,-187500.02235174447,-187500.02235174447,-187500.02235174447,-187500.02235174447
$SILENCE,2062.9766062470208,-7723.779406998087,7274.531695190871,12145.155625957923,-187500.02235174447,-187500.02235174447,-187500.02235174447,-187500.02235174447
$SILENCE,1951.553160137315,-7714.615191771411,7142.835216860201,12177.811524607127,-187500.02235174447,-187500.02235174447,-187500.02235174447,-187500.02235174447
$SILENCE,1711.3613142205852,-7768.326433697514,6602.571201630974,12232.506243289263,-187500.02235174447,-187500.02235174447,-187500.02235174447,-187500.02235174447
$SILENCE,1795.2921146502633,-7791.9745793312295,6646.470027741198,12204.298341786665,-187500.02235174447,-187500.02235174447,-187500.02235174447,-187500.02235174447
$SILENCE,2056.8522282662666,-7731.781331513087,7218.719389285969,12156.622070863496,-187500.02235174447,-187500.02235174447,-187500.02235174447,-187500.02235174447
$SILENCE,1990.7134164230129,-7710.52482253609,7211.969162460467,12179.018518807712,-187500.02235174447,-187500.02235174447,-187500.02235174447,-187500.02235174447
$SILENCE,1740.396230268029,-7756.032974247096,6687.753699750149,12232.528595033717,-187500.02235174447,-187500.02235174447,-187500.02235174447,-187500.02235174447
$SILENCE,1750.1639425949984,-7796.109652055461,6569.669433792763,12219.721045460827,-187500.02235174447,-187500.02235174447,-187500.02235174447,-187500.02235174447
$SILENCE,2028.286698852384,-7743.24777641866,7145.182150028008,12152.241128950254,-187500.02235174447,-187500.02235174447,-187500.02235174447,-187500.02235174447
$SILENCE,2028.1078848967416,-7705.898011433842,7267.53559917636,12159.88542555397,-187500.02235174447,-187500.02235174447,-187500.02235174447,-187500.02235174447
$SILENCE,1780.4058528430287,-7745.43824737528,6781.943950884814,12226.828900197614,-187500.02235174447,-187500.02235174447,-187500.02235174447,-187500.02235174447
$SILENCE,1709.2602502417865,-7797.204887533771,6517.344000022888,12232.975629922823,-187500.02235174447,-187500.02235174447,-187500.02235174447,-187500.02235174447
$SILENCE,1984.901962864633,-7761.799724316565,7047.370916291585,12166.03215527918,-187500.02235174447,-187500.02235174447,-187500.02235174447,-187500.02235174447
$SILENCE,2048.4032688621605,-7712.782348726077,7296.68227394608,12160.26540520971,-187500.02235174447,-187500.02235174447,-187500.02235174447,-187500.02235174447
$SILENCE,1824.3717341866177,-7735.782293770587,6878.235265998276,12207.785213921692,-187500.02235174447,-187500.02235174447,-187500.02235174447,-187500.02235174447
$SILENCE,1694.4857471568284,-7790.409957219358,6497.003912568559,12227.857080442558,-187500.02235174447,-187500.02235174447,-187500.02235174447,-187500.02235174447
$SILENCE,1943.417125155583,-7769.309910453548,6936.550967282173,12162.724097099794,-187500.02235174447,-187500.02235174447,-187500.02235174447,-187500.02235174447
$SILENCE,2076.342949431294,-7710.658933002822,7309.758044452435,12140.752332300226,-187500.02235174447,-187500.02235174447,-187500.02235174447,-187500.02235174447
$SILENCE,1889.2364965959189,-7728.160348911328,6984.026072505245,12191.535495702685,-187500.02235174447,-187500.02235174447,-187500.02235174447,-187500.02235174447
$SILENCE,1700.788939093225,-7789.44883220778,6510.86199413085,12224.07963562961,-187500.02235174447,-187500.02235174447,-187500.02235174447,-187500.02235174447
$SILENCE,1898.9595054339775,-7787.146602528883,6820.2101373923,12166.702707612838,-187500.02235174447,-187500.02235174447,-187500.02235174447,-187500.02235174447
$SILENCE,2086.4012344361827,-7719.711389507222,7294.067119844809,12134.337381641553,-187500.02235174447,-187500.02235174447,-187500.02235174447,-187500.02235174447
$SILENCE,1934.8340552847453,-7717.43151157278,7076.227018383386,12180.426678708396,-187500.02235174447,-187500.02235174447,-187500.02235174447,-187500.02235174447
$SILENCE,1711.3836659650406,-7779.077622780517,6555.386669085821,12232.70740898936,-187500.02235174447,-187500.02235174447,-187500.02235174447,-187500.02235174447
$SILENCE,1851.4844002109053,-7797.651922422877,6718.3755896539205,12185.098193299556,-187500.02235174447,-187500.02235174447,-187500.02235174447,-187500.02235174447
$SILENCE,2082.9814175345205,-7734.9776309701965,7259.95835780601,12130.314067639598,-187500.02235174447,-187500.02235174447,-187500.02235174447,-187500.02235174447
$SILENCE,1977.3694249831947,-7719.487872062668,7157.989699600899,12159.103114498033,-187500.02235174447,-187500.02235174447,-187500.02235174447,-187500.02235174447
$SILENCE,1734.4730179873727,-7768.527599397612,6624.07357979698,12215.1836413364,-187500.02235174447,-187500.02235174447,-187500.02235174447,-187500.02235174447
$SILENCE,1797.3261233956962,-7800.512945713156,6621.033742551058,12187.020443322712,-187500.02235174447,-187500.02235174447,-187500.02235174447,-187500.02235174447
$SILENCE,2061.5237428574255,-7741.794913029064,7191.3161505837625,12123.608544303006,-187500.02235174447,-187500.02235174447,-187500.02235174447,-187500.02235174447
$SILENCE,2018.7648557144232,-7712.625886514889,7220.865156753678,12142.78634104566,-187500.02235174447,-187500.02235174447,-187500.02235174447,-187500.02235174447
$SILENCE,1770.235809115864,-7757.999927759162,6708.13849069339,12201.124394074011,-187500.02235174447,-187500.02235174447,-187500.02235174447,-187500.02235174447
$SILENCE,1759.4846200328614,-7804.35744575947,6551.519817295053,12193.815373637126,-187500.02235174447,-187500.02235174447,-187500.02235174447,-187500.02235174447
$SILENCE,2037.6520797791577,-7757.865817292431,7114.672018846514,12130.247012406233,-187500.02235174447,-187500.02235174447,-187500.02235174447,-187500.02235174447
$SILENCE,2051.5325130859032,-7715.352799338437,7280.186686538063,12137.421922376387,-187500.02235174447,-187500.02235174447,-187500.02235174447,-187500.02235174447
$SILENCE,1804.2551641768414,-7745.013564230629,6811.381198332453,12190.79788813566,-187500.02235174447,-187500.02235174447,-187500.02235174447,-187500.02235174447
$SILENCE,1721.7325236478478,-7800.736463157709,6505.944610350682,12198.442184739373,-187500.02235174447,-187500.02235174447,-187500.02235174447,-187500.02235174447
$SILENCE,1999.3411897827614,-7769.77929708711,7014.0444653087225,12132.862166507502,-187500.02235174447,-187500.02235174447,-187500.02235174447,-187500.02235174447
$SILENCE,2078.8239930658333,-7717.00682842813,7297.39752976865,12118.02060818918,-187500.02235174447,-187500.02235174447,-187500.02235174447,-187500.02235174447
$SILENCE,1862.9508451164777,-7741.750209540154,6908.119548335022,12173.810562349625,-187500.02235174447,-187500.02235174447,-187500.02235174447,-187500.02235174447
$SILENCE,1712.3447909766187,-7800.222373035237,6503.754139394062,12200.520896973718,-187500.02235174447,-187500.02235174447,-187500.02235174447,-187500.02235174447
$SILENCE,1949.4744479029714,-7782.788012360098,6906.487870989785,12137.488977609752,-187500.02235174447,-187500.02235174447,-187500.02235174447,-187500.02235174447
$SILENCE,2102.4274352106377,-7722.5947645419565,7305.958247895032,12113.550259298117,-187500.02235174447,-187500.02235174447,-187500.02235174447,-187500.02235174447
$SILENCE,1918.6066888101923,-7732.138959424372,7010.5799449181495,12160.891254054459,-187500.02235174447,-187500.02235174447,-187500.02235174447,-187500.02235174447
$SILENCE,1717.083360801144,-7791.728710142221,6521.546127980487,12197.79398415017,-187500.02235174447,-187500.02235174447,-187500.02235174447,-187500.02235174447
$SILENCE,1901.842880468712,-7792.488669453701,6795.243238835721,12144.172149201888,-187500.02235174447,-187500.02235174447,-187500.02235174447,-187500.02235174447
$SILENCE,2098.2923624864056,-7725.567546554512,7288.076852330787,12104.497802793718,-187500.02235174447,-187500.02235174447,-187500.02235174447,-187500.02235174447
$SILENCE,1960.1138782636976,-7722.460654075224,7101.260972173331,12148.776608559681,-187500.02235174447,-187500.02235174447,-187500.02235174447,-187500.02235174447
$SILENCE,1731.4555324859064,-7782.989178060196,6573.826858261449,12199.425661495408,-187500.02235174447,-187500.02235174447,-187500.02235174447,-187500.02235174447
$SILENCE,1852.6913944114917,-7803.530431214623,6689.631246284395,12168.200274491344,-187500.02235174447,-187500.02235174447,-187500.02235174447,-187500.02235174447
$SILENCE,2092.1456327611963,-7738.710372294233,7238.254813939908,12113.68436976485,-187500.02235174447,-187500.02235174447,-187500.02235174447,-187500.02235174447
$SILENCE,2002.9398206400658,-7718.124415650895,7172.697147452492,12134.739713041748,-187500.02235174447,-187500.02235174447,-187500.02235174447,-187500.02235174447
$SILENCE,1755.7965821977357,-7770.673366865321,6643.519597473097,12189.881466612991,-187500.02235174447,-187500.02235174447,-187500.02235174447,-187500.02235174447
$SILENCE,1805.3727513996068,-7805.229163793227,6604.515803398586,12170.211931492322,-187500.02235174447,-187500.02235174447,-187500.02235174447,-187500.02235174447
$SILENCE,2070.1738679616296,-7745.10297120845,7178.329787055229,12113.080872664557,-187500.02235174447,-187500.02235174447,-187500.02235174447,-187500.02235174447
$SILENCE,2035.2157396335292,-7712.514127792612,7241.205244208008,12129.665867050395,-187500.02235174447,-187500.02235174447,-187500.02235174447,-187500.02235174447
$SILENCE,1787.8266320021908,-7757.9328725257965,6736.055819518068,12187.959216589836,-187500.02235174447,-187500.02235174447,-187500.02235174447,-187500.02235174447
$SILENCE,1759.2834543327635,-7807.844317894497,6541.506235779076,12184.673510154906,-187500.02235174447,-187500.02235174447,-187500.02235174447,-187500.02235174447
$SILENCE,2042.6365187926913,-7763.140828983883,7092.163812180021,12118.802919245116,-187500.02235174447,-187500.02235174447,-187500.02235174447,-187500.02235174447
$SILENCE,2078.0193302654425,-7718.414988328814,7287.58511395277,12121.842756491036,-187500.02235174447,-187500.02235174447,-187500.02235174447,-187500.02235174447
$SILENCE,1839.0791820382099,-7748.38867764338,6838.203291678821,12175.50929492823,-187500.02235174447,-187500.02235174447,-187500.02235174447,-187500.02235174447
$SILENCE,1731.9919743528337,-7801.272905024637,6512.627781942819,12189.70265265735,-187500.02235174447,-187500.02235174447,-187500.02235174447,-187500.02235174447
$SILENCE,1993.6414949466582,-7772.0815267660055,6993.726729598848,12128.704742038815,-187500.02235174447,-187500.02235174447,-187500.02235174447,-187500.02235174447
$SILENCE,2089.9775135490318,-7717.029180172584,7304.907715905633,12109.862221462992,-187500.02235174447,-187500.02235174447,-187500.02235174447,-187500.02235174447
$SILENCE,1881.9945313923993,-7737.168101926816,6936.305098093164,12156.934995285868,-187500.02235174447,-187500.02235174447,-187500.02235174447,-187500.02235174447
$SILENCE,1720.145549791521,-7796.042596822095,6507.352770251367,12190.976702091302,-187500.02235174447,-187500.02235174447,-187500.02235174447,-187500.02235174447
$SILENCE,1943.0147937553877,-7783.100936782473,6882.996187567257,12136.2149281758,-187500.02235174447,-187500.02235174447,-187500.02235174447,-187500.02235174447
$SILENCE,2104.707313145079,-7722.505357564135,7312.775529953901,12108.901096451415,-187500.02235174447,-187500.02235174447,-187500.02235174447,-187500.02235174447
$SILENCE,1930.6095755826923,-7730.507282079135,7041.2241865663755,12155.817408063103,-187500.02235174447,-187500.02235174447,-187500.02235174447,-187500.02235174447
$SILENCE,1717.6868579014372,-7789.739404885699,6533.683125219718,12194.754146904248,-187500.02235174447,-187500.02235174447,-187500.02235174447,-187500.02235174447
$SILENCE,1884.9896651494105,-7794.522678199134,6770.253988534688,12147.748428314737,-187500.02235174447,-187500.02235174447,-187500.02235174447,-187500.02235174447
$SILENCE,2094.7831386069224,-7728.383866355881,7281.43838422756,12111.203326130311,-187500.02235174447,-187500.02235174447,-187500.02235174447,-187500.02235174447
$SILENCE,1970.7309568799685,-7720.963087196718,7123.188033483986,12146.07204748059,-187500.02235174447,-187500.02235174447,-187500.02235174447,-187500.02235174447
$SILENCE,1735.1882738099425,-7779.569361158534,6594.748091071617,12196.475231227307,-187500.02235174447,-187500.02235174447,-187500.02235174447,-187500.02235174447
$SILENCE,1834.072391280221,-7803.865707381453,6673.158010620834,12165.294547712154,-187500.02235174447,-187500.02235174447,-187500.02235174447,-187500.02235174447
$SILENCE,2084.769557090945,-7741.10200895095,7232.152787703609,12116.746558755227,-187500.02235174447,-187500.02235174447,-187500.02235174447,-187500.02235174447
$SILENCE,2016.7531987134457,-7718.347933095448,7199.362778587673,12142.562823601107,-187500.02235174447,-187500.02235174447,-187500.02235174447,-187500.02235174447
$SILENCE,1772.135707394565,-7766.314776696537,6675.303778088543,12193.301283514653,-187500.02235174447,-187500.02235174447,-187500.02235174447,-187500.02235174447
$SILENCE,1796.588515828671,-7805.989123104707,6594.636332349341,12174.972853061301,-187500.02235174447,-187500.02235174447,-187500.02235174447,-187500.02235174447
$SILENCE,2075.8288593088223,-7754.580110857501,7165.477533993428,12108.632875517951,-187500.02235174447,-187500.02235174447,-187500.02235174447,-187500.02235174447
$SILENCE,2063.4683446250374,-7718.504395306635,7261.947663062533,12119.54052681214,-187500.02235174447,-187500.02235174447,-187500.02235174447,-187500.02235174447
$SILENCE,1815.5427951267716,-7757.150561469861,6774.098488581001,12179.845533352558,-187500.02235174447,-187500.02235174447,-187500.02235174447,-187500.02235174447
$SILENCE,1760.7810212112693,-7805.877364382431,6542.601471257386,12183.779440376693,-187500.02235174447,-187500.02235174447,-187500.02235174447,-187500.02235174447
$SILENCE,2036.5344925563925,-7764.303119695559,7076.986977694867,12122.490957080241,-187500.02235174447,-187500.02235174447,-187500.02235174447,-187500.02235174447
$SILENCE,2085.8424408247997,-7717.409159828325,7303.454852516038,12122.759178013705,-187500.02235174447,-187500.02235174447,-187500.02235174447,-187500.02235174447
$SILENCE,1856.6700049245364,-7748.031049732095,6880.023405554701,12178.191504262866,-187500.02235174447,-187500.02235174447,-187500.02235174447,-187500.02235174447
$SILENCE,1737.0434685997332,-7805.340922515503,6521.009686113559,12196.095251571567,-187500.02235174447,-187500.02235174447,-187500.02235174447,-187500.02235174447
$SILENCE,1988.6123524442141,-7778.675291380321,6970.302101409687,12127.564803071595,-187500.02235174447,-187500.02235174447,-187500.02235174447,-187500.02235174447
$SILENCE,2103.7238363890456,-7719.689037762766,7313.893117176666,12114.82430873207,-187500.02235174447,-187500.02235174447,-187500.02235174447,-187500.02235174447
$SILENCE,1897.2831245998293,-7732.407180357836,6973.766621800259,12171.374222203996,-187500.02235174447,-187500.02235174447,-187500.02235174447,-187500.02235174447
$SILENCE,1719.5197009467722,-7792.600428175978,6525.122407093336,12202.867830141526,-187500.02235174447,-187500.02235174447,-187500.02235174447,-187500.02235174447
$SILENCE,1939.7067355760023,-7788.487707196201,6859.392745422452,12147.54726261464,-187500.02235174447,-187500.02235174447,-187500.02235174447,-187500.02235174447
$SILENCE,2115.1679295501626,-7725.344029109959,7307.679332218091,12117.215945388789,-187500.02235174447,-187500.02235174447,-187500.02235174447,-187500.02235174447
$SILENCE,1952.3801746821614,-7726.774540755098,7068.292149101752,12161.718268599305,-187500.02235174447,-187500.02235174447,-187500.02235174447,-187500.02235174447
$SILENCE,1731.142608063532,-7785.358462972458,6559.968776699159,12209.394539522475,-187500.02235174447,-187500.02235174447,-187500.02235174447,-187500.02235174447
$SILENCE,1880.3852057916172,-7796.266114266648,6751.299709236588,12164.69105061186,-187500.02235174447,-187500.02235174447,-187500.02235174447,-187500.02235174447
$SILENCE,2105.355513734283,-7731.893090235364,7273.168238779097,12116.388930843941,-187500.02235174447,-187500.02235174447,-187500.02235174447,-187500.02235174447
$SILENCE,1992.1886315570632,-7721.410122085825,7148.713725651947,12149.290698682154,-187500.02235174447,-187500.02235174447,-187500.02235174447,-187500.02235174447
$SILENCE,1748.7334309498588,-7773.9590733002515,6616.742207615639,12201.750242918759,-187500.02235174447,-187500.02235174447,-187500.02235174447,-187500.02235174447
$SILENCE,1829.2891179667854,-7799.887096868408,6651.454466754731,12173.162361760422,-187500.02235174447,-187500.02235174447,-187500.02235174447,-187500.02235174447
$SILENCE,2088.278780970428,-7738.285689149581,7214.8525374952005,12119.808747745605,-187500.02235174447,-187500.02235174447,-187500.02235174447,-187500.02235174447
$SILENCE,2031.9523849430545,-7712.6705900038,7216.327752629251,12144.596832346539,-187500.02235174447,-187500.02235174447,-187500.02235174447,-187500.02235174447
$SILENCE,1782.68573077747,-7759.765715571131,6699.42131035582,12202.063167341134,-187500.02235174447,-187500.02235174447,-187500.02235174447,-187500.02235174447
$SILENCE,1789.7935855142578,-7802.234030036215,6575.905570495793,12190.88729511348,-187500.02235174447,-187500.02235174447,-187500.02235174447,-187500.02235174447
$SILENCE,2067.7598795604563,-7751.719087567221,7139.907138336556,12127.006009460212,-187500.02235174447,-187500.02235174447,-187500.02235174447,-187500.02235174447
$SILENCE,2067.089327226797,-7711.173023125294,7265.211017753008,12134.672657808384,-187500.02235174447,-187500.02235174447,-187500.02235174447,-187500.02235174447
$SILENCE,1823.2094434749417,-7750.266224177626,6794.148003357412,12192.451917225351,-187500.02235174447,-187500.02235174447,-187500.02235174447,-187500.02235174447
$SILENCE,1753.3378903076518,-7804.44685273729,6528.3410582949,12195.469402726818,-187500.02235174447,-187500.02235174447,-187500.02235174447,-187500.02235174447
$SILENCE,2029.4266378196048,-7766.873570307919,7041.291241799741,12128.682390294362,-187500.02235174447,-187500.02235174447,-187500.02235174447,-187500.02235174447
$SILENCE,2094.3361037178165,-7713.81052897102,7297.352826279739,12124.726131525771,-187500.02235174447,-187500.02235174447,-187500.02235174447,-187500.02235174447
$SILENCE,1863.7331561724136,-7739.000944972151,6893.859135372536,12181.164286275422,-187500.02235174447,-187500.02235174447,-187500.02235174447,-187500.02235174447
$SILENCE,1725.0405818272332,-7795.461451466257,6513.499499976576,12204.633617953494,-187500.02235174447,-187500.02235174447,-187500.02235174447,-187500.02235174447
$SILENCE,1975.9165615935997,-7773.176762244316,6941.2001301288765,12143.680410823872,-187500.02235174447,-187500.02235174447,-187500.02235174447,-187500.02235174447
$SILENCE,2107.635391668724,-7716.559793539023,7313.78135845439,12130.381122872965,-187500.02235174447,-187500.02235174447,-187500.02235174447,-187500.02235174447
$SILENCE,1913.7116567744802,-7727.556851811034,6991.916238297968,12175.621053650506,-187500.02235174447,-187500.02235174447,-187500.02235174447,-187500.02235174447
$SILENCE,1725.2864510162415,-7785.581980417011,6523.758950681562,12209.50629824475,-187500.02235174447,-187500.02235174447,-187500.02235174447,-187500.02235174447
$SILENCE,1925.2451569134184,-7782.832715849008,6827.653268295917,12159.326631942587,-187500.02235174447,-187500.02235174447,-187500.02235174447,-187500.02235174447
$SILENCE,2120.4876447305255,-7718.593802284456,7323.191442870074,12117.752387255716,-187500.02235174447,-187500.02235174447,-187500.02235174447,-187500.02235174447
$SILENCE,1951.1061252482089,-7716.425683072292,7087.715815033414,12162.902911055437,-187500.02235174447,-187500.02235174447,-187500.02235174447,-187500.02235174447
$SILENCE,1735.6353086990487,-7779.1223262694275,6575.6820530512405,12211.383844778997,-187500.02235174447,-187500.02235174447,-187500.02235174447,-187500.02235174447
$SILENCE,1870.5280864868269,-7791.885172353408,6728.724447336727,12174.235245494277,-187500.02235174447,-187500.02235174447,-187500.02235174447,-187500.02235174447
$SILENCE,2089.2399059820063,-7734.195319914261,7234.834997038245,12125.01670420369,-187500.02235174447,-187500.02235174447,-187500.02235174447,-187500.02235174447
$SILENCE,1992.3450937682503,-7717.140938894861,7149.250167518875,12149.69303008235,-187500.02235174447,-187500.02235174447,-187500.02235174447,-187500.02235174447
$SILENCE,1753.6955182189367,-7768.192323230783,6624.78883561955,12207.718158688327,-187500.02235174447,-187500.02235174447,-187500.02235174447,-187500.02235174447
$SILENCE,1815.296925937763,-7798.680102667821,6621.726646629173,12185.299358999653,-187500.02235174447,-187500.02235174447,-187500.02235174447,-187500.02235174447
$SILENCE,2078.846344810289,-7740.789084528576,7191.696130239503,12124.793186759138,-187500.02235174447,-187500.02235174447,-187500.02235174447,-187500.02235174447
$SILENCE,2033.6511175216579,-7710.636581258367,7226.006057978399,12144.775646302181,-187500.02235174447,-187500.02235174447,-187500.02235174447,-187500.02235174447
$SILENCE,1788.8771639915901,-7755.6306428469,6718.353237909465,12202.89018188598,-187500.02235174447,-187500.02235174447,-187500.02235174447,-187500.02235174447
$SILENCE,1777.5671812972048,-7798.389529989902,6560.3040528659885,12201.347911518564,-187500.02235174447,-187500.02235174447,-187500.02235174447,-187500.02235174447
$SILENCE,2047.8221235063224,-7752.523750367613,7116.348399680663,12138.047771221134,-187500.02235174447,-187500.02235174447,-187500.02235174447,-187500.02235174447
$SILENCE,2061.769612046434,-7712.000037670141,7274.017605068399,12136.058465964612,-187500.02235174447,-187500.02235174447,-187500.02235174447,-187500.02235174447
$SILENCE,1832.105437768154,-7743.448942118757,6813.571669289073,12191.55784744714,-187500.02235174447,-187500.02235174447,-187500.02235174447,-187500.02235174447
$SILENCE,1749.5157420057944,-7797.182535789316,6515.064122088447,12204.968894120324,-187500.02235174447,-187500.02235174447,-187500.02235174447,-187500.02235174447
$SILENCE,2005.420864274605,-7763.833733061998,7017.017247321278,12140.707628811317,-187500.02235174447,-187500.02235174447,-187500.02235174447,-187500.02235174447
$SILENCE,2083.830783823822,-7712.044741159051,7303.96894263851,12131.632820562461,-187500.02235174447,-187500.02235174447,-187500.02235174447,-187500.02235174447
$SILENCE,1874.0820138552206,-7734.396485614358,6912.925173392913,12187.60158867855,-187500.02235174447,-187500.02235174447,-187500.02235174447,-187500.02235174447
$SILENCE,1728.7733231512696,-7791.460489208757,6499.887287603294,12217.284705315198,-187500.02235174447,-187500.02235174447,-187500.02235174447,-187500.02235174447
$SILENCE,1961.834962586756,-7775.858971578953,6903.850365144059,12154.386896417964,-187500.02235174447,-187500.02235174447,-187500.02235174447,-187500.02235174447
$SILENCE,2096.7947956079,-7713.385845826369,7307.58992524027,12129.911736239403,-187500.02235174447,-187500.02235174447,-187500.02235174447,-187500.02235174447
$SILENCE,1915.2539271418964,-7721.544232552556,7010.714055384881,12179.331443230087,-187500.02235174447,-187500.02235174447,-187500.02235174447,-187500.02235174447
$SILENCE,1723.72182890437,-7780.955169314763,6519.378008768322,12220.346894305576,-187500.02235174447,-187500.02235174447,-187500.02235174447,-187500.02235174447
$SILENCE,1896.7913862218127,-7785.023186805629,6790.594075989017,12166.658004123927,-187500.02235174447,-187500.02235174447,-187500.02235174447,-187500.02235174447
$SILENCE,2088.189373992607,-7719.085540662473,7287.428651741583,12127.453044349319,-187500.02235174447,-187500.02235174447,-187500.02235174447,-187500.02235174447
$SILENCE,1958.9515875520217,-7711.687113247766,7100.277495417296,12170.591911148062,-187500.02235174447,-187500.02235174447,-187500.02235174447,-187500.02235174447
$SILENCE,1735.3000325322191,-7769.287558709092,6565.132029668335,12221.531536761706,-187500.02235174447,-187500.02235174447,-187500.02235174447,-187500.02235174447
$SILENCE,1848.8915978540897,-7788.845335107486,6682.858667714438,12185.053489810645,-187500.02235174447,-187500.02235174447,-187500.02235174447,-187500.02235174447
$SILENCE,2085.2165919800514,-7727.020409944107,7246.81553206629,12136.617259575994,-187500.02235174447,-187500.02235174447,-187500.02235174447,-187500.02235174447
$SILENCE,1997.933029882077,-7709.027255657585,7181.727252212436,12160.488922654262,-187500.02235174447,-187500.02235174447,-187500.02235174447,-187500.02235174447
não,1763.3067683347188,-7758.983404515196,6641.239719538656,12216.100062859066,-187500.02235174447,-187500.02235174447,-187500.02235174447,-187500.02235174447
não,1801.9752862424,-7794.254457265671,6593.742262571128,12195.514106215729,-187500.02235174447,-187500.02235174447,-187500.02235174447,-187500.02235174447
não,2061.411984135149,-7738.665668805322,7189.32684532724,12133.666829307895,-187500.02235174447,-187500.02235174447,-187500.02235174447,-187500.02235174447
não,2036.8921204676774,-7700.846517186942,7265.166314264097,12150.788265560659,-187500.02235174447,-187500.02235174447,-187500.02235174447,-187500.02235174447
não,1780.8305359876797,-7747.449904376257,6701.701188290262,12213.84253666908,-187500.02235174447,-187500.02235174447,-187500.02235174447,-187500.02235174447
não,1757.7411839653473,-7793.449794465279,6514.661790688252,12212.233211068298,-187500.02235174447,-187500.02235174447,-187500.02235174447,-187500.02235174447
não,2026.453855807049,-7747.472256120713,7085.0112539543225,12152.665812094905,-187500.02235174447,-187500.02235174447,-187500.02235174447,-187500.02235174447
não,2060.093231212286,-7700.064206131006,7288.747404664446,12157.672602852894,-187500.02235174447,-187500.02235174447,-187500.02235174447,-187500.02235174447
não,1834.36296395814,-7733.547119325057,6829.799035763626,12209.573353478117,-187500.02235174447,-187500.02235174447,-187500.02235174447,-187500.02235174447
não,1728.9968405958225,-7789.784108374609,6485.336301962889,12221.173908850422,-187500.02235174447,-187500.02235174447,-187500.02235174447,-187500.02235174447
não,1978.5764191837811,-7763.587863872989,6974.124249711544,12159.661908109416,-187500.02235174447,-187500.02235174447,-187500.02235174447,-187500.02235174447
não,2079.516897143948,-7709.206069613228,7299.342131536261,12148.821312048593,-187500.02235174447,-187500.02235174447,-187500.02235174447,-187500.02235174447
não,1877.680644712525,-7721.790101741565,6935.880414948513,12198.486888228284,-187500.02235174447,-187500.02235174447,-187500.02235174447,-187500.02235174447
não,1719.2514800133085,-7777.334186713003,6493.874668344816,12225.711312974849,-187500.02235174447,-187500.02235174447,-187500.02235174447,-187500.02235174447
não,1934.1858546955414,-7767.812343575042,6860.152704733933,12174.928149572392,-187500.02235174447,-187500.02235174447,-187500.02235174447,-187500.02235174447
não,2078.60047562128,-7707.90966843482,7286.623988941192,12149.827140549081,-187500.02235174447,-187500.02235174447,-187500.02235174447,-187500.02235174447
não,1909.0624939277761,-7712.938810937263,7027.522567215272,12195.379995748997,-187500.02235174447,-187500.02235174447,-187500.02235174447,-187500.02235174447
não,1721.5090062032946,-7773.333224455503,6535.225395587135,12244.66559227295,-187500.02235174447,-187500.02235174447,-187500.02235174447,-187500.02235174447
não,1875.3784150336285,-7783.6373786494,6744.57183415554,12192.407213736442,-187500.02235174447,-187500.02235174447,-187500.02235174447,-187500.02235174447
não,2073.8842575412104,-7713.81052897102,7256.7620583489015,12144.015686990702,-187500.02235174447,-187500.02235174447,-187500.02235174447,-187500.02235174447
não,1959.5327329078596,-7694.565676995001,7103.697312318959,12188.965045090325,-187500.02235174447,-187500.02235174447,-187500.02235174447,-187500.02235174447
não,1726.404038239007,-7756.032974247096,6564.796753501506,12243.011563183256,-187500.02235174447,-187500.02235174447,-187500.02235174447,-187500.02235174447
não,1816.7050858384475,-7794.5897334325,6644.1230945733905,12206.108833087545,-187500.02235174447,-187500.02235174447,-187500.02235174447,-187500.02235174447
não,2061.4790393685153,-7734.552947825546,7218.451168352505,12153.425771406386,-187500.02235174447,-187500.02235174447,-187500.02235174447,-187500.02235174447
não,1992.6580181906247,-7708.6249242573895,7191.964351172966,12175.151667016944,-187500.02235174447,-187500.02235174447,-187500.02235174447,-187500.02235174447
não,1750.5439222507384,-7755.563587613534,6635.316507258,12229.779330465715,-187500.02235174447,-187500.02235174447,-187500.02235174447,-187500.02235174447
não,1778.5953615421488,-7784.799669361076,6564.640291290319,12234.1379206345,-187500.02235174447,-187500.02235174447,-187500.02235174447,-187500.02235174447
não,2041.0495449363643,-7727.266279133115,7140.51063543685,12177.319786229109,-187500.02235174447,-187500.02235174447,-187500.02235174447,-187500.02235174447
não,2014.7862452013787,-7699.304246819526,7213.869060739167,12173.564693160617,-187500.02235174447,-187500.02235174447,-187500.02235174447,-187500.02235174447
não,1770.3252160936852,-7744.9018055083525,6710.843051772482,12228.505281031763,-187500.02235174447,-187500.02235174447,-187500.02235174447,-187500.02235174447
não,1721.1066748030992,-7802.92693411433,6479.167220493224,12242.341010849597,-187500.02235174447,-187500.02235174447,-187500.02235174447,-187500.02235174447
não,1990.9145821231107,-7755.429477146802,7025.265041025286,12172.156533259933,-187500.02235174447,-187500.02235174447,-187500.02235174447,-187500.02235174447
não,2035.9980506894651,-7702.0535113875285,7253.118724002687,12172.715326871315,-187500.02235174447,-187500.02235174447,-187500.02235174447,-187500.02235174447
não,1827.7244958549138,-7720.158424396328,6859.97389077829,12243.23508062781,-187500.02235174447,-187500.02235174447,-187500.02235174447,-187500.02235174447
não,1713.5517851772054,-7792.175745031327,6504.044712071981,12245.514958562251,-187500.02235174447,-187500.02235174447,-187500.02235174447,-187500.02235174447
não,1932.8000465393122,-7773.333224455503,6896.027254584701,12189.277969512697,-187500.02235174447,-187500.02235174447,-187500.02235174447,-187500.02235174447
não,2045.2740246384174,-7710.301305091537,7248.067229755787,12170.435448936874,-187500.02235174447,-187500.02235174447,-187500.02235174447,-187500.02235174447
não,1864.0460805947878,-7715.911592949819,6938.763789983248,12238.496510803285,-187500.02235174447,-187500.02235174447,-187500.02235174447,-187500.02235174447
não,1697.7491018473033,-7774.20494248926,6497.562706179942,12276.203903699388,-187500.02235174447,-187500.02235174447,-187500.02235174447,-187500.02235174447
não,1872.271522554341,-7794.187402032305,6797.232544092244,12183.354757232042,-187500.02235174447,-187500.02235174447,-187500.02235174447,-187500.02235174447
não,2044.6705275381241,-7726.90865122183,7269.189628266053,12155.25861445172,-187500.02235174447,-187500.02235174447,-187500.02235174447,-187500.02235174447
não,1905.1509386480975,-7719.756092996132,7029.802445149714,12216.591801237084,-187500.02235174447,-187500.02235174447,-187500.02235174447,-187500.02235174447
não,1667.5295433437282,-7789.694701396787,6499.753177136562,12254.321545877641,-187500.02235174447,-187500.02235174447,-187500.02235174447,-187500.02235174447
não,1820.0578475067434,-7795.036768321606,6683.46216481473,12205.192411564876,-187500.02235174447,-187500.02235174447,-187500.02235174447,-187500.02235174447
não,2042.5694635593254,-7733.770636769609,7205.487156568427,12152.397591161442,-187500.02235174447,-187500.02235174447,-187500.02235174447,-187500.02235174447
não,1933.6717645730694,-7714.570488282501,7094.644855814559,12183.958254332336,-187500.02235174447,-187500.02235174447,-187500.02235174447,-187500.02235174447
não,1695.916258801968,-7767.879398808408,6571.055241948991,12245.760827751259,-187500.02235174447,-187500.02235174447,-187500.02235174447,-187500.02235174447
não,1769.9452364379451,-7809.945381873296,6604.962838287693,12210.713292445338,-187500.02235174447,-187500.02235174447,-187500.02235174447,-187500.02235174447
não,2036.1545129006522,-7751.763791056132,7174.865266664657,12153.336364428564,-187500.02235174447,-187500.02235174447,-187500.02235174447,-187500.02235174447
não,1967.847581845234,-7735.424665859302,7166.259845049363,12168.982585547279,-187500.02235174447,-187500.02235174447,-187500.02235174447,-187500.02235174447
não,1733.4448377424287,-7769.399317431369,6663.591463993963,12240.910499204458,-187500.02235174447,-187500.02235174447,-187500.02235174447,-187500.02235174447
não,1732.3943057530291,-7809.163070817361,6524.273040804034,12224.146690862977,-187500.02235174447,-187500.02235174447,-187500.02235174447,-187500.02235174447
não,1994.066178091309,-7772.416802932836,7076.227018383386,12146.78730330316,-187500.02235174447,-187500.02235174447,-187500.02235174447,-187500.02235174447
não,2001.6210677172028,-7730.7531512681435,7210.672761282059,12158.231396464276,-187500.02235174447,-187500.02235174447,-187500.02235174447,-187500.02235174447
não,1766.1901433694534,-7764.638395862388,6742.537825410107,12225.197222852377,-187500.02235174447,-187500.02235174447,-187500.02235174447,-187500.02235174447
não,1695.5139274017724,-7815.890945898408,6478.496668159565,12236.775426480226,-187500.02235174447,-187500.02235174447,-187500.02235174447,-187500.02235174447
não,1967.4452504450383,-7774.96490180074,7003.986180303834,12174.235245494277,-187500.02235174447,-187500.02235174447,-187500.02235174447,-187500.02235174447
não,2028.6219750192138,-7729.1661774118165,7250.324755945773,12153.828102806581,-187500.02235174447,-187500.02235174447,-187500.02235174447,-187500.02235174447
não,1807.9655537564224,-7756.837637047486,6838.40445737892,12209.215725566832,-187500.02235174447,-187500.02235174447,-187500.02235174447,-187500.02235174447
não,1671.9328370014236,-7812.02409410764,6447.8971300002495,12237.356571836064,-187500.02235174447,-187500.02235174447,-187500.02235174447,-187500.02235174447
não,1908.0343136828321,-7791.281675253114,6875.642463641461,12176.984510062279,-187500.02235174447,-187500.02235174447,-187500.02235174447,-187500.02235174447
não,2036.5121408119371,-7732.764808269121,7257.00792753791,12153.269309195199,-187500.02235174447,-187500.02235174447,-187500.02235174447,-187500.02235174447
não,1845.583539674704,-7746.265261920126,6942.787103985203,12202.89018188598,-187500.02235174447,-187500.02235174447,-187500.02235174447,-187500.02235174447
não,1667.1272119435325,-7807.0620068385615,6475.702700102652,12245.649069028983,-187500.02235174447,-187500.02235174447,-187500.02235174447,-187500.02235174447
não,1868.851705652679,-7804.960942859762,6782.569799729562,12193.860077126035,-187500.02235174447,-187500.02235174447,-187500.02235174447,-187500.02235174447
não,2046.8162950058336,-7741.10200895095,7246.212034965996,12147.368448658997,-187500.02235174447,-187500.02235174447,-187500.02235174447,-187500.02235174447
não,1895.3385228322177,-7740.207939172738,7031.501177728317,12178.951463574347,-187500.02235174447,-187500.02235174447,-187500.02235174447,-187500.02235174447
não,1665.3837758760187,-7795.68496891081,6507.173956295724,12214.267219813732,-187500.02235174447,-187500.02235174447,-187500.02235174447,-187500.02235174447
não,1803.2493356763525,-7810.906506884874,6671.392222808865,12192.943655603369,-187500.02235174447,-187500.02235174447,-187500.02235174447,-187500.02235174447
não,2041.898911225666,-7752.054363734051,7217.512395085382,12153.559881873118,-187500.02235174447,-187500.02235174447,-187500.02235174447,-187500.02235174447
não,1944.1100292336978,-7739.604442072445,7120.774045082813,12177.565655418117,-187500.02235174447,-187500.02235174447,-187500.02235174447,-187500.02235174447
não,1707.2485932408088,-7798.098957311983,6590.9482945142145,12221.687998972893,-187500.02235174447,-187500.02235174447,-187500.02235174447,-187500.02235174447
não,1771.8898382055568,-7828.184405348827,6585.405061889299,12191.580199191594,-187500.02235174447,-187500.02235174447,-187500.02235174447,-187500.02235174447
não,2024.866881950722,-7767.611177874945,7152.960557098456,12124.502614081219,-187500.02235174447,-187500.02235174447,-187500.02235174447,-187500.02235174447
não,1972.8096691143119,-7740.878491506397,7189.818583705257,12142.45106487883,-187500.02235174447,-187500.02235174447,-187500.02235174447,-187500.02235174447
não,1726.404038239007,-7781.1786867593155,6677.941283934269,12197.88339112799,-187500.02235174447,-187500.02235174447,-187500.02235174447,-187500.02235174447
não,1713.8423578551244,-7823.3787802909355,6517.120482578335,12197.682225427894,-187500.02235174447,-187500.02235174447,-187500.02235174447,-187500.02235174447
não,1983.0244163303873,-7780.284616981104,7077.478716072884,12131.83398626256,-187500.02235174447,-187500.02235174447,-187500.02235174447,-187500.02235174447
não,1999.095320593753,-7741.392581628869,7240.467636640983,12130.761102528704,-187500.02235174447,-187500.02235174447,-187500.02235174447,-187500.02235174447
não,1761.6527392450262,-7774.674329122821,6778.635892705428,12185.0758415551,-187500.02235174447,-187500.02235174447,-187500.02235174447,-187500.02235174447
não,1674.302121913686,-7825.524547758645,6481.402394938755,12197.525763216707,-187500.02235174447,-187500.02235174447,-187500.02235174447,-187500.02235174447
não,1932.5094738613934,-7791.281675253114,6982.550857371195,12131.945744984836,-187500.02235174447,-187500.02235174447,-187500.02235174447,-187500.02235174447
não,2006.426692775094,-7736.810474015531,7267.222674753985,12116.031302932657,-187500.02235174447,-187500.02235174447,-187500.02235174447,-187500.02235174447
não,1792.9675332269114,-7760.190398715783,6882.16917302241,12169.474323925297,-187500.02235174447,-187500.02235174447,-187500.02235174447,-187500.02235174447
não,1640.2604151082535,-7818.841376166508,6470.941778533671,12197.0787283276,-187500.02235174447,-187500.02235174447,-187500.02235174447,-187500.02235174447
não,1873.299702799285,-7805.095053326494,6867.662890870916,12133.063332207601,-187500.02235174447,-187500.02235174447,-187500.02235174447,-187500.02235174447
não,2021.3800098156942,-7748.545139854567,7272.274169000884,12104.788375471637,-187500.02235174447,-187500.02235174447,-187500.02235174447,-187500.02235174447
não,1841.3143564837405,-7748.8357125324865,6978.013453246767,12152.486998139262,-187500.02235174447,-187500.02235174447,-187500.02235174447,-187500.02235174447
não,1642.9426244428903,-7806.883192882919,6487.61617989733,12194.955312604347,-187500.02235174447,-187500.02235174447,-187500.02235174447,-187500.02235174447
não,1824.0364580197881,-7810.303009784581,6757.28997675061,12147.703724825828,-187500.02235174447,-187500.02235174447,-187500.02235174447,-187500.02235174447
não,2020.8882714376775,-7745.684116564288,7253.275186213874,12107.895267950926,-187500.02235174447,-187500.02235174447,-187500.02235174447,-187500.02235174447
não,1904.010999680877,-7736.654011804344,7079.44566958495,12145.446198635842,-187500.02235174447,-187500.02235174447,-187500.02235174447,-187500.02235174447
não,1680.5829621056275,-7797.003721833673,6551.095134150402,12195.84938238256,-187500.02235174447,-187500.02235174447,-187500.02235174447,-187500.02235174447
não,1793.0345884602773,-7822.64117272391,6660.350461047943,12156.35384993003,-187500.02235174447,-187500.02235174447,-187500.02235174447,-187500.02235174447
não,2030.16424538663,-7759.899826037864,7212.371493860662,12106.129480138956,-187500.02235174447,-187500.02235174447,-187500.02235174447,-187500.02235174447
não,1946.8592938017005,-7734.374133869903,7152.580577442715,12141.847567778537,-187500.02235174447,-187500.02235174447,-187500.02235174447,-187500.02235174447
não,1691.2670959552643,-7782.184515259804,6617.032780293558,12195.692920171372,-187500.02235174447,-187500.02235174447,-187500.02235174447,-187500.02235174447
não,1723.5430149487277,-7812.426425507835,6572.150477427302,12180.024347308201,-187500.02235174447,-187500.02235174447,-187500.02235174447,-187500.02235174447
não,2000.6375909611693,-7765.510113896145,7155.419248988539,12127.631858304961,-187500.02235174447,-187500.02235174447,-187500.02235174447,-187500.02235174447
não,1971.4685644469935,-7735.402314114847,7224.150863188608,12152.64346035045,-187500.02235174447,-187500.02235174447,-187500.02235174447,-187500.02235174447
não,1714.5799654221494,-7769.0863930089945,6713.145281451379,12199.626827195505,-187500.02235174447,-187500.02235174447,-187500.02235174447,-187500.02235174447
não,1682.3934534065072,-7813.968695875252,6510.482014475109,12188.719175901315,-187500.02235174447,-187500.02235174447,-187500.02235174447,-187500.02235174447
não,1957.1857997400523,-7766.359480185447,7060.267872842297,12126.581326315561,-187500.02235174447,-187500.02235174447,-187500.02235174447,-187500.02235174447
não,1985.4607564760158,-7723.846462231453,7250.928253046067,12122.87093673598,-187500.02235174447,-187500.02235174447,-187500.02235174447,-187500.02235174447
não,1758.7246607213808,-7758.2234452037155,6800.875878438459,12177.766821118215,-187500.02235174447,-187500.02235174447,-187500.02235174447,-187500.02235174447
não,1662.1427729299992,-7819.578983733533,6472.238179712079,12200.967931862824,-187500.02235174447,-187500.02235174447,-187500.02235174447,-187500.02235174447
não,1916.550328320304,-7782.005701304162,6953.627700046027,12143.881576523969,-187500.02235174447,-187500.02235174447,-187500.02235174447,-187500.02235174447
não,2009.2653643209178,-7727.802721000043,7271.156581778119,12121.976866957768,-187500.02235174447,-187500.02235174447,-187500.02235174447,-187500.02235174447
não,1803.5846118431823,-7748.701602065755,6909.974743124812,12177.051565295646,-187500.02235174447,-187500.02235174447,-187500.02235174447,-187500.02235174447
não,1645.3789645885188,-7799.68593116831,6482.7658513505285,12223.587897251595,-187500.02235174447,-187500.02235174447,-187500.02235174447,-187500.02235174447
não,1864.5601707172598,-7790.2758467526255,6844.573538848584,12157.002050519235,-187500.02235174447,-187500.02235174447,-187500.02235174447,-187500.02235174447
não,2018.518986525415,-7730.261412890127,7270.217808510996,12124.010875703201,-187500.02235174447,-187500.02235174447,-187500.02235174447,-187500.02235174447
não,1846.3211472417292,-7736.519901337612,7008.031846050245,12170.726021614793,-187500.02235174447,-187500.02235174447,-187500.02235174447,-187500.02235174447
não,1636.7064877398598,-7796.3778729889245,6507.643342929286,12209.327484289108,-187500.02235174447,-187500.02235174447,-187500.02235174447,-187500.02235174447
não,1806.3785799000955,-7798.814213134553,6736.212281729256,12162.813504077614,-187500.02235174447,-187500.02235174447,-187500.02235174447,-187500.02235174447
não,2014.383913801183,-7737.637488560377,7242.926328531066,12118.154718655911,-187500.02235174447,-187500.02235174447,-187500.02235174447,-187500.02235174447
não,1886.8001564502904,-7729.702619278743,7085.726509776892,12152.419942905897,-187500.02235174447,-187500.02235174447,-187500.02235174447,-187500.02235174447
não,1650.6539762799712,-7788.2194862627375,6555.520779552553,12210.981513378802,-187500.02235174447,-187500.02235174447,-187500.02235174447,-187500.02235174447
não,1753.1367246075542,-7807.441986494302,6635.383562491365,12187.93686484538,-187500.02235174447,-187500.02235174447,-187500.02235174447,-187500.02235174447
não,2006.6502102196469,-7743.001907229652,7198.558115787282,12130.939916484347,-187500.02235174447,-187500.02235174447,-187500.02235174447,-187500.02235174447
não,1928.3073459037955,-7725.634601787878,7160.738964168902,12147.413152147908,-187500.02235174447,-187500.02235174447,-187500.02235174447,-187500.02235174447
não,1682.8181365511582,-7775.501343667668,6639.339821259955,12209.551001733662,-187500.02235174447,-187500.02235174447,-187500.02235174447,-187500.02235174447
não,1707.8744420855573,-7807.754910916676,6553.933805696226,12195.245885282266,-187500.02235174447,-187500.02235174447,-187500.02235174447,-187500.02235174447
não,1984.3655209977057,-7753.015488745629,7123.188033483986,12131.051675206623,-187500.02235174447,-187500.02235174447,-187500.02235174447,-187500.02235174447
não,1963.9136748210997,-7720.516052307613,7215.165461917575,12139.746503799737,-187500.02235174447,-187500.02235174447,-187500.02235174447,-187500.02235174447
não,1716.43516021194,-7760.860951049442,6724.947002523781,12197.481059727796,-187500.02235174447,-187500.02235174447,-187500.02235174447,-187500.02235174447
não,1668.0212817217448,-7811.040617351606,6495.327531734411,12203.471327241818,-187500.02235174447,-187500.02235174447,-187500.02235174447,-187500.02235174447
não,1945.0488025008206,-7771.321567454525,7030.294183527731,12139.947669499836,-187500.02235174447,-187500.02235174447,-187500.02235174447,-187500.02235174447
não,1994.5132129804151,-7723.421779086802,7250.928253046067,12133.219794418788,-187500.02235174447,-187500.02235174447,-187500.02235174447,-187500.02235174447
não,1767.3524340811293,-7748.567491599023,6822.892346726936,12192.429565480896,-187500.02235174447,-187500.02235174447,-187500.02235174447,-187500.02235174447
não,1648.37409834553,-7804.603314948477,6469.399508166255,12214.110757602544,-187500.02235174447,-187500.02235174447,-187500.02235174447,-187500.02235174447
não,1900.8370519682232,-7778.96586405824,6930.426589301418,12149.536567871162,-187500.02235174447,-187500.02235174447,-187500.02235174447,-187500.02235174447
não,2012.8863469226776,-7722.550061053045,7272.4976864454375,12122.803881502616,-187500.02235174447,-187500.02235174447,-187500.02235174447,-187500.02235174447
não,1816.2804026937965,-7743.493645607668,6922.849347931069,12173.341175716065,-187500.02235174447,-187500.02235174447,-187500.02235174447,-187500.02235174447
não,1642.9649761873457,-7803.508079470168,6471.478220400599,12208.053434855156,-187500.02235174447,-187500.02235174447,-187500.02235174447,-187500.02235174447
não,1857.8322956362124,-7792.846297364986,6815.248050123221,12159.505445898229,-187500.02235174447,-187500.02235174447,-187500.02235174447,-187500.02235174447
não,2029.3595825862387,-7727.646258788855,7263.0428985408425,12128.503576338719,-187500.02235174447,-187500.02235174447,-187500.02235174447,-187500.02235174447
não,1865.9012753845782,-7729.859081489931,7022.046389823722,12170.03311753668,-187500.02235174447,-187500.02235174447,-187500.02235174447,-187500.02235174447
não,1641.9367959424014,-7794.790899132598,6504.804671383461,12207.427586010408,-187500.02235174447,-187500.02235174447,-187500.02235174447,-187500.02235174447
não,1791.4476146039506,-7801.11644281345,6691.195868396267,12162.1205999995,-187500.02235174447,-187500.02235174447,-187500.02235174447,-187500.02235174447
não,2018.4072278031383,-7736.072866448506,7216.99830496291,12119.138195411944,-187500.02235174447,-187500.02235174447,-187500.02235174447,-187500.02235174447
não,1903.653371769592,-7722.14772965285,7100.433957628484,12164.802809334136,-187500.02235174447,-187500.02235174447,-187500.02235174447,-187500.02235174447
não,1660.309929884664,-7774.406108189358,6569.44591634821,12222.045626884179,-187500.02235174447,-187500.02235174447,-187500.02235174447,-187500.02235174447
não,1741.2232448128755,-7799.775338146132,6602.079463252958,12193.502449214751,-187500.02235174447,-187500.02235174447,-187500.02235174447,-187500.02235174447
não,2002.4480822620492,-7740.3196978950145,7170.841952662701,12136.505500853718,-187500.02235174447,-187500.02235174447,-187500.02235174447,-187500.02235174447
não,1946.4569624015048,-7716.425683072292,7168.383260772617,12159.281928453676,-187500.02235174447,-187500.02235174447,-187500.02235174447,-187500.02235174447
não,1690.9318197884345,-7763.140828983883,6641.977327105681,12218.536403004695,-187500.02235174447,-187500.02235174447,-187500.02235174447,-187500.02235174447
não,1692.0941105001107,-7807.173765560838,6514.304162776967,12201.88435338549,-187500.02235174447,-187500.02235174447,-187500.02235174447,-187500.02235174447
não,1973.323759236784,-7753.373116656914,7081.770251008303,12139.768855544193,-187500.02235174447,-187500.02235174447,-187500.02235174447,-187500.02235174447
não,1974.6425121596471,-7713.7881772265655,7216.528918329349,12144.30625966862,-187500.02235174447,-187500.02235174447,-187500.02235174447,-187500.02235174447
não,1737.8481314001242,-7748.522788110112,6747.745781868194,12213.730777946805,-187500.02235174447,-187500.02235174447,-187500.02235174447,-187500.02235174447
não,1673.1845346909208,-7802.636361436411,6479.971883293615,12223.520842018228,-187500.02235174447,-187500.02235174447,-187500.02235174447,-187500.02235174447
não,1944.1770844670637,-7763.341994683981,6995.29135171072,12153.626937106483,-187500.02235174447,-187500.02235174447,-187500.02235174447,-187500.02235174447
não,2007.3207625533062,-7711.754168481132,7248.156636733608,12143.009858490213,-187500.02235174447,-187500.02235174447,-187500.02235174447,-187500.02235174447
não,1781.5681435547046,-7738.6209653164115,6840.483169613263,12198.531591717196,-187500.02235174447,-187500.02235174447,-187500.02235174447,-187500.02235174447
não,1645.0436884216892,-7798.791861390097,6456.65901382673,12223.587897251595,-187500.02235174447,-187500.02235174447,-187500.02235174447,-187500.02235174447
não,1885.7272727164357,-7778.988215802696,6884.829030612592,12159.63955636496,-187500.02235174447,-187500.02235174447,-187500.02235174447,-187500.02235174447
não,2014.8756521792,-7719.554927296034,7257.074982771276,12137.891309009947,-187500.02235174447,-187500.02235174447,-187500.02235174447,-187500.02235174447
não,1829.7361528558915,-7728.942659967263,6939.300231850176,12192.31780675862,-187500.02235174447,-187500.02235174447,-187500.02235174447,-187500.02235174447
não,1643.0543831651669,-7787.25836125116,6466.538484875976,12226.583031008606,-187500.02235174447,-187500.02235174447,-187500.02235174447,-187500.02235174447
não,1835.4358476919947,-7786.699567639776,6765.761287899171,12168.535550658173,-187500.02235174447,-187500.02235174447,-187500.02235174447,-187500.02235174447
não,2020.6647539931244,-7724.874642476398,7240.110008729698,12132.057503707112,-187500.02235174447,-187500.02235174447,-187500.02235174447,-187500.02235174447
não,1873.2773510548295,-7722.080674419484,7027.924898615468,12175.241073994765,-187500.02235174447,-187500.02235174447,-187500.02235174447,-187500.02235174447
não,1648.3293948566193,-7780.172858258827,6506.548107450975,12226.806548453158,-187500.02235174447,-187500.02235174447,-187500.02235174447,-187500.02235174447
não,1778.8859342200678,-7796.601390433478,6659.344632547454,12188.070975312112,-187500.02235174447,-187500.02235174447,-187500.02235174447,-187500.02235174447
não,2009.4888817654708,-7733.904747236342,7199.072205909754,12137.77955028767,-187500.02235174447,-187500.02235174447,-187500.02235174447,-187500.02235174447
não,1914.4939678304158,-7716.0233516720955,7104.814899541724,12163.417001177908,-187500.02235174447,-187500.02235174447,-187500.02235174447,-187500.02235174447
não,1673.340996902108,-7766.113610996439,6572.150477427302,12220.458653027852,-187500.02235174447,-187500.02235174447,-187500.02235174447,-187500.02235174447
não,1733.8918726315349,-7797.204887533771,6566.540189569019,12195.625864938005,-187500.02235174447,-187500.02235174447,-187500.02235174447,-187500.02235174447
não,1998.134195582175,-7740.833788017487,7137.537853424294,12138.740675299248,-187500.02235174447,-187500.02235174447,-187500.02235174447,-187500.02235174447
não,1953.9671485384881,-7711.284781847571,7168.852647406179,12157.292623197154,-187500.02235174447,-187500.02235174447,-187500.02235174447,-187500.02235174447
não,1705.8627850845796,-7754.311889924037,6655.03074586758,12216.681208214904,-187500.02235174447,-187500.02235174447,-187500.02235174447,-187500.02235174447
não,1688.9648662763675,-7797.942495100796,6491.438328199188,12210.22155406732,-187500.02235174447,-187500.02235174447,-187500.02235174447,-187500.02235174447
não,1961.38792769765,-7749.282747421593,7048.242634325342,12145.759123058215,-187500.02235174447,-187500.02235174447,-187500.02235174447,-187500.02235174447
não,1975.5365819378594,-7710.256601602627,7208.5716973032595,12145.043867235645,-187500.02235174447,-187500.02235174447,-187500.02235174447,-187500.02235174447
não,1739.2786430452638,-7743.739514796676,6748.103409779479,12204.70067318686,-187500.02235174447,-187500.02235174447,-187500.02235174447,-187500.02235174447
não,1652.5538745586723,-7797.540163700601,6450.221711423602,12224.683132729904,-187500.02235174447,-187500.02235174447,-187500.02235174447,-187500.02235174447
não,1912.2587933848852,-7764.347823184469,6950.856083733569,12156.17503597439,-187500.02235174447,-187500.02235174447,-187500.02235174447,-187500.02235174447
não,1992.5015559794374,-7710.614229513912,7242.836921553246,12143.903928268424,-187500.02235174447,-187500.02235174447,-187500.02235174447,-187500.02235174447
não,1781.9034197215344,-7732.630697802389,6854.251844197732,12198.88921962848,-187500.02235174447,-187500.02235174447,-187500.02235174447,-187500.02235174447
não,1633.532540027206,-7788.443003707291,6441.459827597121,12225.711312974849,-187500.02235174447,-187500.02235174447,-187500.02235174447,-187500.02235174447
não,1862.6379206941035,-7774.96490180074,6840.25965216871,12162.008841277224,-187500.02235174447,-187500.02235174447,-187500.02235174447,-187500.02235174447
não,2000.5928874722586,-7713.497604548646,7240.579395363259,12138.606564832517,-187500.02235174447,-187500.02235174447,-187500.02235174447,-187500.02235174447
não,1817.397989916562,-7721.410122085825,6946.475141820329,12187.22160902281,-187500.02235174447,-187500.02235174447,-187500.02235174447,-187500.02235174447
não,1623.3624963000414,-7778.787050102598,6461.6881563291745,12234.249679356775,-187500.02235174447,-187500.02235174447,-187500.02235174447,-187500.02235174447
não,1807.138539211576,-7780.329320470014,6727.740970580694,12188.607417179039,-187500.02235174447,-187500.02235174447,-187500.02235174447,-187500.02235174447
não,1999.2517828049401,-7716.246869116649,7216.61832530717,12141.758160800715,-187500.02235174447,-187500.02235174447,-187500.02235174447,-187500.02235174447
não,1864.9848538619108,-7711.329485336481,7032.328192273163,12177.02921355119,-187500.02235174447,-187500.02235174447,-187500.02235174447,-187500.02235174447
não,1637.2429296067871,-7771.276863965615,6505.899906861771,12223.945525162879,-187500.02235174447,-187500.02235174447,-187500.02235174447,-187500.02235174447
não,1752.980262396367,-7789.784108374609,6624.855890852916,12189.568542190616,-187500.02235174447,-187500.02235174447,-187500.02235174447,-187500.02235174447
não,1993.4626809910158,-7727.690962277766,7175.669929465048,12137.511329354207,-187500.02235174447,-187500.02235174447,-187500.02235174447,-187500.02235174447
não,1905.2403456259187,-7708.33435157947,7111.229850200397,12168.423791935897,-187500.02235174447,-187500.02235174447,-187500.02235174447,-187500.02235174447
não,1664.3779473755299,-7755.585939357989,6583.907495010793,12232.908574689458,-187500.02235174447,-187500.02235174447,-187500.02235174447,-187500.02235174447
não,1701.794767593714,-7791.482840953213,6534.733657209117,12209.819222667125,-187500.02235174447,-187500.02235174447,-187500.02235174447,-187500.02235174447
não,1967.3111399783065,-7737.637488560377,7103.563201852227,12142.741637556748,-187500.02235174447,-187500.02235174447,-187500.02235174447,-187500.02235174447
$SILENCE,1938.4103343975944,-7707.23911610116,7166.282196793819,12156.331498185576,-187500.02235174447,-187500.02235174447,-187500.02235174447,-187500.02235174447
$SILENCE,1695.8045000796915,-7749.10393346595,6664.910216916825,12215.518917503228,-187500.02235174447,-187500.02235174447,-187500.02235174447,-187500.02235174447
$SILENCE,1664.8920374980019,-7793.606256676467,6465.264435442024,12217.307057059654,-187500.02235174447,-187500.02235174447,-187500.02235174447,-187500.02235174447
$SILENCE,1939.2149971979854,-7747.6287183319,7011.6975321409145,12155.862111552015,-187500.02235174447,-187500.02235174447,-187500.02235174447,-187500.02235174447
$SILENCE,1975.7824511268677,-7703.774595710587,7210.225726392952,12155.325669685088,-187500.02235174447,-187500.02235174447,-187500.02235174447,-187500.02235174447
$SILENCE,1742.6984599469258,-7737.369267626914,6764.24136927621,12205.930019131902,-187500.02235174447,-187500.02235174447,-187500.02235174447,-187500.02235174447
$SILENCE,1635.6112522615497,-7790.968750830741,6433.033219937471,12222.582068751106,-187500.02235174447,-187500.02235174447,-187500.02235174447,-187500.02235174447
$SILENCE,1896.679627499536,-7761.263282449638,6911.829937914603,12158.41021041992,-187500.02235174447,-187500.02235174447,-187500.02235174447,-187500.02235174447
$SILENCE,1992.255686790429,-7705.741549222655,7228.397694635117,12144.440370135353,-187500.02235174447,-187500.02235174447,-187500.02235174447,-187500.02235174447
$SILENCE,1783.2221726443975,-7727.9368314667745,6864.019556524701,12196.385824249486,-187500.02235174447,-187500.02235174447,-187500.02235174447,-187500.02235174447
$SILENCE,1621.3061358101531,-7785.134945527905,6428.8757954687835,12223.878469929514,-187500.02235174447,-187500.02235174447,-187500.02235174447,-187500.02235174447
$SILENCE,1841.0684872947322,-7773.422631433325,6798.7971662041155,12166.367431446008,-187500.02235174447,-187500.02235174447,-187500.02235174447,-187500.02235174447
$SILENCE,1997.5530502263368,-7712.827052214987,7225.38020913365,12140.618221833494,-187500.02235174447,-187500.02235174447,-187500.02235174447,-187500.02235174447
$SILENCE,1826.9198330545228,-7716.358627838926,6957.449848347885,12187.93686484538,-187500.02235174447,-187500.02235174447,-187500.02235174447,-187500.02235174447
$SILENCE,1620.7920456876811,-7774.808439589553,6458.737726061074,12231.70158048887,-187500.02235174447,-187500.02235174447,-187500.02235174447,-187500.02235174447
$SILENCE,1791.1346901815762,-7781.066928037039,6689.698301517761,12186.595760178061,-187500.02235174447,-187500.02235174447,-187500.02235174447,-187500.02235174447
$SILENCE,2001.352846783739,-7718.929078451286,7196.121775641654,12137.868957265491,-187500.02235174447,-187500.02235174447,-187500.02235174447,-187500.02235174447
$SILENCE,1871.5115632428603,-7707.574392267989,7040.330116788164,12168.982585547279,-187500.02235174447,-187500.02235174447,-187500.02235174447,-187500.02235174447
$SILENCE,1633.2643190937424,-7761.397392916369,6510.236145286101,12224.973705407823,-187500.02235174447,-187500.02235174447,-187500.02235174447,-187500.02235174447
$SILENCE,1732.4390092419399,-7786.118422283938,6587.707291568196,12196.586989949583,-187500.02235174447,-187500.02235174447,-187500.02235174447,-187500.02235174447
$SILENCE,1987.7182826660019,-7724.964049454218,7148.043173318288,12137.556032843118,-187500.02235174447,-187500.02235174447,-187500.02235174447,-187500.02235174447
$SILENCE,1916.9750114649548,-7703.349912565936,7114.783777568791,12165.249844223243,-187500.02235174447,-187500.02235174447,-187500.02235174447,-187500.02235174447
$SILENCE,1669.0271102222337,-7753.462523634735,6586.96968400117,12225.979533908312,-187500.02235174447,-187500.02235174447,-187500.02235174447,-187500.02235174447
$SILENCE,1691.691779099915,-7789.940570585796,6499.95434283666,12214.021350624724,-187500.02235174447,-187500.02235174447,-187500.02235174447,-187500.02235174447
$SILENCE,1965.5453521663371,-7735.312907137026,7072.784849737269,12151.145893471945,-187500.02235174447,-187500.02235174447,-187500.02235174447,-187500.02235174447
$SILENCE,1958.4822009184602,-7699.103081119429,7172.7642026858575,12158.74548658675,-187500.02235174447,-187500.02235174447,-187500.02235174447,-187500.02235174447
$SILENCE,1713.3282677326522,-7740.118532194917,6682.076356658502,12214.22251632482,-187500.02235174447,-187500.02235174447,-187500.02235174447,-187500.02235174447
$SILENCE,1658.0971071835886,-7789.270018252137,6445.460789854621,12214.803661680658,-187500.02235174447,-187500.02235174447,-187500.02235174447,-187500.02235174447
$SILENCE,1932.0847907167424,-7749.595671843967,6978.214618946865,12147.480207381273,-187500.02235174447,-187500.02235174447,-187500.02235174447,-187500.02235174447
$SILENCE,1977.9282185945772,-7704.176927110783,7201.016807677366,12146.004992247224,-187500.02235174447,-187500.02235174447,-187500.02235174447,-187500.02235174447
$SILENCE,1750.208646083909,-7729.456750089736,6774.791392659115,12200.498545229262,-187500.02235174447,-187500.02235174447,-187500.02235174447,-187500.02235174447
$SILENCE,1629.0621911361447,-7785.246704250182,6420.136263386758,12221.285667572698,-187500.02235174447,-187500.02235174447,-187500.02235174447,-187500.02235174447
$SILENCE,1889.2141448514635,-7759.6316051044,6882.683263144882,12159.058411009122,-187500.02235174447,-187500.02235174447,-187500.02235174447,-187500.02235174447
$SILENCE,2020.4635882930265,-7699.706578219721,7255.979747292966,12138.561861343607,-187500.02235174447,-187500.02235174447,-187500.02235174447,-187500.02235174447
$SILENCE,1797.8402135181682,-7717.05153191704,6873.429640940385,12194.50827771524,-187500.02235174447,-187500.02235174447,-187500.02235174447,-187500.02235174447
$SILENCE,1637.958185429357,-7778.340015213492,6446.891301499761,12226.203051352866,-187500.02235174447,-187500.02235174447,-187500.02235174447,-187500.02235174447
$SILENCE,1832.530120912805,-7771.992119788185,6759.122819795945,12171.97771930429,-187500.02235174447,-187500.02235174447,-187500.02235174447,-187500.02235174447
$SILENCE,2017.3343440692836,-7712.156499881327,7224.8884707556335,12134.113864197001,-187500.02235174447,-187500.02235174447,-187500.02235174447,-187500.02235174447
$SILENCE,1841.7390396283913,-7712.961162681719,6966.681118807926,12181.164286275422,-187500.02235174447,-187500.02235174447,-187500.02235174447,-187500.02235174447
$SILENCE,1620.4344177763962,-7776.3060064680585,6437.056533939426,12227.030065897712,-187500.02235174447,-187500.02235174447,-187500.02235174447,-187500.02235174447
$SILENCE,1780.0482249317438,-7788.107727540461,6641.55264396103,12183.108888043034,-187500.02235174447,-187500.02235174447,-187500.02235174447,-187500.02235174447
$SILENCE,2002.1351578396748,-7720.784273241076,7170.953711384977,12138.763027043704,-187500.02235174447,-187500.02235174447,-187500.02235174447,-187500.02235174447
$SILENCE,1886.8448599392011,-7707.060302145518,7051.327175060174,12169.966062303312,-187500.02235174447,-187500.02235174447,-187500.02235174447,-187500.02235174447
$SILENCE,1647.2341593783092,-7761.576206872011,6521.903755891772,12219.318714060631,-187500.02235174447,-187500.02235174447,-187500.02235174447,-187500.02235174447
$SILENCE,1733.8248173981688,-7785.604332161467,6556.325442352944,12192.74248990327,-187500.02235174447,-187500.02235174447,-187500.02235174447,-187500.02235174447
$SILENCE,1993.4626809910158,-7726.774540755098,7123.299792206263,12138.78537878816,-187500.02235174447,-187500.02235174447,-187500.02235174447,-187500.02235174447
$SILENCE,1931.8836250166448,-7701.159441609317,7121.466949160928,12158.812541820114,-187500.02235174447,-187500.02235174447,-187500.02235174447,-187500.02235174447
$SILENCE,1682.438156895418,-7747.8969392653635,6603.0405882645355,12217.709388459849,-187500.02235174447,-187500.02235174447,-187500.02235174447,-187500.02235174447
$SILENCE,1686.8638022975688,-7789.44883220778,6479.390737937777,12203.739548175281,-187500.02235174447,-187500.02235174447,-187500.02235174447,-187500.02235174447
$SILENCE,1962.8854945761557,-7740.34204963947,7045.605128479616,12138.383047387964,-187500.02235174447,-187500.02235174447,-187500.02235174447,-187500.02235174447
$SILENCE,1959.5997881412254,-7702.791118954554,7173.4124032750615,12146.899062025435,-187500.02235174447,-187500.02235174447,-187500.02235174447,-187500.02235174447
$SILENCE,1719.0950178021214,-7740.632622317389,6697.27554288811,12204.74537667577,-187500.02235174447,-187500.02235174447,-187500.02235174447,-187500.02235174447
$SILENCE,1653.984386203812,-7789.247666507682,6429.278126868979,12213.395501779974,-187500.02235174447,-187500.02235174447,-187500.02235174447,-187500.02235174447
$SILENCE,1921.5571190782928,-7752.747267812165,6948.1291709100215,12146.854358536526,-187500.02235174447,-187500.02235174447,-187500.02235174447,-187500.02235174447
$SILENCE,1986.3101227653174,-7703.394616054848,7207.52116531386,12138.472454365785,-187500.02235174447,-187500.02235174447,-187500.02235174447,-187500.02235174447
$SILENCE,1765.720756735892,-7728.607383800434,6797.277247581154,12190.730832902293,-187500.02235174447,-187500.02235174447,-187500.02235174447,-187500.02235174447
$SILENCE,1635.6783074949155,-7785.291407739092,6414.101292383825,12216.949429148368,-187500.02235174447,-187500.02235174447,-187500.02235174447,-187500.02235174447
$SILENCE,1879.0441011242988,-7764.928968540307,6842.986564992258,12153.895158039948,-187500.02235174447,-187500.02235174447,-187500.02235174447,-187500.02235174447
$SILENCE,2001.7775299283899,-7707.082653889973,7216.506566584893,12133.175090929877,-187500.02235174447,-187500.02235174447,-187500.02235174447,-187500.02235174447
$SILENCE,1810.4465973909614,-7718.414988328814,6894.328522006098,12180.73960313077,-187500.02235174447,-187500.02235174447,-187500.02235174447,-187500.02235174447
$SILENCE,1626.0000021457677,-7779.256436736159,6422.393789576744,12219.206955338354,-187500.02235174447,-187500.02235174447,-187500.02235174447,-187500.02235174447
$SILENCE,1822.1589114855424,-7777.289483224093,6731.697229349284,12162.947614544346,-187500.02235174447,-187500.02235174447,-187500.02235174447,-187500.02235174447
$SILENCE,2004.8620706632223,-7715.106930149428,7206.5153368133715,12125.419035603885,-187500.02235174447,-187500.02235174447,-187500.02235174447,-187500.02235174447
$SILENCE,1857.6087781916594,-7715.397502827347,6988.362310929574,12168.781419847182,-187500.02235174447,-187500.02235174447,-187500.02235174447,-187500.02235174447
$SILENCE,1635.499493539273,-7774.20494248926,6468.639548854774,12221.03979838369,-187500.02235174447,-187500.02235174447,-187500.02235174447,-187500.02235174447
$SILENCE,1765.430184057973,-7786.856029850964,6626.576975175974,12180.65019615295,-187500.02235174447,-187500.02235174447,-187500.02235174447,-187500.02235174447
$SILENCE,2010.2041375880408,-7722.281840119582,7190.243266849908,12127.788320516149,-187500.02235174447,-187500.02235174447,-187500.02235174447,-187500.02235174447
$SILENCE,1904.972124692455,-7704.62396199989,7085.145364421054,12165.40630643443,-187500.02235174447,-187500.02235174447,-187500.02235174447,-187500.02235174447
$SILENCE,1647.9047117119685,-7761.0397650050845,6515.041770343992,12219.408121038452,-187500.02235174447,-187500.02235174447,-187500.02235174447,-187500.02235174447
$SILENCE,1710.4895961868283,-7791.058157808561,6517.947497123182,12190.84259162457,-187500.02235174447,-187500.02235174447,-187500.02235174447,-187500.02235174447
$SILENCE,1976.29654124934,-7734.396485614358,7096.857678515635,12135.946707242336,-187500.02235174447,-187500.02235174447,-187500.02235174447,-187500.02235174447
$SILENCE,1931.4812936164492,-7702.589953254456,7133.313373722241,12159.483094153775,-187500.02235174447,-187500.02235174447,-187500.02235174447,-187500.02235174447
$SILENCE,1683.891020285013,-7745.013564230629,6619.066789038991,12215.1836413364,-187500.02235174447,-187500.02235174447,-187500.02235174447,-187500.02235174447
$SILENCE,1671.374043390041,-7793.449794465279,6457.4636766271215,12206.689978443383,-187500.02235174447,-187500.02235174447,-187500.02235174447,-187500.02235174447
$SILENCE,1944.4006019116166,-7750.109761966439,7016.637267665537,12138.315992154598,-187500.02235174447,-187500.02235174447,-187500.02235174447,-187500.02235174447
$SILENCE,1962.3937561981388,-7706.255639345127,7176.899275410089,12139.54533809964,-187500.02235174447,-187500.02235174447,-187500.02235174447,-187500.02235174447
$SILENCE,1726.0017068388113,-7736.586956570978,6713.8605372739485,12195.64821668246,-187500.02235174447,-187500.02235174447,-187500.02235174447,-187500.02235174447
$SILENCE,1639.3663453300412,-7789.918218841341,6416.336466829356,12210.445071511875,-187500.02235174447,-187500.02235174447,-187500.02235174447,-187500.02235174447
$SILENCE,1903.876889214145,-7757.44113414778,6919.429531029407,12148.68720158186,-187500.02235174447,-187500.02235174447,-187500.02235174447,-187500.02235174447
$SILENCE,1982.48797446346,-7705.249810844638,7203.251982122896,12139.411227632909,-187500.02235174447,-187500.02235174447,-187500.02235174447,-187500.02235174447
$SILENCE,1769.9675881824003,-7728.853252989442,6811.515308799185,12190.46261196883,-187500.02235174447,-187500.02235174447,-187500.02235174447,-187500.02235174447
$SILENCE,1624.4130282894407,-7787.459526951257,6399.438548021144,12213.730777946805,-187500.02235174447,-187500.02235174447,-187500.02235174447,-187500.02235174447
$SILENCE,1853.4066502340615,-7771.098050009972,6803.4910325397295,12152.35288767253,-187500.02235174447,-187500.02235174447,-187500.02235174447,-187500.02235174447
$SILENCE,1991.3839687566722,-7709.295476591048,7209.733988014936,12130.850509506525,-187500.02235174447,-187500.02235174447,-187500.02235174447,-187500.02235174447
$SILENCE,1814.9840015153889,-7721.231308130183,6911.829937914603,12179.21968450781,-187500.02235174447,-187500.02235174447,-187500.02235174447,-187500.02235174447
$SILENCE,1626.469388779329,-7782.363329215447,6424.450150066633,12220.32454256112,-187500.02235174447,-187500.02235174447,-187500.02235174447,-187500.02235174447
$SILENCE,1807.0714839782102,-7783.771489116131,6694.012188197636,12167.283852968676,-187500.02235174447,-187500.02235174447,-187500.02235174447,-187500.02235174447
$SILENCE,2001.1740328280966,-7719.264354618115,7186.935208670522,12128.25770714971,-187500.02235174447,-187500.02235174447,-187500.02235174447,-187500.02235174447
$SILENCE,1863.3755282611287,-7712.178851625783,7002.287447725231,12168.60260589154,-187500.02235174447,-187500.02235174447,-187500.02235174447,-187500.02235174447
$SILENCE,1632.1690836154323,-7768.482895908702,6474.495705902065,12218.491699515784,-187500.02235174447,-187500.02235174447,-187500.02235174447,-187500.02235174447
$SILENCE,1746.6994222044257,-7787.392471717892,6592.8258410484605,12181.656024653439,-187500.02235174447,-187500.02235174447,-187500.02235174447,-187500.02235174447
$SILENCE,1985.0807768202756,-7725.411084343325,7146.255033761863,12131.454006606818,-187500.02235174447,-187500.02235174447,-187500.02235174447,-187500.02235174447
$SILENCE,1902.8263572247456,-7708.133185879373,7080.987939952367,12158.74548658675,-187500.02235174447,-187500.02235174447,-187500.02235174447,-187500.02235174447
$SILENCE,1662.9474357303902,-7757.9328725257965,6549.195235871701,12215.697731458871,-187500.02235174447,-187500.02235174447,-187500.02235174447,-187500.02235174447
$SILENCE,1701.5041949157949,-7793.025111320629,6504.871726616827,12198.755109161748,-187500.02235174447,-187500.02235174447,-187500.02235174447,-187500.02235174447
$SILENCE,1967.1546777671192,-7739.917366494819,7078.529248062283,12136.572556087083,-187500.02235174447,-187500.02235174447,-187500.02235174447,-187500.02235174447
$SILENCE,1933.358840150695,-7703.081691632473,7145.003336072366,12152.710515583816,-187500.02235174447,-187500.02235174447,-187500.02235174447,-187500.02235174447
$SILENCE,1691.982351777834,-7745.460599119735,6638.713972415206,12212.009693623746,-187500.02235174447,-187500.02235174447,-187500.02235174447,-187500.02235174447
$SILENCE,1656.3536711160746,-7793.762718887654,6437.905900228728,12208.858097655548,-187500.02235174447,-187500.02235174447,-187500.02235174447,-187500.02235174447
$SILENCE,1926.0721714582648,-7748.433381132291,6987.66940685146,12141.221718933788,-187500.02235174447,-187500.02235174447,-187500.02235174447,-187500.02235174447
$SILENCE,1963.8466195877338,-7703.014636399107,7182.822487690746,12141.154663700423,-187500.02235174447,-187500.02235174447,-187500.02235174447,-187500.02235174447
$SILENCE,1730.6508696855153,-7733.43536060278,6735.0499910175795,12198.59864695056,-187500.02235174447,-187500.02235174447,-187500.02235174447,-187500.02235174447
$SILENCE,1622.9378131553906,-7786.945436828785,6402.165460844692,12217.888202415492,-187500.02235174447,-187500.02235174447,-187500.02235174447,-187500.02235174447
$SILENCE,1885.6602174830698,-7761.956186527752,6884.2031817678435,12156.711477841316,-187500.02235174447,-187500.02235174447,-187500.02235174447,-187500.02235174447
$SILENCE,1984.4772797199823,-7705.853307944931,7205.241287379419,12139.679448566372,-187500.02235174447,-187500.02235174447,-187500.02235174447,-187500.02235174447
$SILENCE,1774.7955649847468,-7721.968915697207,6839.87967251297,12192.764841647726,-187500.02235174447,-187500.02235174447,-187500.02235174447,-187500.02235174447
$SILENCE,1617.2157665748318,-7783.6373786494,6406.367588802289,12225.599554252572,-187500.02235174447,-187500.02235174447,-187500.02235174447,-187500.02235174447
$SILENCE,1840.4649901944388,-7774.406108189358,6776.512476982174,12164.489884911764,-187500.02235174447,-187500.02235174447,-187500.02235174447,-187500.02235174447
$SILENCE,1994.6026199582363,-7711.9106306923195,7201.195621633008,12130.738750784249,-187500.02235174447,-187500.02235174447,-187500.02235174447,-187500.02235174447
$SILENCE,1827.948013299467,-7717.699732506244,6930.538348023695,12177.11862052901,-187500.02235174447,-187500.02235174447,-187500.02235174447,-187500.02235174447
$SILENCE,1620.3003073096643,-7776.596579145978,6431.960336203616,12221.41977803943,-187500.02235174447,-187500.02235174447,-187500.02235174447,-187500.02235174447
$SILENCE,1780.3835010985736,-7782.072756537528,6667.614777995918,12174.235245494277,-187500.02235174447,-187500.02235174447,-187500.02235174447,-187500.02235174447
$SILENCE,1989.1487943111415,-7718.414988328814,7180.3414440562065,12132.124558940479,-187500.02235174447,-187500.02235174447,-187500.02235174447,-187500.02235174447
$SILENCE,1864.5154672283493,-7710.547174280546,7021.644058423527,12166.658004123927,-187500.02235174447,-187500.02235174447,-187500.02235174447,-187500.02235174447
$SILENCE,1627.1399411129883,-7766.895922052375,6490.454851443154,12218.89403091598,-187500.02235174447,-187500.02235174447,-187500.02235174447,-187500.02235174447
$SILENCE,1725.5099684607947,-7789.761756630154,6564.975567457148,12186.752222389248,-187500.02235174447,-187500.02235174447,-187500.02235174447,-187500.02235174447
$SILENCE,1973.323759236784,-7728.361514611425,7124.2832689622965,12133.376256629976,-187500.02235174447,-187500.02235174447,-187500.02235174447,-187500.02235174447
$SILENCE,1895.5173367878601,-7704.311037577515,7092.789661024769,12158.946652286846,-187500.02235174447,-187500.02235174447,-187500.02235174447,-187500.02235174447
$SILENCE,1644.2390256212982,-7750.936776511286,6568.4624395921755,12218.201126837866,-187500.02235174447,-187500.02235174447,-187500.02235174447,-187500.02235174447
$SILENCE,1669.7870695337142,-7789.895867096886,6486.677406630208,12202.577257463607,-187500.02235174447,-187500.02235174447,-187500.02235174447,-187500.02235174447
$SILENCE,1945.7864100678457,-7738.263337405127,7053.6070529946155,12140.372352644486,-187500.02235174447,-187500.02235174447,-187500.02235174447,-187500.02235174447
$SILENCE,1926.0721714582648,-7700.846517186942,7148.445504718484,12153.336364428564,-187500.02235174447,-187500.02235174447,-187500.02235174447,-187500.02235174447
$SILENCE,1681.924066772946,-7741.459636862235,6658.607024980429,12208.098138344067,-187500.02235174447,-187500.02235174447,-187500.02235174447,-187500.02235174447
$SILENCE,1635.1642173724435,-7792.868649109441,6424.897184955738,12208.254600555254,-187500.02235174447,-187500.02235174447,-187500.02235174447,-187500.02235174447
$SILENCE,1910.6047642951924,-7750.377982899903,6961.070830949644,12144.820349791093,-187500.02235174447,-187500.02235174447,-187500.02235174447,-187500.02235174447
$SILENCE,1956.448192173027,-7701.494717776146,7186.935208670522,12141.40053288943,-187500.02235174447,-187500.02235174447,-187500.02235174447,-187500.02235174447
$SILENCE,1731.6566981860042,-7729.926136723297,6762.028546575135,12199.22449579531,-187500.02235174447,-187500.02235174447,-187500.02235174447,-187500.02235174447
$SILENCE,1609.8620426490359,-7787.25836125116,6402.858364922806,12217.709388459849,-187500.02235174447,-187500.02235174447,-187500.02235174447,-187500.02235174447
$SILENCE,1855.9547491019666,-7762.492628394679,6857.895178543947,12154.610413862518,-187500.02235174447,-187500.02235174447,-187500.02235174447,-187500.02235174447
$SILENCE,1964.6289306436695,-7700.1089096199175,7206.4035780910945,12135.343210142042,-187500.02235174447,-187500.02235174447,-187500.02235174447,-187500.02235174447
$SILENCE,1769.140573637554,-7717.319752850503,6860.622091367494,12183.354757232042,-187500.02235174447,-187500.02235174447,-187500.02235174447,-187500.02235174447
$SILENCE,1602.1059873230442,-7781.357500714958,6405.451167279622,12219.117548360533,-187500.02235174447,-187500.02235174447,-187500.02235174447,-187500.02235174447
$SILENCE,1812.4806061363945,-7775.769564601132,6743.610709143962,12165.629823878984,-187500.02235174447,-187500.02235174447,-187500.02235174447,-187500.02235174447
$SILENCE,1980.6104279292142,-7710.658933002822,7194.735967485424,12133.420960118887,-187500.02235174447,-187500.02235174447,-187500.02235174447,-187500.02235174447
$SILENCE,1819.3872951730843,-7710.703636491733,6954.097086679589,12180.024347308201,-187500.02235174447,-187500.02235174447,-187500.02235174447,-187500.02235174447
$SILENCE,1605.9504873693572,-7770.673366865321,6441.236310152568,12225.823071697125,-187500.02235174447,-187500.02235174447,-187500.02235174447,-187500.02235174447
$SILENCE,1755.5954164976379,-7782.028053048618,6634.869472368893,12180.426678708396,-187500.02235174447,-187500.02235174447,-187500.02235174447,-187500.02235174447
$SILENCE,1974.4189947150942,-7717.945601695252,7161.923606625034,12134.091512452545,-187500.02235174447,-187500.02235174447,-187500.02235174447,-187500.02235174447
$SILENCE,1859.4863247259052,-7706.702674234233,7037.022058608778,12164.914568056414,-187500.02235174447,-187500.02235174447,-187500.02235174447,-187500.02235174447
$SILENCE,1612.9689351283237,-7760.413916160335,6502.48008996011,12217.888202415492,-187500.02235174447,-187500.02235174447,-187500.02235174447,-187500.02235174447
$SILENCE,1691.2223924663535,-7788.06302405155,6534.376029297832,12194.396518992964,-187500.02235174447,-187500.02235174447,-187500.02235174447,-187500.02235174447
$SILENCE,1951.8660845596892,-7726.573375055001,7101.372730895607,12137.131349698468,-187500.02235174447,-187500.02235174447,-187500.02235174447,-187500.02235174447
$SILENCE,1892.9468861755,-7698.745453208144,7103.0267599853,12158.186692975367,-187500.02235174447,-187500.02235174447,-187500.02235174447,-187500.02235174447
$SILENCE,1640.9756709308233,-7743.381886885391,6586.1873729452345,12218.536403004695,-187500.02235174447,-187500.02235174447,-187500.02235174447,-187500.02235174447
$SILENCE,1642.8755692095244,-7785.984311817207,6466.538484875976,12209.930981389401,-187500.02235174447,-187500.02235174447,-187500.02235174447,-187500.02235174447
$SILENCE,1918.003191709899,-7737.77159902711,7029.53422421625,12142.428713134375,-187500.02235174447,-187500.02235174447,-187500.02235174447,-187500.02235174447
$SILENCE,1919.4113516105833,-7695.795022940043,7156.492132722394,12153.35871617302,-187500.02235174447,-187500.02235174447,-187500.02235174447,-187500.02235174447
$SILENCE,1685.2321249523313,-7736.117569937417,6680.355272335443,12207.293475543676,-187500.02235174447,-187500.02235174447,-187500.02235174447,-187500.02235174447
$SILENCE,1620.9708596433236,-7791.907524097864,6412.290801082945,12212.546135490673,-187500.02235174447,-187500.02235174447,-187500.02235174447,-187500.02235174447
$SILENCE,1891.0469878967988,-7753.82015154602,6927.61026950005,12142.78634104566,-187500.02235174447,-187500.02235174447,-187500.02235174447,-187500.02235174447
$SILENCE,1961.0973550197311,-7701.338255564959,7187.985740659922,12136.393742131442,-187500.02235174447,-187500.02235174447,-187500.02235174447,-187500.02235174447
$SILENCE,1744.5760064811716,-7728.316811122515,6779.395852016909,12191.826068380604,-187500.02235174447,-187500.02235174447,-187500.02235174447,-187500.02235174447
$SILENCE,1612.2983827946643,-7786.319587984037,6394.342350285334,12214.378978536008,-187500.02235174447,-187500.02235174447,-187500.02235174447,-187500.02235174447
$SILENCE,1856.9382258580001,-7765.82303831852,6825.574556061573,12148.59779460404,-187500.02235174447,-187500.02235174447,-187500.02235174447,-187500.02235174447
$SILENCE,1984.4102244866162,-7707.708502734721,7200.279200110341,12129.218832161288,-187500.02235174447,-187500.02235174447,-187500.02235174447,-187500.02235174447
$SILENCE,1790.4417861034617,-7719.040837173562,6881.4986206887515,12181.164286275422,-187500.02235174447,-187500.02235174447,-187500.02235174447,-187500.02235174447
$SILENCE,1600.8989931224578,-7776.417765190336,6409.385074303756,12217.485871015297,-187500.02235174447,-187500.02235174447,-187500.02235174447,-187500.02235174447
$SILENCE,1792.1852221709755,-7772.34974769947,6713.61466808494,12163.349945944543,-187500.02235174447,-187500.02235174447,-187500.02235174447,-187500.02235174447
$SILENCE,1970.7086051355132,-7710.278953347082,7186.644635992603,12128.816500761093,-187500.02235174447,-187500.02235174447,-187500.02235174447,-187500.02235174447
$SILENCE,1818.716742839425,-7706.993246912151,6973.274883422242,12173.140010015966,-187500.02235174447,-187500.02235174447,-187500.02235174447,-187500.02235174447
$SILENCE,1594.8416703750695,-7764.884265051397,6451.763981791018,12220.905687916958,-187500.02235174447,-187500.02235174447,-187500.02235174447,-187500.02235174447
$SILENCE,1723.9676980933784,-7777.11066926845,6607.130957499857,12180.985472319779,-187500.02235174447,-187500.02235174447,-187500.02235174447,-187500.02235174447
$SILENCE,1950.457924659005,-7713.698770248744,7150.524216952827,12131.454006606818,-187500.02235174447,-187500.02235174447,-187500.02235174447,-187500.02235174447
$SILENCE,1853.719574656436,-7698.074900874484,7053.875273928079,12161.003012776735,-187500.02235174447,-187500.02235174447,-187500.02235174447,-187500.02235174447
$SILENCE,1619.920327653924,-7751.517921867124,6518.729808179118,12215.965952392335,-187500.02235174447,-187500.02235174447,-187500.02235174447,-187500.02235174447
$SILENCE,1679.1971539493984,-7784.374986216425,6511.912526120249,12191.714309658326,-187500.02235174447,-187500.02235174447,-187500.02235174447,-187500.02235174447
$SILENCE,1936.711601818991,-7726.640430288367,7084.407756854029,12133.2644979077,-187500.02235174447,-187500.02235174447,-187500.02235174447,-187500.02235174447
$SILENCE,1894.5115082873713,-7695.906781662319,7118.628277615104,12153.001088261735,-187500.02235174447,-187500.02235174447,-187500.02235174447,-187500.02235174447
$SILENCE,1650.8774937245244,-7740.073828706006,6607.041550522036,12210.93680988989,-187500.02235174447,-187500.02235174447,-187500.02235174447,-187500.02235174447
$SILENCE,1640.5286360417172,-7787.817154862542,6448.120647444803,12205.41592900943,-187500.02235174447,-187500.02235174447,-187500.02235174447,-187500.02235174447
$SILENCE,1914.1586916635863,-7742.867796762919,7004.500270426306,12137.220756676288,-187500.02235174447,-187500.02235174447,-187500.02235174447,-187500.02235174447
$SILENCE,1924.1275696906532,-7696.912610162808,7165.589292715704,12141.78051254517,-187500.02235174447,-187500.02235174447,-187500.02235174447,-187500.02235174447
$SILENCE,1684.2933516852083,-7732.206014657738,6700.985932467692,12199.179792306399,-187500.02235174447,-187500.02235174447,-187500.02235174447,-187500.02235174447
$SILENCE,1598.88733612148,-7787.191306017793,6400.556135243909,12210.713292445338,-187500.02235174447,-187500.02235174447,-187500.02235174447,-187500.02235174447
$SILENCE,1863.0179003498438,-7752.411991645336,6899.737644164282,12142.965155001302,-187500.02235174447,-187500.02235174447,-187500.02235174447,-187500.02235174447
$SILENCE,1948.7591920804016,-7699.840688686453,7190.623246505648,12135.142044441944,-187500.02235174447,-187500.02235174447,-187500.02235174447,-187500.02235174447
$SILENCE,1733.556596464705,-7722.86298547542,6800.115919126978,12188.205085778844,-187500.02235174447,-187500.02235174447,-187500.02235174447,-187500.02235174447
$SILENCE,1584.7163301368155,-7782.139811770894,6387.16744031518,12212.635542468493,-187500.02235174447,-187500.02235174447,-187500.02235174447,-187500.02235174447
$SILENCE,1821.0636760072323,-7767.387660430391,6792.113994611978,12153.761047573214,-187500.02235174447,-187500.02235174447,-187500.02235174447,-187500.02235174447
$SILENCE,1961.678500375569,-7705.227459100182,7194.8924296966115,12128.436521105352,-187500.02235174447,-187500.02235174447,-187500.02235174447,-187500.02235174447
$SILENCE,1782.7304342663806,-7714.659895260322,6901.79400465417,12176.626882150995,-187500.02235174447,-187500.02235174447,-187500.02235174447,-187500.02235174447
$SILENCE,1587.3314842380864,-7773.422631433325,6413.31898132789,12217.32940880411,-187500.02235174447,-187500.02235174447,-187500.02235174447,-187500.02235174447
$SILENCE,1767.3747858255847,-7773.847314577975,6681.361100835932,12167.194445990855,-187500.02235174447,-187500.02235174447,-187500.02235174447,-187500.02235174447
$SILENCE,1960.0915265192423,-7708.580220768478,7174.284121308819,12126.849547249025,-187500.02235174447,-187500.02235174447,-187500.02235174447,-187500.02235174447
$SILENCE,1821.7118765964362,-7701.941752665252,6987.289427195719,12165.540416901162,-187500.02235174447,-187500.02235174447,-187500.02235174447,-187500.02235174447
$SILENCE,1591.7794813846924,-7759.206921959749,6460.123534217302,12214.624847725016,-187500.02235174447,-187500.02235174447,-187500.02235174447,-187500.02235174447
$SILENCE,1702.6664856274708,-7779.949340814274,6575.503239095598,12175.352832717042,-187500.02235174447,-187500.02235174447,-187500.02235174447,-187500.02235174447
$SILENCE,1943.7300495779575,-7715.755130738632,7129.513577164838,12127.251878649222,-187500.02235174447,-187500.02235174447,-187500.02235174447,-187500.02235174447
$SILENCE,1860.7380224154024,-7695.929133406775,7066.146381634043,12160.958309287824,-187500.02235174447,-187500.02235174447,-187500.02235174447,-187500.02235174447
$SILENCE,1615.405275273952,-7747.494607865168,6532.543186252497,12216.144766347978,-187500.02235174447,-187500.02235174447,-187500.02235174447,-187500.02235174447
$SILENCE,1662.2321799078204,-7783.145640271383,6490.678368887708,12196.184658549388,-187500.02235174447,-187500.02235174447,-187500.02235174447,-187500.02235174447
$SILENCE,1929.871968015667,-7726.1710436548055,7063.084192643666,12132.236317662755,-187500.02235174447,-187500.02235174447,-187500.02235174447,-187500.02235174447
$SILENCE,1899.7418164899132,-7693.179868838772,7126.831367830202,12148.910719026413,-187500.02235174447,-187500.02235174447,-187500.02235174447,-187500.02235174447
$SILENCE,1651.212769891354,-7735.067037948017,6621.212556506701,12206.354702276552,-187500.02235174447,-187500.02235174447,-187500.02235174447,-187500.02235174447
$SILENCE,1615.7852549296922,-7783.927951327319,6423.578432032876,12202.577257463607,-187500.02235174447,-187500.02235174447,-187500.02235174447,-187500.02235174447
$SILENCE,1889.4153105515613,-7739.939718239274,6972.581979344128,12138.427750876876,-187500.02235174447,-187500.02235174447,-187500.02235174447,-187500.02235174447
não,1926.4745028584605,-7692.106985104917,7166.103382838176,12145.0662189801,-187500.02235174447,-187500.02235174447,-187500.02235174447,-187500.02235174447
não,1693.2564012117866,-7722.5947645419565,6720.387246654898,12203.56073421964,-187500.02235174447,-187500.02235174447,-187500.02235174447,-187500.02235174447
não,1597.0321413316897,-7776.820096590531,6393.850611907317,12217.75409194876,-187500.02235174447,-187500.02235174447,-187500.02235174447,-187500.02235174447
não,1857.005281091366,-7747.762828798632,6875.709518874827,12152.151721972434,-187500.02235174447,-187500.02235174447,-187500.02235174447,-187500.02235174447
não,1945.6075961122033,-7694.8338979284645,7192.523144784349,12139.098303210534,-187500.02235174447,-187500.02235174447,-187500.02235174447,-187500.02235174447
não,1732.2601952862974,-7714.592840026956,6821.841814737537,12187.959216589836,-187500.02235174447,-187500.02235174447,-187500.02235174447,-187500.02235174447
não,1570.2100479853211,-7773.06500352204,6388.5532484714095,12220.41394953894,-187500.02235174447,-187500.02235174447,-187500.02235174447,-187500.02235174447
não,1791.4252628594952,-7762.53733188359,6761.737973897216,12164.646347122949,-187500.02235174447,-187500.02235174447,-187500.02235174447,-187500.02235174447
não,1952.5142851488931,-7701.561773009512,7190.355025572184,12136.840777020549,-187500.02235174447,-187500.02235174447,-187500.02235174447,-187500.02235174447
não,1785.6361610455706,-7704.512203277613,6921.105911863556,12181.320748486609,-187500.02235174447,-187500.02235174447,-187500.02235174447,-187500.02235174447
não,1581.0506440461452,-7765.063079007039,6418.258716852512,12224.549022263172,-187500.02235174447,-187500.02235174447,-187500.02235174447,-187500.02235174447
não,1751.0133088843,-7770.360442442948,6651.588577221463,12181.253693253244,-187500.02235174447,-187500.02235174447,-187500.02235174447,-187500.02235174447
não,1953.5871688827478,-7709.541345780057,7160.89542638009,12137.533681098663,-187500.02235174447,-187500.02235174447,-187500.02235174447,-187500.02235174447
não,1822.8518155636568,-7702.768767210098,6996.900677311502,12170.927187314892,-187500.02235174447,-187500.02235174447,-187500.02235174447,-187500.02235174447
não,1590.572487184106,-7761.10682023845,6466.382022664789,12224.79489145218,-187500.02235174447,-187500.02235174447,-187500.02235174447,-187500.02235174447
não,1690.015398265767,-7782.005701304162,6546.513026537064,12194.016539337223,-187500.02235174447,-187500.02235174447,-187500.02235174447,-187500.02235174447
não,1937.0021744969101,-7717.789139484065,7107.474757131906,12138.740675299248,-187500.02235174447,-187500.02235174447,-187500.02235174447,-187500.02235174447
não,1861.1180020711427,-7694.632732228367,7079.579780051682,12165.339251201065,-187500.02235174447,-187500.02235174447,-187500.02235174447,-187500.02235174447
não,1613.8183014176252,-7741.616099073422,6558.0688784204585,12222.962048406845,-187500.02235174447,-187500.02235174447,-187500.02235174447,-187500.02235174447
não,1636.3935633174854,-7782.96682631574,6465.75617382004,12205.594742965073,-187500.02235174447,-187500.02235174447,-187500.02235174447,-187500.02235174447
não,1904.3462758477065,-7732.943622224763,7026.069703825678,12135.678486308872,-187500.02235174447,-187500.02235174447,-187500.02235174447,-187500.02235174447
não,1896.165537377064,-7695.370339795392,7133.626298144615,12160.198349976345,-187500.02235174447,-187500.02235174447,-187500.02235174447,-187500.02235174447
não,1657.627720550027,-7731.937793724274,6655.835408667971,12224.146690862977,-187500.02235174447,-187500.02235174447,-187500.02235174447,-187500.02235174447
não,1614.533557240195,-7782.318625726537,6432.005039692526,12229.287592087698,-187500.02235174447,-187500.02235174447,-187500.02235174447,-187500.02235174447
não,1876.004263878377,-7744.030087474595,6937.981478927312,12156.867940052503,-187500.02235174447,-187500.02235174447,-187500.02235174447,-187500.02235174447
não,1919.6348690551365,-7694.789194439554,7153.362888498651,12150.318878927099,-187500.02235174447,-187500.02235174447,-187500.02235174447,-187500.02235174447
não,1693.8375465676245,-7723.8911657203635,6726.802197313571,12206.444109254375,-187500.02235174447,-187500.02235174447,-187500.02235174447,-187500.02235174447
não,1574.0321962871787,-7784.509096683157,6369.68837615113,12227.365342064542,-187500.02235174447,-187500.02235174447,-187500.02235174447,-187500.02235174447
não,1831.4348854344948,-7754.244834690671,6832.68241079836,12172.2235884933,-187500.02235174447,-187500.02235174447,-187500.02235174447,-187500.02235174447
não,1948.6027298692145,-7689.76005193711,7185.169420858553,12162.21000697732,-187500.02235174447,-187500.02235174447,-187500.02235174447,-187500.02235174447
não,1740.1503610790207,-7703.528726521579,6831.810692764604,12211.070920356622,-187500.02235174447,-187500.02235174447,-187500.02235174447,-187500.02235174447
não,1554.3626611665084,-7770.628663376411,6374.829277375851,12238.56356603665,-187500.02235174447,-187500.02235174447,-187500.02235174447,-187500.02235174447
não,1761.9880154118557,-7765.577169129511,6725.706961835261,12189.389728234975,-187500.02235174447,-187500.02235174447,-187500.02235174447,-187500.02235174447
não,1952.067250259787,-7695.102118861929,7187.203429603986,12165.965100045813,-187500.02235174447,-187500.02235174447,-187500.02235174447,-187500.02235174447
não,1776.0919661631544,-7705.9874184116625,6916.0320658722,12195.290588771175,-187500.02235174447,-187500.02235174447,-187500.02235174447,-187500.02235174447
não,1567.4607834173185,-7757.865817292431,6412.782539460963,12247.95129870788,-187500.02235174447,-187500.02235174447,-187500.02235174447,-187500.02235174447
não,1716.792788123225,-7773.735555855698,6604.716969098684,12203.806603408648,-187500.02235174447,-187500.02235174447,-187500.02235174447,-187500.02235174447
não,1939.1479419646196,-7698.723101463688,7136.956708068456,12165.02632677869,-187500.02235174447,-187500.02235174447,-187500.02235174447,-187500.02235174447
não,1822.8518155636568,-7678.986511109652,7034.518663229784,12202.063167341134,-187500.02235174447,-187500.02235174447,-187500.02235174447,-187500.02235174447
não,1569.0701090181005,-7752.836674789986,6486.275075230012,12253.203958654876,-187500.02235174447,-187500.02235174447,-187500.02235174447,-187500.02235174447
não,1623.0942753665777,-7807.553745216578,6476.887342558783,12191.155516046943,-187500.02235174447,-187500.02235174447,-187500.02235174447,-187500.02235174447
não,1899.7641682343685,-7725.38873259887,7062.905378688023,12150.49769288274,-187500.02235174447,-187500.02235174447,-187500.02235174447,-187500.02235174447
não,1842.8342751067014,-7686.3178832909925,7071.443745069951,12182.907722342936,-187500.02235174447,-187500.02235174447,-187500.02235174447,-187500.02235174447
não,1598.1050250655444,-7736.117569937417,6576.129087940346,12249.426513841929,-187500.02235174447,-187500.02235174447,-187500.02235174447,-187500.02235174447
não,1606.5539844696505,-7785.023186805629,6460.682327828686,12240.172891637432,-187500.02235174447,-187500.02235174447,-187500.02235174447,-187500.02235174447
não,1869.7904789198017,-7740.453808361746,6982.416746904462,12156.398553418941,-187500.02235174447,-187500.02235174447,-187500.02235174447,-187500.02235174447
não,1866.6612346960587,-7700.868868931398,7091.560315079727,12147.88253878147,-187500.02235174447,-187500.02235174447,-187500.02235174447,-187500.02235174447
não,1644.2166738768428,-7725.38873259887,6651.834446410471,12235.568432279639,-187500.02235174447,-187500.02235174447,-187500.02235174447,-187500.02235174447
não,1574.7698038542037,-7779.1223262694275,6400.913763155194,12246.207862640365,-187500.02235174447,-187500.02235174447,-187500.02235174447,-187500.02235174447
não,1826.5398533987825,-7758.066982992528,6893.702673161349,12156.130332485478,-187500.02235174447,-187500.02235174447,-187500.02235174447,-187500.02235174447
não,1881.748662203391,-7713.609363270923,7142.36583022664,12144.999163746736,-187500.02235174447,-187500.02235174447,-187500.02235174447,-187500.02235174447
não,1669.4741451113398,-7736.519901337612,6739.542691653096,12204.298341786665,-187500.02235174447,-187500.02235174447,-187500.02235174447,-187500.02235174447
não,1539.476399359274,-7792.6227799204335,6368.8837133507395,12231.27689734422,-187500.02235174447,-187500.02235174447,-187500.02235174447,-187500.02235174447
não,1789.6371233030707,-7757.843465547975,6790.39291028892,12165.02632677869,-187500.02235174447,-187500.02235174447,-187500.02235174447,-187500.02235174447
não,1919.009020210388,-7684.507391990112,7172.5853887302155,12153.40341966193,-187500.02235174447,-187500.02235174447,-187500.02235174447,-187500.02235174447
não,1691.4906133998172,-7743.471293863213,6839.834969024059,12162.433524421875,-187500.02235174447,-187500.02235174447,-187500.02235174447,-187500.02235174447
não,1514.4871490582407,-7807.821966150042,6349.30358520789,12206.42175750992,-187500.02235174447,-187500.02235174447,-187500.02235174447,-187500.02235174447
não,1720.7937503807248,-7801.742291658198,6655.254263312133,12172.782382104682,-187500.02235174447,-187500.02235174447,-187500.02235174447,-187500.02235174447
não,1896.5678687772595,-7734.262375147627,7131.882862077101,12117.975904700268,-187500.02235174447,-187500.02235174447,-187500.02235174447,-187500.02235174447
não,1753.2931868187413,-7727.825072744498,6925.419798543429,12166.009803534724,-187500.02235174447,-187500.02235174447,-187500.02235174447,-187500.02235174447
não,1536.1459894354332,-7781.066928037039,6411.441434793644,12217.955257648857,-187500.02235174447,-187500.02235174447,-187500.02235174447,-187500.02235174447
não,1667.7530607882811,-7796.914314855852,6570.1611721707795,12189.613245679528,-187500.02235174447,-187500.02235174447,-187500.02235174447,-187500.02235174447
não,1905.553270048293,-7727.042761688562,7119.008257270844,12146.921413769891,-187500.02235174447,-187500.02235174447,-187500.02235174447,-187500.02235174447
não,1794.3086378942298,-7720.33723835197,7018.850090366614,12157.0691057526,-187500.02235174447,-187500.02235174447,-187500.02235174447,-187500.02235174447
não,1547.9924139967459,-7767.834695319498,6482.967017050626,12196.452879482851,-187500.02235174447,-187500.02235174447,-187500.02235174447,-187500.02235174447
não,1605.279935035698,-7805.139756815405,6462.693984829662,12182.907722342936,-187500.02235174447,-187500.02235174447,-187500.02235174447,-187500.02235174447
não,1868.136449830109,-7756.703526580754,7036.1726923194765,12139.075951466079,-187500.02235174447,-187500.02235174447,-187500.02235174447,-187500.02235174447
não,1832.6418796350813,-7720.270183118604,7078.372785851096,12151.503521383229,-187500.02235174447,-187500.02235174447,-187500.02235174447,-187500.02235174447
não,1591.7794813846924,-7760.2798056936035,6573.178657672246,12212.814356424136,-187500.02235174447,-187500.02235174447,-187500.02235174447,-187500.02235174447
não,1571.6405596304608,-7813.856937152975,6409.9215161706825,12194.955312604347,-187500.02235174447,-187500.02235174447,-187500.02235174447,-187500.02235174447
não,1854.7254031569248,-7758.446962648269,6977.2981974241975,12124.077930936568,-187500.02235174447,-187500.02235174447,-187500.02235174447,-187500.02235174447
não,1861.229760793419,-7722.460654075224,7129.781798098302,12130.850509506525,-187500.02235174447,-187500.02235174447,-187500.02235174447,-187500.02235174447
não,1619.8085689316474,-7761.8667795499305,6654.1590278338235,12183.779440376693,-187500.02235174447,-187500.02235174447,-187500.02235174447,-187500.02235174447
não,1547.4336203853632,-7816.0474081095945,6366.872056349762,12209.193373822376,-187500.02235174447,-187500.02235174447,-187500.02235174447,-187500.02235174447
não,1808.2784781787966,-7775.389584945391,6869.74160310526,12127.251878649222,-187500.02235174447,-187500.02235174447,-187500.02235174447,-187500.02235174447
não,1893.5056797868824,-7719.711389507222,7159.50961822386,12120.278134379165,-187500.02235174447,-187500.02235174447,-187500.02235174447,-187500.02235174447
não,1675.7773370477364,-7741.616099073422,6763.48140996473,12167.127390757489,-187500.02235174447,-187500.02235174447,-187500.02235174447,-187500.02235174447
não,1524.500730574218,-7803.508079470168,6351.069373019859,12175.151667016944,-187500.02235174447,-187500.02235174447,-187500.02235174447,-187500.02235174447
não,1763.7538032238251,-7792.891000853897,6768.063517578068,12123.988523958746,-187500.02235174447,-187500.02235174447,-187500.02235174447,-187500.02235174447
não,1908.4813485719383,-7735.044686203562,7179.179153344531,12114.77960524316,-187500.02235174447,-187500.02235174447,-187500.02235174447,-187500.02235174447
não,1728.0804190731549,-7737.503378093646,6876.715347375316,12155.191559218354,-187500.02235174447,-187500.02235174447,-187500.02235174447,-187500.02235174447
não,1526.892367230936,-7797.786032889609,6381.400690245711,12182.684204898384,-187500.02235174447,-187500.02235174447,-187500.02235174447,-187500.02235174447
não,1704.0522937837,-7795.349692743981,6649.778085920583,12125.508442581708,-187500.02235174447,-187500.02235174447,-187500.02235174447,-187500.02235174447
não,1902.3346188467287,-7737.548081582557,7149.943071596989,12090.617369486972,-187500.02235174447,-187500.02235174447,-187500.02235174447,-187500.02235174447
não,1759.6634339885038,-7738.419799616314,6964.2671304067535,12133.622125818983,-187500.02235174447,-187500.02235174447,-187500.02235174447,-187500.02235174447
não,1528.345230620531,-7796.981370089218,6435.693077527652,12184.785268877182,-187500.02235174447,-187500.02235174447,-187500.02235174447,-187500.02235174447
não,1644.9766331883234,-7813.3428470305025,6557.10775340888,12138.718323554795,-187500.02235174447,-187500.02235174447,-187500.02235174447,-187500.02235174447
não,1878.909990657567,-7753.1719509568165,7105.865431531123,12085.051785117601,-187500.02235174447,-187500.02235174447,-187500.02235174447,-187500.02235174447
não,1786.105547679132,-7727.690962277766,7037.91612838699,12124.234393147755,-187500.02235174447,-187500.02235174447,-187500.02235174447,-187500.02235174447
não,1543.119733705489,-7779.234084991705,6515.444101744188,12184.673510154906,-187500.02235174447,-187500.02235174447,-187500.02235174447,-187500.02235174447
não,1591.6677226624158,-7817.209698821271,6476.149734991758,12152.710515583816,-187500.02235174447,-187500.02235174447,-187500.02235174447,-187500.02235174447
não,1858.1899235474973,-7754.580110857501,7048.82377968118,12099.669825991372,-187500.02235174447,-187500.02235174447,-187500.02235174447,-187500.02235174447
não,1820.013144017833,-7723.555889553534,7102.825594285202,12109.549297040618,-187500.02235174447,-187500.02235174447,-187500.02235174447,-187500.02235174447
não,1566.8796380614804,-7770.427497676314,6598.771405073572,12159.147817986945,-187500.02235174447,-187500.02235174447,-187500.02235174447,-187500.02235174447
não,1546.5171988626957,-7817.0979400989945,6411.9108214272055,12165.898044812448,-187500.02235174447,-187500.02235174447,-187500.02235174447,-187500.02235174447
não,1823.9917545308776,-7765.353651684958,6960.713203038359,12115.96424769929,-187500.02235174447,-187500.02235174447,-187500.02235174447,-187500.02235174447
não,1849.6962606544807,-7721.09719766345,7144.869225605635,12113.997294187224,-187500.02235174447,-187500.02235174447,-187500.02235174447,-187500.02235174447
não,1618.243946819776,-7745.326488653003,6701.991760968181,12163.372297688997,-187500.02235174447,-187500.02235174447,-187500.02235174447,-187500.02235174447
não,1515.828253725559,-7804.938591115308,6377.243265777024,12180.560789175128,-187500.02235174447,-187500.02235174447,-187500.02235174447,-187500.02235174447
não,1784.2950563782522,-7782.92212282683,6865.874751314492,12126.626029804473,-187500.02235174447,-187500.02235174447,-187500.02235174447,-187500.02235174447
não,1891.494022785905,-7710.502470791635,7211.991514204921,12113.885535464948,-187500.02235174447,-187500.02235174447,-187500.02235174447,-187500.02235174447
não,1660.242874651298,-7728.249755889149,6806.732035485749,12173.721155371804,-187500.02235174447,-187500.02235174447,-187500.02235174447,-187500.02235174447
não,1509.7709309781708,-7794.857954365963,6395.035254363448,12189.903818357447,-187500.02235174447,-187500.02235174447,-187500.02235174447,-187500.02235174447
não,1722.9618695928896,-7785.336111228003,6734.692363106295,12133.622125818983,-187500.02235174447,-187500.02235174447,-187500.02235174447,-187500.02235174447
não,1887.2248395949412,-7727.310982622026,7159.822542646235,12106.800032472614,-187500.02235174447,-187500.02235174447,-187500.02235174447,-187500.02235174447
não,1720.2573085137974,-7722.460654075224,6895.490812717773,12155.1692074739,-187500.02235174447,-187500.02235174447,-187500.02235174447,-187500.02235174447
não,1514.1295211469558,-7782.452736193269,6402.79130968944,12200.99028360728,-187500.02235174447,-187500.02235174447,-187500.02235174447,-187500.02235174447
não,1684.7180348298593,-7789.247666507682,6644.927757373782,12152.665812094905,-187500.02235174447,-187500.02235174447,-187500.02235174447,-187500.02235174447
não,1889.7058832294804,-7719.3090581070255,7153.094667565188,12108.699930751316,-187500.02235174447,-187500.02235174447,-187500.02235174447,-187500.02235174447
não,1765.0725561466882,-7714.235212115671,6995.090186010621,12149.827140549081,-187500.02235174447,-187500.02235174447,-187500.02235174447,-187500.02235174447
não,1535.698954546327,-7770.561608143045,6468.997176766059,12204.454803997853,-187500.02235174447,-187500.02235174447,-187500.02235174447,-187500.02235174447
não,1629.6433364919826,-7799.68593116831,6549.1505323827905,12165.965100045813,-187500.02235174447,-187500.02235174447,-187500.02235174447,-187500.02235174447
não,1879.7593569468686,-7729.769674512109,7105.172527453009,12113.058520920102,-187500.02235174447,-187500.02235174447,-187500.02235174447,-187500.02235174447
não,1815.0510567487547,-7702.679360232278,7072.650739270537,12147.971945759291,-187500.02235174447,-187500.02235174447,-187500.02235174447,-187500.02235174447
não,1571.506449163729,-7757.329375425503,6551.363355083866,12200.297379529165,-187500.02235174447,-187500.02235174447,-187500.02235174447,-187500.02235174447
não,1599.893164621969,-7792.756890387165,6479.055461770948,12189.389728234975,-187500.02235174447,-187500.02235174447,-187500.02235174447,-187500.02235174447
não,1869.1422783305977,-7738.285689149581,7042.945270889434,12127.184823415855,-187500.02235174447,-187500.02235174447,-187500.02235174447,-187500.02235174447
não,1849.3386327431958,-7704.936886422263,7127.121940508121,12142.696934067839,-187500.02235174447,-187500.02235174447,-187500.02235174447,-187500.02235174447
não,1606.7104466808375,-7752.166122456328,6636.702315414228,12195.22353353781,-187500.02235174447,-187500.02235174447,-187500.02235174447,-187500.02235174447
não,1557.0001670122347,-7794.053291565573,6409.116853370292,12194.59768469306,-187500.02235174447,-187500.02235174447,-187500.02235174447,-187500.02235174447
não,1837.8945395820786,-7739.604442072445,6948.620909288038,12138.271288665688,-187500.02235174447,-187500.02235174447,-187500.02235174447,-187500.02235174447
não,1883.648560482092,-7694.0068833836185,7174.664100964559,12134.627954319472,-187500.02235174447,-187500.02235174447,-187500.02235174447,-187500.02235174447
não,1650.4081070909629,-7728.249755889149,6744.884758577915,12193.614207937027,-187500.02235174447,-187500.02235174447,-187500.02235174447,-187500.02235174447
não,1531.5638818220953,-7788.73357638521,6391.078995594859,12212.881411657503,-187500.02235174447,-187500.02235174447,-187500.02235174447,-187500.02235174447
não,1793.3698646271068,-7761.531503383101,6850.83202729607,12149.983602760269,-187500.02235174447,-187500.02235174447,-187500.02235174447,-187500.02235174447
não,1909.1295491611422,-7705.070996888995,7196.814679719768,12135.343210142042,-187500.02235174447,-187500.02235174447,-187500.02235174447,-187500.02235174447
não,1704.789901350725,-7718.52674705109,6843.0536202256235,12183.421812465407,-187500.02235174447,-187500.02235174447,-187500.02235174447,-187500.02235174447
não,1534.089628945545,-7775.411936689847,6397.605704975808,12226.203051352866,-187500.02235174447,-187500.02235174447,-187500.02235174447,-187500.02235174447
não,1745.2018553259202,-7768.035861019595,6741.755514354171,12161.003012776735,-187500.02235174447,-187500.02235174447,-187500.02235174447,-187500.02235174447
não,1910.6047642951924,-7704.176927110783,7185.258827836375,12122.44625359133,-187500.02235174447,-187500.02235174447,-187500.02235174447,-187500.02235174447
não,1746.788829182247,-7711.575354525489,6939.970784183834,12167.239149479765,-187500.02235174447,-187500.02235174447,-187500.02235174447,-187500.02235174447
não,1534.6484225569277,-7770.047518020573,6432.563833303909,12219.721045460827,-187500.02235174447,-187500.02235174447,-187500.02235174447,-187500.02235174447
não,1693.5246221452503,-7772.908541310852,6637.417571236798,12184.807620621637,-187500.02235174447,-187500.02235174447,-187500.02235174447,-187500.02235174447
não,1913.5328428188377,-7709.183717868772,7161.945958369489,12140.908794511413,-187500.02235174447,-187500.02235174447,-187500.02235174447,-187500.02235174447
não,1793.4816233493834,-7696.398520040336,7026.67320092597,12171.1730565039,-187500.02235174447,-187500.02235174447,-187500.02235174447,-187500.02235174447
não,1553.312129177109,-7754.87068353542,6493.651150900263,12229.444054298885,-187500.02235174447,-187500.02235174447,-187500.02235174447,-187500.02235174447
não,1641.020374419734,-7780.01639604764,6538.399343299788,12196.430527738397,-187500.02235174447,-187500.02235174447,-187500.02235174447,-187500.02235174447
não,1902.9828194359327,-7720.091369162962,7106.357169909141,12141.892271267447,-187500.02235174447,-187500.02235174447,-187500.02235174447,-187500.02235174447
não,1842.7672198733355,-7695.035063628562,7098.31054190523,12161.49475115475,-187500.02235174447,-187500.02235174447,-187500.02235174447,-187500.02235174447
não,1588.985513327779,-7742.063133962529,6569.714137281673,12221.531536761706,-187500.02235174447,-187500.02235174447,-187500.02235174447,-187500.02235174447
não,1599.6696471774158,-7779.904637325363,6458.737726061074,12221.218612339331,-187500.02235174447,-187500.02235174447,-187500.02235174447,-187500.02235174447
não,1876.4289470230278,-7727.489796577668,7027.72373291537,12154.163378973411,-187500.02235174447,-187500.02235174447,-187500.02235174447,-187500.02235174447
não,1872.3832812766173,-7687.368415280393,7149.943071596989,12165.987451790268,-187500.02235174447,-187500.02235174447,-187500.02235174447,-187500.02235174447
não,1631.7667522152367,-7724.226441887194,6673.046251898558,12224.929001918914,-187500.02235174447,-187500.02235174447,-187500.02235174447,-187500.02235174447
não,1567.147858994944,-7777.155372757361,6409.005094648015,12226.828900197614,-187500.02235174447,-187500.02235174447,-187500.02235174447,-187500.02235174447
não,1839.168589016031,-7744.633584574889,6926.716199721837,12156.68912609686,-187500.02235174447,-187500.02235174447,-187500.02235174447,-187500.02235174447
não,1902.714598502469,-7693.671607216788,7179.290912066807,12151.615280105505,-187500.02235174447,-187500.02235174447,-187500.02235174447,-187500.02235174447
não,1680.9405900169124,-7714.369322582403,6770.0975263235005,12208.031083110702,-187500.02235174447,-187500.02235174447,-187500.02235174447,-187500.02235174447
não,1550.1158297200002,-7770.449849420768,6389.73789092754,12229.600516510072,-187500.02235174447,-187500.02235174447,-187500.02235174447,-187500.02235174447
não,1793.3698646271068,-7752.613157345433,6821.931221715358,12160.555977887629,-187500.02235174447,-187500.02235174447,-187500.02235174447,-187500.02235174447
não,1916.907956231589,-7694.409214783814,7192.813717462268,12142.384009645464,-187500.02235174447,-187500.02235174447,-187500.02235174447,-187500.02235174447
não,1731.9249191194679,-7708.557869024024,6869.2945682161535,12196.765803905226,-187500.02235174447,-187500.02235174447,-187500.02235174447,-187500.02235174447
não,1551.345175665042,-7768.2593784641485,6403.50656551201,12244.75499925077,-187500.02235174447,-187500.02235174447,-187500.02235174447,-187500.02235174447
não,1751.885026918057,-7765.86774180743,6719.068493732035,12190.037928824178,-187500.02235174447,-187500.02235174447,-187500.02235174447,-187500.02235174447
não,1930.2072441824967,-7704.243982344149,7182.822487690746,12142.004029989725,-187500.02235174447,-187500.02235174447,-187500.02235174447,-187500.02235174447
não,1775.533172551772,-7700.958275909219,6958.746249526293,12184.472344454807,-187500.02235174447,-187500.02235174447,-187500.02235174447,-187500.02235174447
não,1556.9107600344134,-7758.111686481439,6443.806760764928,12233.13209213401,-187500.02235174447,-187500.02235174447,-187500.02235174447,-187500.02235174447
não,1697.1903082359206,-7777.378890201913,6608.136786000346,12186.729870644793,-187500.02235174447,-187500.02235174447,-187500.02235174447,-187500.02235174447
não,1926.943889492022,-7714.726950493688,7143.773990127324,12137.086646209556,-187500.02235174447,-187500.02235174447,-187500.02235174447,-187500.02235174447
não,1823.5447196417715,-7696.510278762613,7044.532244745761,12175.017556550212,-187500.02235174447,-187500.02235174447,-187500.02235174447,-187500.02235174447
não,1575.5521149101396,-7751.1826457002935,6509.409130741255,12233.84734795658,-187500.02235174447,-187500.02235174447,-187500.02235174447,-187500.02235174447
não,1641.9144441979463,-7780.172858258827,6513.901831376771,12208.27695229971,-187500.02235174447,-187500.02235174447,-187500.02235174447,-187500.02235174447
não,1907.5425753048153,-7720.7172180077105,7086.285303388275,12147.480207381273,-187500.02235174447,-187500.02235174447,-187500.02235174447,-187500.02235174447
não,1861.587388704704,-7688.620112969889,7109.732283321891,12164.489884911764,-187500.02235174447,-187500.02235174447,-187500.02235174447,-187500.02235174447
não,1612.8795281505024,-7736.810474015531,6592.088233481435,12217.642333226482,-187500.02235174447,-187500.02235174447,-187500.02235174447,-187500.02235174447
não,1604.5199757242176,-7783.950303071774,6439.492874085054,12207.047606354667,-187500.02235174447,-187500.02235174447,-187500.02235174447,-187500.02235174447
não,1885.1908308495083,-7734.284726892081,7005.953133815901,12144.060390479612,-187500.02235174447,-187500.02235174447,-187500.02235174447,-187500.02235174447
não,1900.5241275458488,-7694.431566528269,7161.9906618584,12153.895158039948,-187500.02235174447,-187500.02235174447,-187500.02235174447,-187500.02235174447
não,1659.818191506647,-7727.154520410839,6695.867382987426,12220.235135583298,-187500.02235174447,-187500.02235174447,-187500.02235174447,-187500.02235174447
não,1579.4189667009077,-7779.077622780517,6404.512394012499,12228.818205454136,-187500.02235174447,-187500.02235174447,-187500.02235174447,-187500.02235174447
não,1847.2822722533076,-7745.8405787754755,6907.471347745818,12153.02344000619,-187500.02235174447,-187500.02235174447,-187500.02235174447,-187500.02235174447
não,1921.780636522846,-7693.291627561049,7186.2646563368635,12140.26059392221,-187500.02235174447,-187500.02235174447,-187500.02235174447,-187500.02235174447
não,1702.465319927373,-7712.871755703897,6796.517288269674,12198.688053928383,-187500.02235174447,-187500.02235174447,-187500.02235174447,-187500.02235174447
não,1555.2120274558101,-7775.076660523017,6391.101347339314,12229.399350809974,-187500.02235174447,-187500.02235174447,-187500.02235174447,-187500.02235174447
não,1798.5107658518275,-7756.8152853030315,6796.472584780763,12162.411172677419,-187500.02235174447,-187500.02235174447,-187500.02235174447,-187500.02235174447
não,1941.3384129212395,-7696.733796207166,7189.237438349419,12136.684314809361,-187500.02235174447,-187500.02235174447,-187500.02235174447,-187500.02235174447
não,1757.3165008206965,-7706.2779910895815,6891.087519060078,12187.959216589836,-187500.02235174447,-187500.02235174447,-187500.02235174447,-187500.02235174447
não,1564.7562223382263,-7764.347823184469,6412.961353416605,12234.9872869238,-187500.02235174447,-187500.02235174447,-187500.02235174447,-187500.02235174447
não,1755.4836577753615,-7767.812343575042,6693.766319008627,12185.142896788466,-187500.02235174447,-187500.02235174447,-187500.02235174447,-187500.02235174447
não,1950.323814192273,-7702.187621854261,7179.000339388888,12142.272250923188,-187500.02235174447,-187500.02235174447,-187500.02235174447,-187500.02235174447
não,1808.5019956233498,-7698.074900874484,6982.707319582381,12181.387803719976,-187500.02235174447,-187500.02235174447,-187500.02235174447,-187500.02235174447
não,1579.1283940229887,-7757.798762059065,6461.732859818085,12225.42074029693,-187500.02235174447,-187500.02235174447,-187500.02235174447,-187500.02235174447
não,1705.3486949621076,-7776.596579145978,6592.803489304005,12185.79109737767,-187500.02235174447,-187500.02235174447,-187500.02235174447,-187500.02235174447
não,1943.7076978335022,-7714.682247004777,7139.214234258442,12131.051675206623,-187500.02235174447,-187500.02235174447,-187500.02235174447,-187500.02235174447
não,1853.6748711675252,-7696.0632438735065,7064.738221733359,12163.081725011078,-187500.02235174447,-187500.02235174447,-187500.02235174447,-187500.02235174447
não,1605.212879802332,-7746.466427620224,6535.225395587135,12221.777405950716,-187500.02235174447,-187500.02235174447,-187500.02235174447,-187500.02235174447
não,1654.5878833041054,-7780.575189659023,6501.340150992889,12194.485925970785,-187500.02235174447,-187500.02235174447,-187500.02235174447,-187500.02235174447
não,1923.233499912441,-7725.254622132137,7073.634216026571,12135.387913630953,-187500.02235174447,-187500.02235174447,-187500.02235174447,-187500.02235174447
não,1892.9021826865892,-7694.0068833836185,7132.307545221752,12154.722172584794,-187500.02235174447,-187500.02235174447,-187500.02235174447,-187500.02235174447
não,1643.2779006097198,-7735.514072837123,6628.879204854871,12212.836708168592,-187500.02235174447,-187500.02235174447,-187500.02235174447,-187500.02235174447
não,1615.0029438737565,-7782.743308871188,6440.65516479673,12211.1826790789,-187500.02235174447,-187500.02235174447,-187500.02235174447,-187500.02235174447
não,1892.9245344310445,-7739.447979861257,6989.010511518778,12149.134236470967,-187500.02235174447,-187500.02235174447,-187500.02235174447,-187500.02235174447
não,1925.491026102427,-7693.783365939065,7177.3463102991955,12157.046754008146,-187500.02235174447,-187500.02235174447,-187500.02235174447,-187500.02235174447
não,1691.8705930555575,-7728.2274041446935,6731.160787482356,12203.22545805281,-187500.02235174447,-187500.02235174447,-187500.02235174447,-187500.02235174447
não,1595.959257597835,-7784.06206179405,6406.389940546745,12202.532553974695,-187500.02235174447,-187500.02235174447,-187500.02235174447,-187500.02235174447
não,1867.6447114520922,-7752.456695134247,6891.735719649282,12136.058465964612,-187500.02235174447,-187500.02235174447,-187500.02235174447,-187500.02235174447
não,1971.937951080555,-7700.645351486844,7206.805909491291,12125.888422237447,-187500.02235174447,-187500.02235174447,-187500.02235174447,-187500.02235174447
não,1770.3475678381405,-7722.997095942152,6838.426809123374,12186.528704944696,-187500.02235174447,-187500.02235174447,-187500.02235174447,-187500.02235174447
não,1612.2089758168431,-7783.838544349497,6413.006056905515,12218.312885560143,-187500.02235174447,-187500.02235174447,-187500.02235174447,-187500.02235174447
não,1837.9839465598998,-7771.768602343632,6791.331683556043,12149.156588215423,-187500.02235174447,-187500.02235174447,-187500.02235174447,-187500.02235174447
não,1987.9418001105548,-7708.870793446397,7207.990551947421,12115.897192465925,-187500.02235174447,-187500.02235174447,-187500.02235174447,-187500.02235174447
não,1803.8751845211011,-7712.111796392417,6931.745342224282,12171.374222203996,-187500.02235174447,-187500.02235174447,-187500.02235174447,-187500.02235174447
não,1595.7133884088264,-7767.834695319498,6438.375286862289,12218.93873440489,-187500.02235174447,-187500.02235174447,-187500.02235174447,-187500.02235174447
não,1765.9219224359897,-7772.416802932836,6684.244475870666,12171.485980926274,-187500.02235174447,-187500.02235174447,-187500.02235174447,-187500.02235174447
não,1966.7523463669238,-7711.6200580144005,7187.315188326263,12125.486090837252,-187500.02235174447,-187500.02235174447,-187500.02235174447,-187500.02235174447
não,1836.464027936939,-7701.271200331593,7022.448721223917,12162.142951743956,-187500.02235174447,-187500.02235174447,-187500.02235174447,-187500.02235174447
não,1606.665743191927,-7756.927044025308,6491.23716249909,12212.300266301665,-187500.02235174447,-187500.02235174447,-187500.02235174447,-187500.02235174447
não,1715.272869500264,-7785.559628672556,6579.526553097553,12173.676451882893,-187500.02235174447,-187500.02235174447,-187500.02235174447,-187500.02235174447
não,1964.8300963437673,-7727.154520410839,7142.119961037632,12121.820404746582,-187500.02235174447,-187500.02235174447,-187500.02235174447,-187500.02235174447
não,1891.5610780192708,-7704.020464899596,7102.043283229266,12149.201291704332,-187500.02235174447,-187500.02235174447,-187500.02235174447,-187500.02235174447
$SILENCE,1647.6141390340495,-7751.227349189205,6573.290416394522,12206.466460998829,-187500.02235174447,-187500.02235174447,-187500.02235174447,-187500.02235174447
$SILENCE,1676.8502207815911,-7787.705396140265,6498.389720724788,12183.1759432764,-187500.02235174447,-187500.02235174447,-187500.02235174447,-187500.02235174447
$SILENCE,1941.8748547881669,-7736.184625170783,7067.241617112353,12120.479300079263,-187500.02235174447,-187500.02235174447,-187500.02235174447,-187500.02235174447
$SILENCE,1920.61834581117,-7698.18665959676,7152.737039653903,12141.869919522993,-187500.02235174447,-187500.02235174447,-187500.02235174447,-187500.02235174447
$SILENCE,1676.76081380377,-7737.525729838101,6655.723649945695,12191.043757324667,-187500.02235174447,-187500.02235174447,-187500.02235174447,-187500.02235174447
$SILENCE,1632.4149528044406,-7789.515887441145,6433.1002751708365,12189.926170101902,-187500.02235174447,-187500.02235174447,-187500.02235174447,-187500.02235174447
$SILENCE,1905.3521043481953,-7747.67342182081,6979.600427103094,12129.598811817028,-187500.02235174447,-187500.02235174447,-187500.02235174447,-187500.02235174447
$SILENCE,1947.5074943909044,-7697.873735174387,7194.8924296966115,12128.011837960701,-187500.02235174447,-187500.02235174447,-187500.02235174447,-187500.02235174447
$SILENCE,1724.6829539159482,-7728.585032055978,6760.598034929995,12185.679338655395,-187500.02235174447,-187500.02235174447,-187500.02235174447,-187500.02235174447
$SILENCE,1615.1594060849436,-7784.576151916523,6409.005094648015,12210.355664534052,-187500.02235174447,-187500.02235174447,-187500.02235174447,-187500.02235174447
$SILENCE,1871.2433423093967,-7760.324509182515,6875.821277597103,12144.194500946343,-187500.02235174447,-187500.02235174447,-187500.02235174447,-187500.02235174447
$SILENCE,1974.9107330931108,-7703.551078266035,7213.824357250257,12120.456948334808,-187500.02235174447,-187500.02235174447,-187500.02235174447,-187500.02235174447
$SILENCE,1775.8237452296908,-7722.348895352948,6859.996242522746,12170.301338470143,-187500.02235174447,-187500.02235174447,-187500.02235174447,-187500.02235174447
$SILENCE,1610.8678711495247,-7779.6364163919,6411.240269093546,12208.031083110702,-187500.02235174447,-187500.02235174447,-187500.02235174447,-187500.02235174447
$SILENCE,1821.8683388076233,-7770.181628487305,6762.944968097802,12147.591966103551,-187500.02235174447,-187500.02235174447,-187500.02235174447,-187500.02235174447
$SILENCE,1983.3373407527615,-7707.015598656607,7210.203374648497,12119.808747745605,-187500.02235174447,-187500.02235174447,-187500.02235174447,-187500.02235174447
$SILENCE,1820.0578475067434,-7709.362531824414,6960.623796060539,12170.502504170241,-187500.02235174447,-187500.02235174447,-187500.02235174447,-187500.02235174447
$SILENCE,1611.918403138924,-7768.594654630978,6448.388868378266,12211.629713968005,-187500.02235174447,-187500.02235174447,-187500.02235174447,-187500.02235174447
$SILENCE,1768.402966070529,-7780.642244892389,6653.063792355513,12158.969004031302,-187500.02235174447,-187500.02235174447,-187500.02235174447,-187500.02235174447
$SILENCE,1985.416052987105,-7717.699732506244,7177.011034132366,12108.901096451415,-187500.02235174447,-187500.02235174447,-187500.02235174447,-187500.02235174447
$SILENCE,1871.9362463875111,-7707.462633545713,7041.2241865663755,12142.115788712,-187500.02235174447,-187500.02235174447,-187500.02235174447,-187500.02235174447
$SILENCE,1634.2254441053205,-7763.610215617445,6505.721092906129,12196.005844593745,-187500.02235174447,-187500.02235174447,-187500.02235174447,-187500.02235174447
$SILENCE,1721.2854887587416,-7784.374986216425,6557.912416209271,12171.955367559834,-187500.02235174447,-187500.02235174447,-187500.02235174447,-187500.02235174447
$SILENCE,1971.8932475916445,-7725.1205116654055,7125.26674571833,12115.606619788006,-187500.02235174447,-187500.02235174447,-187500.02235174447,-187500.02235174447
$SILENCE,1907.1402439046199,-7702.589953254456,7110.156966466542,12128.97296297228,-187500.02235174447,-187500.02235174447,-187500.02235174447,-187500.02235174447
$SILENCE,1668.401261377485,-7751.026183489107,6589.584838102441,12187.758050889737,-187500.02235174447,-187500.02235174447,-187500.02235174447,-187500.02235174447
$SILENCE,1683.5557441181832,-7794.656788665866,6481.670615872218,12177.677414140393,-187500.02235174447,-187500.02235174447,-187500.02235174447,-187500.02235174447
$SILENCE,1953.0283752713651,-7743.851273518953,7049.986070392856,12115.003122687713,-187500.02235174447,-187500.02235174447,-187500.02235174447,-187500.02235174447
$SILENCE,1949.4967996474268,-7705.205107355727,7168.673833450536,12125.508442581708,-187500.02235174447,-187500.02235174447,-187500.02235174447,-187500.02235174447
$SILENCE,1710.0872647866327,-7741.571395584512,6686.3902433383755,12185.0758415551,-187500.02235174447,-187500.02235174447,-187500.02235174447,-187500.02235174447
$SILENCE,1646.116572155544,-7791.102861297472,6430.306307113923,12192.228399780799,-187500.02235174447,-187500.02235174447,-187500.02235174447,-187500.02235174447
$SILENCE,1914.1586916635863,-7753.283709679093,6957.494551836795,12129.285887394653,-187500.02235174447,-187500.02235174447,-187500.02235174447,-187500.02235174447
$SILENCE,1969.7698318683902,-7704.333389321971,7201.28502861083,12120.613410545995,-187500.02235174447,-187500.02235174447,-187500.02235174447,-187500.02235174447
$SILENCE,1749.6722042169815,-7730.641392545866,6783.2403520632215,12167.619129135506,-187500.02235174447,-187500.02235174447,-187500.02235174447,-187500.02235174447
$SILENCE,1620.724990454315,-7789.404128718869,6403.730082956563,12189.725004401804,-187500.02235174447,-187500.02235174447,-187500.02235174447,-187500.02235174447
$SILENCE,1869.164630075053,-7770.606311631956,6846.071105727089,12137.824253776582,-187500.02235174447,-187500.02235174447,-187500.02235174447,-187500.02235174447
$SILENCE,1992.6356664461694,-7708.535517279568,7215.344275873217,12122.78152975816,-187500.02235174447,-187500.02235174447,-187500.02235174447,-187500.02235174447
$SILENCE,1800.298905408252,-7719.331409851481,6885.007844568235,12172.961196060323,-187500.02235174447,-187500.02235174447,-187500.02235174447,-187500.02235174447
$SILENCE,1619.0262578757117,-7779.390547202891,6419.55511803092,12197.101080072056,-187500.02235174447,-187500.02235174447,-187500.02235174447,-187500.02235174447
$SILENCE,1819.6108126176373,-7775.210770989749,6738.067476519046,12141.847567778537,-187500.02235174447,-187500.02235174447,-187500.02235174447,-187500.02235174447
$SILENCE,1996.5919252147587,-7713.385845826369,7204.660142023581,12105.928314438857,-187500.02235174447,-187500.02235174447,-187500.02235174447,-187500.02235174447
$SILENCE,1840.196769260975,-7714.838709215965,6978.974578258345,12148.35192541503,-187500.02235174447,-187500.02235174447,-187500.02235174447,-187500.02235174447
$SILENCE,1621.373191043519,-7772.170933743827,6459.877665028294,12197.45870798334,-187500.02235174447,-187500.02235174447,-187500.02235174447,-187500.02235174447
$SILENCE,1764.2231898573864,-7785.649035650377,6631.382600233866,12156.912643541413,-187500.02235174447,-187500.02235174447,-187500.02235174447,-187500.02235174447
$SILENCE,1991.0933960787531,-7727.668610533311,7164.002318859377,12104.721320238272,-187500.02235174447,-187500.02235174447,-187500.02235174447,-187500.02235174447
$SILENCE,1892.4327960530277,-7711.217726614204,7057.809180952214,12142.49576836774,-187500.02235174447,-187500.02235174447,-187500.02235174447,-187500.02235174447
$SILENCE,1655.3478426155857,-7760.905654538353,6525.658848960263,12201.347911518564,-187500.02235174447,-187500.02235174447,-187500.02235174447,-187500.02235174447
$SILENCE,1722.3807242370517,-7792.712186898254,6536.901776421282,12176.895103084458,-187500.02235174447,-187500.02235174447,-187500.02235174447,-187500.02235174447
$SILENCE,1979.8057651288232,-7733.591822813967,7107.988847254378,12119.696989023327,-187500.02235174447,-187500.02235174447,-187500.02235174447,-187500.02235174447
$SILENCE,1932.777694794857,-7705.674493989289,7126.294925963274,12131.54341358464,-187500.02235174447,-187500.02235174447,-187500.02235174447,-187500.02235174447
$SILENCE,1687.623761609049,-7752.456695134247,6608.986152289647,12184.897027599458,-187500.02235174447,-187500.02235174447,-187500.02235174447,-187500.02235174447
$SILENCE,1683.0640057401665,-7797.718977656243,6462.649281340752,12181.879542097991,-187500.02235174447,-187500.02235174447,-187500.02235174447,-187500.02235174447
$SILENCE,1954.81651482779,-7747.136979953883,7026.650849181516,12120.63576229045,-187500.02235174447,-187500.02235174447,-187500.02235174447,-187500.02235174447
$SILENCE,1960.9855962974545,-7706.456805045224,7176.631054476626,12126.44721584883,-187500.02235174447,-187500.02235174447,-187500.02235174447,-187500.02235174447
$SILENCE,1727.7004394174148,-7742.733686296187,6705.791557525583,12182.125411287,-187500.02235174447,-187500.02235174447,-187500.02235174447,-187500.02235174447
$SILENCE,1652.1068396695662,-7793.7403671431985,6418.258716852512,12189.74735614626,-187500.02235174447,-187500.02235174447,-187500.02235174447,-187500.02235174447
$SILENCE,1914.8292439972454,-7758.379907414903,6927.565566011139,12126.849547249025,-187500.02235174447,-187500.02235174447,-187500.02235174447,-187500.02235174447
$SILENCE,1987.4053582436275,-7709.206069613228,7203.09551991171,12119.54052681214,-187500.02235174447,-187500.02235174447,-187500.02235174447,-187500.02235174447
$SILENCE,1774.884971962568,-7732.295421635559,6805.927372685358,12174.637576894473,-187500.02235174447,-187500.02235174447,-187500.02235174447,-187500.02235174447
$SILENCE,1637.6229092625272,-7790.052329308073,6408.6251149922755,12200.543248718173,-187500.02235174447,-187500.02235174447,-187500.02235174447,-187500.02235174447
$SILENCE,1871.8244876652348,-7769.980462787207,6825.172224661377,12146.519082369696,-187500.02235174447,-187500.02235174447,-187500.02235174447,-187500.02235174447
$SILENCE,2003.3421520402615,-7709.876621946886,7215.836014251235,12127.92243098288,-187500.02235174447,-187500.02235174447,-187500.02235174447,-187500.02235174447
$SILENCE,1817.3756381721066,-7720.761921496621,6907.873679146013,12169.451972180841,-187500.02235174447,-187500.02235174447,-187500.02235174447,-187500.02235174447
$SILENCE,1621.7978741881698,-7780.843410592486,6425.657144267219,12200.65500744045,-187500.02235174447,-187500.02235174447,-187500.02235174447,-187500.02235174447
$SILENCE,1815.2522224488525,-7784.553800172067,6711.0442174725795,12148.128407970478,-187500.02235174447,-187500.02235174447,-187500.02235174447,-187500.02235174447
$SILENCE,2014.0039341454428,-7719.465520318213,7197.552287286793,12114.913715709892,-187500.02235174447,-187500.02235174447,-187500.02235174447,-187500.02235174447
$SILENCE,1872.3609295321621,-7712.8494039594425,6999.471127923862,12155.839759807559,-187500.02235174447,-187500.02235174447,-187500.02235174447,-187500.02235174447
$SILENCE,1649.8046099906696,-7771.880361065908,6477.915522803727,12207.494641243773,-187500.02235174447,-187500.02235174447,-187500.02235174447,-187500.02235174447
$SILENCE,1777.008387685822,-7790.834640364009,6611.668361624284,12172.245940237754,-187500.02235174447,-187500.02235174447,-187500.02235174447,-187500.02235174447
$SILENCE,2007.0301898753871,-7728.920308222808,7154.815751888246,12124.770835014682,-187500.02235174447,-187500.02235174447,-187500.02235174447,-187500.02235174447
$SILENCE,1909.5989357947035,-7711.418892314303,7073.075422415188,12148.173111459388,-187500.02235174447,-187500.02235174447,-187500.02235174447,-187500.02235174447
$SILENCE,1666.635473565516,-7758.961052770741,6542.757933468572,12200.565600462629,-187500.02235174447,-187500.02235174447,-187500.02235174447,-187500.02235174447
$SILENCE,1718.268003257275,-7792.354558986969,6517.500462234076,12178.929111829892,-187500.02235174447,-187500.02235174447,-187500.02235174447,-187500.02235174447
$SILENCE,1983.8290791307784,-7737.43632286028,7094.980131981389,12115.226640132267,-187500.02235174447,-187500.02235174447,-187500.02235174447,-187500.02235174447
$SILENCE,1950.3461659367283,-7708.468462046202,7150.077182063721,12136.840777020549,-187500.02235174447,-187500.02235174447,-187500.02235174447,-187500.02235174447
$SILENCE,1708.5673461636718,-7750.087410221984,6644.391315506854,12197.816335894626,-187500.02235174447,-187500.02235174447,-187500.02235174447,-187500.02235174447
$SILENCE,1690.1942122214095,-7795.394396232891,6463.543351118965,12199.827992895604,-187500.02235174447,-187500.02235174447,-187500.02235174447,-187500.02235174447
$SILENCE,1958.549256151826,-7753.082543978995,7012.301029241208,12136.0137624757,-187500.02235174447,-187500.02235174447,-187500.02235174447,-187500.02235174447
$SILENCE,1981.4374424740604,-7710.368360324903,7190.265618594363,12130.917564739892,-187500.02235174447,-187500.02235174447,-187500.02235174447,-187500.02235174447
$SILENCE,1747.6381954715487,-7740.677325806299,6738.358049196965,12183.131239787488,-187500.02235174447,-187500.02235174447,-187500.02235174447,-187500.02235174447
$SILENCE,1654.8784559820242,-7792.39926247588,6423.17610063268,12196.855210883048,-187500.02235174447,-187500.02235174447,-187500.02235174447,-187500.02235174447
$SILENCE,1917.0867701872314,-7763.006718517151,6909.058321602145,12132.884518251958,-187500.02235174447,-187500.02235174447,-187500.02235174447,-187500.02235174447
$SILENCE,2004.772663685401,-7707.596744012445,7211.52212757136,12122.222736146778,-187500.02235174447,-187500.02235174447,-187500.02235174447,-187500.02235174447
$SILENCE,1795.0909489501655,-7729.702619278743,6838.046829467635,12180.65019615295,-187500.02235174447,-187500.02235174447,-187500.02235174447,-187500.02235174447
$SILENCE,1642.9649761873457,-7789.359425229958,6417.319943585389,12210.020388367224,-187500.02235174447,-187500.02235174447,-187500.02235174447,-187500.02235174447
$SILENCE,1870.8633626536564,-7775.747212856676,6804.809785462593,12151.88350103897,-187500.02235174447,-187500.02235174447,-187500.02235174447,-187500.02235174447
$SILENCE,2020.6200505042139,-7713.341142337459,7217.825319507757,12126.268401893187,-187500.02235174447,-187500.02235174447,-187500.02235174447,-187500.02235174447
$SILENCE,1843.5495309292712,-7720.225479629694,6936.998002171279,12169.496675669752,-187500.02235174447,-187500.02235174447,-187500.02235174447,-187500.02235174447
$SILENCE,1638.0028889182674,-7777.155372757361,6445.304327643434,12214.647199469471,-187500.02235174447,-187500.02235174447,-187500.02235174447,-187500.02235174447
$SILENCE,1810.6254113466039,-7782.4080327043575,6694.772147509116,12163.97579478929,-187500.02235174447,-187500.02235174447,-187500.02235174447,-187500.02235174447
$SILENCE,2017.6249167472026,-7717.945601695252,7198.669874509558,12123.54148906964,-187500.02235174447,-187500.02235174447,-187500.02235174447,-187500.02235174447
$SILENCE,1884.3191128157514,-7711.508299292123,7027.746084659825,12158.320803442099,-187500.02235174447,-187500.02235174447,-187500.02235174447,-187500.02235174447
$SILENCE,1655.727822271326,-7770.047518020573,6496.959209079649,12208.612228466538,-187500.02235174447,-187500.02235174447,-187500.02235174447,-187500.02235174447
$SILENCE,1768.2241521148865,-7793.472146209735,6592.490564881631,12174.056431538635,-187500.02235174447,-187500.02235174447,-187500.02235174447,-187500.02235174447
$SILENCE,2016.9096609246328,-7732.6754012913,7150.680679164015,12116.29952386612,-187500.02235174447,-187500.02235174447,-187500.02235174447,-187500.02235174447
$SILENCE,1935.2363866849407,-7709.720159735699,7101.730358806892,12141.69110556735,-187500.02235174447,-187500.02235174447,-187500.02235174447,-187500.02235174447
$SILENCE,1691.0659302551664,-7756.122381224916,6575.391480373321,12204.790080164681,-187500.02235174447,-187500.02235174447,-187500.02235174447,-187500.02235174447
$SILENCE,1722.2019102814093,-7795.014416577151,6507.598639440374,12186.394594477964,-187500.02235174447,-187500.02235174447,-187500.02235174447,-187500.02235174447
$SILENCE,1992.1886315570632,-7742.957203740741,7081.5467335637495,12123.474433836274,-187500.02235174447,-187500.02235174447,-187500.02235174447,-187500.02235174447
$SILENCE,1968.29461673434,-7710.457767302724,7162.303586280774,12137.0642944651,-187500.02235174447,-187500.02235174447,-187500.02235174447,-187500.02235174447
$SILENCE,1727.1639975504872,-7747.852235776453,6665.0219756391025,12198.039853339178,-187500.02235174447,-187500.02235174447,-187500.02235174447,-187500.02235174447
$SILENCE,1684.7403865743145,-7795.193230532794,6451.741630046562,12196.98932134978,-187500.02235174447,-187500.02235174447,-187500.02235174447,-187500.02235174447
$SILENCE,1958.3033869628177,-7753.529578868101,6996.453642422395,12130.314067639598,-187500.02235174447,-187500.02235174447,-187500.02235174447,-187500.02235174447
$SILENCE,1997.2177740595073,-7706.14388062285,7206.828261235745,12129.084721694557,-187500.02235174447,-187500.02235174447,-187500.02235174447,-187500.02235174447
$SILENCE,1768.201800370431,-7735.357610625936,6770.075174579046,12186.573408433605,-187500.02235174447,-187500.02235174447,-187500.02235174447,-187500.02235174447
$SILENCE,1658.8123630061584,-7792.287503753603,6424.1819291331685,12204.477155742306,-187500.02235174447,-187500.02235174447,-187500.02235174447,-187500.02235174447
$SILENCE,1915.231575397441,-7768.371137186425,6890.528725448696,12139.143006699445,-187500.02235174447,-187500.02235174447,-187500.02235174447,-187500.02235174447
$SILENCE,2017.1778818580965,-7711.664761503311,7222.7203515434685,12126.558974571106,-187500.02235174447,-187500.02235174447,-187500.02235174447,-187500.02235174447
$SILENCE,1813.0617514922324,-7728.76384601162,6866.210027481321,12177.699765884849,-187500.02235174447,-187500.02235174447,-187500.02235174447,-187500.02235174447
$SILENCE,1646.407144833463,-7788.0406723070955,6424.673667511185,12207.964027877335,-187500.02235174447,-187500.02235174447,-187500.02235174447,-187500.02235174447
$SILENCE,1861.296816026785,-7779.234084991705,6780.826363662049,12148.68720158186,-187500.02235174447,-187500.02235174447,-187500.02235174447,-187500.02235174447
$SILENCE,2026.744428484968,-7718.973781940196,7216.350104373706,12118.288829122643,-187500.02235174447,-187500.02235174447,-187500.02235174447,-187500.02235174447
$SILENCE,1863.9343218725112,-7723.220613386705,6962.255473405776,12164.400477933941,-187500.02235174447,-187500.02235174447,-187500.02235174447,-187500.02235174447
$SILENCE,1655.727822271326,-7778.764698358143,6459.385926650278,12209.282780800198,-187500.02235174447,-187500.02235174447,-187500.02235174447,-187500.02235174447
$SILENCE,1811.4747776359056,-7787.615989162445,6672.398051309354,12162.299413955143,-187500.02235174447,-187500.02235174447,-187500.02235174447,-187500.02235174447
$SILENCE,2024.3304400837947,-7725.746360510155,7191.070281394754,12117.126538410967,-187500.02235174447,-187500.02235174447,-187500.02235174447,-187500.02235174447
$SILENCE,1913.622249796659,-7711.932982436774,7051.662451227004,12152.486998139262,-187500.02235174447,-187500.02235174447,-187500.02235174447,-187500.02235174447
$SILENCE,1677.699587070893,-7766.895922052375,6519.914450635249,12206.689978443383,-187500.02235174447,-187500.02235174447,-187500.02235174447,-187500.02235174447
$SILENCE,1765.4078323135177,-7792.9133525983525,6576.9784542296475,12178.973815318801,-187500.02235174447,-187500.02235174447,-187500.02235174447,-187500.02235174447
$SILENCE,2018.4966347809595,-7735.603479814945,7141.181187770509,12122.937991969347,-187500.02235174447,-187500.02235174447,-187500.02235174447,-187500.02235174447
$SILENCE,1951.4637531594938,-7710.52482253609,7126.518443407827,12145.937937013858,-187500.02235174447,-187500.02235174447,-187500.02235174447,-187500.02235174447
$SILENCE,1710.266078742275,-7759.385735915392,6603.442919664732,12197.056376583145,-187500.02235174447,-187500.02235174447,-187500.02235174447,-187500.02235174447
$SILENCE,1725.8228928831688,-7800.222373035237,6499.440252714187,12178.526780429696,-187500.02235174447,-187500.02235174447,-187500.02235174447,-187500.02235174447
$SILENCE,1997.1507188261414,-7743.404238629847,7066.593416523149,12120.524003568175,-187500.02235174447,-187500.02235174447,-187500.02235174447,-187500.02235174447
$SILENCE,1991.003989100932,-7707.90966843482,7179.6932434670025,12130.850509506525,-187500.02235174447,-187500.02235174447,-187500.02235174447,-187500.02235174447
$SILENCE,1751.8403234291463,-7745.684116564288,6696.537935321086,12188.607417179039,-187500.02235174447,-187500.02235174447,-187500.02235174447,-187500.02235174447
$SILENCE,1692.8987733005017,-7795.1485270438825,6445.974879977093,12193.815373637126,-187500.02235174447,-187500.02235174447,-187500.02235174447,-187500.02235174447
$SILENCE,1962.2819974758622,-7757.083506236495,6973.990139244812,12128.280058894165,-187500.02235174447,-187500.02235174447,-187500.02235174447,-187500.02235174447
$SILENCE,2017.1108266247306,-7709.250773102138,7212.863232238678,12122.558012313606,-187500.02235174447,-187500.02235174447,-187500.02235174447,-187500.02235174447
$SILENCE,1793.0792919491878,-7736.363439126425,6794.326817313054,12179.331443230087,-187500.02235174447,-187500.02235174447,-187500.02235174447,-187500.02235174447
$SILENCE,1668.1553921884768,-7794.276809010126,6425.455978567122,12201.236152796288,-187500.02235174447,-187500.02235174447,-187500.02235174447,-187500.02235174447
$SILENCE,1913.5998980522036,-7767.991157530685,6873.451992684841,12142.629878834472,-187500.02235174447,-187500.02235174447,-187500.02235174447,-187500.02235174447
$SILENCE,2032.3100128543394,-7707.99907541264,7228.956488246499,12122.133329168955,-187500.02235174447,-187500.02235174447,-187500.02235174447,-187500.02235174447
$SILENCE,1837.0228215483216,-7722.393598841858,6892.249809771754,12170.03311753668,-187500.02235174447,-187500.02235174447,-187500.02235174447,-187500.02235174447
$SILENCE,1656.4877815828065,-7783.0562332935615,6431.714467014607,12205.572391220618,-187500.02235174447,-187500.02235174447,-187500.02235174447,-187500.02235174447
$SILENCE,1864.4484119949834,-7780.798707103576,6758.698136651295,12148.843663793048,-187500.02235174447,-187500.02235174447,-187500.02235174447,-187500.02235174447
$SILENCE,2044.4917135824817,-7715.531613294079,7217.624153807659,12116.880669221959,-187500.02235174447,-187500.02235174447,-187500.02235174447,-187500.02235174447
$SILENCE,1889.2588483403742,-7716.000999927641,6987.289427195719,12158.20904471982,-187500.02235174447,-187500.02235174447,-187500.02235174447,-187500.02235174447
$SILENCE,1672.111650957066,-7775.054308778562,6475.926217547205,12206.198240065365,-187500.02235174447,-187500.02235174447,-187500.02235174447,-187500.02235174447
$SILENCE,1818.269707950319,-7788.845335107486,6655.991870879158,12163.573463389095,-187500.02235174447,-187500.02235174447,-187500.02235174447,-187500.02235174447
$SILENCE,2039.3284606133059,-7724.472311076202,7188.566886015759,12113.885535464948,-187500.02235174447,-187500.02235174447,-187500.02235174447,-187500.02235174447
$SILENCE,1930.587223838237,-7712.111796392417,7074.461230571417,12146.966117258802,-187500.02235174447,-187500.02235174447,-187500.02235174447,-187500.02235174447
$SILENCE,1694.0834157566328,-7767.164142985838,6538.064067132958,12201.012635351735,-187500.02235174447,-187500.02235174447,-187500.02235174447,-187500.02235174447
$SILENCE,1766.7712887252915,-7800.848221879986,6554.224378374145,12169.496675669752,-187500.02235174447,-187500.02235174447,-187500.02235174447,-187500.02235174447
$SILENCE,2022.9893354164763,-7736.430494359791,7121.668114861026,12118.244125633732,-187500.02235174447,-187500.02235174447,-187500.02235174447,-187500.02235174447
$SILENCE,1972.452041203027,-7706.054473645029,7136.464969690439,12134.940878741847,-187500.02235174447,-187500.02235174447,-187500.02235174447,-187500.02235174447
$SILENCE,1733.2213202978755,-7751.361459655936,6638.333992759466,12189.434431723885,-187500.02235174447,-187500.02235174447,-187500.02235174447,-187500.02235174447
$SILENCE,1736.596433710627,-7791.996931075684,6515.95819186666,12177.856228096036,-187500.02235174447,-187500.02235174447,-187500.02235174447,-187500.02235174447
$SILENCE,1994.1332333246748,-7752.00966024514,7038.2290528093645,12117.864145977992,-187500.02235174447,-187500.02235174447,-187500.02235174447,-187500.02235174447
$SILENCE,2022.0729138938086,-7709.04960740204,7212.527956071849,12121.30631462411,-187500.02235174447,-187500.02235174447,-187500.02235174447,-187500.02235174447
$SILENCE,1760.691614233448,-7748.992174743674,6696.761452765639,12183.108888043034,-187500.02235174447,-187500.02235174447,-187500.02235174447,-187500.02235174447
$SILENCE,1688.8531075540911,-7802.323437014036,6424.628964022275,12190.484963713285,-187500.02235174447,-187500.02235174447,-187500.02235174447,-187500.02235174447
$SILENCE,1955.3082532058065,-7766.806515074553,6936.975650426823,12126.268401893187,-187500.02235174447,-187500.02235174447,-187500.02235174447,-187500.02235174447
$SILENCE,2030.4995215534595,-7714.615191771411,7215.5007380844045,12118.579401800562,-187500.02235174447,-187500.02235174447,-187500.02235174447,-187500.02235174447
$SILENCE,1808.7925683012688,-7733.323601880504,6816.879727468458,12173.40823094943,-187500.02235174447,-187500.02235174447,-187500.02235174447,-187500.02235174447
$SILENCE,1665.7190520428483,-7790.074681052528,6421.767940731996,12199.246847539765,-187500.02235174447,-187500.02235174447,-187500.02235174447,-187500.02235174447
$SILENCE,1905.5756217927483,-7772.997948288674,6843.902986514925,12136.460797364807,-187500.02235174447,-187500.02235174447,-187500.02235174447,-187500.02235174447
$SILENCE,2039.4402193355822,-7715.866889460909,7231.169310947575,12110.957456941302,-187500.02235174447,-187500.02235174447,-187500.02235174447,-187500.02235174447
$SILENCE,1862.6155689496482,-7728.652087289344,6921.955278152857,12157.113809241511,-187500.02235174447,-187500.02235174447,-187500.02235174447,-187500.02235174447
$SILENCE,1671.239932923309,-7786.856029850964,6443.18091192018,12199.380958006497,-187500.02235174447,-187500.02235174447,-187500.02235174447,-187500.02235174447
$SILENCE,1861.073298582232,-7786.431346706313,6732.1889677273,12146.78730330316,-187500.02235174447,-187500.02235174447,-187500.02235174447,-187500.02235174447
$SILENCE,2046.7268880280124,-7722.5947645419565,7211.745645015913,12108.789337729137,-187500.02235174447,-187500.02235174447,-187500.02235174447,-187500.02235174447
$SILENCE,1897.7972147223015,-7718.1914708842605,7009.6411716510265,12149.536567871162,-187500.02235174447,-187500.02235174447,-187500.02235174447,-187500.02235174447
$SILENCE,1674.3244736581414,-7774.942550056286,6488.756118864551,12197.346949261064,-187500.02235174447,-187500.02235174447,-187500.02235174447,-187500.02235174447
$SILENCE,1806.1550624555425,-7795.886134610908,6626.688733898251,12155.45978015182,-187500.02235174447,-187500.02235174447,-187500.02235174447,-187500.02235174447
$SILENCE,2046.8162950058336,-7734.798817014554,7171.065470107254,12104.564858027084,-187500.02235174447,-187500.02235174447,-187500.02235174447,-187500.02235174447
$SILENCE,1953.877741560667,-7715.978648183185,7088.565181322716,12139.634745077461,-187500.02235174447,-187500.02235174447,-187500.02235174447,-187500.02235174447
$SILENCE,1705.3933984510184,-7766.471238907724,6558.985299943126,12197.03402483869,-187500.02235174447,-187500.02235174447,-187500.02235174447,-187500.02235174447
$SILENCE,1758.2329223433642,-7798.948323601285,6540.321593322944,12171.664794881915,-187500.02235174447,-187500.02235174447,-187500.02235174447,-187500.02235174447
$SILENCE,2025.2468616064623,-7744.655936319344,7111.051036244755,12107.224715617265,-187500.02235174447,-187500.02235174447,-187500.02235174447,-187500.02235174447
$SILENCE,1986.0866053207644,-7714.48108130468,7156.4474292334835,12127.229526904766,-187500.02235174447,-187500.02235174447,-187500.02235174447,-187500.02235174447
$SILENCE,1735.0094598543,-7757.7540585701545,6650.091010342957,12184.718213643815,-187500.02235174447,-187500.02235174447,-187500.02235174447,-187500.02235174447
$SILENCE,1716.9268985899566,-7802.92693411433,6475.94856929166,12179.420850207907,-187500.02235174447,-187500.02235174447,-187500.02235174447,-187500.02235174447
$SILENCE,1999.0506171048426,-7757.999927759162,7028.863671882591,12111.53860229714,-187500.02235174447,-187500.02235174447,-187500.02235174447,-187500.02235174447
$SILENCE,2022.2740795939064,-7713.631715015378,7201.6426565221145,12114.980770943257,-187500.02235174447,-187500.02235174447,-187500.02235174447,-187500.02235174447
$SILENCE,1780.8305359876797,-7747.919291009819,6742.537825410107,12171.776553604193,-187500.02235174447,-187500.02235174447,-187500.02235174447,-187500.02235174447
$SILENCE,1687.2884854422196,-7801.138794557905,6431.222728636591,12185.478172955296,-187500.02235174447,-187500.02235174447,-187500.02235174447,-187500.02235174447
$SILENCE,1959.420974185583,-7770.9639395432405,6932.5723567691275,12121.485128579752,-187500.02235174447,-187500.02235174447,-187500.02235174447,-187500.02235174447
$SILENCE,2060.2049899345625,-7714.391674326858,7262.260587484907,12105.794203972126,-187500.02235174447,-187500.02235174447,-187500.02235174447,-187500.02235174447
$SILENCE,1824.394085931073,-7734.396485614358,6842.472474869785,12168.624957635995,-187500.02235174447,-187500.02235174447,-187500.02235174447,-187500.02235174447
$SILENCE,1683.7122063293705,-7793.405090976369,6449.282938156479,12189.680300912894,-187500.02235174447,-187500.02235174447,-187500.02235174447,-187500.02235174447
$SILENCE,1893.1704036200529,-7781.223390248227,6805.212116862788,12134.203271174822,-187500.02235174447,-187500.02235174447,-187500.02235174447,-187500.02235174447
$SILENCE,2048.246806650973,-7723.466482575713,7216.014828206877,12105.63774176094,-187500.02235174447,-187500.02235174447,-187500.02235174447,-187500.02235174447
$SILENCE,1874.1267173441313,-7728.473273333701,6938.808493472158,12151.436466149864,-187500.02235174447,-187500.02235174447,-187500.02235174447,-187500.02235174447
$SILENCE,1672.8716102685464,-7788.308893240559,6448.567682333909,12193.167173047921,-187500.02235174447,-187500.02235174447,-187500.02235174447,-187500.02235174447
$SILENCE,1854.7254031569248,-7791.125213041928,6706.775034281616,12142.227547434277,-187500.02235174447,-187500.02235174447,-187500.02235174447,-187500.02235174447
$SILENCE,2054.706460798557,-7727.780369255587,7205.777729246346,12099.91569518038,-187500.02235174447,-187500.02235174447,-187500.02235174447,-187500.02235174447
$SILENCE,1912.5717178072593,-7723.511186064624,7028.528395715761,12138.047771221134,-187500.02235174447,-187500.02235174447,-187500.02235174447,-187500.02235174447
$SILENCE,1678.884229527024,-7778.25060823567,6503.552973693964,12189.725004401804,-187500.02235174447,-187500.02235174447,-187500.02235174447,-187500.02235174447
$SILENCE,1791.849946004146,-7798.233067778715,6608.114434255891,12154.163378973411,-187500.02235174447,-187500.02235174447,-187500.02235174447,-187500.02235174447
$SILENCE,2033.8522832217554,-7736.072866448506,7164.874036893134,12099.647474246916,-187500.02235174447,-187500.02235174447,-187500.02235174447,-187500.02235174447
$SILENCE,1955.2859014613512,-7716.090406905461,7111.475719389406,12131.677524051373,-187500.02235174447,-187500.02235174447,-187500.02235174447,-187500.02235174447
$SILENCE,1706.980372307345,-7767.052384263562,6585.069785722469,12187.1769055339,-187500.02235174447,-187500.02235174447,-187500.02235174447,-187500.02235174447
$SILENCE,1746.073573359677,-7799.171841045838,6538.064067132958,12176.425716450896,-187500.02235174447,-187500.02235174447,-187500.02235174447,-187500.02235174447
$SILENCE,2012.126387611197,-7744.924157252808,7103.183222196487,12116.031302932657,-187500.02235174447,-187500.02235174447,-187500.02235174447,-187500.02235174447
não,1976.0953755492421,-7714.235212115671,7151.060658819754,12108.454061562308,-187500.02235174447,-187500.02235174447,-187500.02235174447,-187500.02235174447
não,1738.0045936113113,-7747.941642754275,6653.846103411449,12177.096268784557,-187500.02235174447,-187500.02235174447,-187500.02235174447,-187500.02235174447
não,1709.1261397750545,-7790.991102575195,6471.724089589607,12193.79302189267,-187500.02235174447,-187500.02235174447,-187500.02235174447,-187500.02235174447
não,1975.357767982217,-7762.738497583688,7019.699456655915,12125.73196002626,-187500.02235174447,-187500.02235174447,-187500.02235174447,-187500.02235174447
não,2012.4393120335715,-7717.923249950797,7197.8875634536225,12128.25770714971,-187500.02235174447,-187500.02235174447,-187500.02235174447,-187500.02235174447
não,1780.2940941207523,-7741.236119417682,6751.769095870149,12170.770725103705,-187500.02235174447,-187500.02235174447,-187500.02235174447,-187500.02235174447
não,1684.2262964518425,-7799.618875934944,6411.061455137904,12194.642388181972,-187500.02235174447,-187500.02235174447,-187500.02235174447,-187500.02235174447
não,1936.912767519089,-7771.366270943436,6889.277027759198,12129.375294372476,-187500.02235174447,-187500.02235174447,-187500.02235174447,-187500.02235174447
não,2034.321669855317,-7716.984476683674,7218.7864445193345,12110.82334647457,-187500.02235174447,-187500.02235174447,-187500.02235174447,-187500.02235174447
não,1828.3726964441178,-7728.8756047338975,6848.082762728067,12167.864998324514,-187500.02235174447,-187500.02235174447,-187500.02235174447,-187500.02235174447
não,1664.7355752868148,-7775.344881456481,6419.0186761639925,12211.22738256781,-187500.02235174447,-187500.02235174447,-187500.02235174447,-187500.02235174447
não,1866.907103885067,-7788.107727540461,6781.563971229073,12153.381067917475,-187500.02235174447,-187500.02235174447,-187500.02235174447,-187500.02235174447
não,2017.7590272139344,-7732.138959424372,7200.793290232813,12109.68340750735,-187500.02235174447,-187500.02235174447,-187500.02235174447,-187500.02235174447
não,1852.8702083671342,-7726.752189010644,6941.356592340064,12163.081725011078,-187500.02235174447,-187500.02235174447,-187500.02235174447,-187500.02235174447
não,1655.9289879714238,-7765.934797040796,6458.245987683057,12224.973705407823,-187500.02235174447,-187500.02235174447,-187500.02235174447,-187500.02235174447
não,1816.5039201383497,-7781.826887348519,6662.853856426937,12167.082687268578,-187500.02235174447,-187500.02235174447,-187500.02235174447,-187500.02235174447
não,1997.1507188261414,-7746.757000298143,7154.547530954783,12096.942913167824,-187500.02235174447,-187500.02235174447,-187500.02235174447,-187500.02235174447
não,1893.7962524648015,-7720.314886607514,7048.82377968118,12158.298451697643,-187500.02235174447,-187500.02235174447,-187500.02235174447,-187500.02235174447
não,1657.85123799458,-7776.328358212514,6500.0213980700255,12209.774519178214,-187500.02235174447,-187500.02235174447,-187500.02235174447,-187500.02235174447
não,1752.622634485082,-7807.330227772025,6549.709325994173,12171.910664070925,-187500.02235174447,-187500.02235174447,-187500.02235174447,-187500.02235174447
não,2008.9300881540883,-7742.823093274009,7126.093760263177,12124.726131525771,-187500.02235174447,-187500.02235174447,-187500.02235174447,-187500.02235174447
não,1929.424933126561,-7726.86394773292,7106.804204798246,12137.176053187377,-187500.02235174447,-187500.02235174447,-187500.02235174447,-187500.02235174447
não,1676.112613214566,-7780.01639604764,6569.982358215137,12184.561751432628,-187500.02235174447,-187500.02235174447,-187500.02235174447,-187500.02235174447
não,1692.7199593448593,-7815.980352876229,6489.8066508539505,12174.235245494277,-187500.02235174447,-187500.02235174447,-187500.02235174447,-187500.02235174447
não,1975.9836168269655,-7757.39643065887,7073.164829393009,12116.366579099487,-187500.02235174447,-187500.02235174447,-187500.02235174447,-187500.02235174447
não,1977.034148816365,-7708.490813790658,7174.172362586542,12133.77858803017,-187500.02235174447,-187500.02235174447,-187500.02235174447,-187500.02235174447
não,1716.144587534021,-7759.117514981928,6659.2105220807225,12172.447105937852,-187500.02235174447,-187500.02235174447,-187500.02235174447,-187500.02235174447
não,1642.205016875865,-7842.8695014559635,6404.512394012499,12163.1711319889,-187500.02235174447,-187500.02235174447,-187500.02235174447,-187500.02235174447
não,1927.5697383367706,-7797.607218933967,6948.665612776949,12105.324817338565,-187500.02235174447,-187500.02235174447,-187500.02235174447,-187500.02235174447
não,1979.3140267508063,-7739.917366494819,7171.870132907646,12102.687311492838,-187500.02235174447,-187500.02235174447,-187500.02235174447,-187500.02235174447
não,1759.5516752662272,-7766.717108096732,6750.740915625205,12158.589024375562,-187500.02235174447,-187500.02235174447,-187500.02235174447,-187500.02235174447
não,1649.9610722018567,-7816.606201720978,6421.6561820097195,12190.552018946652,-187500.02235174447,-187500.02235174447,-187500.02235174447,-187500.02235174447
não,1893.2374588534187,-7804.580963204023,6845.847588282537,12111.471547063775,-187500.02235174447,-187500.02235174447,-187500.02235174447,-187500.02235174447
não,2002.582192728781,-7749.43920963278,7180.3414440562065,12096.674692234361,-187500.02235174447,-187500.02235174447,-187500.02235174447,-187500.02235174447
não,1807.272649678308,-7758.91634928183,6856.665832598906,12149.670678337894,-187500.02235174447,-187500.02235174447,-187500.02235174447,-187500.02235174447
não,1625.664725978938,-7811.4653004962565,6410.882641182261,12186.573408433605,-187500.02235174447,-187500.02235174447,-187500.02235174447,-187500.02235174447
não,1835.234681991897,-7800.40118699088,6744.549482411085,12134.672657808384,-187500.02235174447,-187500.02235174447,-187500.02235174447,-187500.02235174447
não,2006.426692775094,-7753.641337590378,7190.556191272282,12094.283055577644,-187500.02235174447,-187500.02235174447,-187500.02235174447,-187500.02235174447
não,1835.592309903182,-7769.77929708711,6943.345897596586,12127.810672260604,-187500.02235174447,-187500.02235174447,-187500.02235174447,-187500.02235174447
não,1626.111760868044,-7814.683951697822,6443.806760764928,12188.383899734486,-187500.02235174447,-187500.02235174447,-187500.02235174447,-187500.02235174447
não,1774.6391027735594,-7825.1445681029045,6634.288327013055,12148.039000992656,-187500.02235174447,-187500.02235174447,-187500.02235174447,-187500.02235174447
não,1998.1118438377196,-7761.10682023845,7160.001356601877,12099.736881224739,-187500.02235174447,-187500.02235174447,-187500.02235174447,-187500.02235174447
não,1886.1743076055418,-7748.120456709917,7040.240709810342,12134.113864197001,-187500.02235174447,-187500.02235174447,-187500.02235174447,-187500.02235174447
não,1643.0320314207115,-7801.630532935922,6509.990276097093,12185.74639388876,-187500.02235174447,-187500.02235174447,-187500.02235174447,-187500.02235174447
não,1723.274794015264,-7828.78790244912,6548.479980049131,12166.143914001455,-187500.02235174447,-187500.02235174447,-187500.02235174447,-187500.02235174447
não,1982.8456023747449,-7773.556741900056,7113.9791147684,12108.319951095576,-187500.02235174447,-187500.02235174447,-187500.02235174447,-187500.02235174447
não,1920.3724766221617,-7752.434343389791,7112.593306612171,12118.981733200757,-187500.02235174447,-187500.02235174447,-187500.02235174447,-187500.02235174447
não,1669.8764765115354,-7795.662617166355,6588.467250879676,12172.335347215576,-187500.02235174447,-187500.02235174447,-187500.02235174447,-187500.02235174447
não,1680.8288312946358,-7837.192158364315,6458.737726061074,12162.1205999995,-187500.02235174447,-187500.02235174447,-187500.02235174447,-187500.02235174447
não,1963.265474231896,-7787.951265329274,7027.656677682005,12100.58624751404,-187500.02235174447,-187500.02235174447,-187500.02235174447,-187500.02235174447
não,1974.553105181826,-7750.936776511286,7168.6514817060815,12109.750462740716,-187500.02235174447,-187500.02235174447,-187500.02235174447,-187500.02235174447
não,1739.9268436344678,-7792.287503753603,6690.413557340331,12162.277062210687,-187500.02235174447,-187500.02235174447,-187500.02235174447,-187500.02235174447
não,1673.6092178355716,-7844.814103223575,6416.60468776282,12167.306204713132,-187500.02235174447,-187500.02235174447,-187500.02235174447,-187500.02235174447
não,1948.3792124246613,-7810.414768506857,6937.333278338108,12099.088680635534,-187500.02235174447,-187500.02235174447,-187500.02235174447,-187500.02235174447
não,2016.3732190577055,-7758.446962648269,7203.050816422799,12088.58336074154,-187500.02235174447,-187500.02235174447,-187500.02235174447,-187500.02235174447
não,1793.9063064940342,-7782.296273982081,6796.852564436504,12139.411227632909,-187500.02235174447,-187500.02235174447,-187500.02235174447,-187500.02235174447
não,1656.5548368161724,-7840.723733988254,6409.027446392471,12161.517102899206,-187500.02235174447,-187500.02235174447,-187500.02235174447,-187500.02235174447
não,1893.0586448977763,-7821.411826778869,6835.319916644087,12100.407433558397,-187500.02235174447,-187500.02235174447,-187500.02235174447,-187500.02235174447
não,2029.5383965418812,-7761.844427805475,7224.441435866527,12088.918636908369,-187500.02235174447,-187500.02235174447,-187500.02235174447,-187500.02235174447
não,1831.5019406678607,-7771.567436643534,6906.9796093678015,12132.705704296315,-187500.02235174447,-187500.02235174447,-187500.02235174447,-187500.02235174447
não,1625.6423742344828,-7831.2465943392035,6424.852481466828,12159.036059264668,-187500.02235174447,-187500.02235174447,-187500.02235174447,-187500.02235174447
não,1818.1579492280423,-7829.16788210486,6723.76236006765,12108.096433651022,-187500.02235174447,-187500.02235174447,-187500.02235174447,-187500.02235174447
não,2011.1429108551636,-7770.271035465126,7204.056644923287,12073.607691956484,-187500.02235174447,-187500.02235174447,-187500.02235174447,-187500.02235174447
não,1868.0023393633771,-7768.326433697514,6999.024093034755,12116.277172121665,-187500.02235174447,-187500.02235174447,-187500.02235174447,-187500.02235174447
não,1641.6909267533931,-7826.552728003589,6473.981615779593,12157.73965808626,-187500.02235174447,-187500.02235174447,-187500.02235174447,-187500.02235174447
não,1774.750861495836,-7842.176597377849,6622.151329773824,12119.048788434124,-187500.02235174447,-187500.02235174447,-187500.02235174447,-187500.02235174447
não,2000.414073516616,-7778.898808824874,7160.761315913358,12071.663090188873,-187500.02235174447,-187500.02235174447,-187500.02235174447,-187500.02235174447
não,1901.6417147686143,-7761.799724316565,7070.057936913721,12104.542506282629,-187500.02235174447,-187500.02235174447,-187500.02235174447,-187500.02235174447
não,1652.6432815364935,-7813.119329585949,6537.929956666227,12157.69495459735,-187500.02235174447,-187500.02235174447,-187500.02235174447,-187500.02235174447
não,1696.8997355580016,-7850.0891149150275,6525.636497215807,12128.30241063862,-187500.02235174447,-187500.02235174447,-187500.02235174447,-187500.02235174447
não,1967.1546777671192,-7779.569361158534,7099.159908194531,12077.00515711369,-187500.02235174447,-187500.02235174447,-187500.02235174447,-187500.02235174447
não,1939.9973082539211,-7751.406163144847,7137.336687724196,12096.33941606753,-187500.02235174447,-187500.02235174447,-187500.02235174447,-187500.02235174447
não,1694.7763198347475,-7799.015378834651,6636.836425880961,12146.429675391875,-187500.02235174447,-187500.02235174447,-187500.02235174447,-187500.02235174447
não,1676.5819998481275,-7842.154245633394,6476.037976269481,12141.154663700423,-187500.02235174447,-187500.02235174447,-187500.02235174447,-187500.02235174447
não,1947.4627909019937,-7802.21167829176,7023.275735768764,12073.33947102302,-187500.02235174447,-187500.02235174447,-187500.02235174447,-187500.02235174447
não,1963.6231021431809,-7755.138904468883,7184.007130146877,12091.48908752073,-187500.02235174447,-187500.02235174447,-187500.02235174447,-187500.02235174447
não,1728.1921777954315,-7784.866724594442,6729.976145026225,12160.801847076636,-187500.02235174447,-187500.02235174447,-187500.02235174447,-187500.02235174447
não,1629.7327434698038,-7843.0483154116055,6420.3150773424,12149.156588215423,-187500.02235174447,-187500.02235174447,-187500.02235174447,-187500.02235174447
não,1895.651447254592,-7806.7714341606425,6919.116606607033,12078.905055392392,-187500.02235174447,-187500.02235174447,-187500.02235174447,-187500.02235174447
não,1984.2984657643399,-7748.455732876746,7220.798101520312,12073.183008811833,-187500.02235174447,-187500.02235174447,-187500.02235174447,-187500.02235174447
não,1760.8704281890905,-7778.563532658045,6834.738771288249,12128.369465871987,-187500.02235174447,-187500.02235174447,-187500.02235174447,-187500.02235174447
não,1617.148711341466,-7830.866614683464,6425.053647166926,12172.40240244894,-187500.02235174447,-187500.02235174447,-187500.02235174447,-187500.02235174447
não,1855.46301072395,-7812.515832485657,6818.243183880232,12104.855430705004,-187500.02235174447,-187500.02235174447,-187500.02235174447,-187500.02235174447
não,2001.0175706169096,-7755.362421913436,7220.395770120117,12096.741747467728,-187500.02235174447,-187500.02235174447,-187500.02235174447,-187500.02235174447
não,1821.0636760072323,-7758.089334736984,6929.979554412313,12123.54148906964,-187500.02235174447,-187500.02235174447,-187500.02235174447,-187500.02235174447
não,1621.9096329104464,-7817.83554766602,6441.191606663658,12164.579291889584,-187500.02235174447,-187500.02235174447,-187500.02235174447,-187500.02235174447
não,1808.88197527909,-7821.344771545502,6715.067531474535,12114.600791287517,-187500.02235174447,-187500.02235174447,-187500.02235174447,-187500.02235174447
não,2006.8737276642,-7760.972709771719,7208.035255436333,12075.440535001819,-187500.02235174447,-187500.02235174447,-187500.02235174447,-187500.02235174447
não,1861.6991474269805,-7758.670480092822,7013.2845059972415,12119.317009367587,-187500.02235174447,-187500.02235174447,-187500.02235174447,-187500.02235174447
não,1631.2526620927647,-7811.68881794081,6488.554953164453,12164.623995378495,-187500.02235174447,-187500.02235174447,-187500.02235174447,-187500.02235174447
não,1746.6323669710598,-7826.686838470321,6607.041550522036,12124.2120414033,-187500.02235174447,-187500.02235174447,-187500.02235174447,-187500.02235174447
não,1994.3120472803173,-7770.181628487305,7160.113115324154,12087.711642707784,-187500.02235174447,-187500.02235174447,-187500.02235174447,-187500.02235174447
não,1910.1800811505416,-7749.729782310699,7099.338722150174,12117.484166322252,-187500.02235174447,-187500.02235174447,-187500.02235174447,-187500.02235174447
não,1660.086412440111,-7799.775338146132,6568.037756447525,12171.08364952608,-187500.02235174447,-187500.02235174447,-187500.02235174447,-187500.02235174447
não,1704.2311077393424,-7837.818007209064,6519.2886017905,12142.652230578928,-187500.02235174447,-187500.02235174447,-187500.02235174447,-187500.02235174447
não,1980.0516343178315,-7779.614064647444,7092.342626135663,12081.520209493663,-187500.02235174447,-187500.02235174447,-187500.02235174447,-187500.02235174447
não,1948.7144885914909,-7743.605404329945,7157.766182156347,12100.720357980772,-187500.02235174447,-187500.02235174447,-187500.02235174447,-187500.02235174447
não,1697.436177424929,-7784.822021105531,6656.774181935094,12157.091457497056,-187500.02235174447,-187500.02235174447,-187500.02235174447,-187500.02235174447
não,1661.3157583851528,-7832.766512962165,6459.274167928001,12155.571538874095,-187500.02235174447,-187500.02235174447,-187500.02235174447,-187500.02235174447
não,1943.1712559665748,-7789.426480463324,7011.161090273988,12094.953607911302,-187500.02235174447,-187500.02235174447,-187500.02235174447,-187500.02235174447
não,1983.7396721529572,-7744.9018055083525,7203.833127478734,12092.15963985439,-187500.02235174447,-187500.02235174447,-187500.02235174447,-187500.02235174447
não,1750.3427565506408,-7778.116497768939,6759.905130851881,12151.54822487214,-187500.02235174447,-187500.02235174447,-187500.02235174447,-187500.02235174447
não,1638.18170287391,-7835.560481019078,6423.734894244063,12167.55207390214,-187500.02235174447,-187500.02235174447,-187500.02235174447,-187500.02235174447
não,1896.9254966885444,-7804.558611459567,6901.4587284873405,12099.960398669291,-187500.02235174447,-187500.02235174447,-187500.02235174447,-187500.02235174447
não,2002.0233991173982,-7746.980517742696,7224.262621910885,12087.801049685604,-187500.02235174447,-187500.02235174447,-187500.02235174447,-187500.02235174447
não,1796.208536172931,-7765.711279596243,6864.466591413808,12137.310163654109,-187500.02235174447,-187500.02235174447,-187500.02235174447,-187500.02235174447
não,1627.5869760020944,-7825.725713458743,6429.166368146703,12172.31299547112,-187500.02235174447,-187500.02235174447,-187500.02235174447,-187500.02235174447
não,1851.0820688107096,-7817.343809288002,6791.1081661114895,12104.564858027084,-187500.02235174447,-187500.02235174447,-187500.02235174447,-187500.02235174447
não,2011.5675939998143,-7751.517921867124,7220.775749775858,12077.452192002796,-187500.02235174447,-187500.02235174447,-187500.02235174447,-187500.02235174447
não,1838.6768506380142,-7754.803628302054,6956.309909380664,12141.333477656064,-187500.02235174447,-187500.02235174447,-187500.02235174447,-187500.02235174447
não,1631.632641748505,-7816.092111598506,6455.094391714859,12186.50635320024,-187500.02235174447,-187500.02235174447,-187500.02235174447,-187500.02235174447
não,1805.7527310553469,-7824.474015769246,6684.535048548585,12130.06819845059,-187500.02235174447,-187500.02235174447,-187500.02235174447,-187500.02235174447
não,2020.5753470153031,-7760.592730115978,7190.913819183567,12086.683462462839,-187500.02235174447,-187500.02235174447,-187500.02235174447,-187500.02235174447
não,1889.7505867183909,-7753.149599212361,7036.105637086111,12122.245087891233,-187500.02235174447,-187500.02235174447,-187500.02235174447,-187500.02235174447
não,1655.1243251710328,-7806.704378927277,6510.727883664118,12174.056431538635,-187500.02235174447,-187500.02235174447,-187500.02235174447,-187500.02235174447
não,1749.2698728167861,-7834.711114729776,6585.740338056128,12135.1643961864,-187500.02235174447,-187500.02235174447,-187500.02235174447,-187500.02235174447
não,1996.3684077702055,-7776.931855312808,7142.097609293176,12080.737898437726,-187500.02235174447,-187500.02235174447,-187500.02235174447,-187500.02235174447
não,1921.1100841891866,-7747.740477054176,7106.044245486766,12100.96622716978,-187500.02235174447,-187500.02235174447,-187500.02235174447,-187500.02235174447
não,1689.210735465376,-7790.342901985991,6595.2845329385445,12177.543303673661,-187500.02235174447,-187500.02235174447,-187500.02235174447,-187500.02235174447
não,1722.0677998146773,-7829.816082694064,6515.667619188741,12164.579291889584,-187500.02235174447,-187500.02235174447,-187500.02235174447,-187500.02235174447
não,1991.0486925898426,-7777.580055902012,7080.786774252269,12099.44630854682,-187500.02235174447,-187500.02235174447,-187500.02235174447,-187500.02235174447
não,1968.7192998789908,-7744.566529341523,7172.048946863288,12104.743671982727,-187500.02235174447,-187500.02235174447,-187500.02235174447,-187500.02235174447
não,1727.3204597616746,-7784.978483316718,6682.2775223585995,12162.657041866427,-187500.02235174447,-187500.02235174447,-187500.02235174447,-187500.02235174447
não,1683.2204679513536,-7832.721809473254,6451.6522230687415,12170.524855914695,-187500.02235174447,-187500.02235174447,-187500.02235174447,-187500.02235174447
não,1958.7727735963792,-7792.6227799204335,6984.473107394351,12104.67661674936,-187500.02235174447,-187500.02235174447,-187500.02235174447,-187500.02235174447
não,2007.1643003421188,-7745.974689242207,7210.337485115228,12103.782546971148,-187500.02235174447,-187500.02235174447,-187500.02235174447,-187500.02235174447
não,1783.0657104332104,-7774.227294233716,6783.597979974506,12167.797943091147,-187500.02235174447,-187500.02235174447,-187500.02235174447,-187500.02235174447
não,1670.5917323341052,-7831.447760039301,6426.171234389692,12184.897027599458,-187500.02235174447,-187500.02235174447,-187500.02235174447,-187500.02235174447
não,1920.908918489089,-7801.921105613841,6880.783364866182,12124.524965825674,-187500.02235174447,-187500.02235174447,-187500.02235174447,-187500.02235174447
não,2032.287661109884,-7740.72202929521,7230.968145247477,12116.724207010771,-187500.02235174447,-187500.02235174447,-187500.02235174447,-187500.02235174447
não,1834.4523709359612,-7756.412953902835,6890.729891148793,12170.949539059346,-187500.02235174447,-187500.02235174447,-187500.02235174447,-187500.02235174447
não,1665.4061276204739,-7819.042541866606,6438.218824651101,12195.402347493453,-187500.02235174447,-187500.02235174447,-187500.02235174447,-187500.02235174447
não,1882.7991941927903,-7814.549841231089,6778.032395605135,12133.823291519082,-187500.02235174447,-187500.02235174447,-187500.02235174447,-187500.02235174447
não,2053.2088939200517,-7752.568453856523,7226.833072523245,12108.521116795673,-187500.02235174447,-187500.02235174447,-187500.02235174447,-187500.02235174447
não,1886.8448599392011,-7753.641337590378,6979.71218582537,12151.101189983034,-187500.02235174447,-187500.02235174447,-187500.02235174447,-187500.02235174447
não,1672.4916306128064,-7809.8783266399305,6469.287749443978,12198.330426017097,-187500.02235174447,-187500.02235174447,-187500.02235174447,-187500.02235174447
não,1824.1482167420647,-7818.997838377695,6664.709051216728,12153.671640595394,-187500.02235174447,-187500.02235174447,-187500.02235174447,-187500.02235174447
não,2044.1340856711968,-7753.507227123646,7188.052795893288,12106.39770107242,-187500.02235174447,-187500.02235174447,-187500.02235174447,-187500.02235174447
não,1929.067305215276,-7741.9066717513415,7064.246483355342,12142.719285812294,-187500.02235174447,-187500.02235174447,-187500.02235174447,-187500.02235174447
não,1688.2943139427084,-7798.4342334788125,6530.419770529244,12193.010710836734,-187500.02235174447,-187500.02235174447,-187500.02235174447,-187500.02235174447
não,1769.7887742267578,-7825.2563268251815,6566.517837824565,12166.993280290757,-187500.02235174447,-187500.02235174447,-187500.02235174447,-187500.02235174447
não,2025.6044895177472,-7763.654919106355,7133.469835933428,12110.152794140911,-187500.02235174447,-187500.02235174447,-187500.02235174447,-187500.02235174447
não,1970.5968464132366,-7738.196282171761,7133.760408611347,12133.331553141064,-187500.02235174447,-187500.02235174447,-187500.02235174447,-187500.02235174447
não,1722.9618695928896,-7784.240875749693,6616.250469237622,12201.034987096189,-187500.02235174447,-187500.02235174447,-187500.02235174447,-187500.02235174447
não,1728.4380469844398,-7825.077512869539,6498.970866080626,12183.086536298579,-187500.02235174447,-187500.02235174447,-187500.02235174447,-187500.02235174447
não,2004.4373875185715,-7774.339052955992,7063.0171374103,12115.673675021371,-187500.02235174447,-187500.02235174447,-187500.02235174447,-187500.02235174447
não,2007.1643003421188,-7734.463540847724,7189.304493582785,12131.968096729292,-187500.02235174447,-187500.02235174447,-187500.02235174447,-187500.02235174447
não,1765.6089980136155,-7771.925064554819,6707.155013937356,12187.042795067167,-187500.02235174447,-187500.02235174447,-187500.02235174447,-187500.02235174447
não,1693.5469738897054,-7823.065855868561,6443.762057276018,12183.824143865604,-187500.02235174447,-187500.02235174447,-187500.02235174447,-187500.02235174447
não,1964.6289306436695,-7787.481878695712,6967.195208930399,12115.226640132267,-187500.02235174447,-187500.02235174447,-187500.02235174447,-187500.02235174447
não,2034.8804634666997,-7739.269165905615,7222.09450269872,12108.521116795673,-187500.02235174447,-187500.02235174447,-187500.02235174447,-187500.02235174447
não,1819.1861294729865,-7762.358517927947,6816.812672235093,12172.69297512686,-187500.02235174447,-187500.02235174447,-187500.02235174447,-187500.02235174447
não,1682.7734330622475,-7818.617858721956,6432.854405981828,12196.676396927405,-187500.02235174447,-187500.02235174447,-187500.02235174447,-187500.02235174447
não,1925.9604127359883,-7797.16018404486,6868.333443204576,12136.572556087083,-187500.02235174447,-187500.02235174447,-187500.02235174447,-187500.02235174447
não,2049.5655595738363,-7738.5762618275,7237.427799395061,12114.958419198801,-187500.02235174447,-187500.02235174447,-187500.02235174447,-187500.02235174447
não,1856.491190968894,-7752.613157345433,6913.193394326377,12160.26540520971,-187500.02235174447,-187500.02235174447,-187500.02235174447,-187500.02235174447
não,1676.2243719368425,-7810.437120251313,6449.327641645389,12201.280856285199,-187500.02235174447,-187500.02235174447,-187500.02235174447,-187500.02235174447
não,1879.938170902511,-7807.039655094106,6764.2190175317555,12144.574480602085,-187500.02235174447,-187500.02235174447,-187500.02235174447,-187500.02235174447
não,2058.327443400317,-7745.929985753297,7233.180967948552,12106.263590605688,-187500.02235174447,-187500.02235174447,-187500.02235174447,-187500.02235174447
não,1908.0790171717426,-7744.834750274987,7010.870517596069,12154.319841184599,-187500.02235174447,-187500.02235174447,-187500.02235174447,-187500.02235174447
não,1689.9930465213117,-7804.133928314916,6488.063214786436,12204.186583064387,-187500.02235174447,-187500.02235174447,-187500.02235174447,-187500.02235174447
não,1828.1268272551094,-7813.9910476197065,6649.398106264843,12155.772704574192,-187500.02235174447,-187500.02235174447,-187500.02235174447,-187500.02235174447
não,2062.3954608911827,-7750.825017789009,7194.110118640676,12103.268456848677,-187500.02235174447,-187500.02235174447,-187500.02235174447,-187500.02235174447
não,1957.588131140248,-7734.284726892081,7093.21434416942,12133.599774074528,-187500.02235174447,-187500.02235174447,-187500.02235174447,-187500.02235174447
não,1718.692686401926,-7789.694701396787,6560.482866821631,12183.064184554123,-187500.02235174447,-187500.02235174447,-187500.02235174447,-187500.02235174447
não,1783.3115796222187,-7822.663524468366,6564.327366867944,12156.845588308048,-187500.02235174447,-187500.02235174447,-187500.02235174447,-187500.02235174447
não,2041.317765869828,-7763.006718517151,7132.866338833134,12104.095471393523,-187500.02235174447,-187500.02235174447,-187500.02235174447,-187500.02235174447
não,1993.5073844799263,-7734.6870582922775,7159.353156012673,12129.889384494947,-187500.02235174447,-187500.02235174447,-187500.02235174447,-187500.02235174447
não,1744.82187567018,-7779.8822855809085,6645.263033540611,12188.070975312112,-187500.02235174447,-187500.02235174447,-187500.02235174447,-187500.02235174447
não,1733.556596464705,-7824.272850069148,6491.393624710277,12177.588007162572,-187500.02235174447,-187500.02235174447,-187500.02235174447,-187500.02235174447
não,2007.0525416198425,-7773.3108727110475,7054.970509406389,12113.885535464948,-187500.02235174447,-187500.02235174447,-187500.02235174447,-187500.02235174447
não,2021.938803427077,-7731.781331513087,7211.52212757136,12118.668808778384,-187500.02235174447,-187500.02235174447,-187500.02235174447,-187500.02235174447
não,1789.9276959809895,-7767.074736008017,6744.817703344549,12176.69393738436,-187500.02235174447,-187500.02235174447,-187500.02235174447,-187500.02235174447
não,1704.074645528155,-7820.338943045014,6450.8922637572605,12188.942693345869,-187500.02235174447,-187500.02235174447,-187500.02235174447,-187500.02235174447
não,1967.9816923119656,-7786.878381595419,6956.622833803039,12123.563840814095,-187500.02235174447,-187500.02235174447,-187500.02235174447,-187500.02235174447
não,2047.1739229171185,-7734.821168759009,7237.785427306346,12110.421015074375,-187500.02235174447,-187500.02235174447,-187500.02235174447,-187500.02235174447
não,1827.8362545771904,-7757.642299847877,6842.628937080973,12161.606509877029,-187500.02235174447,-187500.02235174447,-187500.02235174447,-187500.02235174447
não,1682.5499156176945,-7815.712131942765,6437.995307206548,12192.071937569612,-187500.02235174447,-187500.02235174447,-187500.02235174447,-187500.02235174447
não,1924.9545842354996,-7798.702454412277,6847.903948772425,12132.54924208513,-187500.02235174447,-187500.02235174447,-187500.02235174447,-187500.02235174447
não,2057.5674840888364,-7739.112703694428,7243.708639587002,12107.649398761916,-187500.02235174447,-187500.02235174447,-187500.02235174447,-187500.02235174447
não,1875.2666563113519,-7750.757962555643,6942.965917940845,12154.610413862518,-187500.02235174447,-187500.02235174447,-187500.02235174447,-187500.02235174447
não,1685.0086075077782,-7810.571230718045,6458.223635938602,12197.79398415017,-187500.02235174447,-187500.02235174447,-187500.02235174447,-187500.02235174447
não,1873.0091301213658,-7808.313704528058,6732.412485171853,12150.251823693732,-187500.02235174447,-187500.02235174447,-187500.02235174447,-187500.02235174447
não,2067.7151760715456,-7746.377020642402,7222.09450269872,12113.214983131289,-187500.02235174447,-187500.02235174447,-187500.02235174447,-187500.02235174447
não,1924.8875290021335,-7743.404238629847,7031.434122494951,12153.224605706288,-187500.02235174447,-187500.02235174447,-187500.02235174447,-187500.02235174447
não,1694.6422093680155,-7799.618875934944,6507.2410115290895,12196.721100416316,-187500.02235174447,-187500.02235174447,-187500.02235174447,-187500.02235174447
não,1815.8333678046904,-7819.064893611061,6632.723704901184,12151.525873127684,-187500.02235174447,-187500.02235174447,-187500.02235174447,-187500.02235174447
não,2058.1933329335848,-7754.4683521352235,7186.287008081318,12105.570686527573,-187500.02235174447,-187500.02235174447,-187500.02235174447,-187500.02235174447
não,1968.8310586012674,-7734.061209447528,7117.108358992143,12136.751370042726,-187500.02235174447,-187500.02235174447,-187500.02235174447,-187500.02235174447
não,1723.4759597153616,-7785.134945527905,6586.813221789983,12193.882428870491,-187500.02235174447,-187500.02235174447,-187500.02235174447,-187500.02235174447
não,1766.9724544253893,-7820.227184322737,6548.569387026952,12175.50929492823,-187500.02235174447,-187500.02235174447,-187500.02235174447,-187500.02235174447
não,2031.7959227318672,-7764.370174928925,7120.997562527366,12115.96424769929,-187500.02235174447,-187500.02235174447,-187500.02235174447,-187500.02235174447
não,2000.391721772161,-7731.826035001998,7178.03921437731,12130.582288573061,-187500.02235174447,-187500.02235174447,-187500.02235174447,-187500.02235174447
não,1757.1153351205987,-7774.96490180074,6674.812039710527,12188.450954967851,-187500.02235174447,-187500.02235174447,-187500.02235174447,-187500.02235174447
não,1731.075552830166,-7820.607163978478,6487.124441519313,12186.416946222418,-187500.02235174447,-187500.02235174447,-187500.02235174447,-187500.02235174447
não,2006.3149340528173,-7773.847314577975,7038.340811531641,12123.742654769738,-187500.02235174447,-187500.02235174447,-187500.02235174447,-187500.02235174447
$SILENCE,2033.5840622882918,-7729.747322767655,7221.356895131696,12118.579401800562,-187500.02235174447,-187500.02235174447,-187500.02235174447,-187500.02235174447
$SILENCE,1801.5729548422046,-7762.179703972305,6774.523171725652,12175.039908294668,-187500.02235174447,-187500.02235174447,-187500.02235174447,-187500.02235174447
$SILENCE,1698.9337443034344,-7819.578983733533,6447.539502088965,12187.489829956274,-187500.02235174447,-187500.02235174447,-187500.02235174447,-187500.02235174447
$SILENCE,1957.6998898625243,-7787.683044395811,6929.174891611921,12124.055579192112,-187500.02235174447,-187500.02235174447,-187500.02235174447,-187500.02235174447
$SILENCE,2055.9134549991436,-7737.8610060049305,7243.619232609181,12118.311180867098,-187500.02235174447,-187500.02235174447,-187500.02235174447,-187500.02235174447
$SILENCE,1848.8915978540897,-7759.832770804498,6874.658986885427,12171.150704759444,-187500.02235174447,-187500.02235174447,-187500.02235174447,-187500.02235174447
$SILENCE,1691.9600000333787,-7814.147509830894,6447.293632899957,12197.928094616902,-187500.02235174447,-187500.02235174447,-187500.02235174447,-187500.02235174447
$SILENCE,1915.6562585420918,-7800.40118699088,6827.988544462746,12139.187710188355,-187500.02235174447,-187500.02235174447,-187500.02235174447,-187500.02235174447
$SILENCE,2073.5936848632914,-7737.883357749386,7250.6600321126025,12107.694102250827,-187500.02235174447,-187500.02235174447,-187500.02235174447,-187500.02235174447
$SILENCE,1902.1111014021758,-7745.572357842012,6974.280711922731,12153.895158039948,-187500.02235174447,-187500.02235174447,-187500.02235174447,-187500.02235174447
$SILENCE,1697.235011724831,-7805.229163793227,6477.401432681255,12198.129260317,-187500.02235174447,-187500.02235174447,-187500.02235174447,-187500.02235174447
$SILENCE,1868.0470428522879,-7809.8783266399305,6719.224955943222,12153.537530128662,-187500.02235174447,-187500.02235174447,-187500.02235174447,-187500.02235174447
$SILENCE,2077.9522750320766,-7748.209863687738,7226.073113211765,12109.594000529529,-187500.02235174447,-187500.02235174447,-187500.02235174447,-187500.02235174447
$SILENCE,1943.2159594554855,-7740.274994406104,7058.367974563596,12142.227547434277,-187500.02235174447,-187500.02235174447,-187500.02235174447,-187500.02235174447
$SILENCE,1721.1066748030992,-7792.175745031327,6551.788038228517,12191.714309658326,-187500.02235174447,-187500.02235174447,-187500.02235174447,-187500.02235174447
$SILENCE,1814.9840015153889,-7811.867631896453,6632.276670012077,12158.54432088665,-187500.02235174447,-187500.02235174447,-187500.02235174447,-187500.02235174447
$SILENCE,2059.5567893453585,-7755.652994591355,7172.5853887302155,12110.599829030018,-187500.02235174447,-187500.02235174447,-187500.02235174447,-187500.02235174447
$SILENCE,1991.4957274789488,-7730.060247190028,7147.752600640369,12136.796073531637,-187500.02235174447,-187500.02235174447,-187500.02235174447,-187500.02235174447
$SILENCE,1735.5682534656828,-7783.30210248257,6595.955085272203,12191.60255093605,-187500.02235174447,-187500.02235174447,-187500.02235174447,-187500.02235174447
$SILENCE,1769.0288149152775,-7819.064893611061,6527.737561194606,12178.660890896428,-187500.02235174447,-187500.02235174447,-187500.02235174447,-187500.02235174447
$SILENCE,2038.8814257241997,-7766.828866819009,7092.007349968833,12120.479300079263,-187500.02235174447,-187500.02235174447,-187500.02235174447,-187500.02235174447
$SILENCE,2023.0563906498423,-7732.630697802389,7185.7952697033015,12133.063332207601,-187500.02235174447,-187500.02235174447,-187500.02235174447,-187500.02235174447
$SILENCE,1774.6838062624702,-7774.92019831183,6696.225010898711,12189.948521846358,-187500.02235174447,-187500.02235174447,-187500.02235174447,-187500.02235174447
$SILENCE,1725.91229986099,-7820.137777344916,6475.702700102652,12188.003920078745,-187500.02235174447,-187500.02235174447,-187500.02235174447,-187500.02235174447
$SILENCE,2001.554012483837,-7776.976558801718,7014.96088683139,12123.452082091819,-187500.02235174447,-187500.02235174447,-187500.02235174447,-187500.02235174447
$SILENCE,2046.2798531389062,-7729.009715200629,7231.482235369949,12120.613410545995,-187500.02235174447,-187500.02235174447,-187500.02235174447,-187500.02235174447
$SILENCE,1813.1288067255982,-7759.519846382123,6797.903096425903,12170.658966381427,-187500.02235174447,-187500.02235174447,-187500.02235174447,-187500.02235174447
$SILENCE,1698.6431716255156,-7817.477919754734,6450.579339334887,12190.484963713285,-187500.02235174447,-187500.02235174447,-187500.02235174447,-187500.02235174447
$SILENCE,1957.6328346291584,-7792.421614220335,6916.277935061209,12125.866070492992,-187500.02235174447,-187500.02235174447,-187500.02235174447,-187500.02235174447
$SILENCE,2070.732661573012,-7734.9776309701965,7253.9457385475325,12111.203326130311,-187500.02235174447,-187500.02235174447,-187500.02235174447,-187500.02235174447
$SILENCE,1870.5504382312822,-7751.67438407831,6906.353760523053,12171.351870459543,-187500.02235174447,-187500.02235174447,-187500.02235174447,-187500.02235174447
$SILENCE,1697.369122191563,-7811.621762707444,6462.649281340752,12200.520896973718,-187500.02235174447,-187500.02235174447,-187500.02235174447,-187500.02235174447
$SILENCE,1915.7903690088237,-7802.345788758492,6811.492957054729,12141.758160800715,-187500.02235174447,-187500.02235174447,-187500.02235174447,-187500.02235174447
$SILENCE,2081.483850656015,-7738.1515786828495,7250.525921645871,12113.326741853565,-187500.02235174447,-187500.02235174447,-187500.02235174447,-187500.02235174447
$SILENCE,1915.745665519913,-7743.6277560744,6998.867630823569,12159.058411009122,-187500.02235174447,-187500.02235174447,-187500.02235174447,-187500.02235174447
$SILENCE,1697.7491018473033,-7800.490593968701,6490.879534587805,12196.497582971762,-187500.02235174447,-187500.02235174447,-187500.02235174447,-187500.02235174447
$SILENCE,1862.7496794163799,-7807.397283005391,6703.265810402133,12152.710515583816,-187500.02235174447,-187500.02235174447,-187500.02235174447,-187500.02235174447
$SILENCE,2083.4955076569927,-7742.8454450184645,7220.351066631207,12105.883610949948,-187500.02235174447,-187500.02235174447,-187500.02235174447,-187500.02235174447
$SILENCE,1962.7290323649686,-7734.798817014554,7083.78190800928,12144.797998046637,-187500.02235174447,-187500.02235174447,-187500.02235174447,-187500.02235174447
$SILENCE,1721.0396195697333,-7789.046500807584,6552.838570217917,12196.229362038299,-187500.02235174447,-187500.02235174447,-187500.02235174447,-187500.02235174447
$SILENCE,1811.4747776359056,-7813.633419708422,6607.242716222134,12165.40630643443,-187500.02235174447,-187500.02235174447,-187500.02235174447,-187500.02235174447
$SILENCE,2067.6257690937246,-7753.1719509568165,7169.27733055083,12108.521116795673,-187500.02235174447,-187500.02235174447,-187500.02235174447,-187500.02235174447
$SILENCE,2000.2352595609736,-7729.367343111914,7153.832275132213,12132.705704296315,-187500.02235174447,-187500.02235174447,-187500.02235174447,-187500.02235174447
$SILENCE,1758.5011432768279,-7778.049442535573,6651.789742921561,12184.159420032433,-187500.02235174447,-187500.02235174447,-187500.02235174447,-187500.02235174447
$SILENCE,1773.722681250892,-7813.8122336640645,6560.102887165891,12173.095306527055,-187500.02235174447,-187500.02235174447,-187500.02235174447,-187500.02235174447
$SILENCE,2034.746352999968,-7765.9124452963415,7091.627370313093,12115.047826176624,-187500.02235174447,-187500.02235174447,-187500.02235174447,-187500.02235174447
$SILENCE,2041.0718966808197,-7724.360552353925,7232.085732470243,12119.719340767782,-187500.02235174447,-187500.02235174447,-187500.02235174447,-187500.02235174447
$SILENCE,1769.3417393376517,-7767.0300325191065,6701.634133056896,12182.88537059848,-187500.02235174447,-187500.02235174447,-187500.02235174447,-187500.02235174447
$SILENCE,1719.7432183913254,-7818.886079655419,6459.028298738993,12187.623940423005,-187500.02235174447,-187500.02235174447,-187500.02235174447,-187500.02235174447
$SILENCE,1998.447120004549,-7777.803573346565,6992.989122031823,12122.87093673598,-187500.02235174447,-187500.02235174447,-187500.02235174447,-187500.02235174447
$SILENCE,2061.970777746532,-7727.713314022221,7242.658107597603,12118.668808778384,-187500.02235174447,-187500.02235174447,-187500.02235174447,-187500.02235174447
$SILENCE,1832.4183621905283,-7753.596634101467,6827.54150957364,12173.229416993789,-187500.02235174447,-187500.02235174447,-187500.02235174447,-187500.02235174447
$SILENCE,1706.24276474032,-7810.437120251313,6457.061345226925,12196.296417271664,-187500.02235174447,-187500.02235174447,-187500.02235174447,-187500.02235174447
$SILENCE,1959.555084652315,-7788.420651962835,6898.620056941517,12130.850509506525,-187500.02235174447,-187500.02235174447,-187500.02235174447,-187500.02235174447
$SILENCE,2084.389577435205,-7732.027200702096,7258.974881049977,12111.091567408033,-187500.02235174447,-187500.02235174447,-187500.02235174447,-187500.02235174447
$SILENCE,1879.424080780039,-7744.007735730141,6924.771597954225,12161.047716265646,-187500.02235174447,-187500.02235174447,-187500.02235174447,-187500.02235174447
$SILENCE,1694.664561112471,-7802.569306203045,6463.208074952135,12194.530629459696,-187500.02235174447,-187500.02235174447,-187500.02235174447,-187500.02235174447
$SILENCE,1912.2364416404298,-7796.02024507764,6785.229657319744,12141.646402078439,-187500.02235174447,-187500.02235174447,-187500.02235174447,-187500.02235174447
$SILENCE,2090.513955415959,-7730.484930334679,7245.876758799167,12112.835003475548,-187500.02235174447,-187500.02235174447,-187500.02235174447,-187500.02235174447
$SILENCE,1927.0332964698432,-7732.094255935462,7019.922974100468,12155.660945851916,-187500.02235174447,-187500.02235174447,-187500.02235174447,-187500.02235174447
$SILENCE,1703.8958315725126,-7793.628608420922,6506.972790595626,12201.258504540743,-187500.02235174447,-187500.02235174447,-187500.02235174447,-187500.02235174447
$SILENCE,1851.3502897441733,-7805.229163793227,6681.025824669102,12154.543358629151,-187500.02235174447,-187500.02235174447,-187500.02235174447,-187500.02235174447
$SILENCE,2078.7792895769226,-7741.124360695406,7211.812700249279,12107.694102250827,-187500.02235174447,-187500.02235174447,-187500.02235174447,-187500.02235174447
$SILENCE,1972.8543726032226,-7727.087465177473,7104.278457674797,12136.393742131442,-187500.02235174447,-187500.02235174447,-187500.02235174447,-187500.02235174447
$SILENCE,1731.9919743528337,-7782.028053048618,6576.330253640444,12193.010710836734,-187500.02235174447,-187500.02235174447,-187500.02235174447,-187500.02235174447
$SILENCE,1806.6691525780145,-7812.471128996745,6590.881239280849,12168.31203321362,-187500.02235174447,-187500.02235174447,-187500.02235174447,-187500.02235174447
$SILENCE,2070.397385406183,-7753.596634101467,7155.531007710816,12112.700893008816,-187500.02235174447,-187500.02235174447,-187500.02235174447,-187500.02235174447
$SILENCE,2013.3557335562389,-7725.634601787878,7169.389089273106,12133.219794418788,-187500.02235174447,-187500.02235174447,-187500.02235174447,-187500.02235174447
$SILENCE,1760.4904485333502,-7770.852180820964,6656.930644146281,12188.897989856958,-187500.02235174447,-187500.02235174447,-187500.02235174447,-187500.02235174447
$SILENCE,1757.20474209842,-7813.208736563771,6517.075779089425,12182.661853153928,-187500.02235174447,-187500.02235174447,-187500.02235174447,-187500.02235174447
$SILENCE,2037.8755972237109,-7765.6218726184225,7075.623521283093,12115.830137232559,-187500.02235174447,-187500.02235174447,-187500.02235174447,-187500.02235174447
$SILENCE,2049.029117706909,-7723.265316875615,7221.535709087338,12127.251878649222,-187500.02235174447,-187500.02235174447,-187500.02235174447,-187500.02235174447
$SILENCE,1809.239603190375,-7756.412953902835,6757.334680239521,12187.042795067167,-187500.02235174447,-187500.02235174447,-187500.02235174447,-187500.02235174447
$SILENCE,1729.1980062959203,-7809.163070817361,6477.7143571036295,12191.781364891693,-187500.02235174447,-187500.02235174447,-187500.02235174447,-187500.02235174447
$SILENCE,2000.0787973497866,-7773.623797133422,6983.780203316236,12123.966172214292,-187500.02235174447,-187500.02235174447,-187500.02235174447,-187500.02235174447
$SILENCE,2071.1796964621185,-7721.164252896817,7255.622119381681,12116.746558755227,-187500.02235174447,-187500.02235174447,-187500.02235174447,-187500.02235174447
$SILENCE,1849.9644815879444,-7747.8969392653635,6857.045812254645,12168.356736702532,-187500.02235174447,-187500.02235174447,-187500.02235174447,-187500.02235174447
$SILENCE,1710.9366310759344,-7807.173765560838,6458.491856872065,12196.36347250503,-187500.02235174447,-187500.02235174447,-187500.02235174447,-187500.02235174447
$SILENCE,1954.7271078499687,-7785.716090883743,6874.860152585525,12136.460797364807,-187500.02235174447,-187500.02235174447,-187500.02235174447,-187500.02235174447
$SILENCE,2089.418719937649,-7724.740532009666,7260.6959653730355,12112.92441045337,-187500.02235174447,-187500.02235174447,-187500.02235174447,-187500.02235174447
$SILENCE,1895.8526129546897,-7736.00581121514,6951.99602270079,12161.762972088216,-187500.02235174447,-187500.02235174447,-187500.02235174447,-187500.02235174447
$SILENCE,1708.43323569694,-7797.473108467235,6475.389775680277,12199.872696384513,-187500.02235174447,-187500.02235174447,-187500.02235174447,-187500.02235174447
$SILENCE,1900.61353452367,-7796.310817755559,6762.9896715867135,12149.223643448788,-187500.02235174447,-187500.02235174447,-187500.02235174447,-187500.02235174447
$SILENCE,2094.7607868624673,-7732.049552446551,7246.010869265899,12109.571648785073,-187500.02235174447,-187500.02235174447,-187500.02235174447,-187500.02235174447
$SILENCE,1946.0099275123987,-7729.724971023199,7044.3310790456635,12141.132311955967,-187500.02235174447,-187500.02235174447,-187500.02235174447,-187500.02235174447
$SILENCE,1720.3020120027081,-7784.643207149888,6524.496558248587,12194.463574226329,-187500.02235174447,-187500.02235174447,-187500.02235174447,-187500.02235174447
$SILENCE,1847.6622519090477,-7803.0163410921505,6662.451525026742,12157.918472041902,-187500.02235174447,-187500.02235174447,-187500.02235174447,-187500.02235174447
$SILENCE,2085.708330358068,-7743.583052585489,7207.051778680298,12111.628009274962,-187500.02235174447,-187500.02235174447,-187500.02235174447,-187500.02235174447
$SILENCE,1989.2829047778732,-7726.215747143716,7123.411550928539,12137.44427412084,-187500.02235174447,-187500.02235174447,-187500.02235174447,-187500.02235174447
$SILENCE,1744.598358225627,-7776.551875657067,6594.569277115975,12189.345024746064,-187500.02235174447,-187500.02235174447,-187500.02235174447,-187500.02235174447
$SILENCE,1798.1531379405426,-7809.766567917653,6572.262236149578,12167.037983779668,-187500.02235174447,-187500.02235174447,-187500.02235174447,-187500.02235174447
$SILENCE,2065.4352981371044,-7752.523750367613,7142.879920349112,12108.565820284584,-187500.02235174447,-187500.02235174447,-187500.02235174447,-187500.02235174447
$SILENCE,2025.8280069623004,-7719.376113340392,7189.080976138232,12127.140119926944,-187500.02235174447,-187500.02235174447,-187500.02235174447,-187500.02235174447
$SILENCE,1772.560390539216,-7762.6267388614115,6680.80230722455,12190.708481157837,-187500.02235174447,-187500.02235174447,-187500.02235174447,-187500.02235174447
$SILENCE,1753.7402217078475,-7809.185422561815,6502.636552171297,12184.919379343914,-187500.02235174447,-187500.02235174447,-187500.02235174447,-187500.02235174447
$SILENCE,2028.3984575746606,-7762.939663283785,7055.439896039951,12117.931201211359,-187500.02235174447,-187500.02235174447,-187500.02235174447,-187500.02235174447
$SILENCE,2050.236111907496,-7718.705561006733,7231.057552225298,12122.714474524793,-187500.02235174447,-187500.02235174447,-187500.02235174447,-187500.02235174447
$SILENCE,1815.1628154710313,-7751.249700933659,6776.445421748808,12179.59966416355,-187500.02235174447,-187500.02235174447,-187500.02235174447,-187500.02235174447
$SILENCE,1724.7947126382248,-7802.234030036215,6467.99134826557,12191.893123613969,-187500.02235174447,-187500.02235174447,-187500.02235174447,-187500.02235174447
$SILENCE,1987.6512274326358,-7772.34974769947,6956.488723336306,12122.893288480436,-187500.02235174447,-187500.02235174447,-187500.02235174447,-187500.02235174447
$SILENCE,2073.928961030121,-7721.208956385727,7253.789276336346,12113.930238953859,-187500.02235174447,-187500.02235174447,-187500.02235174447,-187500.02235174447
$SILENCE,1860.4698014819387,-7745.1923781862715,6873.0720130291,12163.88638781147,-187500.02235174447,-187500.02235174447,-187500.02235174447,-187500.02235174447
$SILENCE,1708.8132153526803,-7805.586791704512,6458.402449894244,12189.859114868535,-187500.02235174447,-187500.02235174447,-187500.02235174447,-187500.02235174447
$SILENCE,1944.4453054005273,-7783.8161926050425,6851.279062185176,12135.790245031149,-187500.02235174447,-187500.02235174447,-187500.02235174447,-187500.02235174447
$SILENCE,2090.7598246049674,-7722.103026163939,7258.684308372058,12106.01772141668,-187500.02235174447,-187500.02235174447,-187500.02235174447,-187500.02235174447
$SILENCE,1919.0984271882091,-7734.262375147627,6974.839505534113,12157.538492386162,-187500.02235174447,-187500.02235174447,-187500.02235174447,-187500.02235174447
$SILENCE,1729.7344481628477,-7796.333169500014,6484.755156607051,12198.039853339178,-187500.02235174447,-187500.02235174447,-187500.02235174447,-187500.02235174447
$SILENCE,1911.2082613954858,-7803.68689342581,6736.547557896085,12142.965155001302,-187500.02235174447,-187500.02235174447,-187500.02235174447,-187500.02235174447
$SILENCE,2110.9434498481096,-7740.431456617291,7233.963279004488,12102.44144230383,-187500.02235174447,-187500.02235174447,-187500.02235174447,-187500.02235174447
$SILENCE,1973.7707941258902,-7733.39065711387,7059.753782719825,12139.031247977167,-187500.02235174447,-187500.02235174447,-187500.02235174447,-187500.02235174447
$SILENCE,1741.3797070240626,-7787.057195551061,6533.928994408727,12186.752222389248,-187500.02235174447,-187500.02235174447,-187500.02235174447,-187500.02235174447
$SILENCE,1852.4902287113941,-7805.877364382431,6638.758675904117,12157.247919708243,-187500.02235174447,-187500.02235174447,-187500.02235174447,-187500.02235174447
$SILENCE,2094.090234528808,-7744.231253174693,7196.501755297394,12111.113919152489,-187500.02235174447,-187500.02235174447,-187500.02235174447,-187500.02235174447
$SILENCE,2002.649247962147,-7719.756092996132,7141.047077303777,12135.11969269749,-187500.02235174447,-187500.02235174447,-187500.02235174447,-187500.02235174447
$SILENCE,1747.9958233828336,-7769.622834875922,6610.617829634885,12192.0272340807,-187500.02235174447,-187500.02235174447,-187500.02235174447,-187500.02235174447
$SILENCE,1785.6138093011152,-7804.916239370852,6553.643233018307,12175.531646672684,-187500.02235174447,-187500.02235174447,-187500.02235174447,-187500.02235174447
$SILENCE,2052.9183212421326,-7751.696735822766,7117.26482120333,12109.191669129334,-187500.02235174447,-187500.02235174447,-187500.02235174447,-187500.02235174447
$SILENCE,2023.838701705778,-7717.967953439707,7191.204391861486,12124.882593736958,-187500.02235174447,-187500.02235174447,-187500.02235174447,-187500.02235174447
$SILENCE,1776.851925474635,-7756.859988791942,6696.694397532273,12186.17107703341,-187500.02235174447,-187500.02235174447,-187500.02235174447,-187500.02235174447
$SILENCE,1748.174637338476,-7806.480861482723,6492.533563677498,12189.389728234975,-187500.02235174447,-187500.02235174447,-187500.02235174447,-187500.02235174447
$SILENCE,2031.2594808649399,-7764.258416206649,7038.4078667650065,12123.340323369543,-187500.02235174447,-187500.02235174447,-187500.02235174447,-187500.02235174447
$SILENCE,2065.3458911592834,-7716.582145283479,7237.807779050801,12121.261611135198,-187500.02235174447,-187500.02235174447,-187500.02235174447,-187500.02235174447
$SILENCE,1831.7031063679585,-7749.908596266341,6797.523116770162,12174.16819026091,-187500.02235174447,-187500.02235174447,-187500.02235174447,-187500.02235174447
$SILENCE,1721.8442823701243,-7806.369102760447,6459.900016772749,12190.999053835756,-187500.02235174447,-187500.02235174447,-187500.02235174447,-187500.02235174447
$SILENCE,1984.387872742161,-7777.870628579931,6934.025220158723,12129.241183905744,-187500.02235174447,-187500.02235174447,-187500.02235174447,-187500.02235174447
$SILENCE,2082.489679156504,-7719.510223807124,7258.259625227407,12113.572611042573,-187500.02235174447,-187500.02235174447,-187500.02235174447,-187500.02235174447
$SILENCE,1869.4775544974275,-7740.520863595112,6893.367396994519,12159.55014938714,-187500.02235174447,-187500.02235174447,-187500.02235174447,-187500.02235174447
$SILENCE,1704.7004943729037,-7800.155317801871,6458.80478129444,12190.015577079723,-187500.02235174447,-187500.02235174447,-187500.02235174447,-187500.02235174447
$SILENCE,1929.8272645267564,-7785.939608328296,6827.139178173445,12141.0652567226,-187500.02235174447,-187500.02235174447,-187500.02235174447,-187500.02235174447
$SILENCE,2091.229211238529,-7723.198261642249,7259.15369500562,12112.030340675157,-187500.02235174447,-187500.02235174447,-187500.02235174447,-187500.02235174447
$SILENCE,1919.6572207995919,-7731.401351857347,6995.000779032801,12153.895158039948,-187500.02235174447,-187500.02235174447,-187500.02235174447,-187500.02235174447
$SILENCE,1711.8977560875126,-7789.82881186352,6494.2099445116455,12200.051510340156,-187500.02235174447,-187500.02235174447,-187500.02235174447,-187500.02235174447
$SILENCE,1877.1218511011425,-7800.982332346718,6714.598144840974,12150.989431260758,-187500.02235174447,-187500.02235174447,-187500.02235174447,-187500.02235174447
$SILENCE,2093.196164750596,-7739.447979861257,7226.229575422952,12104.453099304808,-187500.02235174447,-187500.02235174447,-187500.02235174447,-187500.02235174447
$SILENCE,1965.3441864662393,-7729.657915789833,7076.539942805761,12144.172149201888,-187500.02235174447,-187500.02235174447,-187500.02235174447,-187500.02235174447
$SILENCE,1725.3311545051522,-7779.547009414078,6547.675317248741,12202.353740019053,-187500.02235174447,-187500.02235174447,-187500.02235174447,-187500.02235174447
$SILENCE,1820.683696351492,-7803.619838192444,6617.0104285491025,12167.149742501944,-187500.02235174447,-187500.02235174447,-187500.02235174447,-187500.02235174447
$SILENCE,2072.8784290407216,-7742.577224085001,7179.737946955914,12111.53860229714,-187500.02235174447,-187500.02235174447,-187500.02235174447,-187500.02235174447
$SILENCE,1999.4976519939487,-7722.281840119582,7153.228778031919,12132.035151962657,-187500.02235174447,-187500.02235174447,-187500.02235174447,-187500.02235174447
$SILENCE,1751.9967856403334,-7773.333224455503,6628.633335665862,12189.613245679528,-187500.02235174447,-187500.02235174447,-187500.02235174447,-187500.02235174447
$SILENCE,1778.170678397498,-7810.951210373785,6539.069895633447,12178.45972519633,-187500.02235174447,-187500.02235174447,-187500.02235174447,-187500.02235174447
$SILENCE,2053.253597408962,-7756.524712625112,7105.396044897562,12112.879706964459,-187500.02235174447,-187500.02235174447,-187500.02235174447,-187500.02235174447
$SILENCE,2035.8415884782778,-7721.387770341369,7202.693188511514,12116.67950352186,-187500.02235174447,-187500.02235174447,-187500.02235174447,-187500.02235174447
$SILENCE,1789.6594750475258,-7757.44113414778,6717.593278597985,12182.17011477591,-187500.02235174447,-187500.02235174447,-187500.02235174447,-187500.02235174447
$SILENCE,1739.4574570009063,-7808.492518483701,6485.783336851995,12187.534533445185,-187500.02235174447,-187500.02235174447,-187500.02235174447,-187500.02235174447
$SILENCE,2014.2721550789065,-7766.5606458855455,7019.028904322256,12121.529832068663,-187500.02235174447,-187500.02235174447,-187500.02235174447,-187500.02235174447
$SILENCE,2065.1447254591853,-7718.772616240099,7252.135247246653,12117.998256444724,-187500.02235174447,-187500.02235174447,-187500.02235174447,-187500.02235174447
$SILENCE,1839.5709204162265,-7748.72395381021,6829.0837799410565,12175.68810888387,-187500.02235174447,-187500.02235174447,-187500.02235174447,-187500.02235174447
$SILENCE,1718.62563116856,-7805.363274259958,6464.70564183064,12195.22353353781,-187500.02235174447,-187500.02235174447,-187500.02235174447,-187500.02235174447
$SILENCE,1971.4462127025383,-7782.16216351535,6914.802719927159,12129.934087983858,-187500.02235174447,-187500.02235174447,-187500.02235174447,-187500.02235174447
$SILENCE,2082.3108652008614,-7723.108854664428,7265.233369497463,12112.25385811971,-187500.02235174447,-187500.02235174447,-187500.02235174447,-187500.02235174447
$SILENCE,1880.1393366026089,-7739.3809246278915,6924.36926655403,12156.577367374584,-187500.02235174447,-187500.02235174447,-187500.02235174447,-187500.02235174447
$SILENCE,1705.0357705397334,-7800.9599806022625,6468.3266244324,12192.27310326971,-187500.02235174447,-187500.02235174447,-187500.02235174447,-187500.02235174447
$SILENCE,1919.9030899886002,-7794.3215124990365,6802.574611017062,12140.64057357795,-187500.02235174447,-187500.02235174447,-187500.02235174447,-187500.02235174447
$SILENCE,2093.4420339396042,-7731.401351857347,7254.973918792477,12111.024512174668,-187500.02235174447,-187500.02235174447,-187500.02235174447,-187500.02235174447
$SILENCE,1934.0517442288094,-7733.681229791789,7017.732503143848,12152.554053372629,-187500.02235174447,-187500.02235174447,-187500.02235174447,-187500.02235174447
$SILENCE,1716.4128084674846,-7790.253495008171,6504.983485339104,12198.151612061456,-187500.02235174447,-187500.02235174447,-187500.02235174447,-187500.02235174447
$SILENCE,1867.1753248185307,-7802.457547480768,6693.319284119521,12153.716344084305,-187500.02235174447,-187500.02235174447,-187500.02235174447,-187500.02235174447
$SILENCE,2089.731644360023,-7739.24681416116,7222.340371887729,12106.844735961526,-187500.02235174447,-187500.02235174447,-187500.02235174447,-187500.02235174447
$SILENCE,1975.2683610043957,-7726.081636676984,7100.478661117395,12138.472454365785,-187500.02235174447,-187500.02235174447,-187500.02235174447,-187500.02235174447
$SILENCE,1733.0872098311438,-7781.558666415056,6566.674300035751,12194.955312604347,-187500.02235174447,-187500.02235174447,-187500.02235174447,-187500.02235174447
$SILENCE,1814.9840015153889,-7810.392416762402,6599.1066812404015,12170.45780068133,-187500.02235174447,-187500.02235174447,-187500.02235174447,-187500.02235174447
$SILENCE,2072.610208107258,-7748.925119510308,7165.119906082143,12111.583305786051,-187500.02235174447,-187500.02235174447,-187500.02235174447,-187500.02235174447
$SILENCE,2011.7911114443675,-7720.448997074247,7166.70687993847,12132.884518251958,-187500.02235174447,-187500.02235174447,-187500.02235174447,-187500.02235174447
$SILENCE,1765.0949078911435,-7767.655881363855,6650.135713831868,12189.210914279332,-187500.02235174447,-187500.02235174447,-187500.02235174447,-187500.02235174447
$SILENCE,1769.1182218930987,-7810.794748162598,6524.563613481952,12179.152629274444,-187500.02235174447,-187500.02235174447,-187500.02235174447,-187500.02235174447
$SILENCE,2041.6977455255683,-7761.352689427458,7085.659454543526,12115.561916299095,-187500.02235174447,-187500.02235174447,-187500.02235174447,-187500.02235174447
$SILENCE,2046.3022048833616,-7720.38194184088,7217.512395085382,12124.949648970325,-187500.02235174447,-187500.02235174447,-187500.02235174447,-187500.02235174447
$SILENCE,1803.3163909097186,-7757.374078914414,6740.1014852644785,12180.69489964186,-187500.02235174447,-187500.02235174447,-187500.02235174447,-187500.02235174447
$SILENCE,1733.690706931437,-7812.471128996745,6471.522923889509,12188.272141012209,-187500.02235174447,-187500.02235174447,-187500.02235174447,-187500.02235174447
$SILENCE,2007.0525416198425,-7775.233122734204,6989.189325474421,12124.033227447657,-187500.02235174447,-187500.02235174447,-187500.02235174447,-187500.02235174447
$SILENCE,2071.2467516954844,-7724.29349712056,7244.736819831946,12111.605657530507,-187500.02235174447,-187500.02235174447,-187500.02235174447,-187500.02235174447
$SILENCE,1851.752621144369,-7748.746305554665,6839.7679137906935,12166.74741110175,-187500.02235174447,-187500.02235174447,-187500.02235174447,-187500.02235174447
$SILENCE,1719.430293968951,-7807.106710327472,6458.022470238504,12196.475231227307,-187500.02235174447,-187500.02235174447,-187500.02235174447,-187500.02235174447
$SILENCE,1963.3772329541723,-7786.610160661956,6885.343120735064,12134.739713041748,-187500.02235174447,-187500.02235174447,-187500.02235174447,-187500.02235174447
$SILENCE,2091.3633217052607,-7726.931002966286,7260.472447928482,12112.767948242183,-187500.02235174447,-187500.02235174447,-187500.02235174447,-187500.02235174447
$SILENCE,1900.0547409122876,-7740.610270572934,6941.289537106698,12158.276099953187,-187500.02235174447,-187500.02235174447,-187500.02235174447,-187500.02235174447
$SILENCE,1708.6120496525825,-7803.262210281159,6467.656072098741,12191.155516046943,-187500.02235174447,-187500.02235174447,-187500.02235174447,-187500.02235174447
$SILENCE,1909.196604394508,-7798.389529989902,6774.947854870303,12140.2158904333,-187500.02235174447,-187500.02235174447,-187500.02235174447,-187500.02235174447
$SILENCE,2096.861850841266,-7730.395523356859,7249.877721056667,12109.21402087379,-187500.02235174447,-187500.02235174447,-187500.02235174447,-187500.02235174447
$SILENCE,1944.6688228450803,-7728.272107633604,7035.122160330076,12152.062314994611,-187500.02235174447,-187500.02235174447,-187500.02235174447,-187500.02235174447
$SILENCE,1717.463340456884,-7788.979445574218,6512.3372092649,12196.542286460673,-187500.02235174447,-187500.02235174447,-187500.02235174447,-187500.02235174447
$SILENCE,1854.1442578010867,-7802.949285858785,6669.4252692967975,12156.286794696665,-187500.02235174447,-187500.02235174447,-187500.02235174447,-187500.02235174447
$SILENCE,2089.910458315666,-7737.81630251602,7209.71163627048,12110.152794140911,-187500.02235174447,-187500.02235174447,-187500.02235174447,-187500.02235174447
$SILENCE,1990.4451954895492,-7722.795930242054,7113.241507201375,12140.081779966567,-187500.02235174447,-187500.02235174447,-187500.02235174447,-187500.02235174447
$SILENCE,1744.173675080976,-7773.087355266494,6580.979416487148,12195.581161449094,-187500.02235174447,-187500.02235174447,-187500.02235174447,-187500.02235174447
$SILENCE,1803.07052172071,-7803.239858536704,6577.581951329941,12173.005899549235,-187500.02235174447,-187500.02235174447,-187500.02235174447,-187500.02235174447
$SILENCE,2064.1165452142413,-7746.041744475573,7146.098571550677,12115.24899187672,-187500.02235174447,-187500.02235174447,-187500.02235174447,-187500.02235174447
$SILENCE,2020.7318092264902,-7718.437340073269,7176.362833543162,12134.739713041748,-187500.02235174447,-187500.02235174447,-187500.02235174447,-187500.02235174447
$SILENCE,1772.9627219394115,-7763.029070261607,6669.089993129968,12194.307112015142,-187500.02235174447,-187500.02235174447,-187500.02235174447,-187500.02235174447
$SILENCE,1762.524457278783,-7807.129062071927,6511.532546464508,12188.98739683478,-187500.02235174447,-187500.02235174447,-187500.02235174447,-187500.02235174447
$SILENCE,2040.1778269026074,-7759.765715571131,7066.481657800872,12123.317971625087,-187500.02235174447,-187500.02235174447,-187500.02235174447,-187500.02235174447
$SILENCE,2053.8794462537107,-7717.856194717431,7225.626078322659,12125.44138734834,-187500.02235174447,-187500.02235174447,-187500.02235174447,-187500.02235174447
$SILENCE,1817.8673765501235,-7751.495570122668,6766.72241291075,12184.40528922144,-187500.02235174447,-187500.02235174447,-187500.02235174447,-187500.02235174447
$SILENCE,1733.757762164803,-7803.485727725712,6470.785316322484,12196.475231227307,-187500.02235174447,-187500.02235174447,-187500.02235174447,-187500.02235174447
$SILENCE,1999.3411897827614,-7771.142753498883,6968.513961853262,12130.090550195046,-187500.02235174447,-187500.02235174447,-187500.02235174447,-187500.02235174447
$SILENCE,2081.282684955917,-7719.599630784945,7251.487046657449,12118.646457033929,-187500.02235174447,-187500.02235174447,-187500.02235174447,-187500.02235174447
$SILENCE,1866.5494759737821,-7741.280822906593,6866.277082714687,12176.157495517433,-187500.02235174447,-187500.02235174447,-187500.02235174447,-187500.02235174447
$SILENCE,1709.595526408616,-7799.283599768115,6458.313042916423,12203.359568519541,-187500.02235174447,-187500.02235174447,-187500.02235174447,-187500.02235174447
$SILENCE,1947.552197879815,-7781.893942581885,6858.856303555525,12142.16049220091,-187500.02235174447,-187500.02235174447,-187500.02235174447,-187500.02235174447
$SILENCE,2096.168946763152,-7723.131206408883,7255.3538984482175,12114.73490175425,-187500.02235174447,-187500.02235174447,-187500.02235174447,-187500.02235174447
$SILENCE,1917.869081243167,-7733.368305369414,6961.026127460734,12166.74741110175,-187500.02235174447,-187500.02235174447,-187500.02235174447,-187500.02235174447
$SILENCE,1717.7315613903477,-7789.8064601190645,6478.071985014914,12209.148670333467,-187500.02235174447,-187500.02235174447,-187500.02235174447,-187500.02235174447
$SILENCE,1902.200508379997,-7792.06398630905,6750.338584225009,12155.951518529835,-187500.02235174447,-187500.02235174447,-187500.02235174447,-187500.02235174447
$SILENCE,2095.9454293185986,-7727.378037855392,7240.266470940885,12118.53469831165,-187500.02235174447,-187500.02235174447,-187500.02235174447,-187500.02235174447
$SILENCE,1956.4034886841166,-7723.287668620071,7054.344660561641,12160.444219165352,-187500.02235174447,-187500.02235174447,-187500.02235174447,-187500.02235174447
$SILENCE,1725.5099684607947,-7783.235047249204,6527.335229794411,12209.238077311287,-187500.02235174447,-187500.02235174447,-187500.02235174447,-187500.02235174447
$SILENCE,1843.5048274403607,-7801.630532935922,6644.0113358511135,12174.436411194374,-187500.02235174447,-187500.02235174447,-187500.02235174447,-187500.02235174447
$SILENCE,2089.7986995933893,-7736.654011804344,7194.8924296966115,12123.519137325186,-187500.02235174447,-187500.02235174447,-187500.02235174447,-187500.02235174447
$SILENCE,1996.971904870499,-7720.650162774345,7126.429036430006,12147.748428314737,-187500.02235174447,-187500.02235174447,-187500.02235174447,-187500.02235174447
não,1748.3087478052078,-7773.601445388967,6595.016312005081,12204.678321442405,-187500.02235174447,-187500.02235174447,-187500.02235174447,-187500.02235174447
não,1793.9286582384896,-7805.787957404609,6556.638366775319,12186.573408433605,-187500.02235174447,-187500.02235174447,-187500.02235174447,-187500.02235174447
não,2057.2322079220066,-7749.9532997552515,7126.9207748080225,12123.49678558073,-187500.02235174447,-187500.02235174447,-187500.02235174447,-187500.02235174447
não,2030.030134919898,-7716.38097958338,7189.796231960801,12142.16049220091,-187500.02235174447,-187500.02235174447,-187500.02235174447,-187500.02235174447
não,1794.3086378942298,-7757.9328725257965,6691.508792818641,12204.678321442405,-187500.02235174447,-187500.02235174447,-187500.02235174447,-187500.02235174447
não,1757.3612043096073,-7807.0620068385615,6498.054444557959,12201.79494640767,-187500.02235174447,-187500.02235174447,-187500.02235174447,-187500.02235174447
não,2032.4664750655265,-7761.464448149735,7044.599299979127,12136.907832253914,-187500.02235174447,-187500.02235174447,-187500.02235174447,-187500.02235174447
não,2063.4906963694925,-7717.81149122852,7233.784465048846,12141.44523637834,-187500.02235174447,-187500.02235174447,-187500.02235174447,-187500.02235174447
não,1822.784760330291,-7750.601500344455,6784.2014770748,12196.564638205129,-187500.02235174447,-187500.02235174447,-187500.02235174447,-187500.02235174447
não,1729.1309510625545,-7804.022169592639,6467.343147676367,12210.1321470895,-187500.02235174447,-187500.02235174447,-187500.02235174447,-187500.02235174447
não,2003.6997799515464,-7772.0815267660055,6950.7666767557475,12153.090495239556,-187500.02235174447,-187500.02235174447,-187500.02235174447,-187500.02235174447
não,2088.994036792998,-7717.543270295057,7256.7620583489015,12140.797035789137,-187500.02235174447,-187500.02235174447,-187500.02235174447,-187500.02235174447
não,1885.2578860828742,-7738.822131016509,6887.153612035944,12194.88825737098,-187500.02235174447,-187500.02235174447,-187500.02235174447,-187500.02235174447
não,1720.950212591912,-7798.076605567528,6451.629871324286,12214.244868069276,-187500.02235174447,-187500.02235174447,-187500.02235174447,-187500.02235174447
não,1939.4385146425386,-7783.413861204846,6824.8593002390035,12147.010820747713,-187500.02235174447,-187500.02235174447,-187500.02235174447,-187500.02235174447
não,2103.254449755484,-7721.141901152361,7259.801895594824,12134.113864197001,-187500.02235174447,-187500.02235174447,-187500.02235174447,-187500.02235174447
não,1916.61738355367,-7731.826035001998,6979.399261402997,12179.733774630282,-187500.02235174447,-187500.02235174447,-187500.02235174447,-187500.02235174447
não,1719.8326253691466,-7785.023186805629,6508.984447596604,12234.27203110123,-187500.02235174447,-187500.02235174447,-187500.02235174447,-187500.02235174447
não,1887.5377640173156,-7794.299160754581,6736.726371851728,12180.381975219487,-187500.02235174447,-187500.02235174447,-187500.02235174447,-187500.02235174447
não,2086.1106617582636,-7730.395523356859,7217.400636363106,12131.655172306917,-187500.02235174447,-187500.02235174447,-187500.02235174447,-187500.02235174447
não,1960.2703404748847,-7713.676418504288,7058.211512352409,12167.417963435408,-187500.02235174447,-187500.02235174447,-187500.02235174447,-187500.02235174447
não,1735.9258813769677,-7763.230235961704,6529.279831562023,12219.721045460827,-187500.02235174447,-187500.02235174447,-187500.02235174447,-187500.02235174447
não,1838.9227198270225,-7793.650960165377,6642.111437572413,12197.615170194527,-187500.02235174447,-187500.02235174447,-187500.02235174447,-187500.02235174447
não,2082.8920105566995,-7731.557814068534,7194.534801785327,12145.222681191288,-187500.02235174447,-187500.02235174447,-187500.02235174447,-187500.02235174447
não,2000.905811894633,-7725.1205116654055,7140.8906150925895,12161.271233710198,-187500.02235174447,-187500.02235174447,-187500.02235174447,-187500.02235174447
não,1729.4885789738394,-7797.629570678422,6578.096041452413,12203.918362130924,-187500.02235174447,-187500.02235174447,-187500.02235174447,-187500.02235174447
não,1784.205649400431,-7802.166974802849,6527.514043750053,12215.205993080854,-187500.02235174447,-187500.02235174447,-187500.02235174447,-187500.02235174447
não,2060.4955626124815,-7740.498511850657,7120.327010193707,12157.02440226369,-187500.02235174447,-187500.02235174447,-187500.02235174447,-187500.02235174447
não,2011.098207366253,-7736.855177504442,7186.309359825774,12142.205195689821,-187500.02235174447,-187500.02235174447,-187500.02235174447,-187500.02235174447
não,1770.30286434923,-7770.718070354233,6682.4563363142415,12216.591801237084,-187500.02235174447,-187500.02235174447,-187500.02235174447,-187500.02235174447
não,1744.1289715920655,-7803.1280998144275,6480.217752482624,12214.803661680658,-187500.02235174447,-187500.02235174447,-187500.02235174447,-187500.02235174447
não,2002.291620050862,-7775.411936689847,6997.817098834169,12139.59004158855,-187500.02235174447,-187500.02235174447,-187500.02235174447,-187500.02235174447
não,2044.1117339267414,-7731.446055346258,7205.375397846151,12138.673620065883,-187500.02235174447,-187500.02235174447,-187500.02235174447,-187500.02235174447
não,1825.042286520277,-7753.328413168003,6804.362750573487,12195.245885282266,-187500.02235174447,-187500.02235174447,-187500.02235174447,-187500.02235174447
não,1707.628572896549,-7817.544974988101,6444.387906120766,12206.913495887935,-187500.02235174447,-187500.02235174447,-187500.02235174447,-187500.02235174447
não,1959.9797677969657,-7798.456585223268,6887.757109136237,12146.40732364742,-187500.02235174447,-187500.02235174447,-187500.02235174447,-187500.02235174447
não,2085.1718884911406,-7727.378037855392,7255.95739554851,12149.625974848983,-187500.02235174447,-187500.02235174447,-187500.02235174447,-187500.02235174447
não,1868.427022508028,-7753.641337590378,6890.282856259687,12179.376146718998,-187500.02235174447,-187500.02235174447,-187500.02235174447,-187500.02235174447
não,1678.0572149821778,-7830.844262939008,6421.253850609523,12195.670568426916,-187500.02235174447,-187500.02235174447,-187500.02235174447,-187500.02235174447
não,1908.9954386944103,-7809.073663839539,6790.415262033375,12166.121562257,-187500.02235174447,-187500.02235174447,-187500.02235174447,-187500.02235174447
não,2080.6791878556237,-7736.899880993353,7248.8942443006335,12116.768910499683,-187500.02235174447,-187500.02235174447,-187500.02235174447,-187500.02235174447
não,1921.2218429114632,-7738.509206594134,6997.392415689518,12161.226530221287,-187500.02235174447,-187500.02235174447,-187500.02235174447,-187500.02235174447
não,1687.5567063756832,-7810.951210373785,6467.879589543294,12184.606454921539,-187500.02235174447,-187500.02235174447,-187500.02235174447,-187500.02235174447
não,1853.429001978517,-7816.941477887807,6717.816796042538,12163.953443044835,-187500.02235174447,-187500.02235174447,-187500.02235174447,-187500.02235174447
não,2068.162210960652,-7764.504285395657,7212.595011305215,12108.610523773496,-187500.02235174447,-187500.02235174447,-187500.02235174447,-187500.02235174447
não,1926.1839301805414,-7770.338090698492,7025.577965447661,12128.704742038815,-187500.02235174447,-187500.02235174447,-187500.02235174447,-187500.02235174447
não,1700.7665873487697,-7810.25830629567,6522.976639625626,12193.45774572584,-187500.02235174447,-187500.02235174447,-187500.02235174447,-187500.02235174447
não,1793.5710303272047,-7831.559518761578,6570.094116937414,12159.326631942587,-187500.02235174447,-187500.02235174447,-187500.02235174447,-187500.02235174447
não,2049.4090973626494,-7772.886189566397,7130.005315542855,12106.643570261427,-187500.02235174447,-187500.02235174447,-187500.02235174447,-187500.02235174447
não,1978.710529650513,-7752.00966024514,7122.115149750131,12128.861204250003,-187500.02235174447,-187500.02235174447,-187500.02235174447,-187500.02235174447
não,1725.3088027606968,-7798.367178245447,6615.69167562624,12183.801792121149,-187500.02235174447,-187500.02235174447,-187500.02235174447,-187500.02235174447
não,1741.4244105129733,-7835.158149618883,6522.127273336324,12176.246902495253,-187500.02235174447,-187500.02235174447,-187500.02235174447,-187500.02235174447
não,2022.0058586604428,-7782.20686700426,7085.704158032437,12118.154718655911,-187500.02235174447,-187500.02235174447,-187500.02235174447,-187500.02235174447
não,2014.5403760123702,-7748.366325898925,7175.558170742771,12118.467643078286,-187500.02235174447,-187500.02235174447,-187500.02235174447,-187500.02235174447
não,1774.0356056732662,-7786.498401939679,6699.466013844731,12192.898952114458,-187500.02235174447,-187500.02235174447,-187500.02235174447,-187500.02235174447
não,1710.62370665356,-7839.449684554302,6449.618214323308,12182.79596362066,-187500.02235174447,-187500.02235174447,-187500.02235174447,-187500.02235174447
não,1976.0953755492421,-7801.295256769092,6969.229217675832,12108.744634240227,-187500.02235174447,-187500.02235174447,-187500.02235174447,-187500.02235174447
não,2045.899873483166,-7747.293442165071,7224.039104466332,12119.696989023327,-187500.02235174447,-187500.02235174447,-187500.02235174447,-187500.02235174447
não,1815.7663125713245,-7773.176762244316,6815.739788501238,12168.870826825003,-187500.02235174447,-187500.02235174447,-187500.02235174447,-187500.02235174447
não,1693.9269535454457,-7827.1338733594275,6447.763019533518,12192.720138158815,-187500.02235174447,-187500.02235174447,-187500.02235174447,-187500.02235174447
não,1944.557064122804,-7812.515832485657,6874.189600251866,12122.401550102419,-187500.02235174447,-187500.02235174447,-187500.02235174447,-187500.02235174447
não,2056.762821288445,-7759.6316051044,7232.800988292813,12090.01387238668,-187500.02235174447,-187500.02235174447,-187500.02235174447,-187500.02235174447
não,1862.8614381386565,-7773.355576199959,6911.807586170147,12146.07204748059,-187500.02235174447,-187500.02235174447,-187500.02235174447,-187500.02235174447
não,1698.4196541809624,-7829.614916993966,6487.325607219411,12182.751260131748,-187500.02235174447,-187500.02235174447,-187500.02235174447,-187500.02235174447
não,1898.7359879894243,-7826.396265792402,6778.591189216518,12133.666829307895,-187500.02235174447,-187500.02235174447,-187500.02235174447,-187500.02235174447
não,2094.514917673459,-7767.4994191526675,7255.309194959306,12090.595017742518,-187500.02235174447,-187500.02235174447,-187500.02235174447,-187500.02235174447
não,1916.1703486645638,-7763.587863872989,7009.752930373304,12129.01766646119,-187500.02235174447,-187500.02235174447,-187500.02235174447,-187500.02235174447
não,1695.0668925126663,-7822.596469235,6503.552973693964,12177.610358907028,-187500.02235174447,-187500.02235174447,-187500.02235174447,-187500.02235174447
não,1840.621452405626,-7835.091094385517,6674.0073769101355,12134.113864197001,-187500.02235174447,-187500.02235174447,-187500.02235174447,-187500.02235174447
não,2066.843458037789,-7777.311834968547,7192.880772695634,12071.618386699962,-187500.02235174447,-187500.02235174447,-187500.02235174447,-187500.02235174447
não,1948.4686194024825,-7764.39252667338,7082.73137601988,12108.834041218048,-187500.02235174447,-187500.02235174447,-187500.02235174447,-187500.02235174447
não,1700.2972007152082,-7821.3224198010475,6541.796808456995,12176.60453040654,-187500.02235174447,-187500.02235174447,-187500.02235174447,-187500.02235174447
não,1774.6614545180148,-7847.071629413561,6567.210741902679,12146.228509691777,-187500.02235174447,-187500.02235174447,-187500.02235174447,-187500.02235174447
não,2029.2925273528729,-7786.721919384232,7138.007240057856,12081.073174604557,-187500.02235174447,-187500.02235174447,-187500.02235174447,-187500.02235174447
não,1975.4695267044935,-7756.9940992586735,7161.878903136123,12101.502669036707,-187500.02235174447,-187500.02235174447,-187500.02235174447,-187500.02235174447
não,1729.332116762652,-7805.475032982235,6649.711030687217,12158.03023076418,-187500.02235174447,-187500.02235174447,-187500.02235174447,-187500.02235174447
não,1718.2009480239092,-7848.569196292066,6502.658903915752,12142.16049220091,-187500.02235174447,-187500.02235174447,-187500.02235174447,-187500.02235174447
não,1989.7299396669794,-7800.200021290782,7063.6429862550485,12078.525075736652,-187500.02235174447,-187500.02235174447,-187500.02235174447,-187500.02235174447
não,2011.1876143440743,-7756.480009136201,7222.876813754656,12095.177125355856,-187500.02235174447,-187500.02235174447,-187500.02235174447,-187500.02235174447
não,1763.686747990459,-7790.074681052528,6751.925558081336,12147.457855636818,-187500.02235174447,-187500.02235174447,-187500.02235174447,-187500.02235174447
não,1677.4760696263397,-7839.539091532122,6457.351917904844,12154.789227818159,-187500.02235174447,-187500.02235174447,-187500.02235174447,-187500.02235174447
não,1943.2383111999407,-7805.16210855986,6965.831752518625,12091.690253220828,-187500.02235174447,-187500.02235174447,-187500.02235174447,-187500.02235174447
não,2020.128312126197,-7754.580110857501,7246.368497177184,12087.756346196693,-187500.02235174447,-187500.02235174447,-187500.02235174447,-187500.02235174447
não,1804.5680885992158,-7776.551875657067,6852.597815108039,12147.346096914542,-187500.02235174447,-187500.02235174447,-187500.02235174447,-187500.02235174447
não,1659.8405432511024,-7837.192158364315,6452.23336842458,12174.861094339025,-187500.02235174447,-187500.02235174447,-187500.02235174447,-187500.02235174447
não,1899.428892067539,-7812.73934993021,6864.019556524701,12111.1586226414,-187500.02235174447,-187500.02235174447,-187500.02235174447,-187500.02235174447
não,2039.127294913208,-7753.686041079288,7252.314061202295,12080.469677504263,-187500.02235174447,-187500.02235174447,-187500.02235174447,-187500.02235174447
não,1854.7030514124694,-7768.684061608799,6951.034897689212,12125.262573392698,-187500.02235174447,-187500.02235174447,-187500.02235174447,-187500.02235174447
não,1664.6014648200828,-7824.384608791424,6475.255665213545,12169.586082647573,-187500.02235174447,-187500.02235174447,-187500.02235174447,-187500.02235174447
não,1858.7934206477905,-7818.2155273217595,6759.838075618515,12120.434596590352,-187500.02235174447,-187500.02235174447,-187500.02235174447,-187500.02235174447
não,2046.1680944166299,-7755.96591901373,7238.299517428818,12082.660148460884,-187500.02235174447,-187500.02235174447,-187500.02235174447,-187500.02235174447
não,1896.9031449440893,-7758.893997537375,7036.887948142046,12125.530794326163,-187500.02235174447,-187500.02235174447,-187500.02235174447,-187500.02235174447
não,1675.1738399474432,-7813.5440127306,6516.67344768923,12176.850399595547,-187500.02235174447,-187500.02235174447,-187500.02235174447,-187500.02235174447
não,1805.7974345442576,-7818.103768599483,6660.372812792399,12137.69014330985,-187500.02235174447,-187500.02235174447,-187500.02235174447,-187500.02235174447
não,2047.0174607059314,-7753.395468401369,7229.403523135606,12086.05761361809,-187500.02235174447,-187500.02235174447,-187500.02235174447,-187500.02235174447
não,1942.6795175885582,-7742.040782218073,7137.671963891025,12113.81848023158,-187500.02235174447,-187500.02235174447,-187500.02235174447,-187500.02235174447
não,1700.9454013044121,-7806.659675438366,6587.707291568196,12164.087553511567,-187500.02235174447,-187500.02235174447,-187500.02235174447,-187500.02235174447
não,1766.3913090695512,-7830.106655371983,6580.979416487148,12149.223643448788,-187500.02235174447,-187500.02235174447,-187500.02235174447,-187500.02235174447
não,2024.2633848504288,-7773.3108727110475,7132.7322283664025,12103.335512082043,-187500.02235174447,-187500.02235174447,-187500.02235174447,-187500.02235174447
não,1989.5287739668815,-7731.267241390615,7197.149955886598,12116.746558755227,-187500.02235174447,-187500.02235174447,-187500.02235174447,-187500.02235174447
não,1723.788884137736,-7781.804535604065,6655.611891223418,12167.417963435408,-187500.02235174447,-187500.02235174447,-187500.02235174447,-187500.02235174447
não,1708.2991252302081,-7829.301992571592,6494.0311305560035,12167.306204713132,-187500.02235174447,-187500.02235174447,-187500.02235174447,-187500.02235174447
não,1992.5015559794374,-7783.726785627221,7055.0152128953005,12105.548334783118,-187500.02235174447,-187500.02235174447,-187500.02235174447,-187500.02235174447
não,2008.0807218647865,-7736.139921681872,7225.916651000578,12099.714529480283,-187500.02235174447,-187500.02235174447,-187500.02235174447,-187500.02235174447
não,1777.522477808294,-7766.761811585643,6773.562046714073,12164.132257000478,-187500.02235174447,-187500.02235174447,-187500.02235174447,-187500.02235174447
não,1687.2437819533088,-7819.109597099972,6467.2090372096345,12185.187600277377,-187500.02235174447,-187500.02235174447,-187500.02235174447,-187500.02235174447
não,1954.168314238586,-7787.615989162445,6960.266168149254,12117.886497722448,-187500.02235174447,-187500.02235174447,-187500.02235174447,-187500.02235174447
não,2037.0709344233198,-7736.408142615336,7250.257700712407,12102.240276603732,-187500.02235174447,-187500.02235174447,-187500.02235174447,-187500.02235174447
não,1827.6797923660033,-7758.893997537375,6870.590969394561,12159.97483253179,-187500.02235174447,-187500.02235174447,-187500.02235174447,-187500.02235174447
não,1672.2010579348873,-7817.679085454833,6456.9942899935595,12183.466515954318,-187500.02235174447,-187500.02235174447,-187500.02235174447,-187500.02235174447
não,1904.5027380588936,-7799.618875934944,6853.40247790843,12124.815538503593,-187500.02235174447,-187500.02235174447,-187500.02235174447,-187500.02235174447
não,2049.0067659624538,-7739.29151765007,7260.986538050955,12095.959436411791,-187500.02235174447,-187500.02235174447,-187500.02235174447,-187500.02235174447
não,1868.0246911078325,-7753.216654445727,6967.508133352773,12142.093436967545,-187500.02235174447,-187500.02235174447,-187500.02235174447,-187500.02235174447
não,1677.6325318375268,-7808.269001039148,6482.430575183699,12193.949484103858,-187500.02235174447,-187500.02235174447,-187500.02235174447,-187500.02235174447
não,1861.1850573045085,-7809.967733617751,6739.967374797747,12141.825216034082,-187500.02235174447,-187500.02235174447,-187500.02235174447,-187500.02235174447
não,2061.300225412873,-7753.015488745629,7239.14888371812,12103.268456848677,-187500.02235174447,-187500.02235174447,-187500.02235174447,-187500.02235174447
não,1924.8651772576784,-7746.19820668676,7064.201779866431,12140.97584974478,-187500.02235174447,-187500.02235174447,-187500.02235174447,-187500.02235174447
não,1687.8696307980576,-7797.629570678422,6534.934822909216,12187.646292167461,-187500.02235174447,-187500.02235174447,-187500.02235174447,-187500.02235174447
não,1803.6740188210035,-7818.55080348859,6642.446713739242,12146.139102713956,-187500.02235174447,-187500.02235174447,-187500.02235174447,-187500.02235174447
não,2051.800734019367,-7753.10489572345,7202.693188511514,12103.424919059864,-187500.02235174447,-187500.02235174447,-187500.02235174447,-187500.02235174447
não,1963.3548812097172,-7735.581128070489,7139.236586002897,12129.487053094752,-187500.02235174447,-187500.02235174447,-187500.02235174447,-187500.02235174447
não,1710.4895961868283,-7787.817154862542,6601.341855685932,12178.303262985142,-187500.02235174447,-187500.02235174447,-187500.02235174447,-187500.02235174447
não,1754.9025124195234,-7818.908431399875,6557.398326086799,12168.714364613816,-187500.02235174447,-187500.02235174447,-187500.02235174447,-187500.02235174447
não,2029.0243064194092,-7763.386698172892,7132.061676032744,12114.310218609598,-187500.02235174447,-187500.02235174447,-187500.02235174447,-187500.02235174447
não,2000.2799630498844,-7732.764808269121,7200.010979176877,12123.340323369543,-187500.02235174447,-187500.02235174447,-187500.02235174447,-187500.02235174447
não,1760.9821869113669,-7774.651977378367,6715.80513904156,12180.672547897406,-187500.02235174447,-187500.02235174447,-187500.02235174447,-187500.02235174447
não,1728.885081873546,-7818.729617444232,6527.916375150249,12176.760992617727,-187500.02235174447,-187500.02235174447,-187500.02235174447,-187500.02235174447
não,1981.8174221298007,-7778.228256491216,7017.911317099491,12121.373369857476,-187500.02235174447,-187500.02235174447,-187500.02235174447,-187500.02235174447
não,2024.4198470616159,-7733.591822813967,7227.347162645718,12123.697951280827,-187500.02235174447,-187500.02235174447,-187500.02235174447,-187500.02235174447
não,1790.173565169998,-7762.000890016662,6794.684445224339,12172.581216404584,-187500.02235174447,-187500.02235174447,-187500.02235174447,-187500.02235174447
não,1689.4119011654736,-7815.108634842472,6463.878627285794,12194.061242826134,-187500.02235174447,-187500.02235174447,-187500.02235174447,-187500.02235174447
não,1949.228578713963,-7790.432308963813,6933.9805166698125,12125.888422237447,-187500.02235174447,-187500.02235174447,-187500.02235174447,-187500.02235174447
não,2042.54711181487,-7733.837692002976,7253.833979825256,12106.665922005883,-187500.02235174447,-187500.02235174447,-187500.02235174447,-187500.02235174447
não,1837.8051326042573,-7748.6568985768445,6898.4635947303295,12177.923283329403,-187500.02235174447,-187500.02235174447,-187500.02235174447,-187500.02235174447
não,1672.4916306128064,-7809.744216173198,6461.285824928978,12206.824088910114,-187500.02235174447,-187500.02235174447,-187500.02235174447,-187500.02235174447
não,1898.0654356557652,-7798.344826500992,6822.44531183783,12140.886442766958,-187500.02235174447,-187500.02235174447,-187500.02235174447,-187500.02235174447
não,2053.4324113646044,-7735.312907137026,7248.3130989447955,12105.570686527573,-187500.02235174447,-187500.02235174447,-187500.02235174447,-187500.02235174447
não,1884.9002581715893,-7735.9164042373195,6991.513906897772,12159.036059264668,-187500.02235174447,-187500.02235174447,-187500.02235174447,-187500.02235174447
não,1679.0406917382113,-7798.21071603426,6499.328493991911,12208.947504633368,-187500.02235174447,-187500.02235174447,-187500.02235174447,-187500.02235174447
não,1846.879940853112,-7807.486689983212,6721.728351322216,12158.656079608927,-187500.02235174447,-187500.02235174447,-187500.02235174447,-187500.02235174447
não,2059.8250102788224,-7741.459636862235,7229.425874880061,12111.53860229714,-187500.02235174447,-187500.02235174447,-187500.02235174447,-187500.02235174447
não,1933.3811918951503,-7733.301250136048,7076.249370127842,12157.35967843052,-187500.02235174447,-187500.02235174447,-187500.02235174447,-187500.02235174447
não,1702.3759129495518,-7786.498401939679,6548.636442260318,12212.300266301665,-187500.02235174447,-187500.02235174447,-187500.02235174447,-187500.02235174447
não,1801.6847135644812,-7811.755873174176,6618.731512872161,12171.284815226176,-187500.02235174447,-187500.02235174447,-187500.02235174447,-187500.02235174447
não,2055.5334753434036,-7750.355631155448,7178.352138799684,12114.578439543062,-187500.02235174447,-187500.02235174447,-187500.02235174447,-187500.02235174447
não,1988.9252768665883,-7726.19339539926,7150.390106486096,12137.623088076483,-187500.02235174447,-187500.02235174447,-187500.02235174447,-187500.02235174447
não,1743.5031227473169,-7778.16120125785,6622.061922796002,12196.341120760575,-187500.02235174447,-187500.02235174447,-187500.02235174447,-187500.02235174447
não,1771.0628236607104,-7821.680047712332,6530.866805418349,12183.041832809668,-187500.02235174447,-187500.02235174447,-187500.02235174447,-187500.02235174447
não,2046.6821845391019,-7767.387660430391,7105.217230941919,12125.262573392698,-187500.02235174447,-187500.02235174447,-187500.02235174447,-187500.02235174447
não,2032.1759023876075,-7721.6559912748335,7210.270429881863,12138.941840999347,-187500.02235174447,-187500.02235174447,-187500.02235174447,-187500.02235174447
não,1783.5350970667719,-7760.01158476014,6723.494139134185,12197.861039383537,-187500.02235174447,-187500.02235174447,-187500.02235174447,-187500.02235174447
não,1728.9968405958225,-7809.855974895475,6491.661845643741,12206.980551121302,-187500.02235174447,-187500.02235174447,-187500.02235174447,-187500.02235174447
não,2000.7269979389905,-7768.102916252961,7023.163977046487,12137.623088076483,-187500.02235174447,-187500.02235174447,-187500.02235174447,-187500.02235174447
não,2048.3362136287947,-7717.677380761788,7250.548273390326,12139.433579377364,-187500.02235174447,-187500.02235174447,-187500.02235174447,-187500.02235174447
não,1812.7935305587687,-7747.2487386761595,6823.294678127132,12193.882428870491,-187500.02235174447,-187500.02235174447,-187500.02235174447,-187500.02235174447
não,1682.8628400400687,-7807.441986494302,6453.7085835586295,12210.825051167614,-187500.02235174447,-187500.02235174447,-187500.02235174447,-187500.02235174447
não,1940.7572675654017,-7783.793840860587,6909.4383012578855,12147.033172492167,-187500.02235174447,-187500.02235174447,-187500.02235174447,-187500.02235174447
não,2055.64523406568,-7724.517014565113,7263.266415985396,12132.996276974234,-187500.02235174447,-187500.02235174447,-187500.02235174447,-187500.02235174447
não,1857.8322956362124,-7736.7434187821655,6919.98832464079,12178.683242640882,-187500.02235174447,-187500.02235174447,-187500.02235174447,-187500.02235174447
não,1683.9580755183788,-7796.154355544371,6464.8621040418275,12216.07771111461,-187500.02235174447,-187500.02235174447,-187500.02235174447,-187500.02235174447
não,1898.4007118225948,-7794.701492154777,6804.96624767378,12164.780457589683,-187500.02235174447,-187500.02235174447,-187500.02235174447,-187500.02235174447
não,2068.6315975942134,-7734.374133869903,7258.661956627603,12127.184823415855,-187500.02235174447,-187500.02235174447,-187500.02235174447,-187500.02235174447
não,1905.0615316702763,-7731.669572790811,7018.425407221963,12169.541379158662,-187500.02235174447,-187500.02235174447,-187500.02235174447,-187500.02235174447
não,1689.7695290767585,-7791.639303164399,6500.468432959132,12211.741472690283,-187500.02235174447,-187500.02235174447,-187500.02235174447,-187500.02235174447
não,1844.4883041963942,-7805.787957404609,6690.994702696169,12162.053544766135,-187500.02235174447,-187500.02235174447,-187500.02235174447,-187500.02235174447
não,2073.8842575412104,-7741.236119417682,7223.882642255145,12121.775701257671,-187500.02235174447,-187500.02235174447,-187500.02235174447,-187500.02235174447
não,1959.353918952217,-7725.724008765699,7101.260972173331,12162.344117444054,-187500.02235174447,-187500.02235174447,-187500.02235174447,-187500.02235174447
não,1715.5634421781829,-7779.099974524972,6568.104811680891,12217.0835396151,-187500.02235174447,-187500.02235174447,-187500.02235174447,-187500.02235174447
não,1793.4145681160176,-7807.218469049749,6603.666437109285,12182.79596362066,-187500.02235174447,-187500.02235174447,-187500.02235174447,-187500.02235174447
não,2057.7239463000233,-7747.047572976062,7172.339519541207,12122.468605335785,-187500.02235174447,-187500.02235174447,-187500.02235174447,-187500.02235174447
não,1997.7989194153452,-7725.634601787878,7171.020766618343,12141.601698589528,-187500.02235174447,-187500.02235174447,-187500.02235174447,-187500.02235174447
não,1743.1007913471212,-7776.082489023506,6646.8276556524825,12199.827992895604,-187500.02235174447,-187500.02235174447,-187500.02235174447,-187500.02235174447
não,1751.5497507512273,-7812.247611552193,6528.855148417372,12196.36347250503,-187500.02235174447,-187500.02235174447,-187500.02235174447,-187500.02235174447
não,2026.0068209179428,-7757.9328725257965,7093.9743034809,12133.35390488552,-187500.02235174447,-187500.02235174447,-187500.02235174447,-187500.02235174447
não,2024.866881950722,-7716.649200516845,7221.915688743078,12134.627954319472,-187500.02235174447,-187500.02235174447,-187500.02235174447,-187500.02235174447
não,1783.0210069442996,-7755.29536668007,6747.499912679185,12188.719175901315,-187500.02235174447,-187500.02235174447,-187500.02235174447,-187500.02235174447
não,1718.7820933797473,-7806.391454504902,6482.385871694788,12204.186583064387,-187500.02235174447,-187500.02235174447,-187500.02235174447,-187500.02235174447
não,1993.0603495908201,-7775.143715756383,6999.001741290301,12138.204233432321,-187500.02235174447,-187500.02235174447,-187500.02235174447,-187500.02235174447
não,2053.253597408962,-7724.226441887194,7252.6493373691255,12126.603678060017,-187500.02235174447,-187500.02235174447,-187500.02235174447,-187500.02235174447
não,1828.327992955207,-7743.471293863213,6845.601719093528,12181.074879297601,-187500.02235174447,-187500.02235174447,-187500.02235174447,-187500.02235174447
não,1695.178651234943,-7802.032864336117,6457.888359771772,12203.247809797265,-187500.02235174447,-187500.02235174447,-187500.02235174447,-187500.02235174447
não,1942.5677588662816,-7784.374986216425,6890.46167021533,12142.78634104566,-187500.02235174447,-187500.02235174447,-187500.02235174447,-187500.02235174447
não,2069.9727022615316,-7723.444130831258,7267.088564287254,12123.742654769738,-187500.02235174447,-187500.02235174447,-187500.02235174447,-187500.02235174447
não,1878.3511970461843,-7733.971802469708,6946.989231942801,12173.788210605171,-187500.02235174447,-187500.02235174447,-187500.02235174447,-187500.02235174447
não,1688.8084040651804,-7794.3215124990365,6475.769755336018,12207.204068565854,-187500.02235174447,-187500.02235174447,-187500.02235174447,-187500.02235174447
não,1890.331732074229,-7792.242800264693,6784.335587541532,12149.134236470967,-187500.02235174447,-187500.02235174447,-187500.02235174447,-187500.02235174447
não,2079.226324466029,-7731.736628024177,7252.045840268832,12113.282038364654,-187500.02235174447,-187500.02235174447,-187500.02235174447,-187500.02235174447
não,1928.0614767147872,-7731.133130923883,7034.675125440971,12158.611376120018,-187500.02235174447,-187500.02235174447,-187500.02235174447,-187500.02235174447
não,1701.8618228270798,-7787.504230440168,6515.332343021911,12204.477155742306,-187500.02235174447,-187500.02235174447,-187500.02235174447,-187500.02235174447
não,1839.749734371869,-7800.624704435433,6674.744984477161,12158.477265653286,-187500.02235174447,-187500.02235174447,-187500.02235174447,-187500.02235174447
não,2078.55577213237,-7739.157407183338,7217.244174151919,12113.438500575841,-187500.02235174447,-187500.02235174447,-187500.02235174447,-187500.02235174447
não,1973.837849359256,-7724.852290731942,7120.438768915984,12144.574480602085,-187500.02235174447,-187500.02235174447,-187500.02235174447,-187500.02235174447
não,1726.4487417279174,-7779.569361158534,6588.199029946212,12202.554905719151,-187500.02235174447,-187500.02235174447,-187500.02235174447,-187500.02235174447
não,1790.4864895923722,-7809.364236517458,6585.002730489103,12179.107925785533,-187500.02235174447,-187500.02235174447,-187500.02235174447,-187500.02235174447
não,2059.8250102788224,-7745.415895630825,7160.358984513162,12125.150814670422,-187500.02235174447,-187500.02235174447,-187500.02235174447,-187500.02235174447
não,2010.9864486439765,-7719.040837173562,7189.952694171989,12135.566727586596,-187500.02235174447,-187500.02235174447,-187500.02235174447,-187500.02235174447
$SILENCE,1759.819896199691,-7764.705451095754,6678.0530426565465,12192.183696291888,-187500.02235174447,-187500.02235174447,-187500.02235174447,-187500.02235174447
$SILENCE,1748.3087478052078,-7808.850146394986,6517.120482578335,12186.528704944696,-187500.02235174447,-187500.02235174447,-187500.02235174447,-187500.02235174447
$SILENCE,2027.7502569854566,-7762.023241761118,7073.343643348652,12120.278134379165,-187500.02235174447,-187500.02235174447,-187500.02235174447,-187500.02235174447
$SILENCE,2040.446047836071,-7721.410122085825,7229.71644755798,12118.713512267293,-187500.02235174447,-187500.02235174447,-187500.02235174447,-187500.02235174447
$SILENCE,1801.8411757756683,-7758.335203925992,6767.907055366881,12176.090440284068,-187500.02235174447,-187500.02235174447,-187500.02235174447,-187500.02235174447
$SILENCE,1719.6538114135042,-7811.510003985168,6474.875685557805,12192.228399780799,-187500.02235174447,-187500.02235174447,-187500.02235174447,-187500.02235174447
$SILENCE,1990.132271067175,-7777.736518113198,6977.14173521301,12129.174128672377,-187500.02235174447,-187500.02235174447,-187500.02235174447,-187500.02235174447
$SILENCE,2065.859981281755,-7725.567546554512,7258.013756038399,12116.724207010771,-187500.02235174447,-187500.02235174447,-187500.02235174447,-187500.02235174447
$SILENCE,1848.1316385426092,-7746.824055531509,6870.613321139017,12172.827085593592,-187500.02235174447,-187500.02235174447,-187500.02235174447,-187500.02235174447
$SILENCE,1706.8909653295239,-7807.397283005391,6469.958301777638,12206.309998787643,-187500.02235174447,-187500.02235174447,-187500.02235174447,-187500.02235174447
$SILENCE,1948.7591920804016,-7792.06398630905,6874.703690374338,12142.026381734178,-187500.02235174447,-187500.02235174447,-187500.02235174447,-187500.02235174447
$SILENCE,2085.5295164024255,-7728.00388670014,7268.452020699027,12113.259686620198,-187500.02235174447,-187500.02235174447,-187500.02235174447,-187500.02235174447
$SILENCE,1901.4405490685165,-7737.391619371369,6972.738441555315,12159.706611598327,-187500.02235174447,-187500.02235174447,-187500.02235174447,-187500.02235174447
$SILENCE,1708.6791048859484,-7797.607218933967,6491.281865988,12199.023330095211,-187500.02235174447,-187500.02235174447,-187500.02235174447,-187500.02235174447
$SILENCE,1898.9595054339775,-7799.954152101774,6768.532904211629,12147.301393425632,-187500.02235174447,-187500.02235174447,-187500.02235174447,-187500.02235174447
$SILENCE,2099.2981909868945,-7737.704543793744,7263.109953774208,12111.471547063775,-187500.02235174447,-187500.02235174447,-187500.02235174447,-187500.02235174447
$SILENCE,1955.6882328615468,-7737.257508904638,7067.353375834629,12146.49673062524,-187500.02235174447,-187500.02235174447,-187500.02235174447,-187500.02235174447
$SILENCE,1726.4710934723728,-7793.472146209735,6540.232186345123,12192.250751525255,-187500.02235174447,-187500.02235174447,-187500.02235174447,-187500.02235174447
$SILENCE,1847.1034582976652,-7811.4653004962565,6663.546760505053,12151.257652194221,-187500.02235174447,-187500.02235174447,-187500.02235174447,-187500.02235174447
$SILENCE,2088.1670222481516,-7751.227349189205,7212.259735138386,12098.01579690168,-187500.02235174447,-187500.02235174447,-187500.02235174447,-187500.02235174447
$SILENCE,2001.8892886506665,-7732.943622224763,7147.037344817799,12127.363637371498,-187500.02235174447,-187500.02235174447,-187500.02235174447,-187500.02235174447
$SILENCE,1755.7742304532803,-7783.458564693758,6617.211594249201,12183.824143865604,-187500.02235174447,-187500.02235174447,-187500.02235174447,-187500.02235174447
$SILENCE,1803.2493356763525,-7816.762663932164,6580.867657764871,12165.875693067992,-187500.02235174447,-187500.02235174447,-187500.02235174447,-187500.02235174447
$SILENCE,2076.387652920205,-7760.458619649246,7156.55918795576,12106.01772141668,-187500.02235174447,-187500.02235174447,-187500.02235174447,-187500.02235174447
$SILENCE,2043.3070711263504,-7728.517976822613,7210.717464770969,12118.646457033929,-187500.02235174447,-187500.02235174447,-187500.02235174447,-187500.02235174447
$SILENCE,1791.5146698373164,-7770.002814531662,6701.030635956602,12175.129315272488,-187500.02235174447,-187500.02235174447,-187500.02235174447,-187500.02235174447
$SILENCE,1765.3631288246072,-7813.923992386341,6512.5830784539085,12171.530684415184,-187500.02235174447,-187500.02235174447,-187500.02235174447,-187500.02235174447
$SILENCE,2045.9892804609872,-7770.516904654134,7066.772230478791,12101.770889970172,-187500.02235174447,-187500.02235174447,-187500.02235174447,-187500.02235174447
$SILENCE,2076.275894197928,-7727.154520410839,7253.7669245918905,12105.838907461037,-187500.02235174447,-187500.02235174447,-187500.02235174447,-187500.02235174447
$SILENCE,1840.912025083545,-7756.6811748363,6804.452157551308,12165.02632677869,-187500.02235174447,-187500.02235174447,-187500.02235174447,-187500.02235174447
$SILENCE,1741.2903000462413,-7811.912335385363,6482.721147861618,12182.393632220464,-187500.02235174447,-187500.02235174447,-187500.02235174447,-187500.02235174447
$SILENCE,2003.453910762538,-7784.9337798278075,6970.592674087606,12114.82430873207,-187500.02235174447,-187500.02235174447,-187500.02235174447,-187500.02235174447
$SILENCE,2092.3020949723837,-7729.635564045378,7276.073965558287,12096.808802701093,-187500.02235174447,-187500.02235174447,-187500.02235174447,-187500.02235174447
$SILENCE,1883.0450633817989,-7744.588881085978,6902.84453664357,12152.732867328272,-187500.02235174447,-187500.02235174447,-187500.02235174447,-187500.02235174447
$SILENCE,1729.622689440571,-7803.977466103729,6481.715319361129,12187.154553789444,-187500.02235174447,-187500.02235174447,-187500.02235174447,-187500.02235174447
$SILENCE,1955.7999915838234,-7793.047463065084,6865.383012936475,12127.810672260604,-187500.02235174447,-187500.02235174447,-187500.02235174447,-187500.02235174447
$SILENCE,2109.3117725028724,-7732.116607679917,7287.048672085843,12097.032320145647,-187500.02235174447,-187500.02235174447,-187500.02235174447,-187500.02235174447
$SILENCE,1937.3821541526502,-7739.3809246278915,7009.842337351124,12142.004029989725,-187500.02235174447,-187500.02235174447,-187500.02235174447,-187500.02235174447
$SILENCE,1738.8316081561577,-7799.417710234847,6514.795901154984,12187.60158867855,-187500.02235174447,-187500.02235174447,-187500.02235174447,-187500.02235174447
$SILENCE,1910.4706538284606,-7806.749082416187,6753.177255770834,12135.1643961864,-187500.02235174447,-187500.02235174447,-187500.02235174447,-187500.02235174447
$SILENCE,2113.3350865048274,-7742.063133962529,7256.806761837812,12091.53379100964,-187500.02235174447,-187500.02235174447,-187500.02235174447,-187500.02235174447
$SILENCE,1985.6842739205688,-7732.138959424372,7095.78479478178,12131.54341358464,-187500.02235174447,-187500.02235174447,-187500.02235174447,-187500.02235174447
$SILENCE,1753.784925196758,-7788.0406723070955,6570.20587565969,12185.03113806619,-187500.02235174447,-187500.02235174447,-187500.02235174447,-187500.02235174447
$SILENCE,1856.7594119023577,-7811.554707474078,6658.405859280331,12149.69303008235,-187500.02235174447,-187500.02235174447,-187500.02235174447,-187500.02235174447
$SILENCE,2105.4002172231935,-7750.19916894426,7215.210165406485,12094.864200933482,-187500.02235174447,-187500.02235174447,-187500.02235174447,-187500.02235174447
$SILENCE,2023.9504604280546,-7729.8143780010205,7168.427964261528,12117.461814577797,-187500.02235174447,-187500.02235174447,-187500.02235174447,-187500.02235174447
$SILENCE,1781.1211086655985,-7780.441079192291,6646.760600419117,12171.441277437363,-187500.02235174447,-187500.02235174447,-187500.02235174447,-187500.02235174447
$SILENCE,1818.6049841171484,-7818.103768599483,6585.919152011771,12159.371335431497,-187500.02235174447,-187500.02235174447,-187500.02235174447,-187500.02235174447
$SILENCE,2083.3166937013502,-7763.7443260841765,7149.428981474517,12090.572665998063,-187500.02235174447,-187500.02235174447,-187500.02235174447,-187500.02235174447
$SILENCE,2065.4352981371044,-7728.786197756076,7235.438494138539,12103.715491737783,-187500.02235174447,-187500.02235174447,-187500.02235174447,-187500.02235174447
$SILENCE,1821.26484170733,-7768.169971486327,6742.984860299213,12164.959271545324,-187500.02235174447,-187500.02235174447,-187500.02235174447,-187500.02235174447
$SILENCE,1776.9636841969116,-7816.516794743156,6517.880441889816,12165.965100045813,-187500.02235174447,-187500.02235174447,-187500.02235174447,-187500.02235174447
$SILENCE,2056.226379421518,-7776.1271925124165,7057.853884441124,12098.932218424347,-187500.02235174447,-187500.02235174447,-187500.02235174447,-187500.02235174447
$SILENCE,2100.5275369319365,-7729.1661774118165,7270.709546889013,12091.802011943104,-187500.02235174447,-187500.02235174447,-187500.02235174447,-187500.02235174447
$SILENCE,1868.069394596743,-7758.558721370545,6836.63866956695,12147.748428314737,-187500.02235174447,-187500.02235174447,-187500.02235174447,-187500.02235174447
$SILENCE,1757.852942687624,-7813.476957497234,6490.14192702078,12169.31786171411,-187500.02235174447,-187500.02235174447,-187500.02235174447,-187500.02235174447
$SILENCE,2016.7755504579009,-7788.666521151844,6957.069868692144,12101.547372525618,-187500.02235174447,-187500.02235174447,-187500.02235174447,-187500.02235174447
$SILENCE,2123.058095342886,-7734.172968169805,7297.01755011291,12082.861314160982,-187500.02235174447,-187500.02235174447,-187500.02235174447,-187500.02235174447
$SILENCE,1915.52214807536,-7751.495570122668,6942.764752240748,12128.749445527726,-187500.02235174447,-187500.02235174447,-187500.02235174447,-187500.02235174447
$SILENCE,1743.8383989141464,-7812.560535974567,6494.8581451008495,12160.421867420897,-187500.02235174447,-187500.02235174447,-187500.02235174447,-187500.02235174447
$SILENCE,1966.9982155559321,-7805.050349837584,6848.038059239157,12105.324817338565,-187500.02235174447,-187500.02235174447,-187500.02235174447,-187500.02235174447
$SILENCE,2139.0395926284305,-7742.577224085001,7295.765852423412,12082.079003105046,-187500.02235174447,-187500.02235174447,-187500.02235174447,-187500.02235174447
$SILENCE,1970.5744946687812,-7742.867796762919,7045.5604249907055,12127.810672260604,-187500.02235174447,-187500.02235174447,-187500.02235174447,-187500.02235174447
$SILENCE,1754.1425531080429,-7801.608181191466,6536.611203743363,12163.21583547781,-187500.02235174447,-187500.02235174447,-187500.02235174447,-187500.02235174447
$SILENCE,1920.61834581117,-7813.029922608129,6750.986784814213,12118.847622734025,-187500.02235174447,-187500.02235174447,-187500.02235174447,-187500.02235174447
$SILENCE,2144.292252575428,-7750.556796855545,7273.279997501373,12076.893398391414,-187500.02235174447,-187500.02235174447,-187500.02235174447,-187500.02235174447
$SILENCE,2021.9611551715323,-7739.313869394526,7129.60298414266,12108.632875517951,-187500.02235174447,-187500.02235174447,-187500.02235174447,-187500.02235174447
$SILENCE,1777.9695126974002,-7793.561553187556,6597.407948661798,12164.445181422852,-187500.02235174447,-187500.02235174447,-187500.02235174447,-187500.02235174447
$SILENCE,1863.911970128056,-7820.696570956299,6647.073524841491,12131.386951373453,-187500.02235174447,-187500.02235174447,-187500.02235174447,-187500.02235174447
$SILENCE,2116.1737580506515,-7761.0397650050845,7208.906973470089,12074.993500112712,-187500.02235174447,-187500.02235174447,-187500.02235174447,-187500.02235174447
$SILENCE,2055.9805102325095,-7737.749247282654,7201.307380355285,12107.895267950926,-187500.02235174447,-187500.02235174447,-187500.02235174447,-187500.02235174447
$SILENCE,1808.2784781787966,-7784.151468771872,6679.394147323865,12172.961196060323,-187500.02235174447,-187500.02235174447,-187500.02235174447,-187500.02235174447
$SILENCE,1821.845987063168,-7822.887041912919,6572.843381505416,12161.204178476833,-187500.02235174447,-187500.02235174447,-187500.02235174447,-187500.02235174447
$SILENCE,2093.9561240620765,-7772.39445118838,7136.040286545788,12095.91473292288,-187500.02235174447,-187500.02235174447,-187500.02235174447,-187500.02235174447
$SILENCE,2087.742339103501,-7732.6754012913,7253.34224144724,12105.838907461037,-187500.02235174447,-187500.02235174447,-187500.02235174447,-187500.02235174447
$SILENCE,1839.392106460584,-7768.125267997417,6772.958549613781,12164.936919800868,-187500.02235174447,-187500.02235174447,-187500.02235174447,-187500.02235174447
$SILENCE,1773.722681250892,-7816.092111598506,6520.853223902372,12172.290643726665,-187500.02235174447,-187500.02235174447,-187500.02235174447,-187500.02235174447
$SILENCE,2046.0563356943533,-7778.8317535915085,7044.554596490217,12108.141137139934,-187500.02235174447,-187500.02235174447,-187500.02235174447,-187500.02235174447
$SILENCE,2108.0153713244645,-7729.926136723297,7285.238180784962,12104.944837682824,-187500.02235174447,-187500.02235174447,-187500.02235174447,-187500.02235174447
$SILENCE,1884.006188393377,-7758.715183581732,6871.328576961587,12161.31593719911,-187500.02235174447,-187500.02235174447,-187500.02235174447,-187500.02235174447
$SILENCE,1755.3495473086296,-7816.1591668318715,6499.015569569537,12186.17107703341,-187500.02235174447,-187500.02235174447,-187500.02235174447,-187500.02235174447
$SILENCE,2009.1312538541858,-7795.774375888632,6940.797798728681,12122.580364058062,-187500.02235174447,-187500.02235174447,-187500.02235174447,-187500.02235174447
$SILENCE,2126.768484922467,-7738.710372294233,7300.973808881499,12102.150869625912,-187500.02235174447,-187500.02235174447,-187500.02235174447,-187500.02235174447
$SILENCE,1923.2782034013514,-7751.495570122668,6968.357499642075,12148.530739370673,-187500.02235174447,-187500.02235174447,-187500.02235174447,-187500.02235174447
$SILENCE,1738.8316081561577,-7808.984256861718,6506.883383617805,12187.646292167461,-187500.02235174447,-187500.02235174447,-187500.02235174447,-187500.02235174447
$SILENCE,1949.9885380254434,-7806.279695782626,6832.727114287271,12138.40539913242,-187500.02235174447,-187500.02235174447,-187500.02235174447,-187500.02235174447
$SILENCE,2134.3904297817267,-7741.571395584512,7296.34699777925,12107.805860973103,-187500.02235174447,-187500.02235174447,-187500.02235174447,-187500.02235174447
$SILENCE,1972.4967446919377,-7740.431456617291,7064.917035689001,12149.223643448788,-187500.02235174447,-187500.02235174447,-187500.02235174447,-187500.02235174447
$SILENCE,1757.137686865054,-7801.8987538693855,6549.597567271897,12192.966007347824,-187500.02235174447,-187500.02235174447,-187500.02235174447,-187500.02235174447
$SILENCE,1904.458034569983,-7817.522623243645,6721.974220511225,12149.380105659975,-187500.02235174447,-187500.02235174447,-187500.02235174447,-187500.02235174447
$SILENCE,2131.3952960247157,-7753.3507649124585,7253.431648425061,12098.887514935437,-187500.02235174447,-187500.02235174447,-187500.02235174447,-187500.02235174447
$SILENCE,2016.9767161579987,-7738.933889738785,7140.980022070411,12128.749445527726,-187500.02235174447,-187500.02235174447,-187500.02235174447,-187500.02235174447
$SILENCE,1768.6041317706267,-7790.834640364009,6608.628524378362,12186.863981111524,-187500.02235174447,-187500.02235174447,-187500.02235174447,-187500.02235174447
$SILENCE,1842.4319437065058,-7821.3224198010475,6625.995829820136,12162.165303488411,-187500.02235174447,-187500.02235174447,-187500.02235174447,-187500.02235174447
$SILENCE,2108.6188684247577,-7763.610215617445,7196.077072152743,12104.207230115799,-187500.02235174447,-187500.02235174447,-187500.02235174447,-187500.02235174447
$SILENCE,2053.6559288091576,-7734.776465270098,7210.695113026513,12125.463739092796,-187500.02235174447,-187500.02235174447,-187500.02235174447,-187500.02235174447
$SILENCE,1799.8295187746905,-7777.758869857654,6693.654560286351,12184.785268877182,-187500.02235174447,-187500.02235174447,-187500.02235174447,-187500.02235174447
$SILENCE,1795.716797794914,-7820.2718878116475,6551.989203928614,12176.515123428719,-187500.02235174447,-187500.02235174447,-187500.02235174447,-187500.02235174447
$SILENCE,2074.286588941406,-7771.366270943436,7113.062693245733,12112.611486030995,-187500.02235174447,-187500.02235174447,-187500.02235174447,-187500.02235174447
$SILENCE,2082.087347756308,-7729.948488467752,7259.86895082819,12121.440425090841,-187500.02235174447,-187500.02235174447,-187500.02235174447,-187500.02235174447
$SILENCE,1836.262862236841,-7764.191360973283,6791.085814367034,12179.778478119193,-187500.02235174447,-187500.02235174447,-187500.02235174447,-187500.02235174447
$SILENCE,1756.3553758091184,-7817.2767540546365,6509.230316785613,12190.976702091302,-187500.02235174447,-187500.02235174447,-187500.02235174447,-187500.02235174447
$SILENCE,2024.5316057838925,-7784.240875749693,7021.956982845901,12126.111939682001,-187500.02235174447,-187500.02235174447,-187500.02235174447,-187500.02235174447
$SILENCE,2088.7928710929004,-7731.267241390615,7291.943704121555,12118.758215756205,-187500.02235174447,-187500.02235174447,-187500.02235174447,-187500.02235174447
$SILENCE,1865.7001096844806,-7754.4683521352235,6890.238152770777,12174.88344608348,-187500.02235174447,-187500.02235174447,-187500.02235174447,-187500.02235174447
$SILENCE,1731.3661255080851,-7811.9346871298185,6490.0972235318695,12196.519934716218,-187500.02235174447,-187500.02235174447,-187500.02235174447,-187500.02235174447
$SILENCE,1980.386910484661,-7791.907524097864,6907.113719834533,12133.666829307895,-187500.02235174447,-187500.02235174447,-187500.02235174447,-187500.02235174447
$SILENCE,2115.8384818838217,-7731.401351857347,7292.211925055019,12108.49876505122,-187500.02235174447,-187500.02235174447,-187500.02235174447,-187500.02235174447
$SILENCE,1926.7427237919242,-7742.577224085001,6985.769508572759,12160.555977887629,-187500.02235174447,-187500.02235174447,-187500.02235174447,-187500.02235174447
$SILENCE,1734.6518319430152,-7801.474070724735,6510.683180175207,12205.79590866517,-187500.02235174447,-187500.02235174447,-187500.02235174447,-187500.02235174447
$SILENCE,1928.2849941593404,-7801.7199399137435,6803.043997650623,12156.622070863496,-187500.02235174447,-187500.02235174447,-187500.02235174447,-187500.02235174447
$SILENCE,2120.219423797062,-7737.324564138004,7285.8193261408005,12119.115843667489,-187500.02235174447,-187500.02235174447,-187500.02235174447,-187500.02235174447
$SILENCE,1973.2790557478734,-7733.055380947039,7081.502030074839,12157.113809241511,-187500.02235174447,-187500.02235174447,-187500.02235174447,-187500.02235174447
$SILENCE,1748.4875617608502,-7790.566419430545,6556.236035375123,12203.873658642015,-187500.02235174447,-187500.02235174447,-187500.02235174447,-187500.02235174447
$SILENCE,1880.943999403,-7809.028960350628,6696.493231832174,12164.35577444503,-187500.02235174447,-187500.02235174447,-187500.02235174447,-187500.02235174447
$SILENCE,2115.972592350554,-7746.712296809233,7240.601747107715,12114.220811631778,-187500.02235174447,-187500.02235174447,-187500.02235174447,-187500.02235174447
$SILENCE,2022.7881697163787,-7729.546157067556,7157.833237389713,12144.686239324361,-187500.02235174447,-187500.02235174447,-187500.02235174447,-187500.02235174447
$SILENCE,1778.9306377089786,-7779.7705268586315,6628.990963577147,12202.331388274597,-187500.02235174447,-187500.02235174447,-187500.02235174447,-187500.02235174447
$SILENCE,1831.2560714788524,-7811.822928407541,6609.857870323404,12179.487905441274,-187500.02235174447,-187500.02235174447,-187500.02235174447,-187500.02235174447
$SILENCE,2091.6538943831797,-7754.423648646313,7178.329787055229,12119.58523030105,-187500.02235174447,-187500.02235174447,-187500.02235174447,-187500.02235174447
$SILENCE,2052.6724520531243,-7723.131206408883,7223.413255621584,12140.081779966567,-187500.02235174447,-187500.02235174447,-187500.02235174447,-187500.02235174447
$SILENCE,1803.3610943986291,-7764.839561562487,6714.3299239075095,12199.425661495408,-187500.02235174447,-187500.02235174447,-187500.02235174447,-187500.02235174447
$SILENCE,1780.5176115653053,-7811.644114451899,6542.310898579467,12196.899914371957,-187500.02235174447,-187500.02235174447,-187500.02235174447,-187500.02235174447
$SILENCE,2057.45572536656,-7766.806515074553,7097.304713404741,12128.816500761093,-187500.02235174447,-187500.02235174447,-187500.02235174447,-187500.02235174447
$SILENCE,2085.5295164024255,-7723.913517464819,7267.669709643092,12130.381122872965,-187500.02235174447,-187500.02235174447,-187500.02235174447,-187500.02235174447
$SILENCE,1855.5971211906817,-7758.603424859456,6812.834061722048,12191.55784744714,-187500.02235174447,-187500.02235174447,-187500.02235174447,-187500.02235174447
$SILENCE,1762.1444776230428,-7812.605239463478,6505.229354528112,12208.008731366246,-187500.02235174447,-187500.02235174447,-187500.02235174447,-187500.02235174447
$SILENCE,2020.1953673595629,-7780.239913492193,7000.320494213163,12143.970983501791,-187500.02235174447,-187500.02235174447,-187500.02235174447,-187500.02235174447
$SILENCE,2100.6616473986683,-7723.444130831258,7296.34699777925,12128.59298331654,-187500.02235174447,-187500.02235174447,-187500.02235174447,-187500.02235174447
$SILENCE,1889.9517524184887,-7742.53252059609,6914.1992228268655,12179.912588585925,-187500.02235174447,-187500.02235174447,-187500.02235174447,-187500.02235174447
$SILENCE,1740.530340734761,-7802.234030036215,6495.662807901241,12209.238077311287,-187500.02235174447,-187500.02235174447,-187500.02235174447,-187500.02235174447
$SILENCE,1973.4578697035158,-7788.532410685112,6890.618132426516,12152.59875686154,-187500.02235174447,-187500.02235174447,-187500.02235174447,-187500.02235174447
$SILENCE,2118.4089324961824,-7727.646258788855,7303.298390304851,12126.983657715757,-187500.02235174447,-187500.02235174447,-187500.02235174447,-187500.02235174447
$SILENCE,1941.1148954766866,-7735.312907137026,7015.765549631781,12173.31882397161,-187500.02235174447,-187500.02235174447,-187500.02235174447,-187500.02235174447
$SILENCE,1743.6819367029593,-7795.863782866452,6524.407151270766,12214.535440747195,-187500.02235174447,-187500.02235174447,-187500.02235174447,-187500.02235174447
$SILENCE,1925.3345638912397,-7801.921105613841,6782.703910196294,12165.518065156706,-187500.02235174447,-187500.02235174447,-187500.02235174447,-187500.02235174447
$SILENCE,2125.6285459552464,-7738.330392638492,7276.342186491751,12122.088625680046,-187500.02235174447,-187500.02235174447,-187500.02235174447,-187500.02235174447
$SILENCE,1987.874744877189,-7729.724971023199,7097.327065149197,12157.337326686065,-187500.02235174447,-187500.02235174447,-187500.02235174447,-187500.02235174447
$SILENCE,1752.466172273895,-7783.033881549107,6570.608207059885,12211.137975589989,-187500.02235174447,-187500.02235174447,-187500.02235174447,-187500.02235174447
$SILENCE,1862.012071849355,-7804.625666692933,6677.628359511896,12176.984510062279,-187500.02235174447,-187500.02235174447,-187500.02235174447,-187500.02235174447
$SILENCE,2107.836557368822,-7744.432418874791,7235.326735416262,12125.01670420369,-187500.02235174447,-187500.02235174447,-187500.02235174447,-187500.02235174447
$SILENCE,2027.929070941099,-7726.595726799456,7180.028519633833,12153.090495239556,-187500.02235174447,-187500.02235174447,-187500.02235174447,-187500.02235174447
$SILENCE,1784.8762017340903,-7775.858971578953,6646.805303908027,12209.975684878313,-187500.02235174447,-187500.02235174447,-187500.02235174447,-187500.02235174447
$SILENCE,1819.1190742396207,-7811.912335385363,6588.467250879676,12189.948521846358,-187500.02235174447,-187500.02235174447,-187500.02235174447,-187500.02235174447
$SILENCE,2088.345836203794,-7758.178741714805,7162.03536534731,12127.11776818249,-187500.02235174447,-187500.02235174447,-187500.02235174447,-187500.02235174447
$SILENCE,2064.0494899808755,-7723.8911657203635,7237.248985439419,12143.412189890409,-187500.02235174447,-187500.02235174447,-187500.02235174447,-187500.02235174447
$SILENCE,1818.046190505766,-7762.067945250028,6738.179235241322,12200.610303951538,-187500.02235174447,-187500.02235174447,-187500.02235174447,-187500.02235174447
$SILENCE,1781.232867387875,-7809.967733617751,6532.8337589304165,12204.454803997853,-187500.02235174447,-187500.02235174447,-187500.02235174447,-187500.02235174447
$SILENCE,2052.583045075303,-7767.052384263562,7076.249370127842,12139.83591077756,-187500.02235174447,-187500.02235174447,-187500.02235174447,-187500.02235174447
$SILENCE,2086.4012344361827,-7720.091369162962,7277.817401625801,12138.204233432321,-187500.02235174447,-187500.02235174447,-187500.02235174447,-187500.02235174447
$SILENCE,1852.713746155947,-7749.170988699316,6836.392800377942,12195.983492849291,-187500.02235174447,-187500.02235174447,-187500.02235174447,-187500.02235174447
$SILENCE,1751.885026918057,-7805.877364382431,6501.541316692987,12212.99317037978,-187500.02235174447,-187500.02235174447,-187500.02235174447,-187500.02235174447
$SILENCE,2016.552033013348,-7781.893942581885,6978.4157846469625,12149.156588215423,-187500.02235174447,-187500.02235174447,-187500.02235174447,-187500.02235174447
$SILENCE,2112.3069062598834,-7726.573375055001,7299.923276892099,12134.717361297293,-187500.02235174447,-187500.02235174447,-187500.02235174447,-187500.02235174447
$SILENCE,1904.838014225723,-7742.130189195895,6937.065057404645,12186.484001455785,-187500.02235174447,-187500.02235174447,-187500.02235174447,-187500.02235174447
$SILENCE,1735.8588261436018,-7801.697588169288,6498.389720724788,12217.105891359555,-187500.02235174447,-187500.02235174447,-187500.02235174447,-187500.02235174447
$SILENCE,1954.458886916505,-7790.63347466391,6861.963196034813,12159.46074240932,-187500.02235174447,-187500.02235174447,-187500.02235174447,-187500.02235174447
$SILENCE,2118.632449940735,-7727.154520410839,7295.095300089753,12130.001143217223,-187500.02235174447,-187500.02235174447,-187500.02235174447,-187500.02235174447
$SILENCE,1955.9564537950105,-7731.066075690517,7032.641116695538,12177.140972273466,-187500.02235174447,-187500.02235174447,-187500.02235174447,-187500.02235174447
$SILENCE,1750.007480383811,-7790.029977563618,6531.7161717076515,12222.447958284374,-187500.02235174447,-187500.02235174447,-187500.02235174447,-187500.02235174447
$SILENCE,1907.3414096047177,-7797.361349744958,6756.127686038934,12174.637576894473,-187500.02235174447,-187500.02235174447,-187500.02235174447,-187500.02235174447
$SILENCE,2118.4536359850927,-7733.189491413772,7272.743555634446,12132.057503707112,-187500.02235174447,-187500.02235174447,-187500.02235174447,-187500.02235174447
$SILENCE,1994.6249717026917,-7724.561718054023,7122.450425916962,12166.970928546301,-187500.02235174447,-187500.02235174447,-187500.02235174447,-187500.02235174447
$SILENCE,1755.5507130087274,-7778.429422191313,6587.1261462123575,12217.105891359555,-187500.02235174447,-187500.02235174447,-187500.02235174447,-187500.02235174447
$SILENCE,1854.814810134746,-7803.910410870363,6655.969519134703,12183.801792121149,-187500.02235174447,-187500.02235174447,-187500.02235174447,-187500.02235174447
$SILENCE,2107.925964346643,-7743.739514796676,7217.3782846186505,12129.040018205646,-187500.02235174447,-187500.02235174447,-187500.02235174447,-187500.02235174447
$SILENCE,2037.9426524570767,-7721.43247383028,7188.455127293483,12156.532663885673,-187500.02235174447,-187500.02235174447,-187500.02235174447,-187500.02235174447
$SILENCE,1790.911172737023,-7771.232160476704,6664.597292494452,12213.194336079876,-187500.02235174447,-187500.02235174447,-187500.02235174447,-187500.02235174447
$SILENCE,1810.8936322800675,-7806.302047527081,6578.0289862190475,12197.88339112799,-187500.02235174447,-187500.02235174447,-187500.02235174447,-187500.02235174447
$SILENCE,2082.6908448566014,-7753.708392823743,7151.08301056421,12134.315029897098,-187500.02235174447,-187500.02235174447,-187500.02235174447,-187500.02235174447
$SILENCE,2070.732661573012,-7719.040837173562,7250.4812181569605,12148.217814948299,-187500.02235174447,-187500.02235174447,-187500.02235174447,-187500.02235174447
$SILENCE,1821.7118765964362,-7756.971747514218,6756.664127905861,12208.768690677725,-187500.02235174447,-187500.02235174447,-187500.02235174447,-187500.02235174447
$SILENCE,1765.2066666134199,-7807.039655094106,6517.880441889816,12214.267219813732,-187500.02235174447,-187500.02235174447,-187500.02235174447,-187500.02235174447
$SILENCE,2039.1049431687527,-7766.91827379683,7051.997727393834,12150.654155093927,-187500.02235174447,-187500.02235174447,-187500.02235174447,-187500.02235174447
$SILENCE,2091.519783916448,-7718.705561006733,7280.410203982617,12145.893233524946,-187500.02235174447,-187500.02235174447,-187500.02235174447,-187500.02235174447
$SILENCE,1865.6777579400252,-7749.640375332878,6850.2732336846875,12202.018463852224,-187500.02235174447,-187500.02235174447,-187500.02235174447,-187500.02235174447
$SILENCE,1744.5089512478057,-7803.977466103729,6486.319778718923,12224.124339118522,-187500.02235174447,-187500.02235174447,-187500.02235174447,-187500.02235174447
$SILENCE,1997.2177740595073,-7776.484820423701,6944.999926686279,12160.175998231889,-187500.02235174447,-187500.02235174447,-187500.02235174447,-187500.02235174447
$SILENCE,2112.5304237044365,-7719.689037762766,7299.744462936457,12137.198404931833,-187500.02235174447,-187500.02235174447,-187500.02235174447,-187500.02235174447
$SILENCE,1911.5882410512259,-7737.8610060049305,6957.9862902148125,12182.684204898384,-187500.02235174447,-187500.02235174447,-187500.02235174447,-187500.02235174447
$SILENCE,1738.4739802448728,-7797.651922422877,6500.200212025668,12216.591801237084,-187500.02235174447,-187500.02235174447,-187500.02235174447,-187500.02235174447
$SILENCE,1948.7144885914909,-7791.751061886676,6835.230509666266,12157.650251108438,-187500.02235174447,-187500.02235174447,-187500.02235174447,-187500.02235174447
$SILENCE,2118.543042962914,-7731.401351857347,7288.121555819697,12121.462776835297,-187500.02235174447,-187500.02235174447,-187500.02235174447,-187500.02235174447
$SILENCE,1954.3694799386835,-7732.250718146649,7046.566253491194,12162.187655232867,-187500.02235174447,-187500.02235174447,-187500.02235174447,-187500.02235174447
$SILENCE,1738.719849433881,-7791.058157808561,6533.280793819523,12204.857135398048,-187500.02235174447,-187500.02235174447,-187500.02235174447,-187500.02235174447
$SILENCE,1890.0188076518546,-7804.156280059372,6728.076246747523,12159.326631942587,-187500.02235174447,-187500.02235174447,-187500.02235174447,-187500.02235174447
$SILENCE,2105.646086412202,-7739.693849050266,7260.092468272743,12117.64062853344,-187500.02235174447,-187500.02235174447,-187500.02235174447,-187500.02235174447
$SILENCE,1990.2440297894514,-7727.087465177473,7134.632126645104,12151.54822487214,-187500.02235174447,-187500.02235174447,-187500.02235174447,-187500.02235174447
$SILENCE,1746.2523873153195,-7780.306968725559,6597.54205912853,12199.738585917781,-187500.02235174447,-187500.02235174447,-187500.02235174447,-187500.02235174447
$SILENCE,1825.4222661760173,-7811.35354177398,6630.60028917793,12171.016594292712,-187500.02235174447,-187500.02235174447,-187500.02235174447,-187500.02235174447
$SILENCE,2078.6898825991016,-7752.523750367613,7200.189793132519,12114.176108142867,-187500.02235174447,-187500.02235174447,-187500.02235174447,-187500.02235174447
$SILENCE,2020.5306435263926,-7724.561718054023,7201.307380355285,12134.739713041748,-187500.02235174447,-187500.02235174447,-187500.02235174447,-187500.02235174447
$SILENCE,1767.9335794369674,-7772.461506421746,6676.689586244773,12193.636559681483,-187500.02235174447,-187500.02235174447,-187500.02235174447,-187500.02235174447
$SILENCE,1766.9724544253893,-7810.392416762402,6552.212721373167,12188.965045090325,-187500.02235174447,-187500.02235174447,-187500.02235174447,-187500.02235174447
$SILENCE,2041.675393781113,-7756.323546925015,7123.500957906361,12130.69404729534,-187500.02235174447,-187500.02235174447,-187500.02235174447,-187500.02235174447
não,2042.5247600704147,-7719.443168573758,7254.750401347924,12139.366524143998,-187500.02235174447,-187500.02235174447,-187500.02235174447,-187500.02235174447
não,1797.5049373513386,-7756.368250413925,6775.1490205704,12194.307112015142,-187500.02235174447,-187500.02235174447,-187500.02235174447,-187500.02235174447
não,1725.3758579940627,-7806.480861482723,6507.084549317903,12200.31973127362,-187500.02235174447,-187500.02235174447,-187500.02235174447,-187500.02235174447
não,1996.3907595146609,-7769.8463523204755,7026.404979992507,12139.21006193281,-187500.02235174447,-187500.02235174447,-187500.02235174447,-187500.02235174447
não,2058.9085887561546,-7720.001962185141,7282.444212728049,12134.471492108285,-187500.02235174447,-187500.02235174447,-187500.02235174447,-187500.02235174447
não,1831.524292412316,-7746.91346250933,6868.154629248933,12188.160382289932,-187500.02235174447,-187500.02235174447,-187500.02235174447,-187500.02235174447
não,1698.9784477923452,-7802.97163760324,6482.162354250236,12212.814356424136,-187500.02235174447,-187500.02235174447,-187500.02235174447,-187500.02235174447
não,1943.0147937553877,-7778.988215802696,6916.210879827843,12153.604585362029,-187500.02235174447,-187500.02235174447,-187500.02235174447,-187500.02235174447
não,2069.0786324833193,-7720.29253486306,7291.027282598888,12133.331553141064,-187500.02235174447,-187500.02235174447,-187500.02235174447,-187500.02235174447
não,1877.2112580789637,-7734.396485614358,6965.228255418331,12180.605492664039,-187500.02235174447,-187500.02235174447,-187500.02235174447,-187500.02235174447
não,1693.6140291230715,-7794.097995054483,6493.405281711255,12217.84349892658,-187500.02235174447,-187500.02235174447,-187500.02235174447,-187500.02235174447
não,1887.2918948283072,-7790.342901985991,6802.2616865946875,12164.847512823048,-187500.02235174447,-187500.02235174447,-187500.02235174447,-187500.02235174447
não,2072.766670318445,-7726.3498576104475,7277.102145803231,12130.537585084152,-187500.02235174447,-187500.02235174447,-187500.02235174447,-187500.02235174447
não,1917.3102876317846,-7724.114683164917,7063.3524135771295,12171.26246348172,-187500.02235174447,-187500.02235174447,-187500.02235174447,-187500.02235174447
não,1691.535316888728,-7785.246704250182,6539.315764822455,12216.99413263728,-187500.02235174447,-187500.02235174447,-187500.02235174447,-187500.02235174447
não,1834.7876471027907,-7800.065910824051,6699.8906969893815,12180.583140919583,-187500.02235174447,-187500.02235174447,-187500.02235174447,-187500.02235174447
não,2060.003824234465,-7735.089389692473,7239.640622096136,12131.476358351274,-187500.02235174447,-187500.02235174447,-187500.02235174447,-187500.02235174447
não,1959.5997881412254,-7718.996133684652,7137.9848883134,12159.036059264668,-187500.02235174447,-187500.02235174447,-187500.02235174447,-187500.02235174447
não,1734.5177214762834,-7773.623797133422,6603.8005475760165,12210.51212674524,-187500.02235174447,-187500.02235174447,-187500.02235174447,-187500.02235174447
não,1804.523385110305,-7809.45364349528,6603.241753964634,12186.193428777866,-187500.02235174447,-187500.02235174447,-187500.02235174447,-187500.02235174447
não,2060.74143180149,-7755.474180635712,7172.741850941402,12123.653247791917,-187500.02235174447,-187500.02235174447,-187500.02235174447,-187500.02235174447
não,2021.1341406266858,-7719.934906951775,7203.721368756458,12145.40149514693,-187500.02235174447,-187500.02235174447,-187500.02235174447,-187500.02235174447
não,1783.848021489146,-7762.693794094777,6691.106461418446,12205.259466798243,-187500.02235174447,-187500.02235174447,-187500.02235174447,-187500.02235174447
não,1766.6148265141044,-7808.40311150588,6538.980488655626,12200.118565573523,-187500.02235174447,-187500.02235174447,-187500.02235174447,-187500.02235174447
não,2042.0777251813086,-7758.893997537375,7101.305675662241,12140.707628811317,-187500.02235174447,-187500.02235174447,-187500.02235174447,-187500.02235174447
não,2050.0572979518533,-7720.650162774345,7251.151770490619,12142.45106487883,-187500.02235174447,-187500.02235174447,-187500.02235174447,-187500.02235174447
não,1800.142443197065,-7753.417820145824,6783.508572996685,12197.771632405715,-187500.02235174447,-187500.02235174447,-187500.02235174447,-187500.02235174447
não,1710.8248723536578,-7807.106710327472,6491.2148107546345,12214.177812835911,-187500.02235174447,-187500.02235174447,-187500.02235174447,-187500.02235174447
não,1982.2644570189068,-7770.628663376411,7000.655770379994,12153.31401268411,-187500.02235174447,-187500.02235174447,-187500.02235174447,-187500.02235174447
não,2070.0174057504423,-7705.518031778101,7285.372291251695,12146.921413769891,-187500.02235174447,-187500.02235174447,-187500.02235174447,-187500.02235174447
não,1847.9304728425113,-7734.240023403171,6886.2595422577315,12195.983492849291,-187500.02235174447,-187500.02235174447,-187500.02235174447,-187500.02235174447
não,1701.951229804901,-7794.0309398211175,6481.6482641277635,12223.766711207238,-187500.02235174447,-187500.02235174447,-187500.02235174447,-187500.02235174447
não,1938.522093119871,-7779.658768136355,6887.779460880693,12162.50057965524,-187500.02235174447,-187500.02235174447,-187500.02235174447,-187500.02235174447
não,2087.1611937476628,-7727.534500066579,7291.519020976904,12138.45010262133,-187500.02235174447,-187500.02235174447,-187500.02235174447,-187500.02235174447
não,1894.3103425872735,-7739.224462416704,6980.449793392396,12179.107925785533,-187500.02235174447,-187500.02235174447,-187500.02235174447,-187500.02235174447
não,1709.6178781530714,-7789.538239185601,6497.719168391129,12223.587897251595,-187500.02235174447,-187500.02235174447,-187500.02235174447,-187500.02235174447
não,1897.9536769334886,-7787.817154862542,6773.606750202984,12177.811524607127,-187500.02235174447,-187500.02235174447,-187500.02235174447,-187500.02235174447
não,2078.645179110191,-7728.294459378059,7254.303366458817,12130.649343806428,-187500.02235174447,-187500.02235174447,-187500.02235174447,-187500.02235174447
não,1957.6328346291584,-7720.0690174185065,7079.222152140397,12179.666719396917,-187500.02235174447,-187500.02235174447,-187500.02235174447,-187500.02235174447
não,1753.7625734523028,-7767.052384263562,6574.139782683824,12244.151502150477,-187500.02235174447,-187500.02235174447,-187500.02235174447,-187500.02235174447
não,1881.9721796479441,-7766.426535418813,6711.290086661588,12217.75409194876,-187500.02235174447,-187500.02235174447,-187500.02235174447,-187500.02235174447
não,2090.893935071699,-7729.9931919566625,7210.337485115228,12135.969058986791,-187500.02235174447,-187500.02235174447,-187500.02235174447,-187500.02235174447
não,1988.0535588328314,-7726.931002966286,7126.384332941096,12151.369410916497,-187500.02235174447,-187500.02235174447,-187500.02235174447,-187500.02235174447
não,1790.0171029588107,-7745.013564230629,6638.825731137483,12249.515920819751,-187500.02235174447,-187500.02235174447,-187500.02235174447,-187500.02235174447
não,1809.7089898239362,-7821.143605845405,6563.388593600821,12202.152574318956,-187500.02235174447,-187500.02235174447,-187500.02235174447,-187500.02235174447
não,2080.254504710973,-7759.944529526774,7158.213217045452,12146.854358536526,-187500.02235174447,-187500.02235174447,-187500.02235174447,-187500.02235174447
não,2059.333271900806,-7718.124415650895,7215.210165406485,12168.915530313914,-187500.02235174447,-187500.02235174447,-187500.02235174447,-187500.02235174447
não,1803.718722309914,-7775.501343667668,6684.8032694820495,12221.173908850422,-187500.02235174447,-187500.02235174447,-187500.02235174447,-187500.02235174447
não,1785.7255680233918,-7809.49834698419,6527.67050596124,12233.80264446767,-187500.02235174447,-187500.02235174447,-187500.02235174447,-187500.02235174447
não,2072.8560772962664,-7741.77256128461,7094.510745347828,12171.21775999281,-187500.02235174447,-187500.02235174447,-187500.02235174447,-187500.02235174447
não,2085.6189233802465,-7721.09719766345,7254.549235647826,12155.236262707265,-187500.02235174447,-187500.02235174447,-187500.02235174447,-187500.02235174447
não,1830.4737604229165,-7771.030994776606,6769.114049567467,12207.98637962179,-187500.02235174447,-187500.02235174447,-187500.02235174447,-187500.02235174447
não,1726.0911138166325,-7832.766512962165,6441.3704206193,12213.104929102055,-187500.02235174447,-187500.02235174447,-187500.02235174447,-187500.02235174447
não,2013.8474719342557,-7771.053346521062,6979.198095702898,12180.672547897406,-187500.02235174447,-187500.02235174447,-187500.02235174447,-187500.02235174447
não,2089.731644360023,-7735.20114841475,7275.4928202024485,12152.129370227978,-187500.02235174447,-187500.02235174447,-187500.02235174447,-187500.02235174447
não,1879.7593569468686,-7747.427552631802,6898.575353452606,12213.015522124235,-187500.02235174447,-187500.02235174447,-187500.02235174447,-187500.02235174447
não,1720.7043434029035,-7799.909448612863,6440.141074674258,12243.682115516916,-187500.02235174447,-187500.02235174447,-187500.02235174447,-187500.02235174447
não,1932.5988808392146,-7807.2408207942035,6807.715512241783,12178.057393796134,-187500.02235174447,-187500.02235174447,-187500.02235174447,-187500.02235174447
não,2079.092213999297,-7749.81918928852,7240.24411919643,12153.179902217378,-187500.02235174447,-187500.02235174447,-187500.02235174447,-187500.02235174447
não,1906.000304937399,-7749.1262852104055,6972.537275855217,12209.305132544654,-187500.02235174447,-187500.02235174447,-187500.02235174447,-187500.02235174447
não,1712.724770632359,-7805.050349837584,6498.6132381693415,12245.89493821799,-187500.02235174447,-187500.02235174447,-187500.02235174447,-187500.02235174447
não,1900.1441478901088,-7799.574172446034,6728.456226403264,12197.548114961162,-187500.02235174447,-187500.02235174447,-187500.02235174447,-187500.02235174447
não,2075.605341864269,-7749.193340443771,7204.034293178832,12142.652230578928,-187500.02235174447,-187500.02235174447,-187500.02235174447,-187500.02235174447
não,1949.3179856917843,-7744.454770619246,7052.891797172046,12187.690995656372,-187500.02235174447,-187500.02235174447,-187500.02235174447,-187500.02235174447
não,1711.6071834095935,-7809.207774306271,6512.985409854104,12223.856118185058,-187500.02235174447,-187500.02235174447,-187500.02235174447,-187500.02235174447
não,1829.914966811534,-7825.591602992011,6614.842309336938,12197.592818450072,-187500.02235174447,-187500.02235174447,-187500.02235174447,-187500.02235174447
não,2080.1427459886963,-7757.888169036886,7184.118888869154,12149.491864382251,-187500.02235174447,-187500.02235174447,-187500.02235174447,-187500.02235174447
não,1993.2391635464626,-7746.7793520425985,7137.001411557367,12162.50057965524,-187500.02235174447,-187500.02235174447,-187500.02235174447,-187500.02235174447
não,1755.3495473086296,-7794.053291565573,6616.697504126729,12223.140862362488,-187500.02235174447,-187500.02235174447,-187500.02235174447,-187500.02235174447
não,1776.9860359413667,-7830.799559450097,6534.845415931394,12189.70265265735,-187500.02235174447,-187500.02235174447,-187500.02235174447,-187500.02235174447
não,2052.180713675107,-7780.262265236648,7108.972324010411,12151.88350103897,-187500.02235174447,-187500.02235174447,-187500.02235174447,-187500.02235174447
não,2029.5607482863365,-7741.280822906593,7192.098461639698,12163.417001177908,-187500.02235174447,-187500.02235174447,-187500.02235174447,-187500.02235174447
não,1782.8645447331126,-7778.764698358143,6695.710920776239,12210.959161634346,-187500.02235174447,-187500.02235174447,-187500.02235174447,-187500.02235174447
não,1749.9404251504452,-7832.878271684441,6485.671578129719,12218.290533815687,-187500.02235174447,-187500.02235174447,-187500.02235174447,-187500.02235174447
não,2030.1195418977193,-7790.029977563618,7033.19991030692,12170.524855914695,-187500.02235174447,-187500.02235174447,-187500.02235174447,-187500.02235174447
não,2064.1388969586965,-7736.251680404149,7234.276203426863,12152.531701628173,-187500.02235174447,-187500.02235174447,-187500.02235174447,-187500.02235174447
não,1823.4106091750396,-7772.662672121844,6789.700006210805,12190.775536391204,-187500.02235174447,-187500.02235174447,-187500.02235174447,-187500.02235174447
não,1716.591622423127,-7829.525510016145,6454.982632992582,12229.108778132055,-187500.02235174447,-187500.02235174447,-187500.02235174447,-187500.02235174447
não,1974.3966429706388,-7801.228201535726,6929.845443945581,12164.333422700576,-187500.02235174447,-187500.02235174447,-187500.02235174447,-187500.02235174447
não,2075.8288593088223,-7745.929985753297,7266.775639864879,12148.35192541503,-187500.02235174447,-187500.02235174447,-187500.02235174447,-187500.02235174447
não,1875.490173755905,-7761.911483038841,6909.125376835511,12199.470364984318,-187500.02235174447,-187500.02235174447,-187500.02235174447,-187500.02235174447
não,1714.2446892553198,-7820.562460489567,6466.873761042805,12236.32839159112,-187500.02235174447,-187500.02235174447,-187500.02235174447,-187500.02235174447
não,1925.9380609915331,-7811.35354177398,6813.996352433724,12167.686184368871,-187500.02235174447,-187500.02235174447,-187500.02235174447,-187500.02235174447
não,2085.8424408247997,-7747.494607865168,7247.6648983555915,12126.268401893187,-187500.02235174447,-187500.02235174447,-187500.02235174447,-187500.02235174447
não,1917.198528909508,-7752.054363734051,6992.251514464798,12160.77949533218,-187500.02235174447,-187500.02235174447,-187500.02235174447,-187500.02235174447
não,1721.53135794775,-7815.086283098017,6503.150642293768,12229.265240343242,-187500.02235174447,-187500.02235174447,-187500.02235174447,-187500.02235174447
não,1879.2229150799412,-7825.457492525279,6706.059778459046,12167.708536113327,-187500.02235174447,-187500.02235174447,-187500.02235174447,-187500.02235174447
não,2096.057188040875,-7767.0300325191065,7235.662011583092,12120.68046577936,-187500.02235174447,-187500.02235174447,-187500.02235174447,-187500.02235174447
não,1970.909770835611,-7756.01062250264,7095.0248354703,12148.821312048593,-187500.02235174447,-187500.02235174447,-187500.02235174447,-187500.02235174447
não,1723.0959800596215,-7805.698550426788,6544.72488698064,12180.829010108591,-187500.02235174447,-187500.02235174447,-187500.02235174447,-187500.02235174447
não,1810.7595218133358,-7830.352524560992,6598.793756818028,12156.219739463299,-187500.02235174447,-187500.02235174447,-187500.02235174447,-187500.02235174447
não,2067.6034173492694,-7774.406108189358,7176.094612609699,12108.16348888439,-187500.02235174447,-187500.02235174447,-187500.02235174447,-187500.02235174447
não,1991.518079223404,-7751.227349189205,7164.4270020040285,12135.097340953034,-187500.02235174447,-187500.02235174447,-187500.02235174447,-187500.02235174447
não,1734.696535431926,-7795.193230532794,6634.69065841325,12185.902856099947,-187500.02235174447,-187500.02235174447,-187500.02235174447,-187500.02235174447
não,1747.8617129161016,-7840.544920032611,6532.274965319034,12167.417963435408,-187500.02235174447,-187500.02235174447,-187500.02235174447,-187500.02235174447
não,2025.157454628641,-7784.01735830514,7110.246373444364,12109.929276696359,-187500.02235174447,-187500.02235174447,-187500.02235174447,-187500.02235174447
não,2024.8221784618115,-7741.370229884414,7228.174177190564,12126.022532704179,-187500.02235174447,-187500.02235174447,-187500.02235174447,-187500.02235174447
não,1775.7790417407803,-7776.842448334986,6739.632098630917,12189.546190446163,-187500.02235174447,-187500.02235174447,-187500.02235174447,-187500.02235174447
não,1711.2942589872193,-7828.45262628229,6485.984502552093,12189.277969512697,-187500.02235174447,-187500.02235174447,-187500.02235174447,-187500.02235174447
não,1982.9126576081107,-7799.73063465722,7013.306857741697,12112.566782542084,-187500.02235174447,-187500.02235174447,-187500.02235174447,-187500.02235174447
não,2040.2225303915181,-7748.813360788031,7247.709601844502,12113.01381743119,-187500.02235174447,-187500.02235174447,-187500.02235174447,-187500.02235174447
não,1820.9966207738664,-7774.406108189358,6836.035172466657,12177.230379251288,-187500.02235174447,-187500.02235174447,-187500.02235174447,-187500.02235174447
não,1696.2515349687976,-7823.289373313114,6472.506400645542,12199.358606262042,-187500.02235174447,-187500.02235174447,-187500.02235174447,-187500.02235174447
não,1941.0925437322312,-7788.443003707291,6917.999019384268,12132.705704296315,-187500.02235174447,-187500.02235174447,-187500.02235174447,-187500.02235174447
não,2061.5907980907914,-7732.854215246942,7273.794087623845,12109.146965640422,-187500.02235174447,-187500.02235174447,-187500.02235174447,-187500.02235174447
não,1869.2763887973297,-7751.540273611578,6935.925118437424,12155.25861445172,-187500.02235174447,-187500.02235174447,-187500.02235174447,-187500.02235174447
não,1682.1699359619543,-7814.21456506426,6471.768793078518,12192.787193392182,-187500.02235174447,-187500.02235174447,-187500.02235174447,-187500.02235174447
não,1886.911915172567,-7803.865707381453,6799.758291215693,12146.004992247224,-187500.02235174447,-187500.02235174447,-187500.02235174447,-187500.02235174447
não,2068.117507471741,-7736.318735637515,7265.903921831122,12114.06434942059,-187500.02235174447,-187500.02235174447,-187500.02235174447,-187500.02235174447
não,1919.6572207995919,-7740.543215339568,7039.927785387968,12159.304280198132,-187500.02235174447,-187500.02235174447,-187500.02235174447,-187500.02235174447
não,1696.787976835725,-7794.9697130882405,6520.763816924551,12206.600571465562,-187500.02235174447,-187500.02235174447,-187500.02235174447,-187500.02235174447
não,1842.4319437065058,-7811.778224918631,6703.936362735792,12162.589986633062,-187500.02235174447,-187500.02235174447,-187500.02235174447,-187500.02235174447
não,2064.921208014632,-7747.58401484299,7229.738799302435,12107.11295689499,-187500.02235174447,-187500.02235174447,-187500.02235174447,-187500.02235174447
não,1965.9476835665328,-7728.495625078157,7117.6448008590705,12150.788265560659,-187500.02235174447,-187500.02235174447,-187500.02235174447,-187500.02235174447
não,1730.5391109632387,-7777.8929803243855,6589.741300313628,12215.921248903423,-187500.02235174447,-187500.02235174447,-187500.02235174447,-187500.02235174447
não,1793.1016436936432,-7811.35354177398,6605.789852832539,12175.93397807288,-187500.02235174447,-187500.02235174447,-187500.02235174447,-187500.02235174447
não,2055.198199176574,-7754.9377387687855,7178.665063222059,12120.434596590352,-187500.02235174447,-187500.02235174447,-187500.02235174447,-187500.02235174447
não,2004.5714979853033,-7728.294459378059,7182.531915012827,12138.315992154598,-187500.02235174447,-187500.02235174447,-187500.02235174447,-187500.02235174447
não,1760.244579344342,-7771.701547110266,6665.401955294843,12197.101080072056,-187500.02235174447,-187500.02235174447,-187500.02235174447,-187500.02235174447
não,1763.3738235680848,-7812.02409410764,6532.990221141604,12198.106908572545,-187500.02235174447,-187500.02235174447,-187500.02235174447,-187500.02235174447
não,2033.002916932454,-7762.716145839232,7094.957780236934,12134.002105474723,-187500.02235174447,-187500.02235174447,-187500.02235174447,-187500.02235174447
não,2028.5102162969372,-7725.254622132137,7229.358819646695,12127.631858304961,-187500.02235174447,-187500.02235174447,-187500.02235174447,-187500.02235174447
não,1790.7323587813805,-7760.123343482416,6760.352165740987,12187.713347400826,-187500.02235174447,-187500.02235174447,-187500.02235174447,-187500.02235174447
não,1719.8102736246913,-7811.755873174176,6486.18566825219,12195.983492849291,-187500.02235174447,-187500.02235174447,-187500.02235174447,-187500.02235174447
não,2000.905811894633,-7774.2496459781705,7008.300066983708,12133.44331186334,-187500.02235174447,-187500.02235174447,-187500.02235174447,-187500.02235174447
não,2077.058205253864,-7720.538404052068,7276.051613813832,12136.63961132045,-187500.02235174447,-187500.02235174447,-187500.02235174447,-187500.02235174447
não,1853.65251942307,-7745.639413075378,6869.920417060902,12190.88729511348,-187500.02235174447,-187500.02235174447,-187500.02235174447,-187500.02235174447
não,1710.5566514201942,-7802.5916579475,6474.696871602163,12217.999961137768,-187500.02235174447,-187500.02235174447,-187500.02235174447,-187500.02235174447
não,1950.4802764034603,-7781.826887348519,6896.876620874003,12154.610413862518,-187500.02235174447,-187500.02235174447,-187500.02235174447,-187500.02235174447
não,2079.807469821867,-7723.421779086802,7278.443250470549,12122.602715802517,-187500.02235174447,-187500.02235174447,-187500.02235174447,-187500.02235174447
não,1894.5785635207371,-7736.9222327378075,6962.94837748389,12176.69393738436,-187500.02235174447,-187500.02235174447,-187500.02235174447,-187500.02235174447
não,1704.722846117359,-7791.639303164399,6485.358653707344,12213.909591902446,-187500.02235174447,-187500.02235174447,-187500.02235174447,-187500.02235174447
não,1897.1490141330976,-7791.751061886676,6785.430823019841,12162.098248255044,-187500.02235174447,-187500.02235174447,-187500.02235174447,-187500.02235174447
não,2085.373054191238,-7732.00484895764,7263.668747385592,12127.296582138131,-187500.02235174447,-187500.02235174447,-187500.02235174447,-187500.02235174447
não,1937.2033401970077,-7732.049552446551,7054.568178006194,12161.338288943565,-187500.02235174447,-187500.02235174447,-187500.02235174447,-187500.02235174447
não,1712.881232843546,-7786.92308508433,6528.475168761632,12210.51212674524,-187500.02235174447,-187500.02235174447,-187500.02235174447,-187500.02235174447
não,1847.0587548087544,-7798.233067778715,6676.108440888935,12176.738640873271,-187500.02235174447,-187500.02235174447,-187500.02235174447,-187500.02235174447
não,2083.763728590456,-7738.330392638492,7225.156691689097,12130.202308917322,-187500.02235174447,-187500.02235174447,-187500.02235174447,-187500.02235174447
não,1984.5666866978036,-7722.527709308591,7136.084990034698,12158.276099953187,-187500.02235174447,-187500.02235174447,-187500.02235174447,-187500.02235174447
não,1734.8082941542023,-7774.562570400545,6596.692692839229,12209.483946500295,-187500.02235174447,-187500.02235174447,-187500.02235174447,-187500.02235174447
não,1797.8402135181682,-7803.932762614819,6587.3049601679995,12198.799812650659,-187500.02235174447,-187500.02235174447,-187500.02235174447,-187500.02235174447
não,2064.0494899808755,-7746.444075875769,7160.984833357911,12138.651268321428,-187500.02235174447,-187500.02235174447,-187500.02235174447,-187500.02235174447
não,2014.4956725234597,-7720.739569752165,7191.383205817128,12145.803826547126,-187500.02235174447,-187500.02235174447,-187500.02235174447,-187500.02235174447
não,1766.815992214202,-7763.073773750517,6680.2211618687115,12207.94167613288,-187500.02235174447,-187500.02235174447,-187500.02235174447,-187500.02235174447
não,1759.7751927107804,-7802.569306203045,6519.422712257232,12204.834783653592,-187500.02235174447,-187500.02235174447,-187500.02235174447,-187500.02235174447
não,2042.7259257705125,-7756.122381224916,7083.223114397898,12147.659021336916,-187500.02235174447,-187500.02235174447,-187500.02235174447,-187500.02235174447
não,2053.477114853515,-7715.531613294079,7244.6697645985805,12151.369410916497,-187500.02235174447,-187500.02235174447,-187500.02235174447,-187500.02235174447
não,1812.7711788143133,-7750.355631155448,6781.273398551154,12216.144766347978,-187500.02235174447,-187500.02235174447,-187500.02235174447,-187500.02235174447
não,1729.7120964183923,-7803.441024236802,6473.534580890487,12227.588859509095,-187500.02235174447,-187500.02235174447,-187500.02235174447,-187500.02235174447
não,1998.0447886043537,-7770.9639395432405,6970.950301998891,12158.298451697643,-187500.02235174447,-187500.02235174447,-187500.02235174447,-187500.02235174447
não,2080.6344843667134,-7713.408197570825,7266.954453820522,12152.621108605994,-187500.02235174447,-187500.02235174447,-187500.02235174447,-187500.02235174447
não,1863.5766939612263,-7734.128264680894,6885.41017596843,12200.409138251442,-187500.02235174447,-187500.02235174447,-187500.02235174447,-187500.02235174447
não,1715.2505177558087,-7795.394396232891,6469.600673866353,12227.097121131077,-187500.02235174447,-187500.02235174447,-187500.02235174447,-187500.02235174447
não,1949.2062269695077,-7777.781221602109,6865.137143747466,12168.513198913717,-187500.02235174447,-187500.02235174447,-187500.02235174447,-187500.02235174447
não,2093.7326066175233,-7718.638505773367,7270.217808510996,12154.185730717867,-187500.02235174447,-187500.02235174447,-187500.02235174447,-187500.02235174447
não,1916.1256451756533,-7727.690962277766,6985.0989562391,12205.885315642992,-187500.02235174447,-187500.02235174447,-187500.02235174447,-187500.02235174447
não,1713.3282677326522,-7788.174782773827,6497.607409668853,12237.937717191902,-187500.02235174447,-187500.02235174447,-187500.02235174447,-187500.02235174447
não,1891.292857085807,-7792.242800264693,6756.865293605959,12189.657949168439,-187500.02235174447,-187500.02235174447,-187500.02235174447,-187500.02235174447
não,2095.610153151769,-7725.254622132137,7251.19647397953,12153.157550472923,-187500.02235174447,-187500.02235174447,-187500.02235174447,-187500.02235174447
não,1962.1031835202198,-7717.878546461886,7069.767364235803,12188.808582879137,-187500.02235174447,-187500.02235174447,-187500.02235174447,-187500.02235174447
não,1731.1873115524427,-7772.796782588575,6540.254538089578,12228.170004864933,-187500.02235174447,-187500.02235174447,-187500.02235174447,-187500.02235174447
não,1848.1092867981538,-7796.355521244469,6654.762524934116,12194.307112015142,-187500.02235174447,-187500.02235174447,-187500.02235174447,-187500.02235174447
não,2090.022217037942,-7736.654011804344,7208.169365903064,12148.039000992656,-187500.02235174447,-187500.02235174447,-187500.02235174447,-187500.02235174447
não,2002.5598409843258,-7716.38097958338,7143.773990127324,12169.161399502922,-187500.02235174447,-187500.02235174447,-187500.02235174447,-187500.02235174447
não,1752.9579106519118,-7764.705451095754,6611.713065113195,12216.591801237084,-187500.02235174447,-187500.02235174447,-187500.02235174447,-187500.02235174447
não,1798.6001728296487,-7795.997893333184,6567.858942491883,12204.27599004221,-187500.02235174447,-187500.02235174447,-187500.02235174447,-187500.02235174447
não,2076.633522109213,-7742.800741529553,7145.942109339489,12149.69303008235,-187500.02235174447,-187500.02235174447,-187500.02235174447,-187500.02235174447
não,2045.2740246384174,-7710.994209169652,7213.779653761346,12164.802809334136,-187500.02235174447,-187500.02235174447,-187500.02235174447,-187500.02235174447
não,1797.6166960736152,-7753.730744568199,6711.603011083962,12227.030065897712,-187500.02235174447,-187500.02235174447,-187500.02235174447,-187500.02235174447
não,1767.2183236143976,-7801.764643402654,6510.034979586003,12225.532499019206,-187500.02235174447,-187500.02235174447,-187500.02235174447,-187500.02235174447
não,2044.223492649018,-7753.686041079288,7060.983128664867,12161.651213365938,-187500.02235174447,-187500.02235174447,-187500.02235174447,-187500.02235174447
não,2080.567429133347,-7708.423758557291,7258.48314267196,12175.241073994765,-187500.02235174447,-187500.02235174447,-187500.02235174447,-187500.02235174447
não,1844.1977315184752,-7735.514072837123,6810.710645998794,12220.61511523904,-187500.02235174447,-187500.02235174447,-187500.02235174447,-187500.02235174447
não,1736.5517302217163,-7790.7452333861875,6478.787240837484,12215.697731458871,-187500.02235174447,-187500.02235174447,-187500.02235174447,-187500.02235174447
não,2001.3304950392837,-7762.850256305964,6965.541179840706,12144.55212885763,-187500.02235174447,-187500.02235174447,-187500.02235174447,-187500.02235174447
não,2099.387597964716,-7709.921325435797,7280.879590616178,12132.370428129487,-187500.02235174447,-187500.02235174447,-187500.02235174447,-187500.02235174447
não,1898.6242292671477,-7730.730799523688,6906.398464011963,12194.620036437516,-187500.02235174447,-187500.02235174447,-187500.02235174447,-187500.02235174447
não,1742.9666808803895,-7792.846297364986,6479.301330959956,12236.931888691413,-187500.02235174447,-187500.02235174447,-187500.02235174447,-187500.02235174447
não,1960.1585817526081,-7779.256436736159,6854.721230831294,12179.420850207907,-187500.02235174447,-187500.02235174447,-187500.02235174447,-187500.02235174447
não,2116.1737580506515,-7711.821223714498,7282.801840639334,12140.573518344585,-187500.02235174447,-187500.02235174447,-187500.02235174447,-187500.02235174447
não,1941.1148954766866,-7718.593802284456,7024.169805546976,12191.088460813578,-187500.02235174447,-187500.02235174447,-187500.02235174447,-187500.02235174447
não,1738.9880703673448,-7785.202000761271,6528.676334461729,12245.269089373243,-187500.02235174447,-187500.02235174447,-187500.02235174447,-187500.02235174447
não,1910.0236189393545,-7793.002759576173,6745.532959167119,12202.08551908559,-187500.02235174447,-187500.02235174447,-187500.02235174447,-187500.02235174447
não,2114.4303219831377,-7728.652087289344,7245.183854721053,12141.132311955967,-187500.02235174447,-187500.02235174447,-187500.02235174447,-187500.02235174447
não,1990.5346024673704,-7722.348895352948,7096.120070948609,12166.143914001455,-187500.02235174447,-187500.02235174447,-187500.02235174447,-187500.02235174447
não,1763.8655619461015,-7771.701547110266,6582.320521154466,12223.1855658514,-187500.02235174447,-187500.02235174447,-187500.02235174447,-187500.02235174447
não,1860.1792288040197,-7800.848221879986,6644.525425973586,12185.41111772193,-187500.02235174447,-187500.02235174447,-187500.02235174447,-187500.02235174447
não,2102.2039177660845,-7742.53252059609,7197.28406635333,12122.088625680046,-187500.02235174447,-187500.02235174447,-187500.02235174447,-187500.02235174447
não,2029.5383965418812,-7706.7473777231435,7166.1927898159975,12149.268346937699,-187500.02235174447,-187500.02235174447,-187500.02235174447,-187500.02235174447
não,1811.8100538027352,-7760.123343482416,6657.914120902315,12225.13016761901,-187500.02235174447,-187500.02235174447,-187500.02235174447,-187500.02235174447
não,1829.7361528558915,-7801.49642246919,6584.44393687772,12208.165193577433,-187500.02235174447,-187500.02235174447,-187500.02235174447,-187500.02235174447
não,2088.5022984149814,-7751.9426050117745,7167.064507849755,12144.172149201888,-187500.02235174447,-187500.02235174447,-187500.02235174447,-187500.02235174447
não,2070.9785307620205,-7716.269220861104,7254.526883903371,12151.481169638773,-187500.02235174447,-187500.02235174447,-187500.02235174447,-187500.02235174447
não,1844.3094902407518,-7753.753096312654,6750.830322603027,12196.296417271664,-187500.02235174447,-187500.02235174447,-187500.02235174447,-187500.02235174447
não,1802.0870449646766,-7798.54599220109,6506.168127795235,12202.979588863802,-187500.02235174447,-187500.02235174447,-187500.02235174447,-187500.02235174447
não,2063.155420202663,-7755.273014935615,7076.629349783582,12140.797035789137,-187500.02235174447,-187500.02235174447,-187500.02235174447,-187500.02235174447
não,2119.414760996671,-7713.385845826369,7320.553937024348,12130.40347461742,-187500.02235174447,-187500.02235174447,-187500.02235174447,-187500.02235174447
não,1879.424080780039,-7746.377020642402,6814.733960000749,12195.84938238256,-187500.02235174447,-187500.02235174447,-187500.02235174447,-187500.02235174447
não,1781.0093499433221,-7800.580000946522,6498.277962002512,12216.547097748173,-187500.02235174447,-187500.02235174447,-187500.02235174447,-187500.02235174447
não,2013.1098643672306,-7777.423593690824,6929.0854846341,12151.83879755006,-187500.02235174447,-187500.02235174447,-187500.02235174447,-187500.02235174447
não,2143.2640723304835,-7724.807587243032,7304.080701360786,12129.509404839207,-187500.02235174447,-187500.02235174447,-187500.02235174447,-187500.02235174447
não,1935.2363866849407,-7737.592785071467,6963.66363330646,12184.2264752658,-187500.02235174447,-187500.02235174447,-187500.02235174447,-187500.02235174447
não,1763.1950096124424,-7799.775338146132,6494.925200334215,12212.344969790574,-187500.02235174447,-187500.02235174447,-187500.02235174447,-187500.02235174447
não,1971.8932475916445,-7789.404128718869,6835.655192810917,12158.20904471982,-187500.02235174447,-187500.02235174447,-187500.02235174447,-187500.02235174447
não,2142.370002552271,-7727.690962277766,7299.476242002994,12115.740730254738,-187500.02235174447,-187500.02235174447,-187500.02235174447,-187500.02235174447
não,1995.2061170585296,-7732.518939080112,7032.954041117912,12167.194445990855,-187500.02235174447,-187500.02235174447,-187500.02235174447,-187500.02235174447
não,1775.3543585961295,-7788.77827987412,6520.808520413461,12213.216687824332,-187500.02235174447,-187500.02235174447,-187500.02235174447,-187500.02235174447
não,1933.3364884062396,-7800.222373035237,6727.226880458222,12168.222626235798,-187500.02235174447,-187500.02235174447,-187500.02235174447,-187500.02235174447
não,2142.2135403410844,-7730.663744290322,7264.831038097267,12118.288829122643,-187500.02235174447,-187500.02235174447,-187500.02235174447,-187500.02235174447
não,2012.7522364559456,-7717.967953439707,7147.484379706905,12144.328611413075,-187500.02235174447,-187500.02235174447,-187500.02235174447,-187500.02235174447
$SILENCE,1795.560335583727,-7780.418727447835,6600.626599863363,12201.996112107769,-187500.02235174447,-187500.02235174447,-187500.02235174447,-187500.02235174447
$SILENCE,1890.9352291745222,-7813.87928889743,6631.047324067035,12169.764896603216,-187500.02235174447,-187500.02235174447,-187500.02235174447,-187500.02235174447
$SILENCE,2148.628490999757,-7752.054363734051,7208.906973470089,12112.812651731092,-187500.02235174447,-187500.02235174447,-187500.02235174447,-187500.02235174447
$SILENCE,2084.74720534649,-7725.232270387683,7204.280162367841,12137.913660754402,-187500.02235174447,-187500.02235174447,-187500.02235174447,-187500.02235174447
$SILENCE,1839.9732518164221,-7772.461506421746,6683.685682259284,12199.202144050854,-187500.02235174447,-187500.02235174447,-187500.02235174447,-187500.02235174447
$SILENCE,1847.9528245869667,-7811.577059218534,6564.908512223782,12175.755164117238,-187500.02235174447,-187500.02235174447,-187500.02235174447,-187500.02235174447
$SILENCE,2104.0814643003305,-7758.938701026285,7127.6807341195035,12097.68052073485,-187500.02235174447,-187500.02235174447,-187500.02235174447,-187500.02235174447
$SILENCE,2100.8851648432214,-7722.684171519777,7256.069154270787,12116.232468632756,-187500.02235174447,-187500.02235174447,-187500.02235174447,-187500.02235174447
$SILENCE,1874.5290487443267,-7763.632567361899,6780.446384006308,12177.051565295646,-187500.02235174447,-187500.02235174447,-187500.02235174447,-187500.02235174447
$SILENCE,1809.2172514459196,-7813.700474941787,6516.874613389327,12179.845533352558,-187500.02235174447,-187500.02235174447,-187500.02235174447,-187500.02235174447
$SILENCE,2078.6675308546464,-7778.049442535573,7040.866558655091,12112.946762197824,-187500.02235174447,-187500.02235174447,-187500.02235174447,-187500.02235174447
$SILENCE,2137.3855635387376,-7726.52867156609,7291.720186677002,12104.274285349165,-187500.02235174447,-187500.02235174447,-187500.02235174447,-187500.02235174447
$SILENCE,1915.4997963309047,-7753.842503290475,6882.459745700329,12156.577367374584,-187500.02235174447,-187500.02235174447,-187500.02235174447,-187500.02235174447
$SILENCE,1781.8140127437132,-7809.967733617751,6497.182726524202,12179.867885097014,-187500.02235174447,-187500.02235174447,-187500.02235174447,-187500.02235174447
$SILENCE,2024.5763092728032,-7786.006663561662,6929.241946845287,12110.53277379665,-187500.02235174447,-187500.02235174447,-187500.02235174447,-187500.02235174447
$SILENCE,2158.709127749101,-7732.608346057934,7306.941724651066,12098.48518353524,-187500.02235174447,-187500.02235174447,-187500.02235174447,-187500.02235174447
$SILENCE,1970.9544743245215,-7749.238043932682,6988.854049307591,12149.938899271358,-187500.02235174447,-187500.02235174447,-187500.02235174447,-187500.02235174447
$SILENCE,1780.718777265403,-7806.816137649553,6515.689970933196,12183.734736887782,-187500.02235174447,-187500.02235174447,-187500.02235174447,-187500.02235174447
$SILENCE,1980.6998349070354,-7804.648018437389,6823.942878716336,12123.49678558073,-187500.02235174447,-187500.02235174447,-187500.02235174447,-187500.02235174447
$SILENCE,2156.8986364482207,-7738.710372294233,7288.8144598978115,12085.387061284431,-187500.02235174447,-187500.02235174447,-187500.02235174447,-187500.02235174447
$SILENCE,2000.838756661267,-7737.190453671272,7071.756669492325,12131.87868975147,-187500.02235174447,-187500.02235174447,-187500.02235174447,-187500.02235174447
$SILENCE,1779.8470592316462,-7799.797689890586,6555.006689430081,12179.644367652461,-187500.02235174447,-187500.02235174447,-187500.02235174447,-187500.02235174447
$SILENCE,1920.6854010445359,-7811.733521429721,6718.532051865108,12133.35390488552,-187500.02235174447,-187500.02235174447,-187500.02235174447,-187500.02235174447
$SILENCE,2161.5030958060142,-7748.098104965461,7263.646395641136,12082.079003105046,-187500.02235174447,-187500.02235174447,-187500.02235174447,-187500.02235174447
$SILENCE,2051.3760508747164,-7732.653049546844,7162.79532465879,12119.138195411944,-187500.02235174447,-187500.02235174447,-187500.02235174447,-187500.02235174447
$SILENCE,1788.8995157360455,-7780.9998728036735,6613.88118432536,12171.374222203996,-187500.02235174447,-187500.02235174447,-187500.02235174447,-187500.02235174447
$SILENCE,1862.1908858049974,-7813.208736563771,6620.966687317692,12147.010820747713,-187500.02235174447,-187500.02235174447,-187500.02235174447,-187500.02235174447
$SILENCE,2130.255357057495,-7757.150561469861,7196.0100169193765,12086.124668851457,-187500.02235174447,-187500.02235174447,-187500.02235174447,-187500.02235174447
$SILENCE,2079.293379699395,-7728.607383800434,7215.098406684209,12100.58624751404,-187500.02235174447,-187500.02235174447,-187500.02235174447,-187500.02235174447
$SILENCE,1824.528196397805,-7773.467334922235,6694.973313209214,12160.868902310003,-187500.02235174447,-187500.02235174447,-187500.02235174447,-187500.02235174447
$SILENCE,1824.7070103534475,-7814.862765653464,6558.024174931547,12164.914568056414,-187500.02235174447,-187500.02235174447,-187500.02235174447,-187500.02235174447
$SILENCE,2102.382731721727,-7764.817209818031,7125.445559673973,12103.335512082043,-187500.02235174447,-187500.02235174447,-187500.02235174447,-187500.02235174447
$SILENCE,2104.908478845177,-7722.281840119582,7265.836866597756,12102.843773704026,-187500.02235174447,-187500.02235174447,-187500.02235174447,-187500.02235174447
$SILENCE,1869.5893132197039,-7759.519846382123,6800.607657504995,12166.792114590658,-187500.02235174447,-187500.02235174447,-187500.02235174447,-187500.02235174447
$SILENCE,1791.849946004146,-7812.716998185754,6506.995142340082,12179.376146718998,-187500.02235174447,-187500.02235174447,-187500.02235174447,-187500.02235174447
$SILENCE,2053.9688532315317,-7775.501343667668,7008.747101872815,12116.388930843941,-187500.02235174447,-187500.02235174447,-187500.02235174447,-187500.02235174447
$SILENCE,2122.3651912647715,-7720.627811029889,7288.926218620089,12110.599829030018,-187500.02235174447,-187500.02235174447,-187500.02235174447,-187500.02235174447
$SILENCE,1903.228688624941,-7744.745343297165,6895.580219695595,12167.93205355788,-187500.02235174447,-187500.02235174447,-187500.02235174447,-187500.02235174447
$SILENCE,1773.1862393839647,-7802.949285858785,6495.841621856884,12202.487850485784,-187500.02235174447,-187500.02235174447,-187500.02235174447,-187500.02235174447
$SILENCE,1998.6706374491023,-7782.005701304162,6906.17494656741,12138.315992154598,-187500.02235174447,-187500.02235174447,-187500.02235174447,-187500.02235174447
$SILENCE,2122.208729053584,-7722.728875008688,7293.620084955703,12105.056596405102,-187500.02235174447,-187500.02235174447,-187500.02235174447,-187500.02235174447
$SILENCE,1937.4045058971055,-7731.937793724274,6992.09505225361,12158.611376120018,-187500.02235174447,-187500.02235174447,-187500.02235174447,-187500.02235174447
$SILENCE,1753.3602420521072,-7791.460489208757,6509.364427252344,12205.192411564876,-187500.02235174447,-187500.02235174447,-187500.02235174447,-187500.02235174447
$SILENCE,1952.067250259787,-7795.327340999525,6792.941009156824,12158.41021041992,-187500.02235174447,-187500.02235174447,-187500.02235174447,-187500.02235174447
$SILENCE,2145.0745636313636,-7731.826035001998,7276.453945214027,12119.741692512238,-187500.02235174447,-187500.02235174447,-187500.02235174447,-187500.02235174447
$SILENCE,1996.994256614954,-7723.846462231453,7076.986977694867,12165.093382012055,-187500.02235174447,-187500.02235174447,-187500.02235174447,-187500.02235174447
$SILENCE,1778.014216186311,-7781.357500714958,6555.476076063643,12214.200164580365,-187500.02235174447,-187500.02235174447,-187500.02235174447,-187500.02235174447
$SILENCE,1903.7204270029579,-7800.0212073351395,6686.8596299719375,12173.698803627349,-187500.02235174447,-187500.02235174447,-187500.02235174447,-187500.02235174447
$SILENCE,2131.32824079135,-7736.00581121514,7233.024505737366,12119.92050646788,-187500.02235174447,-187500.02235174447,-187500.02235174447,-187500.02235174447
$SILENCE,2046.0116322054425,-7718.347933095448,7155.419248988539,12153.045791750645,-187500.02235174447,-187500.02235174447,-187500.02235174447,-187500.02235174447
$SILENCE,1805.2609926773303,-7769.15344824236,6623.268916996589,12219.944562905379,-187500.02235174447,-187500.02235174447,-187500.02235174447,-187500.02235174447
$SILENCE,1859.7768974038243,-7803.351617258981,6597.363245172888,12202.376091763508,-187500.02235174447,-187500.02235174447,-187500.02235174447,-187500.02235174447
$SILENCE,2129.7189151905677,-7745.639413075378,7168.964406128455,12143.613355590505,-187500.02235174447,-187500.02235174447,-187500.02235174447,-187500.02235174447
$SILENCE,2097.286533985917,-7711.9106306923195,7218.8534997527,12163.685222111371,-187500.02235174447,-187500.02235174447,-187500.02235174447,-187500.02235174447
$SILENCE,1848.8915978540897,-7754.311889924037,6706.037426714591,12224.057283885157,-187500.02235174447,-187500.02235174447,-187500.02235174447,-187500.02235174447
$SILENCE,1822.650649863559,-7800.803518391075,6520.383837268811,12220.548060005673,-187500.02235174447,-187500.02235174447,-187500.02235174447,-187500.02235174447
$SILENCE,2109.4235312251485,-7754.133075968394,7077.702233517437,12155.012745262713,-187500.02235174447,-187500.02235174447,-187500.02235174447,-187500.02235174447
$SILENCE,2138.838426928333,-7708.110834134917,7262.506456673916,12158.656079608927,-187500.02235174447,-187500.02235174447,-187500.02235174447,-187500.02235174447
$SILENCE,1912.9293457185443,-7739.760904283632,6815.784491990148,12224.392560051985,-187500.02235174447,-187500.02235174447,-187500.02235174447,-187500.02235174447
$SILENCE,1819.3425916841736,-7794.612085176956,6494.768738123029,12239.681153259417,-187500.02235174447,-187500.02235174447,-187500.02235174447,-187500.02235174447
$SILENCE,2080.478022155526,-7763.364346428436,6978.907523024979,12177.096268784557,-187500.02235174447,-187500.02235174447,-187500.02235174447,-187500.02235174447
$SILENCE,2176.7469855245336,-7709.38488356887,7283.58415169527,12168.93788205837,-187500.02235174447,-187500.02235174447,-187500.02235174447,-187500.02235174447
$SILENCE,1972.2955789918399,-7731.110779179428,6909.79592916917,12222.403254795463,-187500.02235174447,-187500.02235174447,-187500.02235174447,-187500.02235174447
$SILENCE,1814.9392980264781,-7788.01832056264,6483.436403684188,12252.801627254681,-187500.02235174447,-187500.02235174447,-187500.02235174447,-187500.02235174447
$SILENCE,2050.4149258631383,-7772.908541310852,6874.860152585525,12194.687091670883,-187500.02235174447,-187500.02235174447,-187500.02235174447,-187500.02235174447
$SILENCE,2201.736235825567,-7708.289648090559,7290.9825791099765,12169.899007069947,-187500.02235174447,-187500.02235174447,-187500.02235174447,-187500.02235174447
$SILENCE,2033.807579732845,-7716.246869116649,7010.736407129337,12220.436301283396,-187500.02235174447,-187500.02235174447,-187500.02235174447,-187500.02235174447
$SILENCE,1833.6924116244809,-7776.842448334986,6515.444101744188,12259.060115702167,-187500.02235174447,-187500.02235174447,-187500.02235174447,-187500.02235174447
$SILENCE,2014.2721550789065,-7782.519791426635,6765.9848053437245,12211.249734312265,-187500.02235174447,-187500.02235174447,-187500.02235174447,-187500.02235174447
$SILENCE,2223.506834925036,-7717.029180172584,7269.882532344167,12174.995204805757,-187500.02235174447,-187500.02235174447,-187500.02235174447,-187500.02235174447
$SILENCE,2094.3137519733614,-7709.42958705778,7096.812975026724,12212.076748857111,-187500.02235174447,-187500.02235174447,-187500.02235174447,-187500.02235174447
$SILENCE,1867.7564701743688,-7766.001852274162,6561.913378466771,12260.647089558493,-187500.02235174447,-187500.02235174447,-187500.02235174447,-187500.02235174447
$SILENCE,1984.5890384422587,-7790.320550241537,6660.998661637147,12224.347856563076,-187500.02235174447,-187500.02235174447,-187500.02235174447,-187500.02235174447
$SILENCE,2237.7225443986113,-7730.328468123493,7224.128511444153,12174.16819026091,-187500.02235174447,-187500.02235174447,-187500.02235174447,-187500.02235174447
$SILENCE,2160.273749860972,-7708.110834134917,7176.072260865243,12201.0796905851,-187500.02235174447,-187500.02235174447,-187500.02235174447,-187500.02235174447
$SILENCE,1909.5989357947035,-7754.714221324232,6645.17362656279,12256.422609856441,-187500.02235174447,-187500.02235174447,-187500.02235174447,-187500.02235174447
$SILENCE,1942.321889677273,-7790.320550241537,6581.426451376254,12239.032952670212,-187500.02235174447,-187500.02235174447,-187500.02235174447,-187500.02235174447
$SILENCE,2214.5214336540025,-7736.318735637515,7155.866283877645,12180.247864752755,-187500.02235174447,-187500.02235174447,-187500.02235174447,-187500.02235174447
$SILENCE,2186.5370495959583,-7700.041854386552,7237.338392417239,12195.894085871469,-187500.02235174447,-187500.02235174447,-187500.02235174447,-187500.02235174447
$SILENCE,1935.6834215740469,-7739.827959516998,6742.426066687831,12255.394429611497,-187500.02235174447,-187500.02235174447,-187500.02235174447,-187500.02235174447
$SILENCE,1889.9294006740333,-7788.577114174022,6525.9047181492715,12255.975574967335,-187500.02235174447,-187500.02235174447,-187500.02235174447,-187500.02235174447
$SILENCE,2161.056060916908,-7746.332317153492,7066.861637456613,12188.540361945674,-187500.02235174447,-187500.02235174447,-187500.02235174447,-187500.02235174447
$SILENCE,2197.6011631013353,-7698.946618908241,7275.6045789247255,12187.802754378648,-187500.02235174447,-187500.02235174447,-187500.02235174447,-187500.02235174447
$SILENCE,1969.680424890569,-7728.361514611425,6836.906890500413,12244.084446917112,-187500.02235174447,-187500.02235174447,-187500.02235174447,-187500.02235174447
$SILENCE,1864.9848538619108,-7784.464393194246,6494.545220678476,12259.261281402265,-187500.02235174447,-187500.02235174447,-187500.02235174447,-187500.02235174447
$SILENCE,2117.8501388847994,-7757.44113414778,6964.960034484868,12190.46261196883,-187500.02235174447,-187500.02235174447,-187500.02235174447,-187500.02235174447
$SILENCE,2221.6963436241563,-7702.232325343171,7297.4422332575605,12174.704632127838,-187500.02235174447,-187500.02235174447,-187500.02235174447,-187500.02235174447
$SILENCE,2019.5695185148143,-7721.454825574735,6940.328412095119,12225.107815874555,-187500.02235174447,-187500.02235174447,-187500.02235174447,-187500.02235174447
$SILENCE,1855.6641764240476,-7781.2904454815925,6498.456775958154,12256.489665089806,-187500.02235174447,-187500.02235174447,-187500.02235174447,-187500.02235174447
$SILENCE,2074.711272086057,-7771.925064554819,6856.196445965344,12195.469402726818,-187500.02235174447,-187500.02235174447,-187500.02235174447,-187500.02235174447
$SILENCE,2237.789599631977,-7709.518994035601,7295.922314634599,12166.792114590658,-187500.02235174447,-187500.02235174447,-187500.02235174447,-187500.02235174447
$SILENCE,2065.4576498815595,-7712.983514426174,7038.989012120845,12209.70746394485,-187500.02235174447,-187500.02235174447,-187500.02235174447,-187500.02235174447
$SILENCE,1857.4076124915616,-7774.271997722626,6533.05727637497,12252.645165043494,-187500.02235174447,-187500.02235174447,-187500.02235174447,-187500.02235174447
$SILENCE,2020.8212162043114,-7783.525619927123,6750.517398180652,12207.069958099122,-187500.02235174447,-187500.02235174447,-187500.02235174447,-187500.02235174447
$SILENCE,2238.370744987815,-7719.3090581070255,7272.34122423425,12162.947614544346,-187500.02235174447,-187500.02235174447,-187500.02235174447,-187500.02235174447
$SILENCE,2113.4915487160147,-7709.04960740204,7127.658382375048,12196.072899827112,-187500.02235174447,-187500.02235174447,-187500.02235174447,-187500.02235174447
$SILENCE,1874.841973166701,-7765.331299940503,6595.865678294383,12246.81135974066,-187500.02235174447,-187500.02235174447,-187500.02235174447,-187500.02235174447
$SILENCE,1967.2440847449404,-7791.25932350866,6653.667289455806,12214.535440747195,-187500.02235174447,-187500.02235174447,-187500.02235174447,-187500.02235174447
$SILENCE,2225.0714570369073,-7731.6248693019,7218.04883695231,12158.097285997545,-187500.02235174447,-187500.02235174447,-187500.02235174447,-187500.02235174447
$SILENCE,2156.2280841145616,-7706.85913644542,7200.726234999447,12185.142896788466,-187500.02235174447,-187500.02235174447,-187500.02235174447,-187500.02235174447
$SILENCE,1910.0236189393545,-7755.742401569177,6675.75081297765,12242.117493405045,-187500.02235174447,-187500.02235174447,-187500.02235174447,-187500.02235174447
$SILENCE,1928.9778982374548,-7795.237934021704,6579.1465734418125,12229.354647321064,-187500.02235174447,-187500.02235174447,-187500.02235174447,-187500.02235174447
$SILENCE,2201.2668491920053,-7743.67245956331,7151.507693708861,12165.205140734333,-187500.02235174447,-187500.02235174447,-187500.02235174447,-187500.02235174447
$SILENCE,2193.1084624658183,-7706.590915511956,7262.059421784809,12174.749335616749,-187500.02235174447,-187500.02235174447,-187500.02235174447,-187500.02235174447
$SILENCE,1953.0507270158205,-7746.354668897948,6773.383232758431,12228.080597887112,-187500.02235174447,-187500.02235174447,-187500.02235174447,-187500.02235174447
$SILENCE,1896.4561100549831,-7796.824907878031,6528.2516513170785,12231.90274618897,-187500.02235174447,-187500.02235174447,-187500.02235174447,-187500.02235174447
$SILENCE,2168.2980261204275,-7758.670480092822,7060.312576331208,12163.55111164464,-187500.02235174447,-187500.02235174447,-187500.02235174447,-187500.02235174447
$SILENCE,2225.473788437103,-7709.139014379861,7298.649227458147,12159.997184276246,-187500.02235174447,-187500.02235174447,-187500.02235174447,-187500.02235174447
$SILENCE,2003.4315590180827,-7734.798817014554,6873.3402339625645,12214.22251632482,-187500.02235174447,-187500.02235174447,-187500.02235174447,-187500.02235174447
$SILENCE,1878.462955768461,-7791.34873048648,6500.088453303391,12232.305077589164,-187500.02235174447,-187500.02235174447,-187500.02235174447,-187500.02235174447
$SILENCE,2126.9025953891987,-7770.941587798785,6955.013508202256,12167.462666924319,-187500.02235174447,-187500.02235174447,-187500.02235174447,-187500.02235174447
$SILENCE,2245.4338962356924,-7713.408197570825,7315.9271259221,12148.329573670575,-187500.02235174447,-187500.02235174447,-187500.02235174447,-187500.02235174447
$SILENCE,2045.7657630164342,-7727.132168666383,6978.192267202409,12193.435393981385,-187500.02235174447,-187500.02235174447,-187500.02235174447,-187500.02235174447
$SILENCE,1876.2277813229302,-7789.784108374609,6522.328439036422,12229.444054298885,-187500.02235174447,-187500.02235174447,-187500.02235174447,-187500.02235174447
$SILENCE,2080.455670411071,-7783.123288526927,6854.609472109017,12174.771687361204,-187500.02235174447,-187500.02235174447,-187500.02235174447,-187500.02235174447
$SILENCE,2252.5193992280247,-7719.733741251677,7312.462605531527,12136.147872942433,-187500.02235174447,-187500.02235174447,-187500.02235174447,-187500.02235174447
$SILENCE,2103.634429411224,-7725.276973876593,7077.59047479516,12175.419887950407,-187500.02235174447,-187500.02235174447,-187500.02235174447,-187500.02235174447
$SILENCE,1890.5776012632373,-7785.157297272361,6564.77440175705,12220.950391405868,-187500.02235174447,-187500.02235174447,-187500.02235174447,-187500.02235174447
$SILENCE,2030.8124459758337,-7794.3215124990365,6750.964433069758,12176.537475173172,-187500.02235174447,-187500.02235174447,-187500.02235174447,-187500.02235174447
$SILENCE,2248.630195692801,-7729.747322767655,7286.802802896835,12129.040018205646,-187500.02235174447,-187500.02235174447,-187500.02235174447,-187500.02235174447
$SILENCE,2138.570205994869,-7717.409159828325,7166.617472960648,12164.489884911764,-187500.02235174447,-187500.02235174447,-187500.02235174447,-187500.02235174447
$SILENCE,1898.9818571784328,-7771.165105243338,6622.911289085304,12216.882373915003,-187500.02235174447,-187500.02235174447,-187500.02235174447,-187500.02235174447
$SILENCE,1970.9768260689768,-7799.507117212667,6645.352440518433,12187.199257278355,-187500.02235174447,-187500.02235174447,-187500.02235174447,-187500.02235174447
$SILENCE,2229.5865094168794,-7740.878491506397,7217.802967763301,12128.145948427433,-187500.02235174447,-187500.02235174447,-187500.02235174447,-187500.02235174447
$SILENCE,2178.3786628697712,-7714.950467938241,7231.459883625494,12149.871844037993,-187500.02235174447,-187500.02235174447,-187500.02235174447,-187500.02235174447
$SILENCE,1934.588186095737,-7763.140828983883,6711.670066317328,12203.717196430827,-187500.02235174447,-187500.02235174447,-187500.02235174447,-187500.02235174447
$SILENCE,1942.09837223272,-7805.296219026593,6586.321483411966,12195.55880970464,-187500.02235174447,-187500.02235174447,-187500.02235174447,-187500.02235174447
$SILENCE,2210.2746022074944,-7753.574282357012,7156.380374000118,12133.555070585619,-187500.02235174447,-187500.02235174447,-187500.02235174447,-187500.02235174447
$SILENCE,2214.700247609645,-7715.062226660518,7284.053538328832,12138.941840999347,-187500.02235174447,-187500.02235174447,-187500.02235174447,-187500.02235174447
$SILENCE,1971.289750491351,-7751.406163144847,6806.933201185847,12196.0281963382,-187500.02235174447,-187500.02235174447,-187500.02235174447,-187500.02235174447
$SILENCE,1902.42402582455,-7803.1280998144275,6529.011610628559,12202.443146996875,-187500.02235174447,-187500.02235174447,-187500.02235174447,-187500.02235174447
$SILENCE,2180.85970650431,-7769.600483131467,7056.021041395788,12138.472454365785,-187500.02235174447,-187500.02235174447,-187500.02235174447,-187500.02235174447
$SILENCE,2245.25508228005,-7716.358627838926,7321.06802714682,12127.453044349319,-187500.02235174447,-187500.02235174447,-187500.02235174447,-187500.02235174447
$SILENCE,2019.3907045591718,-7740.3196978950145,6905.504394233751,12179.622015908006,-187500.02235174447,-187500.02235174447,-187500.02235174447,-187500.02235174447
$SILENCE,1882.7544907038798,-7799.551820701578,6522.328439036422,12206.600571465562,-187500.02235174447,-187500.02235174447,-187500.02235174447,-187500.02235174447
$SILENCE,2125.829711655344,-7781.670425137333,6945.335202853108,12141.646402078439,-187500.02235174447,-187500.02235174447,-187500.02235174447,-187500.02235174447
$SILENCE,2256.475657996614,-7723.511186064624,7324.577251026303,12120.054616934613,-187500.02235174447,-187500.02235174447,-187500.02235174447,-187500.02235174447
$SILENCE,2068.2739696829285,-7736.385790870881,7004.120290770566,12166.188617490367,-187500.02235174447,-187500.02235174447,-187500.02235174447,-187500.02235174447
$SILENCE,1887.4036535505836,-7796.959018344763,6535.538320009508,12208.545173233173,-187500.02235174447,-187500.02235174447,-187500.02235174447,-187500.02235174447
$SILENCE,2073.4372226521045,-7790.63347466391,6830.536643330651,12155.482131896273,-187500.02235174447,-187500.02235174447,-187500.02235174447,-187500.02235174447
$SILENCE,2262.868256910832,-7727.266279133115,7309.109843863231,12119.07114017858,-187500.02235174447,-187500.02235174447,-187500.02235174447,-187500.02235174447
$SILENCE,2117.6936766736126,-7725.47813957669,7101.283323917785,12159.751315087238,-187500.02235174447,-187500.02235174447,-187500.02235174447,-187500.02235174447
$SILENCE,1888.9459239179998,-7782.653901893366,6566.495486080109,12207.98637962179,-187500.02235174447,-187500.02235174447,-187500.02235174447,-187500.02235174447
$SILENCE,2030.1865971310851,-7799.909448612863,6728.1209502364345,12171.731850115282,-187500.02235174447,-187500.02235174447,-187500.02235174447,-187500.02235174447
$SILENCE,2257.9732248751193,-7734.083561191984,7283.181820295074,12121.932163468859,-187500.02235174447,-187500.02235174447,-187500.02235174447,-187500.02235174447
$SILENCE,2158.351499837816,-7718.6608575178225,7188.723348226947,12150.162416715912,-187500.02235174447,-187500.02235174447,-187500.02235174447,-187500.02235174447
$SILENCE,1926.0721714582648,-7773.713204111244,6647.677021941784,12204.186583064387,-187500.02235174447,-187500.02235174447,-187500.02235174447,-187500.02235174447
$SILENCE,1983.0244163303873,-7801.786995147109,6644.659536440317,12185.344062488564,-187500.02235174447,-187500.02235174447,-187500.02235174447,-187500.02235174447
$SILENCE,2240.1588845442398,-7742.778389785099,7222.7203515434685,12125.553146070617,-187500.02235174447,-187500.02235174447,-187500.02235174447,-187500.02235174447
$SILENCE,2196.438872389659,-7715.308095849526,7260.271282228385,12141.333477656064,-187500.02235174447,-187500.02235174447,-187500.02235174447,-187500.02235174447
$SILENCE,1949.2062269695077,-7759.385735915392,6732.971278783236,12191.490792213774,-187500.02235174447,-187500.02235174447,-187500.02235174447,-187500.02235174447
$SILENCE,1938.4103343975944,-7804.491556226201,6559.320576109955,12185.612283422028,-187500.02235174447,-187500.02235174447,-187500.02235174447,-187500.02235174447
$SILENCE,2210.6545818632344,-7756.547064369567,7131.5028824213605,12123.20621290281,-187500.02235174447,-187500.02235174447,-187500.02235174447,-187500.02235174447
$SILENCE,2224.5573669144355,-7713.0282179150845,7298.49276524696,12131.990448473745,-187500.02235174447,-187500.02235174447,-187500.02235174447,-187500.02235174447
$SILENCE,1987.1147855657084,-7746.265261920126,6836.459855611308,12192.161344547432,-187500.02235174447,-187500.02235174447,-187500.02235174447,-187500.02235174447
$SILENCE,1901.9993426798992,-7801.11644281345,6539.919261922749,12203.337216775086,-187500.02235174447,-187500.02235174447,-187500.02235174447,-187500.02235174447
$SILENCE,2170.5332005659584,-7767.879398808408,7044.912224401502,12138.539509599152,-187500.02235174447,-187500.02235174447,-187500.02235174447,-187500.02235174447
$SILENCE,2245.858579380343,-7714.190508626761,7323.414960314627,12124.994352459235,-187500.02235174447,-187500.02235174447,-187500.02235174447,-187500.02235174447
$SILENCE,2029.2701756084175,-7735.737590281677,6922.849347931069,12177.632710651484,-187500.02235174447,-187500.02235174447,-187500.02235174447,-187500.02235174447
$SILENCE,1888.007150650877,-7795.237934021704,6521.322610535934,12208.27695229971,-187500.02235174447,-187500.02235174447,-187500.02235174447,-187500.02235174447
$SILENCE,2128.154293078696,-7782.855067593464,6928.861967189547,12149.022477748691,-187500.02235174447,-187500.02235174447,-187500.02235174447,-187500.02235174447
$SILENCE,2271.0042918925633,-7723.131206408883,7330.656925518147,12119.473471578774,-187500.02235174447,-187500.02235174447,-187500.02235174447,-187500.02235174447
$SILENCE,2081.193277978096,-7729.970840212208,7036.530320230761,12164.042850022657,-187500.02235174447,-187500.02235174447,-187500.02235174447,-187500.02235174447
$SILENCE,1876.8536301676788,-7787.97361707373,6542.15443636828,12201.236152796288,-187500.02235174447,-187500.02235174447,-187500.02235174447,-187500.02235174447
$SILENCE,2061.926074257621,-7790.7452333861875,6819.919564714381,12155.88446329647,-187500.02235174447,-187500.02235174447,-187500.02235174447,-187500.02235174447
$SILENCE,2261.348338287871,-7727.266279133115,7311.389721797672,12115.405454087908,-187500.02235174447,-187500.02235174447,-187500.02235174447,-187500.02235174447
$SILENCE,2123.9968686100087,-7720.493700563157,7127.256050974853,12153.962213273313,-187500.02235174447,-187500.02235174447,-187500.02235174447,-187500.02235174447
$SILENCE,1888.8565169401786,-7776.820096590531,6601.073634752469,12207.382882521497,-187500.02235174447,-187500.02235174447,-187500.02235174447,-187500.02235174447
$SILENCE,2012.5287190113927,-7797.763681145154,6718.3755896539205,12170.904835570436,-187500.02235174447,-187500.02235174447,-187500.02235174447,-187500.02235174447
$SILENCE,2257.928521386209,-7735.737590281677,7277.526828947882,12117.30535236661,-187500.02235174447,-187500.02235174447,-187500.02235174447,-187500.02235174447
$SILENCE,2169.1920958986398,-7717.297401106049,7203.788423989824,12145.043867235645,-187500.02235174447,-187500.02235174447,-187500.02235174447,-187500.02235174447
$SILENCE,1918.1373021766308,-7765.308948196048,6668.978234407692,12202.376091763508,-187500.02235174447,-187500.02235174447,-187500.02235174447,-187500.02235174447
$SILENCE,1970.3062737353175,-7802.882230625419,6628.387466476855,12184.338233988075,-187500.02235174447,-187500.02235174447,-187500.02235174447,-187500.02235174447
$SILENCE,2238.1695792877176,-7748.29927066556,7196.814679719768,12121.753349513216,-187500.02235174447,-187500.02235174447,-187500.02235174447,-187500.02235174447
$SILENCE,2201.4233114031927,-7713.296438848548,7264.518113674893,12138.092474710045,-187500.02235174447,-187500.02235174447,-187500.02235174447,-187500.02235174447
$SILENCE,1960.7173753639909,-7757.038802747585,6769.739898412216,12199.000978350758,-187500.02235174447,-187500.02235174447,-187500.02235174447,-187500.02235174447
$SILENCE,1929.8272645267564,-7805.385626004413,6570.362337870877,12195.871734127013,-187500.02235174447,-187500.02235174447,-187500.02235174447,-187500.02235174447
$SILENCE,2204.507852138025,-7760.905654538353,7116.281344447297,12130.358771128509,-187500.02235174447,-187500.02235174447,-187500.02235174447,-187500.02235174447
$SILENCE,2235.1967972751618,-7715.062226660518,7308.059311873832,12130.023494961679,-187500.02235174447,-187500.02235174447,-187500.02235174447,-187500.02235174447
$SILENCE,1998.7823961713789,-7745.482950864191,6856.151742476433,12185.45582121084,-187500.02235174447,-187500.02235174447,-187500.02235174447,-187500.02235174447
$SILENCE,1904.6592002700806,-7801.049387580084,6534.778360698028,12202.42079525242,-187500.02235174447,-187500.02235174447,-187500.02235174447,-187500.02235174447
$SILENCE,2165.6158167857907,-7771.589788387989,7016.324343243164,12136.281983409166,-187500.02235174447,-187500.02235174447,-187500.02235174447,-187500.02235174447
$SILENCE,2260.1189923428287,-7715.419854571803,7335.820178487323,12121.909811724403,-187500.02235174447,-187500.02235174447,-187500.02235174447,-187500.02235174447
$SILENCE,2050.325518885317,-7734.172968169805,6965.988214729812,12170.16722800341,-187500.02235174447,-187500.02235174447,-187500.02235174447,-187500.02235174447
$SILENCE,1885.9507901609886,-7793.338035743003,6528.117540850347,12196.69874867186,-187500.02235174447,-187500.02235174447,-187500.02235174447,-187500.02235174447
$SILENCE,2109.579993436336,-7781.983349559707,6898.441242985874,12140.037076477656,-187500.02235174447,-187500.02235174447,-187500.02235174447,-187500.02235174447
$SILENCE,2270.0655186254407,-7721.968915697207,7328.533509794893,12116.545393055128,-187500.02235174447,-187500.02235174447,-187500.02235174447,-187500.02235174447
$SILENCE,2097.420644452649,-7725.455787832236,7061.027832153778,12164.892216311959,-187500.02235174447,-187500.02235174447,-187500.02235174447,-187500.02235174447
$SILENCE,1888.6777029845362,-7783.279750738115,6562.986262200626,12206.287647043187,-187500.02235174447,-187500.02235174447,-187500.02235174447,-187500.02235174447
$SILENCE,2058.8415335227887,-7789.672349652333,6797.746634214715,12157.203216219332,-187500.02235174447,-187500.02235174447,-187500.02235174447,-187500.02235174447
$SILENCE,2271.1384023592955,-7726.573375055001,7304.840660672267,12115.405454087908,-187500.02235174447,-187500.02235174447,-187500.02235174447,-187500.02235174447
$SILENCE,2142.772333952467,-7719.7784447405875,7145.740943639392,12151.63763184996,-187500.02235174447,-187500.02235174447,-187500.02235174447,-187500.02235174447
$SILENCE,1903.876889214145,-7775.099012267472,6616.384579704354,12202.778423163703,-187500.02235174447,-187500.02235174447,-187500.02235174447,-187500.02235174447
$SILENCE,2007.901907909144,-7799.484765468213,6702.461147601742,12171.26246348172,-187500.02235174447,-187500.02235174447,-187500.02235174447,-187500.02235174447
$SILENCE,2259.0014051200637,-7740.096180450461,7266.6862328870575,12117.484166322252,-187500.02235174447,-187500.02235174447,-187500.02235174447,-187500.02235174447
$SILENCE,2180.3903198707485,-7715.464558060713,7221.669819554069,12140.573518344585,-187500.02235174447,-187500.02235174447,-187500.02235174447,-187500.02235174447
não,1942.3665931661837,-7763.341994683981,6685.473821815708,12198.062205083634,-187500.02235174447,-187500.02235174447,-187500.02235174447,-187500.02235174447
não,1966.9311603225663,-7799.68593116831,6609.4331871787535,12181.74543163126,-187500.02235174447,-187500.02235174447,-187500.02235174447,-187500.02235174447
não,2235.2638525085276,-7746.488779364679,7182.487211523916,12121.328666368565,-187500.02235174447,-187500.02235174447,-187500.02235174447,-187500.02235174447
não,2219.8411488343654,-7710.837746958465,7275.850448113733,12134.627954319472,-187500.02235174447,-187500.02235174447,-187500.02235174447,-187500.02235174447
não,1977.6376459166584,-7752.1214189674165,6784.492049752718,12191.55784744714,-187500.02235174447,-187500.02235174447,-187500.02235174447,-187500.02235174447
não,1932.5988808392146,-7801.83169863602,6560.460515077176,12194.910609115435,-187500.02235174447,-187500.02235174447,-187500.02235174447,-187500.02235174447
não,2197.757625312522,-7760.793895816076,7095.158945937032,12125.061407692601,-187500.02235174447,-187500.02235174447,-187500.02235174447,-187500.02235174447
não,2245.411544491237,-7719.9572586962295,7315.390684055172,12122.803881502616,-187500.02235174447,-187500.02235174447,-187500.02235174447,-187500.02235174447
não,2026.9455941850656,-7741.169064184316,6890.439318470874,12186.908684600436,-187500.02235174447,-187500.02235174447,-187500.02235174447,-187500.02235174447
não,1905.553270048293,-7796.511983455656,6531.805578685472,12201.660835940938,-187500.02235174447,-187500.02235174447,-187500.02235174447,-187500.02235174447
não,2161.5030958060142,-7773.556741900056,6992.09505225361,12137.556032843118,-187500.02235174447,-187500.02235174447,-187500.02235174447,-187500.02235174447
não,2269.752594203066,-7716.872717961397,7335.037867431387,12121.418073346385,-187500.02235174447,-187500.02235174447,-187500.02235174447,-187500.02235174447
não,2061.3672806462387,-7733.2788983915925,6981.835601548624,12170.815428592614,-187500.02235174447,-187500.02235174447,-187500.02235174447,-187500.02235174447
não,1884.6096854936702,-7794.813250877053,6530.285660062512,12201.683187685394,-187500.02235174447,-187500.02235174447,-187500.02235174447,-187500.02235174447
não,2109.535289947425,-7786.364291472947,6887.287722502676,12149.35775391552,-187500.02235174447,-187500.02235174447,-187500.02235174447,-187500.02235174447
não,2279.788527463499,-7724.1817383982825,7335.283736620395,12116.165413399389,-187500.02235174447,-187500.02235174447,-187500.02235174447,-187500.02235174447
não,2117.939545862621,-7726.729837266188,7087.626408055593,12159.88542555397,-187500.02235174447,-187500.02235174447,-187500.02235174447,-187500.02235174447
não,1906.939078204522,-7783.324454227025,6574.899741995304,12205.952370876357,-187500.02235174447,-187500.02235174447,-187500.02235174447,-187500.02235174447
não,2067.201085949074,-7788.711224640754,6782.1227648404565,12165.02632677869,-187500.02235174447,-187500.02235174447,-187500.02235174447,-187500.02235174447
não,2284.705911243667,-7726.14869191035,7310.674465975102,12118.221773889278,-187500.02235174447,-187500.02235174447,-187500.02235174447,-187500.02235174447
não,2155.9375114366426,-7723.801758742543,7165.924568882534,12144.395666646442,-187500.02235174447,-187500.02235174447,-187500.02235174447,-187500.02235174447
não,1923.9487557350108,-7779.748175114176,6636.925832858781,12201.549077218662,-187500.02235174447,-187500.02235174447,-187500.02235174447,-187500.02235174447
não,2021.8940999381662,-7787.1018990399725,6686.837278227482,12183.734736887782,-187500.02235174447,-187500.02235174447,-187500.02235174447,-187500.02235174447
não,2266.1986668346726,-7738.889186249875,7235.639659838636,12112.745596497727,-187500.02235174447,-187500.02235174447,-187500.02235174447,-187500.02235174447
não,2201.378607914282,-7716.895069705853,7224.799063777812,12128.838852505549,-187500.02235174447,-187500.02235174447,-187500.02235174447,-187500.02235174447
não,1960.5385614083484,-7761.553855127556,6725.170519968334,12192.831896881093,-187500.02235174447,-187500.02235174447,-187500.02235174447,-187500.02235174447
não,1982.2421052744514,-7795.416747977347,6617.54687041603,12188.719175901315,-187500.02235174447,-187500.02235174447,-187500.02235174447,-187500.02235174447
não,2228.983012316586,-7756.323546925015,7154.256958276864,12105.39187257193,-187500.02235174447,-187500.02235174447,-187500.02235174447,-187500.02235174447
não,2237.3202129984156,-7698.81250844151,7282.891247617155,12132.191614173844,-187500.02235174447,-187500.02235174447,-187500.02235174447,-187500.02235174447
não,2022.16232087163,-7729.210880900727,6815.359808845497,12205.594742965073,-187500.02235174447,-187500.02235174447,-187500.02235174447,-187500.02235174447
não,1920.6406975556254,-7828.296164071103,6537.505273521576,12172.760030360227,-187500.02235174447,-187500.02235174447,-187500.02235174447,-187500.02235174447
não,2208.1064829953293,-7780.843410592486,7089.906285990034,12127.318933882587,-187500.02235174447,-187500.02235174447,-187500.02235174447,-187500.02235174447
não,2272.568914004435,-7712.648238259344,7322.811463214334,12134.940878741847,-187500.02235174447,-187500.02235174447,-187500.02235174447,-187500.02235174447
não,2053.901797998166,-7736.765770526621,6911.852289659058,12177.990338562768,-187500.02235174447,-187500.02235174447,-187500.02235174447,-187500.02235174447
não,1903.653371769592,-7818.573155233044,6532.431427530221,12184.785268877182,-187500.02235174447,-187500.02235174447,-187500.02235174447,-187500.02235174447
não,2164.7888022409443,-7781.022224548129,6959.774429771237,12139.634745077461,-187500.02235174447,-187500.02235174447,-187500.02235174447,-187500.02235174447
não,2292.4843183141134,-7718.303229606538,7313.736654965479,12112.835003475548,-187500.02235174447,-187500.02235174447,-187500.02235174447,-187500.02235174447
não,2078.3322546878167,-7747.539311354079,6991.312741197675,12156.085628996567,-187500.02235174447,-187500.02235174447,-187500.02235174447,-187500.02235174447
não,1900.747644990402,-7806.682027182821,6538.86872993335,12194.485925970785,-187500.02235174447,-187500.02235174447,-187500.02235174447,-187500.02235174447
não,2111.5916504373135,-7804.044521337095,6864.734812347271,12138.673620065883,-187500.02235174447,-187500.02235174447,-187500.02235174447,-187500.02235174447
não,2298.2510683835826,-7731.513110579624,7329.718152251024,12119.58523030105,-187500.02235174447,-187500.02235174447,-187500.02235174447,-187500.02235174447
não,2118.4536359850927,-7746.0193927311175,7059.2396925973535,12138.49480611024,-187500.02235174447,-187500.02235174447,-187500.02235174447,-187500.02235174447
não,1906.9167264600667,-7803.284562025615,6553.285605107022,12191.781364891693,-187500.02235174447,-187500.02235174447,-187500.02235174447,-187500.02235174447
não,2058.126277700219,-7814.2816202976255,6738.447456174786,12156.890291796959,-187500.02235174447,-187500.02235174447,-187500.02235174447,-187500.02235174447
não,2284.303579843471,-7745.907634008841,7284.835849384767,12111.78447148615,-187500.02235174447,-187500.02235174447,-187500.02235174447,-187500.02235174447
não,2180.0997471928295,-7729.657915789833,7183.649502235592,12148.307221926121,-187500.02235174447,-187500.02235174447,-187500.02235174447,-187500.02235174447
não,1916.7738457648572,-7808.492518483701,6636.635260180862,12189.725004401804,-187500.02235174447,-187500.02235174447,-187500.02235174447,-187500.02235174447
não,1998.290657793362,-7835.381667063435,6646.805303908027,12163.662870366916,-187500.02235174447,-187500.02235174447,-187500.02235174447,-187500.02235174447
não,2274.6476262387787,-7764.191360973283,7220.731046286946,12109.63870401844,-187500.02235174447,-187500.02235174447,-187500.02235174447,-187500.02235174447
não,2230.8829105952873,-7720.270183118604,7263.601692152226,12140.372352644486,-187500.02235174447,-187500.02235174447,-187500.02235174447,-187500.02235174447
não,1946.971052523977,-7788.822983363031,6688.111327661434,12186.975739833802,-187500.02235174447,-187500.02235174447,-187500.02235174447,-187500.02235174447
não,1947.6416048576361,-7833.705286229288,6556.683070264229,12178.16915251841,-187500.02235174447,-187500.02235174447,-187500.02235174447,-187500.02235174447
não,2223.3280209693935,-7791.169916530838,7119.723513093414,12112.075044164068,-187500.02235174447,-187500.02235174447,-187500.02235174447,-187500.02235174447
não,2238.080172309896,-7746.287613664582,7268.988462565954,12126.603678060017,-187500.02235174447,-187500.02235174447,-187500.02235174447,-187500.02235174447
não,2003.386855529172,-7776.149544256872,6807.939029686336,12192.630731180994,-187500.02235174447,-187500.02235174447,-187500.02235174447,-187500.02235174447
não,1920.104255688698,-7824.272850069148,6515.555860466464,12196.251713782754,-187500.02235174447,-187500.02235174447,-187500.02235174447,-187500.02235174447
não,2185.7547385400226,-7788.666521151844,7022.113445057088,12125.776663515171,-187500.02235174447,-187500.02235174447,-187500.02235174447,-187500.02235174447
não,2260.633082465301,-7739.559738583534,7303.879535660689,12132.169262429388,-187500.02235174447,-187500.02235174447,-187500.02235174447,-187500.02235174447
não,2038.3673356017275,-7762.559683628045,6914.959182138346,12197.771632405715,-187500.02235174447,-187500.02235174447,-187500.02235174447,-187500.02235174447
não,1897.685456000025,-7819.221355822248,6507.732749907106,12221.173908850422,-187500.02235174447,-187500.02235174447,-187500.02235174447,-187500.02235174447
não,2131.1494268357073,-7802.681064925321,6912.522841992717,12154.45395165133,-187500.02235174447,-187500.02235174447,-187500.02235174447,-187500.02235174447
não,2262.465925510636,-7742.443113618268,7306.15941359513,12136.281983409166,-187500.02235174447,-187500.02235174447,-187500.02235174447,-187500.02235174447
não,2077.8852197987103,-7754.177779457305,7000.633418635538,12186.953388089347,-187500.02235174447,-187500.02235174447,-187500.02235174447,-187500.02235174447
não,1882.5980284926927,-7813.588716219511,6515.377046510822,12231.254545599764,-187500.02235174447,-187500.02235174447,-187500.02235174447,-187500.02235174447
não,2067.514010371448,-7812.8734603969415,6800.093567382523,12183.712385143326,-187500.02235174447,-187500.02235174447,-187500.02235174447,-187500.02235174447
não,2254.2404835510833,-7748.925119510308,7280.879590616178,12139.1653584439,-187500.02235174447,-187500.02235174447,-187500.02235174447,-187500.02235174447
não,2106.8530806127883,-7743.650107818856,7080.83147774118,12176.805696106638,-187500.02235174447,-187500.02235174447,-187500.02235174447,-187500.02235174447
não,1863.7108044279582,-7800.334131757514,6547.96588992666,12229.980496165812,-187500.02235174447,-187500.02235174447,-187500.02235174447,-187500.02235174447
não,1982.6667884191024,-7816.650905209888,6678.813001968027,12194.59768469306,-187500.02235174447,-187500.02235174447,-187500.02235174447,-187500.02235174447
não,2229.1618262722286,-7757.083506236495,7242.009907008399,12154.07397199559,-187500.02235174447,-187500.02235174447,-187500.02235174447,-187500.02235174447
não,2140.6042147403023,-7743.001907229652,7176.273426565341,12191.289626513675,-187500.02235174447,-187500.02235174447,-187500.02235174447,-187500.02235174447
não,1880.6087232361704,-7791.460489208757,6630.622640922385,12243.637412028005,-187500.02235174447,-187500.02235174447,-187500.02235174447,-187500.02235174447
não,1912.3705521071618,-7825.770416947654,6582.1417071988235,12193.860077126035,-187500.02235174447,-187500.02235174447,-187500.02235174447,-187500.02235174447
não,2169.2591511320056,-7765.957148785252,7151.507693708861,12121.976866957768,-187500.02235174447,-187500.02235174447,-187500.02235174447,-187500.02235174447
não,2115.1455778057075,-7731.893090235364,7196.814679719768,12145.468550380296,-187500.02235174447,-187500.02235174447,-187500.02235174447,-187500.02235174447
não,1875.3784150336285,-7789.44883220778,6703.556383080052,12219.765748949738,-187500.02235174447,-187500.02235174447,-187500.02235174447,-187500.02235174447
não,1850.9032548550672,-7838.689725242821,6521.479072747121,12198.08455682809,-187500.02235174447,-187500.02235174447,-187500.02235174447,-187500.02235174447
não,2111.770464392956,-7789.940570585796,7067.219265367898,12115.114881409989,-187500.02235174447,-187500.02235174447,-187500.02235174447,-187500.02235174447
não,2140.42540078466,-7747.941642754275,7260.919482817589,12139.83591077756,-187500.02235174447,-187500.02235174447,-187500.02235174447,-187500.02235174447
não,1894.8020809652903,-7777.82592509102,6805.413282562886,12197.70457717235,-187500.02235174447,-187500.02235174447,-187500.02235174447,-187500.02235174447
não,1784.9209052230008,-7829.972544905251,6478.85429607085,12200.431489995897,-187500.02235174447,-187500.02235174447,-187500.02235174447,-187500.02235174447
não,2034.8357599777892,-7787.951265329274,6970.0785839651335,12123.54148906964,-187500.02235174447,-187500.02235174447,-187500.02235174447,-187500.02235174447
não,2114.385618494227,-7734.128264680894,7276.766869636402,12116.500689566219,-187500.02235174447,-187500.02235174447,-187500.02235174447,-187500.02235174447
não,1893.9527146759885,-7758.715183581732,6893.970894094813,12172.581216404584,-187500.02235174447,-187500.02235174447,-187500.02235174447,-187500.02235174447
não,1749.8733699170793,-7818.662562210866,6482.698796117163,12203.56073421964,-187500.02235174447,-187500.02235174447,-187500.02235174447,-187500.02235174447
não,1981.4374424740604,-7806.324399271536,6876.022443297201,12147.569614359096,-187500.02235174447,-187500.02235174447,-187500.02235174447,-187500.02235174447
não,2131.5517582359025,-7736.9222327378075,7288.769756408901,12117.39475934443,-187500.02235174447,-187500.02235174447,-187500.02235174447,-187500.02235174447
não,1951.6872706040467,-7742.353706640448,7001.594543647117,12164.959271545324,-187500.02235174447,-187500.02235174447,-187500.02235174447,-187500.02235174447
não,1751.7062129624146,-7804.089224826005,6506.995142340082,12211.115623845533,-187500.02235174447,-187500.02235174447,-187500.02235174447,-187500.02235174447
não,1926.80977902529,-7811.35354177398,6758.0052325731795,12148.97777425978,-187500.02235174447,-187500.02235174447,-187500.02235174447,-187500.02235174447
não,2122.9686883650647,-7749.506264866146,7259.600729894725,12110.264552863187,-187500.02235174447,-187500.02235174447,-187500.02235174447,-187500.02235174447
não,1990.9816373564765,-7731.937793724274,7093.840193014168,12158.320803442099,-187500.02235174447,-187500.02235174447,-187500.02235174447,-187500.02235174447
não,1754.1202013635877,-7777.758869857654,6558.761782498573,12203.359568519541,-187500.02235174447,-187500.02235174447,-187500.02235174447,-187500.02235174447
não,1876.071319111743,-7805.318570771047,6669.93935941927,12175.442239694863,-187500.02235174447,-187500.02235174447,-187500.02235174447,-187500.02235174447
não,2128.5342727344364,-7751.875549778409,7228.889433013133,12121.373369857476,-187500.02235174447,-187500.02235174447,-187500.02235174447,-187500.02235174447
não,2049.0067659624538,-7730.999020457151,7171.624263718637,12150.475341138284,-187500.02235174447,-187500.02235174447,-187500.02235174447,-187500.02235174447
não,1793.1910506714644,-7776.261302979148,6638.423399737287,12201.213801051832,-187500.02235174447,-187500.02235174447,-187500.02235174447,-187500.02235174447
não,1821.9577457854446,-7811.800576663087,6575.614997817874,12178.772649618704,-187500.02235174447,-187500.02235174447,-187500.02235174447,-187500.02235174447
não,2087.9435048035984,-7757.888169036886,7144.5339494388045,12124.189689658844,-187500.02235174447,-187500.02235174447,-187500.02235174447,-187500.02235174447
não,2063.7142138140457,-7725.992229699163,7216.953601474,12143.099265468034,-187500.02235174447,-187500.02235174447,-187500.02235174447,-187500.02235174447
não,1831.4795889234053,-7771.053346521062,6730.132607237412,12200.833821396092,-187500.02235174447,-187500.02235174447,-187500.02235174447,-187500.02235174447
não,1796.1638326840202,-7810.235954551215,6530.91150890726,12204.74537667577,-187500.02235174447,-187500.02235174447,-187500.02235174447,-187500.02235174447
não,2073.7948505633894,-7764.638395862388,7074.952968949434,12146.563785858607,-187500.02235174447,-187500.02235174447,-187500.02235174447,-187500.02235174447
não,2106.294287001406,-7721.164252896817,7272.877666101178,12143.099265468034,-187500.02235174447,-187500.02235174447,-187500.02235174447,-187500.02235174447
não,1867.8235254077347,-7751.316756167025,6824.725189772272,12200.409138251442,-187500.02235174447,-187500.02235174447,-187500.02235174447,-187500.02235174447
não,1763.2844165902636,-7805.519736471145,6491.415976454732,12214.960123891846,-187500.02235174447,-187500.02235174447,-187500.02235174447,-187500.02235174447
não,2021.9611551715323,-7773.333224455503,6967.463429863862,12151.056486494123,-187500.02235174447,-187500.02235174447,-187500.02235174447,-187500.02235174447
não,2125.13680757723,-7722.550061053045,7293.217753555507,12147.390800403453,-187500.02235174447,-187500.02235174447,-187500.02235174447,-187500.02235174447
não,1917.489101587427,-7746.935814253786,6930.404237556963,12187.087498556079,-187500.02235174447,-187500.02235174447,-187500.02235174447,-187500.02235174447
não,1746.9005879045235,-7805.8326608935195,6486.610351396841,12212.79200467968,-187500.02235174447,-187500.02235174447,-187500.02235174447,-187500.02235174447
não,1969.4122039571052,-7788.264189751648,6852.351945919031,12161.807675577125,-187500.02235174447,-187500.02235174447,-187500.02235174447,-187500.02235174447
não,2134.6810024596457,-7723.377075597892,7290.848468643245,12126.40251235992,-187500.02235174447,-187500.02235174447,-187500.02235174447,-187500.02235174447
não,1968.160506267608,-7732.965973969219,7030.696514927926,12172.983547804779,-187500.02235174447,-187500.02235174447,-187500.02235174447,-187500.02235174447
não,1763.6420445015485,-7791.415785719846,6529.279831562023,12222.425606539919,-187500.02235174447,-187500.02235174447,-187500.02235174447,-187500.02235174447
não,1929.648450571114,-7795.2602857661595,6755.613595916462,12181.991300820267,-187500.02235174447,-187500.02235174447,-187500.02235174447,-187500.02235174447
não,2140.2018833401066,-7731.826035001998,7268.809648610312,12137.377218887475,-187500.02235174447,-187500.02235174447,-187500.02235174447,-187500.02235174447
não,2011.1429108551636,-7728.517976822613,7114.895536291067,12168.93788205837,-187500.02235174447,-187500.02235174447,-187500.02235174447,-187500.02235174447
não,1771.6439690165485,-7786.20782926176,6578.990111230625,12222.135033862,-187500.02235174447,-187500.02235174447,-187500.02235174447,-187500.02235174447
não,1868.7846504193128,-7804.648018437389,6646.112399829913,12194.061242826134,-187500.02235174447,-187500.02235174447,-187500.02235174447,-187500.02235174447
não,2122.6557639426906,-7736.698715293255,7211.432720593539,12140.931146255869,-187500.02235174447,-187500.02235174447,-187500.02235174447,-187500.02235174447
não,2053.8794462537107,-7700.645351486844,7187.181077859531,12163.908739555925,-187500.02235174447,-187500.02235174447,-187500.02235174447,-187500.02235174447
não,1807.6749810785034,-7760.413916160335,6662.071545371002,12214.84836516957,-187500.02235174447,-187500.02235174447,-187500.02235174447,-187500.02235174447
não,1827.8362545771904,-7813.901640641885,6569.44591634821,12206.466460998829,-187500.02235174447,-187500.02235174447,-187500.02235174447,-187500.02235174447
não,2096.3924642077045,-7760.302157438059,7136.979059812911,12150.944727771846,-187500.02235174447,-187500.02235174447,-187500.02235174447,-187500.02235174447
não,2085.50716465797,-7723.265316875615,7240.266470940885,12167.708536113327,-187500.02235174447,-187500.02235174447,-187500.02235174447,-187500.02235174447
não,1844.4883041963942,-7759.564549871034,6751.0761917920345,12222.22444083982,-187500.02235174447,-187500.02235174447,-187500.02235174447,-187500.02235174447
não,1791.1346901815762,-7810.437120251313,6510.772587153028,12213.395501779974,-187500.02235174447,-187500.02235174447,-187500.02235174447,-187500.02235174447
não,2067.9610452605543,-7767.432363919302,7045.850997668625,12148.97777425978,-187500.02235174447,-187500.02235174447,-187500.02235174447,-187500.02235174447
não,2121.828749397844,-7716.693904005755,7280.700776660536,12150.721210327294,-187500.02235174447,-187500.02235174447,-187500.02235174447,-187500.02235174447
não,1891.5610780192708,-7749.729782310699,6855.168265720399,12212.099100601567,-187500.02235174447,-187500.02235174447,-187500.02235174447,-187500.02235174447
não,1765.7431084803472,-7802.345788758492,6488.532601419998,12230.963972921845,-187500.02235174447,-187500.02235174447,-187500.02235174447,-187500.02235174447
não,2017.6696202361131,-7771.969768043729,6941.982441184812,12164.31107095612,-187500.02235174447,-187500.02235174447,-187500.02235174447,-187500.02235174447
não,2128.8695489012657,-7721.991267441663,7289.887343631666,12138.807730532615,-187500.02235174447,-187500.02235174447,-187500.02235174447,-187500.02235174447
não,1934.454075629005,-7737.6821920492885,6946.855121476069,12197.123431816512,-187500.02235174447,-187500.02235174447,-187500.02235174447,-187500.02235174447
não,1765.0055009133223,-7798.389529989902,6489.583133409397,12239.144711392488,-187500.02235174447,-187500.02235174447,-187500.02235174447,-187500.02235174447
não,1982.130346552175,-7787.526582184623,6828.815559007592,12186.685167155883,-187500.02235174447,-187500.02235174447,-187500.02235174447,-187500.02235174447
não,2158.8879417047433,-7725.008752943129,7291.697834932546,12159.21487322031,-187500.02235174447,-187500.02235174447,-187500.02235174447,-187500.02235174447
não,1999.8329281607782,-7727.914479722319,7051.2601198268085,12200.878524885002,-187500.02235174447,-187500.02235174447,-187500.02235174447,-187500.02235174447
não,1788.4971843358499,-7783.324454227025,6533.504311264076,12239.077656159123,-187500.02235174447,-187500.02235174447,-187500.02235174447,-187500.02235174447
não,1943.551235622315,-7794.947361343785,6718.397941398375,12192.049585825156,-187500.02235174447,-187500.02235174447,-187500.02235174447,-187500.02235174447
não,2161.838371972844,-7736.9222327378075,7241.920500030577,12153.515178384207,-187500.02235174447,-187500.02235174447,-187500.02235174447,-187500.02235174447
não,2049.252635151462,-7725.455787832236,7118.2930014482745,12189.903818357447,-187500.02235174447,-187500.02235174447,-187500.02235174447,-187500.02235174447
não,1809.910155524034,-7774.763736100643,6585.673282822762,12238.675324758928,-187500.02235174447,-187500.02235174447,-187500.02235174447,-187500.02235174447
não,1890.6223047521478,-7799.68593116831,6624.744132130639,12218.067016371133,-187500.02235174447,-187500.02235174447,-187500.02235174447,-187500.02235174447
não,2144.761639208989,-7738.352744382948,7196.166479130564,12163.506408155728,-187500.02235174447,-187500.02235174447,-187500.02235174447,-187500.02235174447
não,2082.355568689772,-7712.178851625783,7199.988627432422,12194.642388181972,-187500.02235174447,-187500.02235174447,-187500.02235174447,-187500.02235174447
não,1826.718667354425,-7759.028108004107,6676.041385655569,12255.215615655854,-187500.02235174447,-187500.02235174447,-187500.02235174447,-187500.02235174447
não,1823.589423130682,-7799.395358490391,6547.809427715472,12239.32352534813,-187500.02235174447,-187500.02235174447,-187500.02235174447,-187500.02235174447
não,2097.5547549193807,-7745.080619463995,7115.163757224532,12172.245940237754,-187500.02235174447,-187500.02235174447,-187500.02235174447,-187500.02235174447
não,2097.6888653861124,-7704.132223621872,7247.173159977575,12177.297434484653,-187500.02235174447,-187500.02235174447,-187500.02235174447,-187500.02235174447
não,1856.1559148020644,-7743.605404329945,6771.908017624381,12233.914403189947,-187500.02235174447,-187500.02235174447,-187500.02235174447,-187500.02235174447
não,1793.235754160375,-7796.601390433478,6503.0165318270365,12240.128188148521,-187500.02235174447,-187500.02235174447,-187500.02235174447,-187500.02235174447
não,2069.50331562797,-7762.962015028241,7023.454549724406,12178.146800773955,-187500.02235174447,-187500.02235174447,-187500.02235174447,-187500.02235174447
não,2133.988098381531,-7712.000037670141,7280.924294105089,12174.279948983187,-187500.02235174447,-187500.02235174447,-187500.02235174447,-187500.02235174447
não,1915.1421684196198,-7736.6763635488,6870.993300794757,12224.839594941091,-187500.02235174447,-187500.02235174447,-187500.02235174447,-187500.02235174447
não,1785.7032162789365,-7794.768547388143,6486.9903310525815,12252.488702832306,-187500.02235174447,-187500.02235174447,-187500.02235174447,-187500.02235174447
não,2031.7288674985014,-7773.266169222137,6918.915440906935,12194.217705037321,-187500.02235174447,-187500.02235174447,-187500.02235174447,-187500.02235174447
não,2160.385508583249,-7714.9057644493305,7295.922314634599,12169.071992525101,-187500.02235174447,-187500.02235174447,-187500.02235174447,-187500.02235174447
não,1969.7698318683902,-7726.752189010644,6975.443002634407,12218.402292537963,-187500.02235174447,-187500.02235174447,-187500.02235174447,-187500.02235174447
não,1785.5467540677494,-7785.246704250182,6503.530621949509,12261.585862825617,-187500.02235174447,-187500.02235174447,-187500.02235174447,-187500.02235174447
não,1981.8844773631665,-7782.92212282683,6804.787433718137,12206.153536576456,-187500.02235174447,-187500.02235174447,-187500.02235174447,-187500.02235174447
não,2165.9063894637097,-7719.57727904049,7278.197381281541,12162.321765699598,-187500.02235174447,-187500.02235174447,-187500.02235174447,-187500.02235174447
não,2016.7308469689904,-7719.532575551579,7063.128896132576,12201.929056874402,-187500.02235174447,-187500.02235174447,-187500.02235174447,-187500.02235174447
não,1791.6711320485035,-7778.228256491216,6539.67339273374,12253.42747609943,-187500.02235174447,-187500.02235174447,-187500.02235174447,-187500.02235174447
não,1931.7271628054575,-7792.332207242514,6698.080205688501,12212.836708168592,-187500.02235174447,-187500.02235174447,-187500.02235174447,-187500.02235174447
não,2165.5264098079697,-7726.8192442440095,7243.887453542645,12165.585120390073,-187500.02235174447,-187500.02235174447,-187500.02235174447,-187500.02235174447
não,2058.93094050061,-7711.083616147473,7146.880882606612,12192.295455014164,-187500.02235174447,-187500.02235174447,-187500.02235174447,-187500.02235174447
não,1809.5525276127491,-7765.934797040796,6608.4944139116305,12245.55966205116,-187500.02235174447,-187500.02235174447,-187500.02235174447,-187500.02235174447
não,1873.7243859439357,-7797.271942767137,6605.298114454522,12226.761844964249,-187500.02235174447,-187500.02235174447,-187500.02235174447,-187500.02235174447
não,2135.351554793305,-7737.592785071467,7174.082955608721,12169.250806480743,-187500.02235174447,-187500.02235174447,-187500.02235174447,-187500.02235174447
não,2094.514917673459,-7705.719197478199,7206.448281580006,12191.423736980407,-187500.02235174447,-187500.02235174447,-187500.02235174447,-187500.02235174447
não,1848.779839131813,-7751.6296805894,6692.179345152301,12242.60923178306,-187500.02235174447,-187500.02235174447,-187500.02235174447,-187500.02235174447
não,1832.1948447459752,-7795.953189844274,6534.107808364369,12232.126263633521,-187500.02235174447,-187500.02235174447,-187500.02235174447,-187500.02235174447
não,2116.7549034064896,-7750.0650584775285,7102.69148381847,12171.441277437363,-187500.02235174447,-187500.02235174447,-187500.02235174447,-187500.02235174447
não,2134.904519904199,-7706.076825389484,7263.489933429949,12181.83483860908,-187500.02235174447,-187500.02235174447,-187500.02235174447,-187500.02235174447
não,1897.7301594889354,-7738.643317060866,6797.791337703627,12238.764731736748,-187500.02235174447,-187500.02235174447,-187500.02235174447,-187500.02235174447
não,1812.525309625305,-7793.650960165377,6499.976694581115,12248.733609763814,-187500.02235174447,-187500.02235174447,-187500.02235174447,-187500.02235174447
não,2073.996016263487,-7761.509151638646,7001.102805269099,12183.801792121149,-187500.02235174447,-187500.02235174447,-187500.02235174447,-187500.02235174447
não,2149.321395077872,-7706.546212023046,7284.120593562197,12176.135143772977,-187500.02235174447,-187500.02235174447,-187500.02235174447,-187500.02235174447
não,1936.8457122857228,-7728.316811122515,6890.4840219597845,12232.148615377977,-187500.02235174447,-187500.02235174447,-187500.02235174447,-187500.02235174447
não,1794.3533413831403,-7789.180611274316,6481.290636216479,12251.482874331818,-187500.02235174447,-187500.02235174447,-187500.02235174447,-187500.02235174447
não,2026.16328312913,-7772.282692466104,6883.152649778444,12181.343100231064,-187500.02235174447,-187500.02235174447,-187500.02235174447,-187500.02235174447
não,2164.118249907285,-7709.898973691342,7280.589017938259,12158.901948797937,-187500.02235174447,-187500.02235174447,-187500.02235174447,-187500.02235174447
não,1981.906829107622,-7718.973781940196,6984.786031816725,12212.70259770186,-187500.02235174447,-187500.02235174447,-187500.02235174447,-187500.02235174447
não,1790.1512134255427,-7778.518829169135,6502.301276004467,12255.819112756148,-187500.02235174447,-187500.02235174447,-187500.02235174447,-187500.02235174447
não,1976.0730238047868,-7781.312797226048,6777.920636882858,12205.304170287154,-187500.02235174447,-187500.02235174447,-187500.02235174447,-187500.02235174447
não,2174.6906250346456,-7719.7784447405875,7270.10604978872,12164.98162328978,-187500.02235174447,-187500.02235174447,-187500.02235174447,-187500.02235174447
não,2032.4664750655265,-7717.342104594959,7078.819820740202,12197.436356238886,-187500.02235174447,-187500.02235174447,-187500.02235174447,-187500.02235174447
não,1802.623486831604,-7772.237988977193,6551.117485894858,12253.338069121608,-187500.02235174447,-187500.02235174447,-187500.02235174447,-187500.02235174447
não,1924.2169766684744,-7784.799669361076,6673.850914698949,12222.336199562098,-187500.02235174447,-187500.02235174447,-187500.02235174447,-187500.02235174447
não,2163.9841394405535,-7723.7123517647215,7226.497796356416,12171.620091393006,-187500.02235174447,-187500.02235174447,-187500.02235174447,-187500.02235174447
não,2075.7841558199116,-7706.233287600671,7160.068411835243,12202.08551908559,-187500.02235174447,-187500.02235174447,-187500.02235174447,-187500.02235174447
não,1825.2211004759195,-7759.676308593311,6624.967649575192,12249.627679542027,-187500.02235174447,-187500.02235174447,-187500.02235174447,-187500.02235174447
não,1870.818659164746,-7793.181573531816,6584.935675255737,12227.141824619988,-187500.02235174447,-187500.02235174447,-187500.02235174447,-187500.02235174447
não,2142.9734996525644,-7737.279860649092,7158.213217045452,12164.825161078592,-187500.02235174447,-187500.02235174447,-187500.02235174447,-187500.02235174447
$SILENCE,2109.579993436336,-7705.607438755923,7214.897240984112,12175.1740187614,-187500.02235174447,-187500.02235174447,-187500.02235174447,-187500.02235174447
$SILENCE,1861.2521125378744,-7747.092276464972,6711.3347901504985,12240.441112570896,-187500.02235174447,-187500.02235174447,-187500.02235174447,-187500.02235174447
$SILENCE,1833.4465424354723,-7794.075643310028,6522.104921591869,12242.229252127321,-187500.02235174447,-187500.02235174447,-187500.02235174447,-187500.02235174447
$SILENCE,2108.931792847132,-7747.6287183319,7073.053070670733,12177.967986818312,-187500.02235174447,-187500.02235174447,-187500.02235174447,-187500.02235174447
$SILENCE,2134.345726292816,-7701.785290454065,7258.907825816611,12179.398498463452,-187500.02235174447,-187500.02235174447,-187500.02235174447,-187500.02235174447
$SILENCE,1903.0945781582093,-7733.994154214162,6808.788395975637,12236.775426480226,-187500.02235174447,-187500.02235174447,-187500.02235174447,-187500.02235174447
$SILENCE,1811.1395014690759,-7790.856992108464,6483.168182750725,12245.313792862153,-187500.02235174447,-187500.02235174447,-187500.02235174447,-187500.02235174447
$SILENCE,2073.996016263487,-7765.711279596243,6968.312796153164,12170.07782102559,-187500.02235174447,-187500.02235174447,-187500.02235174447,-187500.02235174447
$SILENCE,2162.7324417510563,-7709.541345780057,7280.164334793608,12159.058411009122,-187500.02235174447,-187500.02235174447,-187500.02235174447,-187500.02235174447
$SILENCE,1949.228578713963,-7725.187566898771,6906.152594822955,12216.591801237084,-187500.02235174447,-187500.02235174447,-187500.02235174447,-187500.02235174447
$SILENCE,1788.7654052693135,-7782.4080327043575,6476.060328013937,12246.341973107097,-187500.02235174447,-187500.02235174447,-187500.02235174447,-187500.02235174447
$SILENCE,2016.6414399911691,-7768.192323230783,6856.509370387718,12187.914513100925,-187500.02235174447,-187500.02235174447,-187500.02235174447,-187500.02235174447
$SILENCE,2173.997720956531,-7710.301305091537,7278.957340593021,12165.003975034235,-187500.02235174447,-187500.02235174447,-187500.02235174447,-187500.02235174447
$SILENCE,2005.1973468300519,-7720.001962185141,7003.5391454147275,12213.976647135813,-187500.02235174447,-187500.02235174447,-187500.02235174447,-187500.02235174447
$SILENCE,1804.7021990659475,-7779.010567547151,6506.659866173251,12254.94739472239,-187500.02235174447,-187500.02235174447,-187500.02235174447,-187500.02235174447
$SILENCE,1973.5696284257924,-7782.810364104554,6748.058706290568,12194.463574226329,-187500.02235174447,-187500.02235174447,-187500.02235174447,-187500.02235174447
$SILENCE,2176.322302379883,-7721.521880808102,7255.175084492575,12149.715381826805,-187500.02235174447,-187500.02235174447,-187500.02235174447,-187500.02235174447
$SILENCE,2041.7871525033895,-7711.284781847571,7090.889762746068,12194.575332948605,-187500.02235174447,-187500.02235174447,-187500.02235174447,-187500.02235174447
$SILENCE,1809.6642863350257,-7764.146657484372,6559.857017976883,12251.371115609541,-187500.02235174447,-187500.02235174447,-187500.02235174447,-187500.02235174447
$SILENCE,1918.8525579992008,-7787.30306474007,6647.900539386337,12220.995094894779,-187500.02235174447,-187500.02235174447,-187500.02235174447,-187500.02235174447
$SILENCE,2168.14156390924,-7726.260450632626,7208.661104281081,12168.021460535701,-187500.02235174447,-187500.02235174447,-187500.02235174447,-187500.02235174447
$SILENCE,2088.03291178142,-7703.394616054848,7167.779763672324,12191.60255093605,-187500.02235174447,-187500.02235174447,-187500.02235174447,-187500.02235174447
$SILENCE,1838.5650919157376,-7753.261357934637,6634.958879346715,12255.081505189122,-187500.02235174447,-187500.02235174447,-187500.02235174447,-187500.02235174447
$SILENCE,1864.2472462948856,-7790.789936875098,6561.600454044396,12237.445978813885,-187500.02235174447,-187500.02235174447,-187500.02235174447,-187500.02235174447
$SILENCE,2132.1105518472855,-7736.654011804344,7134.833292345202,12171.485980926274,-187500.02235174447,-187500.02235174447,-187500.02235174447,-187500.02235174447
$SILENCE,2113.357438249283,-7699.974799153185,7220.932211987044,12178.415021707418,-187500.02235174447,-187500.02235174447,-187500.02235174447,-187500.02235174447
$SILENCE,1869.1422783305977,-7740.3196978950145,6723.360028667454,12234.9872869238,-187500.02235174447,-187500.02235174447,-187500.02235174447,-187500.02235174447
$SILENCE,1818.7614463283358,-7788.01832056264,6498.076796302414,12241.826920727126,-187500.02235174447,-187500.02235174447,-187500.02235174447,-187500.02235174447
$SILENCE,2090.737472860512,-7746.824055531509,7039.413695265495,12174.391707705463,-187500.02235174447,-187500.02235174447,-187500.02235174447,-187500.02235174447
$SILENCE,2133.8539879147993,-7700.354778808925,7255.331546703762,12175.352832717042,-187500.02235174447,-187500.02235174447,-187500.02235174447,-187500.02235174447
$SILENCE,1905.9332497040332,-7732.094255935462,6821.305372870609,12233.512071789752,-187500.02235174447,-187500.02235174447,-187500.02235174447,-187500.02235174447
$SILENCE,1797.1026059511432,-7790.611122919456,6473.422822168211,12257.80841801267,-187500.02235174447,-187500.02235174447,-187500.02235174447,-187500.02235174447
$SILENCE,2051.577216574814,-7760.995061516173,6939.300231850176,12191.60255093605,-187500.02235174447,-187500.02235174447,-187500.02235174447,-187500.02235174447
$SILENCE,2157.7480027375227,-7703.2828573325705,7276.29748300284,12173.296472227154,-187500.02235174447,-187500.02235174447,-187500.02235174447,-187500.02235174447
$SILENCE,1957.5434276513372,-7717.744435995154,6921.485891519295,12223.36437980704,-187500.02235174447,-187500.02235174447,-187500.02235174447,-187500.02235174447
$SILENCE,1785.0773674341879,-7778.585884402501,6473.0204907680145,12260.222406413843,-187500.02235174447,-187500.02235174447,-187500.02235174447,-187500.02235174447
$SILENCE,1994.8037856583342,-7770.114573253939,6821.707704270805,12207.740510432783,-187500.02235174447,-187500.02235174447,-187500.02235174447,-187500.02235174447
$SILENCE,2160.4972673055254,-7704.959238166719,7264.227540996974,12172.000071048746,-187500.02235174447,-187500.02235174447,-187500.02235174447,-187500.02235174447
$SILENCE,2001.3304950392837,-7711.038912658562,7016.234936265342,12212.903763401959,-187500.02235174447,-187500.02235174447,-187500.02235174447,-187500.02235174447
$SILENCE,1789.234791902875,-7772.170933743827,6508.224488285124,12261.42940061443,-187500.02235174447,-187500.02235174447,-187500.02235174447,-187500.02235174447
$SILENCE,1951.1284769926642,-7781.5363146706,6716.453339630764,12216.971780892824,-187500.02235174447,-187500.02235174447,-187500.02235174447,-187500.02235174447
$SILENCE,2168.8121162428997,-7716.179813883283,7239.14888371812,12166.054507023635,-187500.02235174447,-187500.02235174447,-187500.02235174447,-187500.02235174447
$SILENCE,2048.8279520068113,-7704.400444555336,7099.986922739377,12204.566562720129,-187500.02235174447,-187500.02235174447,-187500.02235174447,-187500.02235174447
$SILENCE,1810.0889694796765,-7757.7540585701545,6563.589759300919,12258.769543024247,-187500.02235174447,-187500.02235174447,-187500.02235174447,-187500.02235174447
$SILENCE,1895.360874576673,-7785.313759483548,6611.556602902008,12230.315772332642,-187500.02235174447,-187500.02235174447,-187500.02235174447,-187500.02235174447
$SILENCE,2145.342784564827,-7727.892127977864,7178.888580666612,12172.111829771022,-187500.02235174447,-187500.02235174447,-187500.02235174447,-187500.02235174447
$SILENCE,2080.768594833445,-7702.791118954554,7167.153914827575,12199.783289406692,-187500.02235174447,-187500.02235174447,-187500.02235174447,-187500.02235174447
$SILENCE,1837.2239872484192,-7749.9532997552515,6642.804341650527,12256.199092411887,-187500.02235174447,-187500.02235174447,-187500.02235174447,-187500.02235174447
$SILENCE,1849.4503914654722,-7790.0970327969835,6532.654944974774,12245.04557192869,-187500.02235174447,-187500.02235174447,-187500.02235174447,-187500.02235174447
$SILENCE,2122.0746185868525,-7736.765770526621,7101.3280274066965,12186.46164971133,-187500.02235174447,-187500.02235174447,-187500.02235174447,-187500.02235174447
$SILENCE,2117.0454760844086,-7697.806679941021,7219.591107319726,12190.999053835756,-187500.02235174447,-187500.02235174447,-187500.02235174447,-187500.02235174447
$SILENCE,1874.1267173441313,-7735.20114841475,6733.9324037948145,12243.793874239193,-187500.02235174447,-187500.02235174447,-187500.02235174447,-187500.02235174447
$SILENCE,1810.1113212241319,-7787.124250784427,6476.596769880864,12248.934775463913,-187500.02235174447,-187500.02235174447,-187500.02235174447,-187500.02235174447
$SILENCE,2081.4614989115594,-7749.9532997552515,7000.499308168806,12178.593835663061,-187500.02235174447,-187500.02235174447,-187500.02235174447,-187500.02235174447
$SILENCE,2142.370002552271,-7701.718235220699,7249.274223956374,12173.922321071903,-187500.02235174447,-187500.02235174447,-187500.02235174447,-187500.02235174447
$SILENCE,1919.4337033550387,-7724.6511250318445,6834.1129224435,12233.512071789752,-187500.02235174447,-187500.02235174447,-187500.02235174447,-187500.02235174447
$SILENCE,1792.9004779935453,-7782.050404793073,6458.380098149789,12258.210749412865,-187500.02235174447,-187500.02235174447,-187500.02235174447,-187500.02235174447
$SILENCE,2038.7920187463785,-7760.570378371523,6897.0777865741,12194.664739926428,-187500.02235174447,-187500.02235174447,-187500.02235174447,-187500.02235174447
$SILENCE,2158.5973690268243,-7701.897049176342,7260.718317117491,12177.45389669584,-187500.02235174447,-187500.02235174447,-187500.02235174447,-187500.02235174447
$SILENCE,1961.2985207198287,-7714.771653982599,6928.660801489449,12229.667571743437,-187500.02235174447,-187500.02235174447,-187500.02235174447,-187500.02235174447
$SILENCE,1777.075442919188,-7776.194247745782,6463.610406352331,12267.799647784192,-187500.02235174447,-187500.02235174447,-187500.02235174447,-187500.02235174447
$SILENCE,1981.39273898515,-7775.1884192452935,6787.509535254185,12214.691902958382,-187500.02235174447,-187500.02235174447,-187500.02235174447,-187500.02235174447
$SILENCE,2162.799496984422,-7709.273124846593,7251.554101890815,12177.945635073858,-187500.02235174447,-187500.02235174447,-187500.02235174447,-187500.02235174447
$SILENCE,2007.4325212755825,-7710.323656835993,7023.253384024309,12211.383844778997,-187500.02235174447,-187500.02235174447,-187500.02235174447,-187500.02235174447
$SILENCE,1791.0005797148442,-7767.700584852766,6506.592810939886,12257.47314184584,-187500.02235174447,-187500.02235174447,-187500.02235174447,-187500.02235174447
$SILENCE,1935.2363866849407,-7777.758869857654,6678.544781034563,12218.51405126024,-187500.02235174447,-187500.02235174447,-187500.02235174447,-187500.02235174447
$SILENCE,2159.670252760679,-7712.33531383697,7214.3831508616395,12172.067126282112,-187500.02235174447,-187500.02235174447,-187500.02235174447,-187500.02235174447
$SILENCE,2050.0572979518533,-7699.8183369419985,7106.044245486766,12209.171022077922,-187500.02235174447,-187500.02235174447,-187500.02235174447,-187500.02235174447
$SILENCE,1801.3270856531963,-7751.964956756229,6565.333195368433,12262.748153537292,-187500.02235174447,-187500.02235174447,-187500.02235174447,-187500.02235174447
$SILENCE,1871.556266731771,-7780.39637570338,6572.441050105221,12227.588859509095,-187500.02235174447,-187500.02235174447,-187500.02235174447,-187500.02235174447
$SILENCE,2131.0823716023415,-7724.069979676006,7142.254071504363,12167.082687268578,-187500.02235174447,-187500.02235174447,-187500.02235174447,-187500.02235174447
$SILENCE,2079.449841910582,-7696.28676131806,7161.633033947115,12191.088460813578,-187500.02235174447,-187500.02235174447,-187500.02235174447,-187500.02235174447
$SILENCE,1831.9266238125115,-7739.559738583534,6644.815998651505,12249.962955708857,-187500.02235174447,-187500.02235174447,-187500.02235174447,-187500.02235174447
$SILENCE,1835.1229232696205,-7780.888114081396,6507.598639440374,12253.203958654876,-187500.02235174447,-187500.02235174447,-187500.02235174447,-187500.02235174447
$SILENCE,2114.1621010496738,-7736.542253082068,7074.863561971612,12192.116641058523,-187500.02235174447,-187500.02235174447,-187500.02235174447,-187500.02235174447
$SILENCE,2120.644106941713,-7696.6667409738,7217.937078230033,12194.485925970785,-187500.02235174447,-187500.02235174447,-187500.02235174447,-187500.02235174447
$SILENCE,1875.1548975890755,-7726.238098888171,6744.1918544998,12244.509130061762,-187500.02235174447,-187500.02235174447,-187500.02235174447,-187500.02235174447
$SILENCE,1799.0695594632102,-7773.199113988771,6462.47046738511,12257.584900568118,-187500.02235174447,-187500.02235174447,-187500.02235174447,-187500.02235174447
$SILENCE,2064.9435597590877,-7749.394506143869,6970.413860131963,12183.153591531944,-187500.02235174447,-187500.02235174447,-187500.02235174447,-187500.02235174447
$SILENCE,2136.6256042272576,-7692.822240927487,7239.931194774055,12175.621053650506,-187500.02235174447,-187500.02235174447,-187500.02235174447,-187500.02235174447
$SILENCE,1919.6572207995919,-7715.755130738632,6837.868015511992,12241.022257926734,-187500.02235174447,-187500.02235174447,-187500.02235174447,-187500.02235174447
$SILENCE,1778.9976929423444,-7777.982387302207,6441.102199685836,12259.931833735924,-187500.02235174447,-187500.02235174447,-187500.02235174447,-187500.02235174447
$SILENCE,2025.000992417454,-7759.765715571131,6864.734812347271,12195.156478304443,-187500.02235174447,-187500.02235174447,-187500.02235174447,-187500.02235174447
$SILENCE,2158.060927159897,-7706.322694578493,7254.43747692555,12176.135143772977,-187500.02235174447,-187500.02235174447,-187500.02235174447,-187500.02235174447
$SILENCE,1971.3791574691722,-7710.994209169652,6943.032973174211,12232.863871200547,-187500.02235174447,-187500.02235174447,-187500.02235174447,-187500.02235174447
$SILENCE,1780.5399633097607,-7755.652994591355,6464.996214508559,12276.561531610672,-187500.02235174447,-187500.02235174447,-187500.02235174447,-187500.02235174447
$SILENCE,1969.032224301365,-7762.8055528170535,6757.960529084269,12213.551963991162,-187500.02235174447,-187500.02235174447,-187500.02235174447,-187500.02235174447
$SILENCE,2162.933607451154,-7702.433491043269,7240.959375019,12166.74741110175,-187500.02235174447,-187500.02235174447,-187500.02235174447,-187500.02235174447
$SILENCE,2012.0816841222866,-7707.462633545713,7029.847148638624,12211.003865123257,-187500.02235174447,-187500.02235174447,-187500.02235174447,-187500.02235174447
$SILENCE,1786.5972860571487,-7762.6267388614115,6507.218659784635,12262.077601203633,-187500.02235174447,-187500.02235174447,-187500.02235174447,-187500.02235174447
$SILENCE,1918.1596539210861,-7774.137887255894,6647.878187641882,12212.523783746217,-187500.02235174447,-187500.02235174447,-187500.02235174447,-187500.02235174447
$SILENCE,2153.456467802104,-7712.447072559246,7194.333636085229,12158.812541820114,-187500.02235174447,-187500.02235174447,-187500.02235174447,-187500.02235174447
$SILENCE,2061.2331701795065,-7694.118642105895,7114.873184546613,12198.486888228284,-187500.02235174447,-187500.02235174447,-187500.02235174447,-187500.02235174447
$SILENCE,1820.0354957622883,-7746.399372386858,6582.54403859902,12264.938624493912,-187500.02235174447,-187500.02235174447,-187500.02235174447,-187500.02235174447
$SILENCE,1870.818659164746,-7781.022224548129,6560.147590654802,12238.541214292194,-187500.02235174447,-187500.02235174447,-187500.02235174447,-187500.02235174447
$SILENCE,2130.8141506688776,-7726.014581443618,7134.475664433917,12174.726983872293,-187500.02235174447,-187500.02235174447,-187500.02235174447,-187500.02235174447
$SILENCE,2093.8220135953443,-7690.050624615029,7181.973121401445,12194.620036437516,-187500.02235174447,-187500.02235174447,-187500.02235174447,-187500.02235174447
$SILENCE,1844.6447664075813,-7735.849349003953,6664.977272150192,12250.678211531427,-187500.02235174447,-187500.02235174447,-187500.02235174447,-187500.02235174447
$SILENCE,1826.6292603766037,-7781.960997815251,6489.694892131673,12243.65976377246,-187500.02235174447,-187500.02235174447,-187500.02235174447,-187500.02235174447
$SILENCE,2105.7354933900233,-7738.218633916215,7050.522512259783,12171.93301581538,-187500.02235174447,-187500.02235174447,-187500.02235174447,-187500.02235174447
$SILENCE,2129.093066345819,-7695.795022940043,7224.396732377617,12175.241073994765,-187500.02235174447,-187500.02235174447,-187500.02235174447,-187500.02235174447
$SILENCE,1893.7068454869802,-7729.926136723297,6764.330776254032,12235.367266579542,-187500.02235174447,-187500.02235174447,-187500.02235174447,-187500.02235174447
$SILENCE,1804.0987019656543,-7782.989178060196,6452.792162035962,12246.9901736963,-187500.02235174447,-187500.02235174447,-187500.02235174447,-187500.02235174447
$SILENCE,2069.6374260947023,-7750.15446545535,6951.101952922578,12176.984510062279,-187500.02235174447,-187500.02235174447,-187500.02235174447,-187500.02235174447
$SILENCE,2157.368023081782,-7695.683264217766,7250.9506047905215,12170.055469281135,-187500.02235174447,-187500.02235174447,-187500.02235174447,-187500.02235174447
$SILENCE,1942.7912763108345,-7716.716255750211,6865.204198980832,12222.738530962293,-187500.02235174447,-187500.02235174447,-187500.02235174447,-187500.02235174447
$SILENCE,1787.6478180465483,-7775.121364011928,6446.198397421646,12249.605327797572,-187500.02235174447,-187500.02235174447,-187500.02235174447,-187500.02235174447
$SILENCE,2023.1457976276636,-7764.884265051397,6840.930204502369,12191.334330002586,-187500.02235174447,-187500.02235174447,-187500.02235174447,-187500.02235174447
$SILENCE,2174.28829363445,-7704.2216305996935,7252.269357713385,12163.685222111371,-187500.02235174447,-187500.02235174447,-187500.02235174447,-187500.02235174447
$SILENCE,1997.1730705705966,-7711.105967891928,6966.345842641097,12209.685112200394,-187500.02235174447,-187500.02235174447,-187500.02235174447,-187500.02235174447
$SILENCE,1796.4991088508498,-7772.886189566397,6474.607464624341,12251.751095265281,-187500.02235174447,-187500.02235174447,-187500.02235174447,-187500.02235174447
$SILENCE,1974.9777883264767,-7772.573265144023,6732.5242438941295,12198.710405672839,-187500.02235174447,-187500.02235174447,-187500.02235174447,-187500.02235174447
$SILENCE,2192.3261514098826,-7704.6686654888,7261.38886945115,12152.68816383936,-187500.02235174447,-187500.02235174447,-187500.02235174447,-187500.02235174447
$SILENCE,2044.4023066046605,-7701.137089864861,7067.219265367898,12194.687091670883,-187500.02235174447,-187500.02235174447,-187500.02235174447,-187500.02235174447
$SILENCE,1818.0014870168552,-7762.179703972305,6531.157378096268,12248.510092319262,-187500.02235174447,-187500.02235174447,-187500.02235174447,-187500.02235174447
$SILENCE,1932.5094738613934,-7779.055271036062,6640.569167204996,12218.826975682614,-187500.02235174447,-187500.02235174447,-187500.02235174447,-187500.02235174447
$SILENCE,2172.768375011489,-7721.879508719387,7182.241342334908,12161.450047665841,-187500.02235174447,-187500.02235174447,-187500.02235174447,-187500.02235174447
$SILENCE,2091.31861821635,-7697.873735174387,7141.739981381891,12185.45582121084,-187500.02235174447,-187500.02235174447,-187500.02235174447,-187500.02235174447
$SILENCE,1837.0004698038663,-7752.099067222962,6580.286512409033,12247.70542951887,-187500.02235174447,-187500.02235174447,-187500.02235174447,-187500.02235174447
$SILENCE,1888.521240773349,-7788.331244985015,6544.791942214006,12221.598591995073,-187500.02235174447,-187500.02235174447,-187500.02235174447,-187500.02235174447
$SILENCE,2157.2339126150505,-7731.379000112892,7119.879975304601,12158.365506931008,-187500.02235174447,-187500.02235174447,-187500.02235174447,-187500.02235174447
$SILENCE,2129.696563446112,-7696.5326305070685,7188.589237760215,12165.294547712154,-187500.02235174447,-187500.02235174447,-187500.02235174447,-187500.02235174447
$SILENCE,1888.074205884243,-7740.520863595112,6694.414519597831,12230.583993266106,-187500.02235174447,-187500.02235174447,-187500.02235174447,-187500.02235174447
$SILENCE,1855.3065485127627,-7788.06302405155,6490.700720632162,12233.512071789752,-187500.02235174447,-187500.02235174447,-187500.02235174447,-187500.02235174447
$SILENCE,2134.0998571038076,-7744.655936319344,7037.692610942437,12164.109905256022,-187500.02235174447,-187500.02235174447,-187500.02235174447,-187500.02235174447
$SILENCE,2168.9462267096314,-7699.550116008534,7234.007982493399,12162.45587616633,-187500.02235174447,-187500.02235174447,-187500.02235174447,-187500.02235174447
$SILENCE,1931.8165697832787,-7728.585032055978,6790.214096333278,12219.050493127168,-187500.02235174447,-187500.02235174447,-187500.02235174447,-187500.02235174447
$SILENCE,1828.8420830776793,-7782.765660615642,6459.542388861464,12231.120435133033,-187500.02235174447,-187500.02235174447,-187500.02235174447,-187500.02235174447
$SILENCE,2090.0445687823976,-7756.77058181412,6938.2049963718655,12168.69201286936,-187500.02235174447,-187500.02235174447,-187500.02235174447,-187500.02235174447
$SILENCE,2190.7838810424664,-7702.1652701098055,7262.238235740452,12153.828102806581,-187500.02235174447,-187500.02235174447,-187500.02235174447,-187500.02235174447
$SILENCE,1982.4209192300941,-7718.303229606538,6897.03308308519,12203.896010386468,-187500.02235174447,-187500.02235174447,-187500.02235174447,-187500.02235174447
$SILENCE,1816.3921614160731,-7777.758869857654,6459.967072006116,12233.601478767572,-187500.02235174447,-187500.02235174447,-187500.02235174447,-187500.02235174447
$SILENCE,2045.1846176605961,-7769.399317431369,6829.754332274715,12181.678376397895,-187500.02235174447,-187500.02235174447,-187500.02235174447,-187500.02235174447
$SILENCE,2209.7828638294773,-7706.680322489778,7259.779543850368,12153.157550472923,-187500.02235174447,-187500.02235174447,-187500.02235174447,-187500.02235174447
$SILENCE,2034.2099111330406,-7710.368360324903,6989.971636530357,12195.916437615924,-187500.02235174447,-187500.02235174447,-187500.02235174447,-187500.02235174447
$SILENCE,1817.4203416610173,-7768.482895908702,6484.486935673587,12242.698638760881,-187500.02235174447,-187500.02235174447,-187500.02235174447,-187500.02235174447
$SILENCE,1984.901962864633,-7782.363329215447,6711.0442174725795,12195.379995748997,-187500.02235174447,-187500.02235174447,-187500.02235174447,-187500.02235174447
$SILENCE,2198.472881135092,-7716.045703416551,7222.921517243567,12156.800884819137,-187500.02235174447,-187500.02235174447,-187500.02235174447,-187500.02235174447
$SILENCE,2073.8619057967553,-7703.662836988311,7073.500105559839,12189.0768038126,-187500.02235174447,-187500.02235174447,-187500.02235174447,-187500.02235174447
$SILENCE,1840.4649901944388,-7757.2846719365925,6543.786113713517,12238.89884220348,-187500.02235174447,-187500.02235174447,-187500.02235174447,-187500.02235174447
$SILENCE,1941.4278198990608,-7783.235047249204,6618.373884960876,12207.427586010408,-187500.02235174447,-187500.02235174447,-187500.02235174447,-187500.02235174447
$SILENCE,2190.9403432536537,-7724.740532009666,7181.5707900012485,12150.989431260758,-187500.02235174447,-187500.02235174447,-187500.02235174447,-187500.02235174447
$SILENCE,2113.6033074382913,-7700.310075320015,7147.238510517897,12178.035042051679,-187500.02235174447,-187500.02235174447,-187500.02235174447,-187500.02235174447
$SILENCE,1878.3064935572736,-7745.929985753297,6645.397144007343,12240.798740482182,-187500.02235174447,-187500.02235174447,-187500.02235174447,-187500.02235174447
$SILENCE,1903.7204270029579,-7780.575189659023,6569.647082048307,12233.46736830084,-187500.02235174447,-187500.02235174447,-187500.02235174447,-187500.02235174447
$SILENCE,2157.636244015246,-7734.061209447528,7098.981094238889,12162.902911055437,-187500.02235174447,-187500.02235174447,-187500.02235174447,-187500.02235174447
$SILENCE,2155.1328486362518,-7696.6667409738,7225.3578573891955,12157.270271452699,-187500.02235174447,-187500.02235174447,-187500.02235174447,-187500.02235174447
$SILENCE,1886.6883977280138,-7740.207939172738,6691.0841096739905,12214.960123891846,-187500.02235174447,-187500.02235174447,-187500.02235174447,-187500.02235174447
$SILENCE,1846.7234786419249,-7791.505192697668,6470.0253570110035,12218.17877509341,-187500.02235174447,-187500.02235174447,-187500.02235174447,-187500.02235174447
$SILENCE,2125.226214555051,-7748.880416021397,7011.921049585468,12154.096323740045,-187500.02235174447,-187500.02235174447,-187500.02235174447,-187500.02235174447
$SILENCE,2175.584694812858,-7697.605514240923,7238.925366273566,12153.224605706288,-187500.02235174447,-187500.02235174447,-187500.02235174447,-187500.02235174447
$SILENCE,1944.6241193561698,-7722.326543608492,6813.974000689269,12213.0825773576,-187500.02235174447,-187500.02235174447,-187500.02235174447,-187500.02235174447
$SILENCE,1825.0869900091875,-7783.905599582863,6453.41801088071,12242.720990505337,-187500.02235174447,-187500.02235174447,-187500.02235174447,-187500.02235174447
$SILENCE,2085.1718884911406,-7759.653956848855,6911.695827447871,12179.26438799672,-187500.02235174447,-187500.02235174447,-187500.02235174447,-187500.02235174447
$SILENCE,2198.6516950907344,-7699.080729374973,7259.623081639181,12151.257652194221,-187500.02235174447,-187500.02235174447,-187500.02235174447,-187500.02235174447
$SILENCE,1995.876669392189,-7713.899935948842,6914.869775160525,12199.000978350758,-187500.02235174447,-187500.02235174447,-187500.02235174447,-187500.02235174447
$SILENCE,1817.0627137497324,-7775.970730301229,6458.178932449691,12237.781254980715,-187500.02235174447,-187500.02235174447,-187500.02235174447,-187500.02235174447
$SILENCE,2032.1759023876075,-7767.25354996366,6798.707759226294,12183.488867698774,-187500.02235174447,-187500.02235174447,-187500.02235174447,-187500.02235174447
$SILENCE,2202.2279742035835,-7705.942714922752,7248.827189067268,12143.099265468034,-187500.02235174447,-187500.02235174447,-187500.02235174447,-187500.02235174447
$SILENCE,2035.2827948668953,-7707.149709123339,7005.19317450442,12186.685167155883,-187500.02235174447,-187500.02235174447,-187500.02235174447,-187500.02235174447
$SILENCE,1816.1909957159753,-7765.666576107333,6493.002950311059,12239.904670703969,-187500.02235174447,-187500.02235174447,-187500.02235174447,-187500.02235174447
$SILENCE,1969.3451487237394,-7777.513000668646,6687.776051494605,12197.436356238886,-187500.02235174447,-187500.02235174447,-187500.02235174447,-187500.02235174447
$SILENCE,2194.9189537666985,-7713.229383615182,7213.042046194321,12156.085628996567,-187500.02235174447,-187500.02235174447,-187500.02235174447,-187500.02235174447
$SILENCE,2083.3166937013502,-7699.594819497445,7086.240599899364,12188.070975312112,-187500.02235174447,-187500.02235174447,-187500.02235174447,-187500.02235174447
$SILENCE,1840.8226181057237,-7754.624814346411,6551.720982995151,12240.32935384862,-187500.02235174447,-187500.02235174447,-187500.02235174447,-187500.02235174447
$SILENCE,1923.8369970127342,-7778.340015213492,6587.908457268293,12208.433414510897,-187500.02235174447,-187500.02235174447,-187500.02235174447,-187500.02235174447
$SILENCE,2182.737253038556,-7719.845499973953,7160.403688002073,12150.654155093927,-187500.02235174447,-187500.02235174447,-187500.02235174447,-187500.02235174447
$SILENCE,2121.3593627642827,-7694.342159550448,7159.017879845844,12170.16722800341,-187500.02235174447,-187500.02235174447,-187500.02235174447,-187500.02235174447
$SILENCE,1871.3774527761286,-7742.8454450184645,6634.243623524145,12230.56164152165,-187500.02235174447,-187500.02235174447,-187500.02235174447,-187500.02235174447
$SILENCE,1877.1889063345084,-7787.727747884721,6512.3372092649,12233.445016556385,-187500.02235174447,-187500.02235174447,-187500.02235174447,-187500.02235174447
$SILENCE,2149.5896160113357,-7736.296383893059,7082.329044619685,12158.49961739774,-187500.02235174447,-187500.02235174447,-187500.02235174447,-187500.02235174447
$SILENCE,2145.5886537538354,-7692.7775374385765,7211.991514204921,12169.36256520302,-187500.02235174447,-187500.02235174447,-187500.02235174447,-187500.02235174447
$SILENCE,1903.9215927030557,-7729.0544186895395,6730.691400848795,12228.840557198591,-187500.02235174447,-187500.02235174447,-187500.02235174447,-187500.02235174447
$SILENCE,1841.4037634615618,-7785.045538550084,6464.593883108364,12234.450845056874,-187500.02235174447,-187500.02235174447,-187500.02235174447,-187500.02235174447
$SILENCE,2115.391446994716,-7751.6296805894,6989.211677218876,12169.071992525101,-187500.02235174447,-187500.02235174447,-187500.02235174447,-187500.02235174447
$SILENCE,2185.799442028933,-7690.0729763594845,7266.6862328870575,12155.593890618551,-187500.02235174447,-187500.02235174447,-187500.02235174447,-187500.02235174447
$SILENCE,1937.292747174829,-7721.276011619093,6809.9506866873135,12215.56362099214,-187500.02235174447,-187500.02235174447,-187500.02235174447,-187500.02235174447
$SILENCE,1815.1851672154867,-7786.8113263620535,6428.160539646214,12241.625755027027,-187500.02235174447,-187500.02235174447,-187500.02235174447,-187500.02235174447
$SILENCE,2065.3905946481937,-7760.816247560531,6873.474344429296,12182.840667109569,-187500.02235174447,-187500.02235174447,-187500.02235174447,-187500.02235174447
$SILENCE,2188.638113574757,-7698.588990996956,7249.207168723008,12159.93012904288,-187500.02235174447,-187500.02235174447,-187500.02235174447,-187500.02235174447
$SILENCE,1993.2391635464626,-7708.937848679763,6927.99024915579,12213.596667480073,-187500.02235174447,-187500.02235174447,-187500.02235174447,-187500.02235174447
$SILENCE,1808.2784781787966,-7771.209808732249,6455.675537070696,12248.621851041538,-187500.02235174447,-187500.02235174447,-187500.02235174447,-187500.02235174447
$SILENCE,2006.806672430834,-7768.996986031174,6767.3929652444085,12191.624902680505,-187500.02235174447,-187500.02235174447,-187500.02235174447,-187500.02235174447
$SILENCE,2191.0744537203855,-7706.769729467599,7240.713505829991,12157.158512730422,-187500.02235174447,-187500.02235174447,-187500.02235174447,-187500.02235174447
$SILENCE,2042.7482775149679,-7703.707540477221,7023.074570068667,12204.186583064387,-187500.02235174447,-187500.02235174447,-187500.02235174447,-187500.02235174447
$SILENCE,1817.9567835279447,-7763.207884217249,6495.483993945599,12251.862853987557,-187500.02235174447,-187500.02235174447,-187500.02235174447,-187500.02235174447
$SILENCE,1952.7825060823568,-7777.423593690824,6658.227045324689,12199.515068473229,-187500.02235174447,-187500.02235174447,-187500.02235174447,-187500.02235174447
$SILENCE,2182.446680360637,-7715.24104061616,7202.022636177855,12146.384971902964,-187500.02235174447,-187500.02235174447,-187500.02235174447,-187500.02235174447
$SILENCE,2080.232152966518,-7699.751281708633,7106.133652464588,12189.210914279332,-187500.02235174447,-187500.02235174447,-187500.02235174447,-187500.02235174447
$SILENCE,1841.3143564837405,-7747.874587520909,6575.279721651044,12250.119417920045,-187500.02235174447,-187500.02235174447,-187500.02235174447,-187500.02235174447
$SILENCE,1898.132490889131,-7782.072756537528,6567.3001488805,12211.428548267908,-187500.02235174447,-187500.02235174447,-187500.02235174447,-187500.02235174447
$SILENCE,2155.021089913975,-7723.511186064624,7138.789551113791,12155.593890618551,-187500.02235174447,-187500.02235174447,-187500.02235174447,-187500.02235174447
$SILENCE,2118.699505174101,-7690.050624615029,7173.255941063874,12184.517047943718,-187500.02235174447,-187500.02235174447,-187500.02235174447,-187500.02235174447
$SILENCE,1880.7875371918128,-7737.77159902711,6657.2212168242,12242.028086427223,-187500.02235174447,-187500.02235174447,-187500.02235174447,-187500.02235174447
$SILENCE,1864.6048742061705,-7785.179649016816,6498.009741069048,12228.684094987404,-187500.02235174447,-187500.02235174447,-187500.02235174447,-187500.02235174447
$SILENCE,2134.7927611819223,-7737.838654260476,7059.35145131963,12161.382992432475,-187500.02235174447,-187500.02235174447,-187500.02235174447,-187500.02235174447
$SILENCE,2149.5896160113357,-7694.90095316183,7216.461863095983,12179.867885097014,-187500.02235174447,-187500.02235174447,-187500.02235174447,-187500.02235174447
$SILENCE,1918.4278748545498,-7725.366380854414,6754.026622060135,12245.582013795616,-187500.02235174447,-187500.02235174447,-187500.02235174447,-187500.02235174447
$SILENCE,1835.6817168810032,-7779.904637325363,6462.895150529761,12245.492606817796,-187500.02235174447,-187500.02235174447,-187500.02235174447,-187500.02235174447
$SILENCE,2102.002752065987,-7749.10393346595,6970.682081065426,12172.380050704485,-187500.02235174447,-187500.02235174447,-187500.02235174447,-187500.02235174447
$SILENCE,2171.5390290664473,-7698.09725261894,7249.251872211918,12161.852379066037,-187500.02235174447,-187500.02235174447,-187500.02235174447,-187500.02235174447
$SILENCE,1954.2353694719518,-7722.19243314176,6844.864111526503,12226.806548453158,-187500.02235174447,-187500.02235174447,-187500.02235174447,-187500.02235174447
$SILENCE,1815.140463726576,-7787.9289135848185,6441.973917719593,12250.52174932024,-187500.02235174447,-187500.02235174447,-187500.02235174447,-187500.02235174447
$SILENCE,2041.742449014479,-7767.097087752472,6850.340288918053,12167.350908202043,-187500.02235174447,-187500.02235174447,-187500.02235174447,-187500.02235174447
$SILENCE,2185.799442028933,-7695.705615962222,7252.247005968929,12144.887405024458,-187500.02235174447,-187500.02235174447,-187500.02235174447,-187500.02235174447
$SILENCE,2012.8863469226776,-7706.769729467599,6964.602406573583,12196.832859138593,-187500.02235174447,-187500.02235174447,-187500.02235174447,-187500.02235174447
$SILENCE,1822.9188707970227,-7773.512038411145,6474.048671012959,12239.547042792683,-187500.02235174447,-187500.02235174447,-187500.02235174447,-187500.02235174447
$SILENCE,2017.5578615138368,-7783.905599582863,6742.873101576937,12187.780402634193,-187500.02235174447,-187500.02235174447,-187500.02235174447,-187500.02235174447
$SILENCE,2212.107445252829,-7721.6559912748335,7232.488063870438,12147.971945759291,-187500.02235174447,-187500.02235174447,-187500.02235174447,-187500.02235174447
$SILENCE,2078.287551198906,-7714.950467938241,7041.9841458778565,12182.46068745383,-187500.02235174447,-187500.02235174447,-187500.02235174447,-187500.02235174447
$SILENCE,1845.6058914191594,-7772.528561655112,6505.497575461576,12224.37020830753,-187500.02235174447,-187500.02235174447,-187500.02235174447,-187500.02235174447
não,1976.6988726495354,-7786.230181006215,6639.116303815402,12197.928094616902,-187500.02235174447,-187500.02235174447,-187500.02235174447,-187500.02235174447
não,2222.411599446726,-7728.4062181003355,7202.38026408914,12147.256689936721,-187500.02235174447,-187500.02235174447,-187500.02235174447,-187500.02235174447
não,2127.1931680671178,-7712.491776048158,7134.498016178372,12178.593835663061,-187500.02235174447,-187500.02235174447,-187500.02235174447,-187500.02235174447
não,1880.876944169634,-7749.9532997552515,6602.682960353251,12232.863871200547,-187500.02235174447,-187500.02235174447,-187500.02235174447,-187500.02235174447
não,1922.6076510676924,-7784.509096683157,6566.562541313475,12208.254600555254,-187500.02235174447,-187500.02235174447,-187500.02235174447,-187500.02235174447
não,2184.637151317257,-7731.580165812989,7135.660306890048,12136.281983409166,-187500.02235174447,-187500.02235174447,-187500.02235174447,-187500.02235174447
não,2145.029860142453,-7703.2828573325705,7188.18690636002,12152.039963250156,-187500.02235174447,-187500.02235174447,-187500.02235174447,-187500.02235174447
não,1897.685456000025,-7748.165160198827,6687.37372009441,12208.902801144457,-187500.02235174447,-187500.02235174447,-187500.02235174447,-187500.02235174447
não,1872.3162260432514,-7796.109652055461,6494.165241022735,12201.727891174305,-187500.02235174447,-187500.02235174447,-187500.02235174447,-187500.02235174447
não,2151.735383479045,-7750.221520688716,7049.986070392856,12140.819387533593,-187500.02235174447,-187500.02235174447,-187500.02235174447,-187500.02235174447
não,2180.7255960375783,-7706.52386027859,7236.578433105759,12146.161454458412,-187500.02235174447,-187500.02235174447,-187500.02235174447,-187500.02235174447
não,1944.8476368007227,-7743.538349096579,6782.368634029464,12202.778423163703,-187500.02235174447,-187500.02235174447,-187500.02235174447,-187500.02235174447
não,1844.264786751841,-7799.350655001481,6462.716336574118,12214.177812835911,-187500.02235174447,-187500.02235174447,-187500.02235174447,-187500.02235174447
não,2111.9045748596877,-7764.6830993512995,6950.498455822284,12151.1682452164,-187500.02235174447,-187500.02235174447,-187500.02235174447,-187500.02235174447
não,2206.4971573945472,-7708.781386468576,7262.014718295899,12137.868957265491,-187500.02235174447,-187500.02235174447,-187500.02235174447,-187500.02235174447
não,1995.384931014172,-7729.590860556467,6889.3664347370195,12190.261446268732,-187500.02235174447,-187500.02235174447,-187500.02235174447,-187500.02235174447
não,1842.0966675396762,-7790.409957219358,6463.789220307973,12219.005789638257,-187500.02235174447,-187500.02235174447,-187500.02235174447,-187500.02235174447
não,2066.284664426406,-7778.988215802696,6850.005012751224,12156.107980741022,-187500.02235174447,-187500.02235174447,-187500.02235174447,-187500.02235174447
não,2219.930555812187,-7715.553965038534,7270.642491655647,12131.83398626256,-187500.02235174447,-187500.02235174447,-187500.02235174447,-187500.02235174447
não,2036.0427541783756,-7724.762883754121,6983.377871916041,12171.351870459543,-187500.02235174447,-187500.02235174447,-187500.02235174447,-187500.02235174447
não,1832.239548234886,-7787.437175206802,6479.435441426688,12210.668588956427,-187500.02235174447,-187500.02235174447,-187500.02235174447,-187500.02235174447
não,2010.2711928214067,-7791.639303164399,6732.434836916308,12168.93788205837,-187500.02235174447,-187500.02235174447,-187500.02235174447,-187500.02235174447
não,2218.7906168449663,-7722.19243314176,7245.161502976597,12127.654210049417,-187500.02235174447,-187500.02235174447,-187500.02235174447,-187500.02235174447
não,2094.090234528808,-7706.85913644542,7086.039434199266,12167.93205355788,-187500.02235174447,-187500.02235174447,-187500.02235174447,-187500.02235174447
não,1859.7992491482794,-7766.91827379683,6550.7375062391175,12219.676341971915,-187500.02235174447,-187500.02235174447,-187500.02235174447,-187500.02235174447
não,1958.258683473907,-7799.104785812472,6637.529329959075,12176.850399595547,-187500.02235174447,-187500.02235174447,-187500.02235174447,-187500.02235174447
não,2205.871308549799,-7740.833788017487,7204.861307723679,12124.435558847852,-187500.02235174447,-187500.02235174447,-187500.02235174447,-187500.02235174447
não,2118.967726107565,-7717.0738836614955,7144.623356416626,12146.764951558704,-187500.02235174447,-187500.02235174447,-187500.02235174447,-187500.02235174447
não,1882.329807559229,-7765.040727262584,6619.558527417008,12211.741472690283,-187500.02235174447,-187500.02235174447,-187500.02235174447,-187500.02235174447
não,1918.3384678767286,-7795.081471810517,6562.159247655779,12198.397481250464,-187500.02235174447,-187500.02235174447,-187500.02235174447,-187500.02235174447
não,2184.994779228542,-7739.939718239274,7137.359039468652,12131.051675206623,-187500.02235174447,-187500.02235174447,-187500.02235174447,-187500.02235174447
não,2148.159104366196,-7720.7172180077105,7190.511487783371,12136.684314809361,-187500.02235174447,-187500.02235174447,-187500.02235174447,-187500.02235174447
não,1911.4988340734046,-7753.283709679093,6705.433929614298,12209.662760455938,-187500.02235174447,-187500.02235174447,-187500.02235174447,-187500.02235174447
não,1871.6903771985028,-7799.551820701578,6497.607409668853,12212.009693623746,-187500.02235174447,-187500.02235174447,-187500.02235174447,-187500.02235174447
não,2129.4283425126487,-7782.050404793073,7017.173709532465,12129.68821879485,-187500.02235174447,-187500.02235174447,-187500.02235174447,-187500.02235174447
não,2180.1668024261958,-7720.828976729987,7223.4803108549495,12127.184823415855,-187500.02235174447,-187500.02235174447,-187500.02235174447,-187500.02235174447
não,1944.7358780784464,-7752.00966024514,6787.755404443194,12182.393632220464,-187500.02235174447,-187500.02235174447,-187500.02235174447,-187500.02235174447
não,1821.622469618615,-7816.360332531969,6429.9933826915485,12207.427586010408,-187500.02235174447,-187500.02235174447,-187500.02235174447,-187500.02235174447
não,2096.0348362964196,-7772.282692466104,6920.681228718905,12163.618166878006,-187500.02235174447,-187500.02235174447,-187500.02235174447,-187500.02235174447
não,2189.286314163961,-7719.599630784945,7259.645433383636,12122.1109774245,-187500.02235174447,-187500.02235174447,-187500.02235174447,-187500.02235174447
não,1975.3130644933065,-7741.504340351145,6884.404347467941,12168.066164024613,-187500.02235174447,-187500.02235174447,-187500.02235174447,-187500.02235174447
não,1813.7546555703468,-7804.916239370852,6433.234385637568,12219.497528016273,-187500.02235174447,-187500.02235174447,-187500.02235174447,-187500.02235174447
não,2036.8921204676774,-7785.246704250182,6801.278209838654,12166.099210512544,-187500.02235174447,-187500.02235174447,-187500.02235174447,-187500.02235174447
não,2196.48357587857,-7723.95822095373,7252.67168911358,12143.725114312783,-187500.02235174447,-187500.02235174447,-187500.02235174447,-187500.02235174447
não,2015.1215213682083,-7736.139921681872,6986.507116139784,12167.350908202043,-187500.02235174447,-187500.02235174447,-187500.02235174447,-187500.02235174447
não,1796.3202948952073,-7804.938591115308,6464.415069152721,12209.059263355644,-187500.02235174447,-187500.02235174447,-187500.02235174447,-187500.02235174447
não,1953.0730787602758,-7817.053236610083,6678.433022312287,12170.994242548257,-187500.02235174447,-187500.02235174447,-187500.02235174447,-187500.02235174447
não,2176.188191913151,-7746.332317153492,7203.989589689922,12132.146910684933,-187500.02235174447,-187500.02235174447,-187500.02235174447,-187500.02235174447
não,2056.6957660550793,-7731.334296623982,7061.050183898233,12164.847512823048,-187500.02235174447,-187500.02235174447,-187500.02235174447,-187500.02235174447
não,1833.3124319687406,-7764.437230162291,6537.080590376925,12234.763769479248,-187500.02235174447,-187500.02235174447,-187500.02235174447,-187500.02235174447
não,1890.711711729969,-7822.797634935097,6556.571311541952,12164.847512823048,-187500.02235174447,-187500.02235174447,-187500.02235174447,-187500.02235174447
não,2133.675173959157,-7767.745288341676,7127.434864930495,12107.694102250827,-187500.02235174447,-187500.02235174447,-187500.02235174447,-187500.02235174447
não,2095.096063029297,-7712.715293492711,7166.125734582632,12168.021460535701,-187500.02235174447,-187500.02235174447,-187500.02235174447,-187500.02235174447
não,1871.9809498764218,-7723.24296513116,6643.005507350625,12242.475121316329,-187500.02235174447,-187500.02235174447,-187500.02235174447,-187500.02235174447
não,1848.846894365179,-7800.870573624441,6513.946534865682,12194.50827771524,-187500.02235174447,-187500.02235174447,-187500.02235174447,-187500.02235174447
não,2083.830783823822,-7794.299160754581,7038.497273742828,12107.023549917169,-187500.02235174447,-187500.02235174447,-187500.02235174447,-187500.02235174447
não,2086.065958269353,-7751.8308462894975,7146.165626784043,12129.710570539304,-187500.02235174447,-187500.02235174447,-187500.02235174447,-187500.02235174447
não,1849.9868333323996,-7779.904637325363,6694.526278320108,12197.838687639081,-187500.02235174447,-187500.02235174447,-187500.02235174447,-187500.02235174447
não,1788.1172046801098,-7837.594489764511,6437.190644406158,12201.929056874402,-187500.02235174447,-187500.02235174447,-187500.02235174447,-187500.02235174447
não,2046.1457426721745,-7805.206812048771,6914.735664693793,12130.358771128509,-187500.02235174447,-187500.02235174447,-187500.02235174447,-187500.02235174447
não,2103.299153244395,-7751.58497710049,7168.383260772617,12132.146910684933,-187500.02235174447,-187500.02235174447,-187500.02235174447,-187500.02235174447
não,1890.3093803297736,-7768.482895908702,6771.505686224185,12200.006806851246,-187500.02235174447,-187500.02235174447,-187500.02235174447,-187500.02235174447
não,1768.4923730483501,-7827.849129181997,6403.6406759787415,12222.291496073187,-187500.02235174447,-187500.02235174447,-187500.02235174447,-187500.02235174447
não,2024.4198470616159,-7798.9036201123745,6868.109925760023,12167.105039013033,-187500.02235174447,-187500.02235174447,-187500.02235174447,-187500.02235174447
não,2133.9433948926207,-7739.693849050266,7220.306363142296,12151.83879755006,-187500.02235174447,-187500.02235174447,-187500.02235174447,-187500.02235174447
não,1933.6047093397033,-7752.1214189674165,6879.822239854603,12207.829917410603,-187500.02235174447,-187500.02235174447,-187500.02235174447,-187500.02235174447
não,1753.7402217078475,-7809.386588261913,6413.073112138881,12241.737513749304,-187500.02235174447,-187500.02235174447,-187500.02235174447,-187500.02235174447
não,1961.5443899088373,-7803.619838192444,6742.0907905210015,12187.623940423005,-187500.02235174447,-187500.02235174447,-187500.02235174447,-187500.02235174447
não,2137.51967400547,-7739.447979861257,7208.549345558804,12160.667736609905,-187500.02235174447,-187500.02235174447,-187500.02235174447,-187500.02235174447
não,1980.5433726958481,-7737.659840304833,6979.242799191809,12208.008731366246,-187500.02235174447,-187500.02235174447,-187500.02235174447,-187500.02235174447
não,1766.4136608140066,-7794.992064832696,6465.644415097763,12261.89878724799,-187500.02235174447,-187500.02235174447,-187500.02235174447,-187500.02235174447
não,1908.23547938293,-7806.7714341606425,6644.860702140415,12220.36924605003,-187500.02235174447,-187500.02235174447,-187500.02235174447,-187500.02235174447
não,2134.1669123371735,-7741.213767673227,7184.007130146877,12179.376146718998,-187500.02235174447,-187500.02235174447,-187500.02235174447,-187500.02235174447
não,2021.3800098156942,-7725.254622132137,7067.3980793235405,12213.216687824332,-187500.02235174447,-187500.02235174447,-187500.02235174447,-187500.02235174447
não,1777.656588275026,-7779.323491969525,6528.408113528266,12269.14075245151,-187500.02235174447,-187500.02235174447,-187500.02235174447,-187500.02235174447
não,1859.1734003035308,-7809.744216173198,6554.380840585332,12252.935737721413,-187500.02235174447,-187500.02235174447,-187500.02235174447,-187500.02235174447
não,2121.1358453197295,-7750.087410221984,7133.715705122436,12197.659873683438,-187500.02235174447,-187500.02235174447,-187500.02235174447,-187500.02235174447
não,2064.183600447607,-7720.203127885238,7146.210330272953,12211.89793490147,-187500.02235174447,-187500.02235174447,-187500.02235174447,-187500.02235174447
não,1813.039399747777,-7766.359480185447,6619.603230905918,12261.250586658787,-187500.02235174447,-187500.02235174447,-187500.02235174447,-187500.02235174447
não,1811.4747776359056,-7811.577059218534,6481.804726338951,12248.152464407976,-187500.02235174447,-187500.02235174447,-187500.02235174447,-187500.02235174447
não,2086.2447722249954,-7760.413916160335,7054.389364050551,12184.40528922144,-187500.02235174447,-187500.02235174447,-187500.02235174447,-187500.02235174447
não,2094.514917673459,-7723.8911657203635,7198.558115787282,12186.484001455785,-187500.02235174447,-187500.02235174447,-187500.02235174447,-187500.02235174447
não,1853.876036867623,-7760.995061516173,6724.90229903487,12238.071827658634,-187500.02235174447,-187500.02235174447,-187500.02235174447,-187500.02235174447
não,1774.9967306848444,-7812.962867374763,6443.382077620277,12246.498435318284,-187500.02235174447,-187500.02235174447,-187500.02235174447,-187500.02235174447
não,2038.3002803683617,-7775.993082045685,6960.400278615985,12182.326576987098,-187500.02235174447,-187500.02235174447,-187500.02235174447,-187500.02235174447
não,2104.5061474449813,-7724.762883754121,7232.644526081625,12176.582178662084,-187500.02235174447,-187500.02235174447,-187500.02235174447,-187500.02235174447
não,1881.3239790587402,-7750.95912825574,6828.189710162844,12229.488757787796,-187500.02235174447,-187500.02235174447,-187500.02235174447,-187500.02235174447
não,1742.0055558688111,-7809.274829539637,6435.1566356607245,12258.501322090784,-187500.02235174447,-187500.02235174447,-187500.02235174447,-187500.02235174447
não,1979.939875595555,-7782.720957126732,6860.890312300959,12200.118565573523,-187500.02235174447,-187500.02235174447,-187500.02235174447,-187500.02235174447
não,2102.695656144101,-7721.700694763744,7239.998250007421,12172.469457682308,-187500.02235174447,-187500.02235174447,-187500.02235174447,-187500.02235174447
não,1910.358895106184,-7735.268203648116,6920.055379874156,12213.41785352443,-187500.02235174447,-187500.02235174447,-187500.02235174447,-187500.02235174447
não,1717.5750991791606,-7796.0873003110055,6438.6211560512975,12253.271013888243,-187500.02235174447,-187500.02235174447,-187500.02235174447,-187500.02235174447
não,1917.7573225208907,-7791.460489208757,6747.008174301169,12216.569449492628,-187500.02235174447,-187500.02235174447,-187500.02235174447,-187500.02235174447
não,2110.9658015925647,-7730.619040801412,7234.499720871416,12179.152629274444,-187500.02235174447,-187500.02235174447,-187500.02235174447,-187500.02235174447
não,1957.2528549734182,-7728.71914252271,7024.415674735985,12212.970818635324,-187500.02235174447,-187500.02235174447,-187500.02235174447,-187500.02235174447
não,1722.5148347037834,-7785.313759483548,6493.539392177987,12253.00279295478,-187500.02235174447,-187500.02235174447,-187500.02235174447,-187500.02235174447
não,1850.299757754774,-7801.295256769092,6640.211539293711,12214.066054113633,-187500.02235174447,-187500.02235174447,-187500.02235174447,-187500.02235174447
não,2077.9522750320766,-7735.96110772623,7183.873019680145,12166.590948890562,-187500.02235174447,-187500.02235174447,-187500.02235174447,-187500.02235174447
não,1984.8796111201777,-7712.33531383697,7100.411605884029,12201.392615007475,-187500.02235174447,-187500.02235174447,-187500.02235174447,-187500.02235174447
não,1739.3233465341743,-7765.465410407235,6563.969738956659,12259.75301978028,-187500.02235174447,-187500.02235174447,-187500.02235174447,-187500.02235174447
não,1795.716797794914,-7800.334131757514,6548.8599597048715,12230.807510710658,-187500.02235174447,-187500.02235174447,-187500.02235174447,-187500.02235174447
não,2061.1214114572304,-7742.688982807277,7126.36198119664,12166.076858768089,-187500.02235174447,-187500.02235174447,-187500.02235174447,-187500.02235174447
não,2017.1778818580965,-7712.692941748255,7161.074240335732,12184.874675855002,-187500.02235174447,-187500.02235174447,-187500.02235174447,-187500.02235174447
não,1763.3738235680848,-7759.29632893757,6642.156141061323,12240.083484659612,-187500.02235174447,-187500.02235174447,-187500.02235174447,-187500.02235174447
não,1753.1814280964647,-7793.360387487458,6481.335339705389,12251.505226076273,-187500.02235174447,-187500.02235174447,-187500.02235174447,-187500.02235174447
não,2031.3712395872165,-7747.360497398437,7045.7392389463475,12182.192466520366,-187500.02235174447,-187500.02235174447,-187500.02235174447,-187500.02235174447
não,2051.4431061080822,-7707.19441261225,7215.388979362128,12178.191504262866,-187500.02235174447,-187500.02235174447,-187500.02235174447,-187500.02235174447
não,1819.9237370400117,-7739.582090327989,6755.680651149828,12241.268127115742,-187500.02235174447,-187500.02235174447,-187500.02235174447,-187500.02235174447
não,1726.6499074280152,-7793.91918109884,6439.157597918224,12248.063057430156,-187500.02235174447,-187500.02235174447,-187500.02235174447,-187500.02235174447
não,1986.935971610066,-7762.269110950127,6934.360496325553,12178.370318218509,-187500.02235174447,-187500.02235174447,-187500.02235174447,-187500.02235174447
não,2071.31380692885,-7706.47915678968,7231.750456303413,12168.624957635995,-187500.02235174447,-187500.02235174447,-187500.02235174447,-187500.02235174447
não,1861.6991474269805,-7728.920308222808,6848.440390639352,12228.348818820576,-187500.02235174447,-187500.02235174447,-187500.02235174447,-187500.02235174447
não,1714.0882270441327,-7791.505192697668,6433.3684961043,12262.971670981846,-187500.02235174447,-187500.02235174447,-187500.02235174447,-187500.02235174447
não,1950.8379043147452,-7773.802611089064,6835.610489322006,12199.917399873424,-187500.02235174447,-187500.02235174447,-187500.02235174447,-187500.02235174447
não,2094.5596211623697,-7718.727912751188,7243.462770397994,12167.820294835603,-187500.02235174447,-187500.02235174447,-187500.02235174447,-187500.02235174447
não,1908.0790171717426,-7733.904747236342,6944.1952638858875,12208.209897066343,-187500.02235174447,-187500.02235174447,-187500.02235174447,-187500.02235174447
não,1702.1970989939093,-7786.453698450769,6450.020545723503,12257.406086612475,-187500.02235174447,-187500.02235174447,-187500.02235174447,-187500.02235174447
não,1889.2364965959189,-7777.44594543528,6721.773054811127,12213.306094802154,-187500.02235174447,-187500.02235174447,-187500.02235174447,-187500.02235174447
não,2090.4245484381377,-7715.442206316257,7219.300534641807,12173.788210605171,-187500.02235174447,-187500.02235174447,-187500.02235174447,-187500.02235174447
não,1952.8942648046334,-7713.162328381816,7036.530320230761,12214.89306865848,-187500.02235174447,-187500.02235174447,-187500.02235174447,-187500.02235174447
não,1717.6198026680713,-7768.415840675336,6504.156470794257,12253.0921999326,-187500.02235174447,-187500.02235174447,-187500.02235174447,-187500.02235174447
não,1836.7098971259472,-7793.0921665539945,6614.439977936742,12210.623885467516,-187500.02235174447,-187500.02235174447,-187500.02235174447,-187500.02235174447
não,2086.4682896695485,-7732.965973969219,7170.685490451514,12165.607472134529,-187500.02235174447,-187500.02235174447,-187500.02235174447,-187500.02235174447
não,1995.9660763700101,-7710.9718574251965,7109.3746554106065,12193.636559681483,-187500.02235174447,-187500.02235174447,-187500.02235174447,-187500.02235174447
não,1743.301957047219,-7765.890093551886,6569.937654726226,12252.980441210324,-187500.02235174447,-187500.02235174447,-187500.02235174447,-187500.02235174447
não,1792.49814659335,-7796.40022473338,6531.2467850740895,12242.586880038605,-187500.02235174447,-187500.02235174447,-187500.02235174447,-187500.02235174447
não,2058.93094050061,-7736.363439126425,7103.965533252423,12184.673510154906,-187500.02235174447,-187500.02235174447,-187500.02235174447,-187500.02235174447
não,2025.7609517289343,-7705.585087011467,7169.634958462115,12191.177867791399,-187500.02235174447,-187500.02235174447,-187500.02235174447,-187500.02235174447
não,1783.266876133308,-7743.471293863213,6673.761507721128,12244.75499925077,-187500.02235174447,-187500.02235174447,-187500.02235174447,-187500.02235174447
não,1745.9618146374005,-7792.846297364986,6469.80183956645,12244.129150406021,-187500.02235174447,-187500.02235174447,-187500.02235174447,-187500.02235174447
não,2019.3907045591718,-7750.690907322277,7016.5702124321715,12175.419887950407,-187500.02235174447,-187500.02235174447,-187500.02235174447,-187500.02235174447
não,2051.0407747078866,-7710.658933002822,7213.220860149963,12174.279948983187,-187500.02235174447,-187500.02235174447,-187500.02235174447,-187500.02235174447
não,1824.103513253154,-7740.565567084023,6763.973148342747,12234.406141567963,-187500.02235174447,-187500.02235174447,-187500.02235174447,-187500.02235174447
não,1718.7373898908365,-7794.768547388143,6423.913708199705,12245.783179495715,-187500.02235174447,-187500.02235174447,-187500.02235174447,-187500.02235174447
não,1973.4578697035158,-7769.265206964637,6902.531612221195,12181.343100231064,-187500.02235174447,-187500.02235174447,-187500.02235174447,-187500.02235174447
não,2072.74431857399,-7714.659895260322,7226.117816700676,12170.03311753668,-187500.02235174447,-187500.02235174447,-187500.02235174447,-187500.02235174447
não,1873.6126272216593,-7728.182700655783,6866.634710625972,12230.919269432936,-187500.02235174447,-187500.02235174447,-187500.02235174447,-187500.02235174447
não,1714.825834611158,-7784.531448427612,6432.1615019037135,12271.688851319415,-187500.02235174447,-187500.02235174447,-187500.02235174447,-187500.02235174447
não,1935.325793662762,-7774.607273889455,6807.402587819409,12199.157440561943,-187500.02235174447,-187500.02235174447,-187500.02235174447,-187500.02235174447
não,2089.1281472597298,-7716.045703416551,7232.979802248455,12159.97483253179,-187500.02235174447,-187500.02235174447,-187500.02235174447,-187500.02235174447
não,1918.6737440435584,-7721.454825574735,6961.9201972389465,12208.053434855156,-187500.02235174447,-187500.02235174447,-187500.02235174447,-187500.02235174447
não,1711.853052598602,-7780.083451281006,6457.75424930504,12255.975574967335,-187500.02235174447,-187500.02235174447,-187500.02235174447,-187500.02235174447
não,1876.3842435341173,-7787.660692651355,6688.13367940589,12207.919324388424,-187500.02235174447,-187500.02235174447,-187500.02235174447,-187500.02235174447
não,2089.910458315666,-7723.757055253632,7205.263639123874,12160.086591254067,-187500.02235174447,-187500.02235174447,-187500.02235174447,-187500.02235174447
não,1964.8971515771332,-7714.749302238143,7047.862654669601,12198.978626606302,-187500.02235174447,-187500.02235174447,-187500.02235174447,-187500.02235174447
não,1728.527453962261,-7770.0251662761175,6510.459662730654,12260.267109902754,-187500.02235174447,-187500.02235174447,-187500.02235174447,-187500.02235174447
não,1825.4893214093831,-7792.846297364986,6588.042567735025,12231.388656066496,-187500.02235174447,-187500.02235174447,-187500.02235174447,-187500.02235174447
não,2072.051414495875,-7738.308040894037,7151.619452431137,12163.327594200087,-187500.02235174447,-187500.02235174447,-187500.02235174447,-187500.02235174447
não,2007.7230939535016,-7713.676418504288,7121.958687538945,12191.155516046943,-187500.02235174447,-187500.02235174447,-187500.02235174447,-187500.02235174447
não,1762.9491404234338,-7761.844427805475,6591.529439870053,12245.13497890651,-187500.02235174447,-187500.02235174447,-187500.02235174447,-187500.02235174447
não,1783.4233383444953,-7802.0105125916625,6507.66569467374,12230.271068843731,-187500.02235174447,-187500.02235174447,-187500.02235174447,-187500.02235174447
não,2047.3750886172163,-7749.550968355056,7076.316425361208,12168.26732972471,-187500.02235174447,-187500.02235174447,-187500.02235174447,-187500.02235174447
não,2031.8182744763226,-7709.653104502333,7170.059641606766,12184.874675855002,-187500.02235174447,-187500.02235174447,-187500.02235174447,-187500.02235174447
não,1790.8217657592018,-7748.612195087933,6670.520504775108,12241.13401664901,-187500.02235174447,-187500.02235174447,-187500.02235174447,-187500.02235174447
não,1742.1173145910877,-7798.613047434455,6437.391810106255,12242.09514166059,-187500.02235174447,-187500.02235174447,-187500.02235174447,-187500.02235174447
não,2021.5141202824261,-7755.585939357989,6989.614008619072,12190.46261196883,-187500.02235174447,-187500.02235174447,-187500.02235174447,-187500.02235174447
não,2072.2749319404284,-7705.406273055825,7216.819491007268,12183.93590258788,-187500.02235174447,-187500.02235174447,-187500.02235174447,-187500.02235174447
não,1845.0918012966874,-7734.9776309701965,6785.0061398751905,12234.942583434891,-187500.02235174447,-187500.02235174447,-187500.02235174447,-187500.02235174447
não,1723.498311459817,-7793.405090976369,6423.466673310599,12257.651955801482,-187500.02235174447,-187500.02235174447,-187500.02235174447,-187500.02235174447
não,1978.0623290613091,-7769.220503475726,6885.6113416685275,12199.22449579531,-187500.02235174447,-187500.02235174447,-187500.02235174447,-187500.02235174447
não,2094.2690484844506,-7709.139014379861,7231.884566770144,12181.611321164528,-187500.02235174447,-187500.02235174447,-187500.02235174447,-187500.02235174447
não,1897.618400766659,-7727.489796577668,6885.097251546055,12235.27785960172,-187500.02235174447,-187500.02235174447,-187500.02235174447,-187500.02235174447
não,1735.7694191657806,-7781.893942581885,6460.592920850864,12261.362345381063,-187500.02235174447,-187500.02235174447,-187500.02235174447,-187500.02235174447
não,1925.4686743579716,-7778.094146024484,6769.829305390037,12210.93680988989,-187500.02235174447,-187500.02235174447,-187500.02235174447,-187500.02235174447
não,2108.775330635945,-7723.354723853437,7232.644526081625,12175.308129228131,-187500.02235174447,-187500.02235174447,-187500.02235174447,-187500.02235174447
não,1939.19264545353,-7721.723046508199,6970.2573979207755,12224.236097840798,-187500.02235174447,-187500.02235174447,-187500.02235174447,-187500.02235174447
não,1737.8928348890347,-7780.932817570308,6469.243045955068,12258.210749412865,-187500.02235174447,-187500.02235174447,-187500.02235174447,-187500.02235174447
não,1876.6077609786703,-7785.045538550084,6656.438905768265,12212.36732153503,-187500.02235174447,-187500.02235174447,-187500.02235174447,-187500.02235174447
não,2094.894897329199,-7727.668610533311,7170.8866561516115,12167.015632035213,-187500.02235174447,-187500.02235174447,-187500.02235174447,-187500.02235174447
não,1988.1429658106526,-7716.492738305657,7048.130875603066,12199.895048128968,-187500.02235174447,-187500.02235174447,-187500.02235174447,-187500.02235174447
não,1758.2552740878195,-7772.1932854882825,6520.361485524355,12259.976537224835,-187500.02235174447,-187500.02235174447,-187500.02235174447,-187500.02235174447
não,1851.7973246332795,-7798.568343945545,6566.562541313475,12234.80847296816,-187500.02235174447,-187500.02235174447,-187500.02235174447,-187500.02235174447
não,2099.745225876001,-7735.96110772623,7137.448446446472,12179.666719396917,-187500.02235174447,-187500.02235174447,-187500.02235174447,-187500.02235174447
não,2037.8085419903448,-7713.162328381816,7129.513577164838,12197.257542283243,-187500.02235174447,-187500.02235174447,-187500.02235174447,-187500.02235174447
não,1797.9966757293555,-7759.318680682026,6602.571201630974,12239.681153259417,-187500.02235174447,-187500.02235174447,-187500.02235174447,-187500.02235174447
não,1810.7595218133358,-7801.317608513547,6486.14096476328,12226.694789730882,-187500.02235174447,-187500.02235174447,-187500.02235174447,-187500.02235174447
não,2083.964894290554,-7750.8920730223745,7057.183332107465,12170.100172770044,-187500.02235174447,-187500.02235174447,-187500.02235174447,-187500.02235174447
não,2084.3672256907494,-7713.162328381816,7182.777784201835,12187.690995656372,-187500.02235174447,-187500.02235174447,-187500.02235174447,-187500.02235174447
não,1847.5728449312264,-7749.48391312169,6703.243458657677,12250.991135953802,-187500.02235174447,-187500.02235174447,-187500.02235174447,-187500.02235174447
não,1785.144422667554,-7801.295256769092,6441.169254919202,12250.298231875686,-187500.02235174447,-187500.02235174447,-187500.02235174447,-187500.02235174447
não,2058.327443400317,-7766.471238907724,6968.581017086628,12193.569504448118,-187500.02235174447,-187500.02235174447,-187500.02235174447,-187500.02235174447
não,2121.0464383419085,-7719.085540662473,7221.1333776871425,12181.901893842447,-187500.02235174447,-187500.02235174447,-187500.02235174447,-187500.02235174447
não,1892.8574791976787,-7745.304136908548,6798.461890037285,12212.344969790574,-187500.02235174447,-187500.02235174447,-187500.02235174447,-187500.02235174447
não,1764.178486368476,-7797.87543986743,6420.002152920027,12241.692810260392,-187500.02235174447,-187500.02235174447,-187500.02235174447,-187500.02235174447
não,2013.6239544897026,-7780.441079192291,6861.270291956698,12178.325614729598,-187500.02235174447,-187500.02235174447,-187500.02235174447,-187500.02235174447
não,2139.151351350707,-7720.650162774345,7232.2868981703405,12158.41021041992,-187500.02235174447,-187500.02235174447,-187500.02235174447,-187500.02235174447
não,1949.8991310476222,-7732.563642569023,6904.297400033164,12221.75505420626,-187500.02235174447,-187500.02235174447,-187500.02235174447,-187500.02235174447
não,1772.3592248391183,-7793.82977412102,6434.933118216171,12253.650993543983,-187500.02235174447,-187500.02235174447,-187500.02235174447,-187500.02235174447
não,1969.8592388462114,-7791.9745793312295,6748.863369090959,12190.194391035366,-187500.02235174447,-187500.02235174447,-187500.02235174447,-187500.02235174447
não,2154.9316829361537,-7732.496587335657,7223.6591248105915,12157.538492386162,-187500.02235174447,-187500.02235174447,-187500.02235174447,-187500.02235174447
não,2007.9466113980548,-7727.24392738866,7011.362255974085,12205.885315642992,-187500.02235174447,-187500.02235174447,-187500.02235174447,-187500.02235174447
não,1785.5020505788389,-7782.743308871188,6488.554953164453,12251.415819098453,-187500.02235174447,-187500.02235174447,-187500.02235174447,-187500.02235174447
não,1926.2062819249968,-7802.97163760324,6647.520559730597,12208.075786599611,-187500.02235174447,-187500.02235174447,-187500.02235174447,-187500.02235174447
não,2173.8189070008884,-7739.0903519499725,7211.589182804726,12153.850454551037,-187500.02235174447,-187500.02235174447,-187500.02235174447,-187500.02235174447
não,2069.12333597223,-7720.493700563157,7107.653571087548,12192.451917225351,-187500.02235174447,-187500.02235174447,-187500.02235174447,-187500.02235174447
$SILENCE,1821.5777661297043,-7780.105803025461,6556.973642942148,12249.672383030938,-187500.02235174447,-187500.02235174447,-187500.02235174447,-187500.02235174447
$SILENCE,1895.1150053876647,-7808.73838767271,6576.687881551729,12235.590784024094,-187500.02235174447,-187500.02235174447,-187500.02235174447,-187500.02235174447
$SILENCE,2142.1464851077185,-7754.401296901858,7110.514594377827,12173.721155371804,-187500.02235174447,-187500.02235174447,-187500.02235174447,-187500.02235174447
$SILENCE,2096.2807054854284,-7728.272107633604,7144.869225605635,12180.2255130083,-187500.02235174447,-187500.02235174447,-187500.02235174447,-187500.02235174447
$SILENCE,1849.3833362321063,-7775.613102389944,6637.998716592636,12231.388656066496,-187500.02235174447,-187500.02235174447,-187500.02235174447,-187500.02235174447
$SILENCE,1855.820638635235,-7813.968695875252,6492.354749721855,12224.303153074165,-187500.02235174447,-187500.02235174447,-187500.02235174447,-187500.02235174447
$SILENCE,2137.7878949389333,-7769.913407553841,7059.619672253093,12151.21294870531,-187500.02235174447,-187500.02235174447,-187500.02235174447,-187500.02235174447
$SILENCE,2147.9802904105536,-7732.474235591202,7214.5619648172815,12153.246957450743,-187500.02235174447,-187500.02235174447,-187500.02235174447,-187500.02235174447
$SILENCE,1904.1898136365194,-7760.77154407162,6744.57183415554,12219.206955338354,-187500.02235174447,-187500.02235174447,-187500.02235174447,-187500.02235174447
$SILENCE,1810.9383357689783,-7811.331190029525,6448.99236547856,12239.927022448424,-187500.02235174447,-187500.02235174447,-187500.02235174447,-187500.02235174447
$SILENCE,2077.7958128208893,-7778.407070446858,6958.2768628927315,12188.674472412406,-187500.02235174447,-187500.02235174447,-187500.02235174447,-187500.02235174447
$SILENCE,2154.9763864250644,-7726.931002966286,7228.732970801947,12181.946597331358,-187500.02235174447,-187500.02235174447,-187500.02235174447,-187500.02235174447
$SILENCE,1946.6357763571475,-7750.2438724331705,6834.917585243891,12240.441112570896,-187500.02235174447,-187500.02235174447,-187500.02235174447,-187500.02235174447
$SILENCE,1807.3397049116738,-7801.608181191466,6440.498702585543,12254.343897622097,-187500.02235174447,-187500.02235174447,-187500.02235174447,-187500.02235174447
$SILENCE,2043.1506089151633,-7791.8628206089525,6859.146876233444,12184.360585732531,-187500.02235174447,-187500.02235174447,-187500.02235174447,-187500.02235174447
$SILENCE,2179.4291948591704,-7728.897956478353,7244.490950642938,12159.661908109416,-187500.02235174447,-187500.02235174447,-187500.02235174447,-187500.02235174447
$SILENCE,1995.6978554365464,-7740.632622317389,6939.747266739281,12200.900876629457,-187500.02235174447,-187500.02235174447,-187500.02235174447,-187500.02235174447
$SILENCE,1800.1200914526096,-7800.222373035237,6457.843656282861,12232.95327817837,-187500.02235174447,-187500.02235174447,-187500.02235174447,-187500.02235174447
$SILENCE,1984.8796111201777,-7807.620800449944,6738.134531752412,12185.478172955296,-187500.02235174447,-187500.02235174447,-187500.02235174447,-187500.02235174447
$SILENCE,2181.776128026978,-7746.242910175671,7232.219842936975,12146.988469003258,-187500.02235174447,-187500.02235174447,-187500.02235174447,-187500.02235174447
$SILENCE,2043.2400158929845,-7737.77159902711,7036.060933597199,12189.210914279332,-187500.02235174447,-187500.02235174447,-187500.02235174447,-187500.02235174447
$SILENCE,1819.4319986619948,-7793.293332254092,6508.805633640962,12248.152464407976,-187500.02235174447,-187500.02235174447,-187500.02235174447,-187500.02235174447
$SILENCE,1945.7193548344799,-7818.103768599483,6641.373830005387,12202.241981296776,-187500.02235174447,-187500.02235174447,-187500.02235174447,-187500.02235174447
$SILENCE,2177.95397972512,-7756.703526580754,7189.684473238525,12136.25963166471,-187500.02235174447,-187500.02235174447,-187500.02235174447,-187500.02235174447
$SILENCE,2083.115528001252,-7737.81630251602,7109.061730988233,12158.656079608927,-187500.02235174447,-187500.02235174447,-187500.02235174447,-187500.02235174447
$SILENCE,1838.2745192378188,-7787.615989162445,6576.106736195891,12216.591801237084,-187500.02235174447,-187500.02235174447,-187500.02235174447,-187500.02235174447
$SILENCE,1892.9245344310445,-7818.751969188687,6552.927977195737,12196.944617860869,-187500.02235174447,-187500.02235174447,-187500.02235174447,-187500.02235174447
$SILENCE,2163.7159185070896,-7764.325471440015,7135.07916153421,12140.595870089039,-187500.02235174447,-187500.02235174447,-187500.02235174447,-187500.02235174447
$SILENCE,2133.0940286033187,-7735.134093181383,7188.119851126654,12160.108942998522,-187500.02235174447,-187500.02235174447,-187500.02235174447,-187500.02235174447
$SILENCE,1895.5620402767709,-7781.11163152595,6676.89075194487,12216.189469836889,-187500.02235174447,-187500.02235174447,-187500.02235174447,-187500.02235174447
$SILENCE,1866.4824207404163,-7827.044466381606,6487.660883386241,12207.718158688327,-187500.02235174447,-187500.02235174447,-187500.02235174447,-187500.02235174447
$SILENCE,2136.3797350382492,-7782.005701304162,7043.973451134379,12142.585175345563,-187500.02235174447,-187500.02235174447,-187500.02235174447,-187500.02235174447
$SILENCE,2162.0618894173967,-7735.469369348213,7228.062418468287,12146.384971902964,-187500.02235174447,-187500.02235174447,-187500.02235174447,-187500.02235174447
$SILENCE,1922.5182440898711,-7766.135962740895,6769.874008878948,12200.878524885002,-187500.02235174447,-187500.02235174447,-187500.02235174447,-187500.02235174447
$SILENCE,1829.624394133615,-7825.077512869539,6455.720240559607,12212.501432001762,-187500.02235174447,-187500.02235174447,-187500.02235174447,-187500.02235174447
$SILENCE,2094.894897329199,-7791.527544442123,6954.991156457801,12151.995259761246,-187500.02235174447,-187500.02235174447,-187500.02235174447,-187500.02235174447
$SILENCE,2181.485555349059,-7737.637488560377,7263.959320063511,12138.092474710045,-187500.02235174447,-187500.02235174447,-187500.02235174447,-187500.02235174447
$SILENCE,1969.8145353573009,-7758.53636962609,6885.1419550349665,12186.685167155883,-187500.02235174447,-187500.02235174447,-187500.02235174447,-187500.02235174447
$SILENCE,1822.6282981191039,-7817.187347076816,6456.726069060096,12221.240964083787,-187500.02235174447,-187500.02235174447,-187500.02235174447,-187500.02235174447
$SILENCE,2053.9688532315317,-7808.224297550238,6845.266442926699,12164.668698867405,-187500.02235174447,-187500.02235174447,-187500.02235174447,-187500.02235174447
$SILENCE,2203.300857937438,-7754.669517835322,7261.880607829167,12136.192576431344,-187500.02235174447,-187500.02235174447,-187500.02235174447,-187500.02235174447
$SILENCE,2024.1516261281522,-7760.950358027263,6969.497438609295,12169.720193114304,-187500.02235174447,-187500.02235174447,-187500.02235174447,-187500.02235174447
$SILENCE,1819.7449230843692,-7808.872498139442,6472.104069245347,12219.050493127168,-187500.02235174447,-187500.02235174447,-187500.02235174447,-187500.02235174447
$SILENCE,1993.4403292465604,-7805.407977748869,6734.71471485075,12172.69297512686,-187500.02235174447,-187500.02235174447,-187500.02235174447,-187500.02235174447
$SILENCE,2194.2931049219496,-7748.72395381021,7247.083752999753,12126.290753637642,-187500.02235174447,-187500.02235174447,-187500.02235174447,-187500.02235174447
$SILENCE,2068.162210960652,-7745.3711921419135,7080.920884719001,12174.615225150017,-187500.02235174447,-187500.02235174447,-187500.02235174447,-187500.02235174447
$SILENCE,1833.7371151133914,-7800.177669546327,6535.158340353768,12226.381865308507,-187500.02235174447,-187500.02235174447,-187500.02235174447,-187500.02235174447
$SILENCE,1936.6221948411699,-7820.9200884008515,6627.716914143195,12184.897027599458,-187500.02235174447,-187500.02235174447,-187500.02235174447,-187500.02235174447
$SILENCE,2183.5642675834024,-7761.956186527752,7192.031406406332,12125.01670420369,-187500.02235174447,-187500.02235174447,-187500.02235174447,-187500.02235174447
$SILENCE,2107.4565777130815,-7742.890148507375,7139.348344725174,12153.179902217378,-187500.02235174447,-187500.02235174447,-187500.02235174447,-187500.02235174447
$SILENCE,1861.6320921936147,-7789.851163607975,6605.074597009969,12214.960123891846,-187500.02235174447,-187500.02235174447,-187500.02235174447,-187500.02235174447
$SILENCE,1893.1927553645082,-7828.40792279338,6540.858035189872,12199.425661495408,-187500.02235174447,-187500.02235174447,-187500.02235174447,-187500.02235174447
$SILENCE,2156.0045666700084,-7774.495515167179,7122.182204983498,12133.555070585619,-187500.02235174447,-187500.02235174447,-187500.02235174447,-187500.02235174447
$SILENCE,2134.99392688202,-7735.849349003953,7210.963333959978,12142.16049220091,-187500.02235174447,-187500.02235174447,-187500.02235174447,-187500.02235174447
$SILENCE,1896.4337583105278,-7775.367233200936,6714.3299239075095,12201.571428963118,-187500.02235174447,-187500.02235174447,-187500.02235174447,-187500.02235174447
$SILENCE,1857.4746677249275,-7827.379742548435,6493.42763345571,12200.789117907181,-187500.02235174447,-187500.02235174447,-187500.02235174447,-187500.02235174447
$SILENCE,2124.153330821196,-7781.670425137333,7034.853939396613,12134.180919430366,-187500.02235174447,-187500.02235174447,-187500.02235174447,-187500.02235174447
$SILENCE,2154.797572469422,-7733.792988514065,7244.043915753832,12138.315992154598,-187500.02235174447,-187500.02235174447,-187500.02235174447,-187500.02235174447
$SILENCE,1922.942927234522,-7766.471238907724,6792.739843456727,12195.894085871469,-187500.02235174447,-187500.02235174447,-187500.02235174447,-187500.02235174447
$SILENCE,1826.5622051432379,-7824.742236702709,6450.780505034984,12212.210859323843,-187500.02235174447,-187500.02235174447,-187500.02235174447,-187500.02235174447
$SILENCE,2088.345836203794,-7794.299160754581,6937.2662231047425,12146.675544580883,-187500.02235174447,-187500.02235174447,-187500.02235174447,-187500.02235174447
$SILENCE,2189.4427763751482,-7741.191415928772,7263.936968319055,12129.598811817028,-187500.02235174447,-187500.02235174447,-187500.02235174447,-187500.02235174447
$SILENCE,1988.8135181443117,-7759.430439404302,6898.4635947303295,12182.55009443165,-187500.02235174447,-187500.02235174447,-187500.02235174447,-187500.02235174447
$SILENCE,1811.497129380361,-7817.679085454833,6463.431592396688,12215.921248903423,-187500.02235174447,-187500.02235174447,-187500.02235174447,-187500.02235174447
$SILENCE,2019.6589254926355,-7808.894849883896,6824.166396160888,12153.246957450743,-187500.02235174447,-187500.02235174447,-187500.02235174447,-187500.02235174447
$SILENCE,2171.5390290664473,-7744.566529341523,7257.4102589381055,12123.742654769738,-187500.02235174447,-187500.02235174447,-187500.02235174447,-187500.02235174447
$SILENCE,1994.9602478695213,-7746.488779364679,6990.083395252633,12168.021460535701,-187500.02235174447,-187500.02235174447,-187500.02235174447,-187500.02235174447
$SILENCE,1806.1774141999979,-7806.167937060349,6489.896057831772,12207.472289499317,-187500.02235174447,-187500.02235174447,-187500.02235174447,-187500.02235174447
$SILENCE,1979.2022680285297,-7816.360332531969,6715.246345430178,12151.92820452788,-187500.02235174447,-187500.02235174447,-187500.02235174447,-187500.02235174447
$SILENCE,2199.2328404465725,-7757.530541125601,7236.28786042784,12101.547372525618,-187500.02235174447,-187500.02235174447,-187500.02235174447,-187500.02235174447
$SILENCE,2074.1971819635846,-7746.377020642402,7092.163812180021,12137.623088076483,-187500.02235174447,-187500.02235174447,-187500.02235174447,-187500.02235174447
$SILENCE,1840.8673215946344,-7805.609143448966,6547.295337593,12184.002957821245,-187500.02235174447,-187500.02235174447,-187500.02235174447,-187500.02235174447
$SILENCE,1946.032279256854,-7834.755818218687,6598.816108562482,12154.07397199559,-187500.02235174447,-187500.02235174447,-187500.02235174447,-187500.02235174447
$SILENCE,2199.2551921910276,-7774.406108189358,7172.652443963581,12091.042052631623,-187500.02235174447,-187500.02235174447,-187500.02235174447,-187500.02235174447
$SILENCE,2132.602290225302,-7748.701602065755,7161.65538569157,12108.230544117754,-187500.02235174447,-187500.02235174447,-187500.02235174447,-187500.02235174447
$SILENCE,1888.2530198398854,-7798.411881734358,6643.810170151016,12171.910664070925,-187500.02235174447,-187500.02235174447,-187500.02235174447,-187500.02235174447
$SILENCE,1900.4347205680276,-7837.818007209064,6544.613128258363,12160.153646487433,-187500.02235174447,-187500.02235174447,-187500.02235174447,-187500.02235174447
$SILENCE,2162.5312760509582,-7782.050404793073,7107.742978065369,12097.38994805693,-187500.02235174447,-187500.02235174447,-187500.02235174447,-187500.02235174447
$SILENCE,2152.517694534981,-7742.756038040643,7216.573621818259,12113.036169175646,-187500.02235174447,-187500.02235174447,-187500.02235174447,-187500.02235174447
$SILENCE,1909.4871770724271,-7781.960997815251,6729.774979326127,12170.726021614793,-187500.02235174447,-187500.02235174447,-187500.02235174447,-187500.02235174447
$SILENCE,1852.847856622679,-7830.732504216731,6490.812479354439,12174.123486772,-187500.02235174447,-187500.02235174447,-187500.02235174447,-187500.02235174447
$SILENCE,2119.571223207858,-7791.415785719846,7022.538128201739,12107.135308639445,-187500.02235174447,-187500.02235174447,-187500.02235174447,-187500.02235174447
$SILENCE,2164.7440987520336,-7743.225424674204,7261.835904340256,12110.756291241205,-187500.02235174447,-187500.02235174447,-187500.02235174447,-187500.02235174447
$SILENCE,1932.5318256058486,-7771.008643032151,6830.648402052928,12169.586082647573,-187500.02235174447,-187500.02235174447,-187500.02235174447,-187500.02235174447
$SILENCE,1806.4456351334616,-7826.798597192597,6447.427743366688,12185.165248532921,-187500.02235174447,-187500.02235174447,-187500.02235174447,-187500.02235174447
$SILENCE,2054.773516031923,-7804.40214924838,6898.374187752508,12116.612448288495,-187500.02235174447,-187500.02235174447,-187500.02235174447,-187500.02235174447
$SILENCE,2181.9772937270754,-7746.7793520425985,7262.7523258629235,12092.003177643202,-187500.02235174447,-187500.02235174447,-187500.02235174447,-187500.02235174447
$SILENCE,1991.4733757344934,-7758.983404515196,6932.594708513583,12142.674582323383,-187500.02235174447,-187500.02235174447,-187500.02235174447,-187500.02235174447
$SILENCE,1816.2804026937965,-7819.8025011780865,6475.099203002358,12182.55009443165,-187500.02235174447,-187500.02235174447,-187500.02235174447,-187500.02235174447
$SILENCE,2023.391666816672,-7814.303972042081,6799.646532493417,12125.575497815073,-187500.02235174447,-187500.02235174447,-187500.02235174447,-187500.02235174447
$SILENCE,2192.6614275767124,-7750.601500344455,7258.304328716318,12093.657206732894,-187500.02235174447,-187500.02235174447,-187500.02235174447,-187500.02235174447
$SILENCE,2025.157454628641,-7751.786142800587,7026.717904414882,12137.533681098663,-187500.02235174447,-187500.02235174447,-187500.02235174447,-187500.02235174447
$SILENCE,1809.5972311016599,-7810.235954551215,6505.497575461576,12184.092364799068,-187500.02235174447,-187500.02235174447,-187500.02235174447,-187500.02235174447
$SILENCE,1959.6444916301361,-7823.669352968855,6686.434946827287,12137.936012498858,-187500.02235174447,-187500.02235174447,-187500.02235174447,-187500.02235174447
$SILENCE,2186.402939129226,-7761.44209640528,7229.962316746988,12092.070232876567,-187500.02235174447,-187500.02235174447,-187500.02235174447,-187500.02235174447
$SILENCE,2080.813298322356,-7749.461561377235,7116.728379336403,12128.034189705157,-187500.02235174447,-187500.02235174447,-187500.02235174447,-187500.02235174447
$SILENCE,1837.1122285261429,-7799.8423933794975,6577.000805974103,12180.69489964186,-187500.02235174447,-187500.02235174447,-187500.02235174447,-187500.02235174447
$SILENCE,1912.2364416404298,-7828.184405348827,6601.16304173029,12157.963175530813,-187500.02235174447,-187500.02235174447,-187500.02235174447,-187500.02235174447
$SILENCE,2172.5895610558464,-7767.946454041774,7174.41823177555,12094.439517788831,-187500.02235174447,-187500.02235174447,-187500.02235174447,-187500.02235174447
$SILENCE,2112.8880516157215,-7743.605404329945,7173.457106763972,12100.87682019196,-187500.02235174447,-187500.02235174447,-187500.02235174447,-187500.02235174447
$SILENCE,1864.6719294395364,-7790.231143263715,6649.778085920583,12162.232358721776,-187500.02235174447,-187500.02235174447,-187500.02235174447,-187500.02235174447
$SILENCE,1865.3424817731957,-7832.587699006522,6520.763816924551,12161.427695921386,-187500.02235174447,-187500.02235174447,-187500.02235174447,-187500.02235174447
$SILENCE,2127.640202956224,-7780.575189659023,7086.821745255202,12095.221828844766,-187500.02235174447,-187500.02235174447,-187500.02235174447,-187500.02235174447
$SILENCE,2131.931737891643,-7739.3809246278915,7224.374380633161,12107.202363872811,-187500.02235174447,-187500.02235174447,-187500.02235174447,-187500.02235174447
$SILENCE,1892.3880925641172,-7775.523695412123,6745.443552189297,12173.989376305268,-187500.02235174447,-187500.02235174447,-187500.02235174447,-187500.02235174447
$SILENCE,1822.9635742859334,-7828.78790244912,6470.785316322484,12178.415021707418,-187500.02235174447,-187500.02235174447,-187500.02235174447,-187500.02235174447
$SILENCE,2088.41289143716,-7792.220448520237,6992.877363309546,12107.470584806275,-187500.02235174447,-187500.02235174447,-187500.02235174447,-187500.02235174447
$SILENCE,2153.18824686864,-7738.263337405127,7258.885474072155,12107.627047017462,-187500.02235174447,-187500.02235174447,-187500.02235174447,-187500.02235174447
$SILENCE,1934.8564070292007,-7765.264244707138,6852.217835452299,12166.568597146106,-187500.02235174447,-187500.02235174447,-187500.02235174447,-187500.02235174447
$SILENCE,1795.4709286059058,-7824.138739602416,6458.84948478335,12192.898952114458,-187500.02235174447,-187500.02235174447,-187500.02235174447,-187500.02235174447
$SILENCE,2044.0893821822863,-7804.558611459567,6884.136126534478,12126.558974571106,-187500.02235174447,-187500.02235174447,-187500.02235174447,-187500.02235174447
$SILENCE,2177.6187035582907,-7745.929985753297,7264.6298723971695,12106.77768072816,-187500.02235174447,-187500.02235174447,-187500.02235174447,-187500.02235174447
$SILENCE,1981.4374424740604,-7754.960090513241,6943.0776766631225,12159.93012904288,-187500.02235174447,-187500.02235174447,-187500.02235174447,-187500.02235174447
$SILENCE,1794.4874518498723,-7813.253440052681,6466.873761042805,12199.448013239862,-187500.02235174447,-187500.02235174447,-187500.02235174447,-187500.02235174447
$SILENCE,1993.4626809910158,-7813.767530175153,6765.738936154716,12142.987506745758,-187500.02235174447,-187500.02235174447,-187500.02235174447,-187500.02235174447
$SILENCE,2172.4554505891147,-7748.38867764338,7245.34031693224,12102.01675915918,-187500.02235174447,-187500.02235174447,-187500.02235174447,-187500.02235174447
$SILENCE,2029.9407279420768,-7743.605404329945,7037.513796986795,12146.809655047615,-187500.02235174447,-187500.02235174447,-187500.02235174447,-187500.02235174447
$SILENCE,1809.9548590129448,-7800.35648350197,6507.799805140473,12195.916437615924,-187500.02235174447,-187500.02235174447,-187500.02235174447,-187500.02235174447
$SILENCE,1936.2869186743403,-7816.74031218771,6656.707126701728,12157.40438191943,-187500.02235174447,-187500.02235174447,-187500.02235174447,-187500.02235174447
$SILENCE,2170.4884970770477,-7753.0601922345395,7203.207278633986,12110.890401707937,-187500.02235174447,-187500.02235174447,-187500.02235174447,-187500.02235174447
$SILENCE,2076.0747284978306,-7738.039819960573,7111.766292067325,12141.422884633886,-187500.02235174447,-187500.02235174447,-187500.02235174447,-187500.02235174447
$SILENCE,1837.4475046929724,-7790.052329308073,6581.761727543084,12206.93584763239,-187500.02235174447,-187500.02235174447,-187500.02235174447,-187500.02235174447
$SILENCE,1895.7855577213238,-7821.635344223421,6573.223361161156,12181.566617675617,-187500.02235174447,-187500.02235174447,-187500.02235174447,-187500.02235174447
$SILENCE,2153.434116057648,-7763.610215617445,7138.990716813889,12123.07210243608,-187500.02235174447,-187500.02235174447,-187500.02235174447,-187500.02235174447
$SILENCE,2108.2388887690176,-7733.301250136048,7166.438659005005,12141.154663700423,-187500.02235174447,-187500.02235174447,-187500.02235174447,-187500.02235174447
$SILENCE,1875.9372086450112,-7776.73068961271,6652.013260366114,12202.666664441427,-187500.02235174447,-187500.02235174447,-187500.02235174447,-187500.02235174447
$SILENCE,1864.4707637394386,-7821.791806434609,6493.0923572888805,12200.722062673816,-187500.02235174447,-187500.02235174447,-187500.02235174447,-187500.02235174447
$SILENCE,2135.597423982313,-7771.656843621355,7060.938425175957,12139.657096821917,-187500.02235174447,-187500.02235174447,-187500.02235174447,-187500.02235174447
$SILENCE,2145.678060731657,-7727.176872155294,7220.932211987044,12144.239204435255,-187500.02235174447,-187500.02235174447,-187500.02235174447,-187500.02235174447
$SILENCE,1905.486214814927,-7759.899826037864,6750.2491772471885,12199.090385328578,-187500.02235174447,-187500.02235174447,-187500.02235174447,-187500.02235174447
$SILENCE,1826.0928185096764,-7813.834585408519,6443.069153197904,12210.713292445338,-187500.02235174447,-187500.02235174447,-187500.02235174447,-187500.02235174447
$SILENCE,2093.8220135953443,-7781.737480370699,6944.284670863709,12149.827140549081,-187500.02235174447,-187500.02235174447,-187500.02235174447,-187500.02235174447
$SILENCE,2175.227066901573,-7727.9368314667745,7236.444322639028,12142.16049220091,-187500.02235174447,-187500.02235174447,-187500.02235174447,-187500.02235174447
$SILENCE,1965.254779488418,-7749.930948010797,6851.949614518835,12204.65596969795,-187500.02235174447,-187500.02235174447,-187500.02235174447,-187500.02235174447
$SILENCE,1818.783798072791,-7810.1688993178495,6439.425818851688,12240.351705593075,-187500.02235174447,-187500.02235174447,-187500.02235174447,-187500.02235174447
$SILENCE,2061.344928901783,-7791.34873048648,6845.557015604618,12178.571483918606,-187500.02235174447,-187500.02235174447,-187500.02235174447,-187500.02235174447
$SILENCE,2209.6487533627455,-7727.758017511132,7251.218825723985,12155.348021429541,-187500.02235174447,-187500.02235174447,-187500.02235174447,-187500.02235174447
$SILENCE,2032.868806465722,-7737.704543793744,6954.141790168499,12201.437318496386,-187500.02235174447,-187500.02235174447,-187500.02235174447,-187500.02235174447
$SILENCE,1828.2385859773858,-7796.221410777737,6460.458810384132,12238.56356603665,-187500.02235174447,-187500.02235174447,-187500.02235174447,-187500.02235174447
$SILENCE,2004.8620706632223,-7798.993027090196,6729.126778736923,12187.825106123104,-187500.02235174447,-187500.02235174447,-187500.02235174447,-187500.02235174447
$SILENCE,2208.9782010290864,-7737.10104669345,7222.273316654363,12152.285832439165,-187500.02235174447,-187500.02235174447,-187500.02235174447,-187500.02235174447
$SILENCE,2086.5353449029144,-7733.614174558423,7039.994840621333,12198.129260317,-187500.02235174447,-187500.02235174447,-187500.02235174447,-187500.02235174447
$SILENCE,1860.6486154375812,-7787.437175206802,6509.319723763433,12250.61115629806,-187500.02235174447,-187500.02235174447,-187500.02235174447,-187500.02235174447
$SILENCE,1975.648340660136,-7804.156280059372,6626.196995520234,12215.876545414514,-187500.02235174447,-187500.02235174447,-187500.02235174447,-187500.02235174447
$SILENCE,2218.6565063782346,-7738.352744382948,7184.99060690291,12168.714364613816,-187500.02235174447,-187500.02235174447,-187500.02235174447,-187500.02235174447
$SILENCE,2138.0114123834865,-7718.705561006733,7119.567050882227,12198.822164395115,-187500.02235174447,-187500.02235174447,-187500.02235174447,-187500.02235174447
$SILENCE,1894.8020809652903,-7770.852180820964,6585.673282822762,12255.685002289416,-187500.02235174447,-187500.02235174447,-187500.02235174447,-187500.02235174447
$SILENCE,1932.777694794857,-7807.68785568331,6536.857072932372,12236.015467168745,-187500.02235174447,-187500.02235174447,-187500.02235174447,-187500.02235174447
$SILENCE,2198.9199160241983,-7753.015488745629,7112.146271723065,12179.644367652461,-187500.02235174447,-187500.02235174447,-187500.02235174447,-187500.02235174447
$SILENCE,2167.180438897662,-7718.303229606538,7179.2238568334415,12198.039853339178,-187500.02235174447,-187500.02235174447,-187500.02235174447,-187500.02235174447
$SILENCE,1926.4968546029156,-7758.782238815098,6677.5836560229845,12255.640298800505,-187500.02235174447,-187500.02235174447,-187500.02235174447,-187500.02235174447
$SILENCE,1896.1208338881534,-7805.0056463486735,6477.356729192345,12250.119417920045,-187500.02235174447,-187500.02235174447,-187500.02235174447,-187500.02235174447
$SILENCE,2170.9355319661536,-7761.017413260629,7029.713038171893,12190.529667202196,-187500.02235174447,-187500.02235174447,-187500.02235174447,-187500.02235174447
$SILENCE,2204.239631204561,-7717.207994128227,7223.6591248105915,12196.408175993942,-187500.02235174447,-187500.02235174447,-187500.02235174447,-187500.02235174447
$SILENCE,1971.7367853804571,-7746.86875902042,6776.512476982174,12251.862853987557,-187500.02235174447,-187500.02235174447,-187500.02235174447,-187500.02235174447
$SILENCE,1867.8682288966454,-7800.35648350197,6448.0088887225265,12262.301118648187,-187500.02235174447,-187500.02235174447,-187500.02235174447,-187500.02235174447
$SILENCE,2122.3651912647715,-7769.8463523204755,6930.538348023695,12195.245885282266,-187500.02235174447,-187500.02235174447,-187500.02235174447,-187500.02235174447
$SILENCE,2220.9363843126757,-7716.537441794568,7250.280052456863,12180.359623475031,-187500.02235174447,-187500.02235174447,-187500.02235174447,-187500.02235174447
$SILENCE,2020.8882714376775,-7736.788122271076,6882.83972535607,12235.99311542429,-187500.02235174447,-187500.02235174447,-187500.02235174447,-187500.02235174447
$SILENCE,1861.7438509158912,-7796.154355544371,6449.1264759452915,12269.788953040714,-187500.02235174447,-187500.02235174447,-187500.02235174447,-187500.02235174447
$SILENCE,2080.768594833445,-7783.033881549107,6823.093512427034,12207.047606354667,-187500.02235174447,-187500.02235174447,-187500.02235174447,-187500.02235174447
$SILENCE,2236.4261432202034,-7722.952392453241,7250.7717908348795,12175.68810888387,-187500.02235174447,-187500.02235174447,-187500.02235174447,-187500.02235174447
$SILENCE,2062.618978335736,-7729.836729745475,6976.627645090538,12221.732702461804,-187500.02235174447,-187500.02235174447,-187500.02235174447,-187500.02235174447
$SILENCE,1857.0499845802767,-7791.415785719846,6474.875685557805,12266.816171028158,-187500.02235174447,-187500.02235174447,-187500.02235174447,-187500.02235174447
$SILENCE,2031.326536098306,-7796.646093922388,6713.435854129298,12222.89499317348,-187500.02235174447,-187500.02235174447,-187500.02235174447,-187500.02235174447
$SILENCE,2241.2541200225496,-7734.061209447528,7227.101293456709,12178.616187407517,-187500.02235174447,-187500.02235174447,-187500.02235174447,-187500.02235174447
$SILENCE,2114.5420807054143,-7728.00388670014,7068.135686890565,12216.457690770352,-187500.02235174447,-187500.02235174447,-187500.02235174447,-187500.02235174447
$SILENCE,1878.105327857176,-7780.843410592486,6534.53249150902,12268.269034417754,-187500.02235174447,-187500.02235174447,-187500.02235174447,-187500.02235174447
$SILENCE,1977.1906110275522,-7803.0163410921505,6615.579916903963,12238.429455569918,-187500.02235174447,-187500.02235174447,-187500.02235174447,-187500.02235174447
$SILENCE,2224.3338494698824,-7740.9678984842185,7182.464859779461,12188.160382289932,-187500.02235174447,-187500.02235174447,-187500.02235174447,-187500.02235174447
$SILENCE,2146.3933165542267,-7717.05153191704,7147.059696562254,12203.94071387538,-187500.02235174447,-187500.02235174447,-187500.02235174447,-187500.02235174447
$SILENCE,1900.1888513790193,-7765.711279596243,6616.07165528198,12251.013487698256,-187500.02235174447,-187500.02235174447,-187500.02235174447,-187500.02235174447
$SILENCE,1923.2782034013514,-7805.5420882156,6536.544148509997,12240.888147460002,-187500.02235174447,-187500.02235174447,-187500.02235174447,-187500.02235174447
$SILENCE,2192.281447920972,-7755.429477146802,7106.826556542702,12186.528704944696,-187500.02235174447,-187500.02235174447,-187500.02235174447,-187500.02235174447
$SILENCE,2177.3728343692824,-7721.633639530378,7200.7038832549915,12193.971835848313,-187500.02235174447,-187500.02235174447,-187500.02235174447,-187500.02235174447
$SILENCE,1939.3491076647174,-7754.356593412947,6713.413502384842,12250.499397575784,-187500.02235174447,-187500.02235174447,-187500.02235174447,-187500.02235174447
$SILENCE,1892.8351274532233,-7802.144623058394,6476.596769880864,12246.006696940267,-187500.02235174447,-187500.02235174447,-187500.02235174447,-187500.02235174447
$SILENCE,2168.85681973181,-7767.052384263562,7015.966715331879,12176.93980657337,-187500.02235174447,-187500.02235174447,-187500.02235174447,-187500.02235174447
$SILENCE,2218.321230211405,-7722.7735784975985,7242.121665730676,12178.146800773955,-187500.02235174447,-187500.02235174447,-187500.02235174447,-187500.02235174447
$SILENCE,1990.7134164230129,-7752.456695134247,6812.454082066308,12236.171929379932,-187500.02235174447,-187500.02235174447,-187500.02235174447,-187500.02235174447
$SILENCE,1872.4950399988938,-7807.151413816383,6456.100220215348,12251.795798754192,-187500.02235174447,-187500.02235174447,-187500.02235174447,-187500.02235174447
$SILENCE,2123.3710197652604,-7774.92019831183,6919.138958351488,12184.874675855002,-187500.02235174447,-187500.02235174447,-187500.02235174447,-187500.02235174447
$SILENCE,2233.855692607843,-7725.187566898771,7264.004023552421,12164.35577444503,-187500.02235174447,-187500.02235174447,-187500.02235174447,-187500.02235174447
$SILENCE,2031.9747366875097,-7740.565567084023,6918.602516484561,12218.916382660436,-187500.02235174447,-187500.02235174447,-187500.02235174447,-187500.02235174447
$SILENCE,1866.5047724848716,-7799.30595151257,6468.550141876954,12259.75301978028,-187500.02235174447,-187500.02235174447,-187500.02235174447,-187500.02235174447
$SILENCE,2075.8512110532774,-7793.762718887654,6807.179070374856,12207.137013332489,-187500.02235174447,-187500.02235174447,-187500.02235174447,-187500.02235174447
$SILENCE,2234.9732798306086,-7731.021372201607,7253.4763519139715,12158.857245309026,-187500.02235174447,-187500.02235174447,-187500.02235174447,-187500.02235174447
$SILENCE,2070.509144128459,-7746.86875902042,7002.309799469686,12184.40528922144,-187500.02235174447,-187500.02235174447,-187500.02235174447,-187500.02235174447
$SILENCE,1862.1908858049974,-7793.248628765182,6495.886325345794,12238.89884220348,-187500.02235174447,-187500.02235174447,-187500.02235174447,-187500.02235174447
$SILENCE,2025.1127511397306,-7786.9901403176955,6712.541784351085,12211.22738256781,-187500.02235174447,-187500.02235174447,-187500.02235174447,-187500.02235174447
$SILENCE,2250.6642044382343,-7736.028162959596,7245.72029658798,12167.060335524124,-187500.02235174447,-187500.02235174447,-187500.02235174447,-187500.02235174447
$SILENCE,2132.9152146476763,-7726.931002966286,7109.531117621794,12195.983492849291,-187500.02235174447,-187500.02235174447,-187500.02235174447,-187500.02235174447
$SILENCE,1892.0528163972876,-7782.653901893366,6567.523666325053,12247.459560329862,-187500.02235174447,-187500.02235174447,-187500.02235174447,-187500.02235174447
$SILENCE,1976.1177272936975,-7809.833623151019,6605.096948754424,12211.540306990184,-187500.02235174447,-187500.02235174447,-187500.02235174447,-187500.02235174447
$SILENCE,2231.44170420667,-7750.757962555643,7168.942054384,12155.236262707265,-187500.02235174447,-187500.02235174447,-187500.02235174447,-187500.02235174447
não,2173.4389273451484,-7727.355686110936,7166.3716037716395,12184.606454921539,-187500.02235174447,-187500.02235174447,-187500.02235174447,-187500.02235174447
não,1928.2402906704297,-7770.852180820964,6649.040478353558,12248.599499297083,-187500.02235174447,-187500.02235174447,-187500.02235174447,-187500.02235174447
não,1936.0186977408766,-7808.581925461523,6538.734619466618,12248.532444063718,-187500.02235174447,-187500.02235174447,-187500.02235174447,-187500.02235174447
não,2198.4281776461817,-7759.095163237473,7114.940239779979,12180.2255130083,-187500.02235174447,-187500.02235174447,-187500.02235174447,-187500.02235174447
não,2200.439834647159,-7719.979610440685,7232.599822592714,12167.797943091147,-187500.02235174447,-187500.02235174447,-187500.02235174447,-187500.02235174447
não,1960.225636985974,-7757.217616703227,6737.240461974199,12210.93680988989,-187500.02235174447,-187500.02235174447,-187500.02235174447,-187500.02235174447
não,1899.9653339344663,-7816.561498232067,6472.796973323461,12217.709388459849,-187500.02235174447,-187500.02235174447,-187500.02235174447,-187500.02235174447
não,2173.0365959449528,-7772.416802932836,7001.751005858303,12161.651213365938,-187500.02235174447,-187500.02235174447,-187500.02235174447,-187500.02235174447
não,2237.3872682317815,-7719.532575551579,7262.975843307477,12169.295509969654,-187500.02235174447,-187500.02235174447,-187500.02235174447,-187500.02235174447
não,2012.5063672669373,-7749.685078821788,6848.194521450344,12224.169042607433,-187500.02235174447,-187500.02235174447,-187500.02235174447,-187500.02235174447
não,1875.9372086450112,-7808.581925461523,6457.888359771772,12239.189414881399,-187500.02235174447,-187500.02235174447,-187500.02235174447,-187500.02235174447
não,2122.0299150979417,-7786.654864150866,6907.001961112257,12178.303262985142,-187500.02235174447,-187500.02235174447,-187500.02235174447,-187500.02235174447
não,2241.343527000371,-7725.5898982989675,7278.286788259362,12160.578329632084,-187500.02235174447,-187500.02235174447,-187500.02235174447,-187500.02235174447
não,2043.2400158929845,-7739.269165905615,6945.022278430734,12202.51020223024,-187500.02235174447,-187500.02235174447,-187500.02235174447,-187500.02235174447
não,1867.4435457519944,-7798.21071603426,6472.796973323461,12236.551909035672,-187500.02235174447,-187500.02235174447,-187500.02235174447,-187500.02235174447
não,2076.0747284978306,-7797.271942767137,6793.946837657313,12191.267274769221,-187500.02235174447,-187500.02235174447,-187500.02235174447,-187500.02235174447
não,2253.9052073842536,-7735.357610625936,7267.289729987351,12158.320803442099,-187500.02235174447,-187500.02235174447,-187500.02235174447,-187500.02235174447
não,2101.421606710149,-7733.211843158227,7043.437009267451,12194.552981204151,-187500.02235174447,-187500.02235174447,-187500.02235174447,-187500.02235174447
não,1891.292857085807,-7792.9133525983525,6531.537357752009,12241.55869979366,-187500.02235174447,-187500.02235174447,-187500.02235174447,-187500.02235174447
não,2027.8173122188227,-7805.765605660154,6692.648731785862,12199.738585917781,-187500.02235174447,-187500.02235174447,-187500.02235174447,-187500.02235174447
não,2251.379460260804,-7744.834750274987,7229.649392324614,12147.92724227038,-187500.02235174447,-187500.02235174447,-187500.02235174447,-187500.02235174447
não,2152.0036044125086,-7729.8143780010205,7132.464007432939,12182.259521753731,-187500.02235174447,-187500.02235174447,-187500.02235174447,-187500.02235174447
não,1911.9011654736003,-7778.8317535915085,6588.310788668488,12241.625755027027,-187500.02235174447,-187500.02235174447,-187500.02235174447,-187500.02235174447
não,1971.2226952579852,-7812.649942952388,6589.137803213335,12216.412987281441,-187500.02235174447,-187500.02235174447,-187500.02235174447,-187500.02235174447
não,2228.737143127578,-7756.189436458282,7168.673833450536,12150.430637649375,-187500.02235174447,-187500.02235174447,-187500.02235174447,-187500.02235174447
não,2187.1405466962515,-7729.0544186895395,7196.971141930955,12167.97675704679,-187500.02235174447,-187500.02235174447,-187500.02235174447,-187500.02235174447
não,1935.5269593628598,-7770.852180820964,6665.781934950583,12228.862908943047,-187500.02235174447,-187500.02235174447,-187500.02235174447,-187500.02235174447
não,1925.2228051689633,-7806.994951605196,6519.310953534956,12226.985362408801,-187500.02235174447,-187500.02235174447,-187500.02235174447,-187500.02235174447
não,2201.892698036754,-7764.817209818031,7092.342626135663,12164.936919800868,-187500.02235174447,-187500.02235174447,-187500.02235174447,-187500.02235174447
não,2215.706076110134,-7722.237136630672,7242.635755853147,12166.680355868382,-187500.02235174447,-187500.02235174447,-187500.02235174447,-187500.02235174447
não,1980.9680558404991,-7755.585939357989,6768.24233153371,12222.537365262195,-187500.02235174447,-187500.02235174447,-187500.02235174447,-187500.02235174447
não,1903.9662961919662,-7802.144623058394,6490.52190667652,12239.502339303774,-187500.02235174447,-187500.02235174447,-187500.02235174447,-187500.02235174447
não,2167.0463284309303,-7782.452736193269,6995.961904044379,12164.579291889584,-187500.02235174447,-187500.02235174447,-187500.02235174447,-187500.02235174447
não,2245.188027046684,-7735.335258881481,7263.355822963217,12153.336364428564,-187500.02235174447,-187500.02235174447,-187500.02235174447,-187500.02235174447
não,2026.386800573683,-7757.530541125601,6859.817428567104,12209.819222667125,-187500.02235174447,-187500.02235174447,-187500.02235174447,-187500.02235174447
não,1890.8234704522456,-7815.533317987123,6480.150697249258,12244.464426572851,-187500.02235174447,-187500.02235174447,-187500.02235174447,-187500.02235174447
não,2128.9142523901764,-7799.395358490391,6896.094309818067,12171.1730565039,-187500.02235174447,-187500.02235174447,-187500.02235174447,-187500.02235174447
não,2263.8740854113207,-7734.709410036732,7269.994291066443,12151.727038827783,-187500.02235174447,-187500.02235174447,-187500.02235174447,-187500.02235174447
não,2076.1417837311965,-7748.053401476551,6958.612139059561,12193.390690492475,-187500.02235174447,-187500.02235174447,-187500.02235174447,-187500.02235174447
não,1890.2646768408629,-7807.844317894497,6481.76002285004,12231.768635722237,-187500.02235174447,-187500.02235174447,-187500.02235174447,-187500.02235174447
não,2082.735548345512,-7805.1844603043155,6775.0819653370345,12187.489829956274,-187500.02235174447,-187500.02235174447,-187500.02235174447,-187500.02235174447
não,2286.114071144351,-7730.239061145671,7279.069099315298,12154.968041773802,-187500.02235174447,-187500.02235174447,-187500.02235174447,-187500.02235174447
não,2144.1134386197855,-7730.417875101313,7076.025852683289,12191.759013147237,-187500.02235174447,-187500.02235174447,-187500.02235174447,-187500.02235174447
não,1912.7728835073572,-7804.960942859762,6545.753067225584,12231.500414788774,-187500.02235174447,-187500.02235174447,-187500.02235174447,-187500.02235174447
não,2025.8503587067555,-7823.155262846382,6676.980158922692,12192.116641058523,-187500.02235174447,-187500.02235174447,-187500.02235174447,-187500.02235174447
não,2267.7185854576333,-7753.976613757207,7207.85644148069,12143.658059079416,-187500.02235174447,-187500.02235174447,-187500.02235174447,-187500.02235174447
não,2181.731424538067,-7730.686096034778,7146.813827373247,12173.967024560812,-187500.02235174447,-187500.02235174447,-187500.02235174447,-187500.02235174447
não,1953.3189479492842,-7759.832770804498,6653.019088866603,12244.240909128299,-187500.02235174447,-187500.02235174447,-187500.02235174447,-187500.02235174447
não,1984.8572593757224,-7812.426425507835,6578.297207152511,12205.237115053787,-187500.02235174447,-187500.02235174447,-187500.02235174447,-187500.02235174447
não,2223.9315180696867,-7787.839506606997,7120.55052763826,12116.97007619978,-187500.02235174447,-187500.02235174447,-187500.02235174447,-187500.02235174447
não,2209.0452562624523,-7745.684116564288,7200.860345466179,12159.505445898229,-187500.02235174447,-187500.02235174447,-187500.02235174447,-187500.02235174447
não,1968.808706856812,-7781.268093737137,6702.304685390554,12226.56067926415,-187500.02235174447,-187500.02235174447,-187500.02235174447,-187500.02235174447
não,1957.9904625404433,-7816.002704620684,6536.72296246564,12233.579127023117,-187500.02235174447,-187500.02235174447,-187500.02235174447,-187500.02235174447
não,2213.5156051535137,-7774.629625633911,7062.7042129879255,12149.35775391552,-187500.02235174447,-187500.02235174447,-187500.02235174447,-187500.02235174447
não,2232.671050151712,-7738.196282171761,7236.8019505503125,12147.1672829589,-187500.02235174447,-187500.02235174447,-187500.02235174447,-187500.02235174447
não,2005.420864274605,-7778.094146024484,6782.279227051643,12207.114661588033,-187500.02235174447,-187500.02235174447,-187500.02235174447,-187500.02235174447
não,1911.2753166288517,-7835.9404606748185,6459.452981883644,12222.47031002883,-187500.02235174447,-187500.02235174447,-187500.02235174447,-187500.02235174447
não,2178.311607636405,-7798.411881734358,6962.478990850329,12159.661908109416,-187500.02235174447,-187500.02235174447,-187500.02235174447,-187500.02235174447
não,2271.8536581818653,-7741.884320006886,7279.069099315298,12148.396628903942,-187500.02235174447,-187500.02235174447,-187500.02235174447,-187500.02235174447
não,2057.4333736221047,-7770.449849420768,6888.405309725441,12188.383899734486,-187500.02235174447,-187500.02235174447,-187500.02235174447,-187500.02235174447
não,1905.8214909817566,-7818.014361621662,6460.011775495026,12221.196260594877,-187500.02235174447,-187500.02235174447,-187500.02235174447,-187500.02235174447
não,2142.727630463556,-7791.34873048648,6856.64348085445,12168.870826825003,-187500.02235174447,-187500.02235174447,-187500.02235174447,-187500.02235174447
não,2272.1889343486946,-7760.436267904791,7261.545331662337,12127.967134471792,-187500.02235174447,-187500.02235174447,-187500.02235174447,-187500.02235174447
não,2092.4138536946602,-7775.881323323408,6982.1708777154545,12176.962158317823,-187500.02235174447,-187500.02235174447,-187500.02235174447,-187500.02235174447
não,1901.6864182575248,-7825.1445681029045,6495.1487177787685,12226.918307175436,-187500.02235174447,-187500.02235174447,-187500.02235174447,-187500.02235174447
não,2080.0309872664197,-7827.267983826159,6744.884758577915,12175.531646672684,-187500.02235174447,-187500.02235174447,-187500.02235174447,-187500.02235174447
não,2277.1957251066838,-7762.559683628045,7247.083752999753,12124.323800125576,-187500.02235174447,-187500.02235174447,-187500.02235174447,-187500.02235174447
não,2144.7169357200787,-7757.82111380352,7081.457326585928,12168.624957635995,-187500.02235174447,-187500.02235174447,-187500.02235174447,-187500.02235174447
não,1906.2461741264076,-7813.5440127306,6544.76959046955,12222.336199562098,-187500.02235174447,-187500.02235174447,-187500.02235174447,-187500.02235174447
não,2009.2653643209178,-7835.0016874076955,6637.328164258977,12189.926170101902,-187500.02235174447,-187500.02235174447,-187500.02235174447,-187500.02235174447
não,2247.378498003304,-7773.981425044707,7190.243266849908,12138.271288665688,-187500.02235174447,-187500.02235174447,-187500.02235174447,-187500.02235174447
não,2169.9520552101203,-7754.20013120176,7145.807998872758,12167.373259946497,-187500.02235174447,-187500.02235174447,-187500.02235174447,-187500.02235174447
não,1921.8700435006672,-7803.3069137700695,6613.680018625262,12219.1846035939,-187500.02235174447,-187500.02235174447,-187500.02235174447,-187500.02235174447
não,1949.4967996474268,-7837.50508278669,6545.060163147469,12196.542286460673,-187500.02235174447,-187500.02235174447,-187500.02235174447,-187500.02235174447
não,2213.9179365537093,-7783.905599582863,7122.964516039434,12143.099265468034,-187500.02235174447,-187500.02235174447,-187500.02235174447,-187500.02235174447
não,2189.24161067505,-7750.780314300098,7201.799118733302,12163.349945944543,-187500.02235174447,-187500.02235174447,-187500.02235174447,-187500.02235174447
não,1942.0089652548988,-7793.628608420922,6701.500022590163,12217.79879543767,-187500.02235174447,-187500.02235174447,-187500.02235174447,-187500.02235174447
não,1897.976028677944,-7842.042486911117,6487.727938619607,12220.637466983495,-187500.02235174447,-187500.02235174447,-187500.02235174447,-187500.02235174447
não,2170.8908284772433,-7798.54599220109,7034.786884163247,12154.92333828489,-187500.02235174447,-187500.02235174447,-187500.02235174447,-187500.02235174447
não,2196.081244478374,-7749.707430566244,7230.297592913818,12159.617204620507,-187500.02235174447,-187500.02235174447,-187500.02235174447,-187500.02235174447
não,1966.685291133558,-7780.798707103576,6792.561029501085,12217.41881578193,-187500.02235174447,-187500.02235174447,-187500.02235174447,-187500.02235174447
não,1847.6622519090477,-7835.046390896606,6451.0040224795375,12229.712275232348,-187500.02235174447,-187500.02235174447,-187500.02235174447,-187500.02235174447
não,2089.7986995933893,-7807.106710327472,6917.46257751734,12163.439352922363,-187500.02235174447,-187500.02235174447,-187500.02235174447,-187500.02235174447
não,2186.760567040511,-7752.34493641197,7247.57549137777,12149.760085315715,-187500.02235174447,-187500.02235174447,-187500.02235174447,-187500.02235174447
não,1986.8465646322447,-7775.143715756383,6894.350873750553,12204.27599004221,-187500.02235174447,-187500.02235174447,-187500.02235174447,-187500.02235174447
não,1810.7371700688805,-7832.766512962165,6445.237272410068,12229.04172289869,-187500.02235174447,-187500.02235174447,-187500.02235174447,-187500.02235174447
não,2032.9805651879985,-7822.775283190643,6803.245163350722,12167.59677739105,-187500.02235174447,-187500.02235174447,-187500.02235174447,-187500.02235174447
não,2190.538011853458,-7759.475142893213,7242.926328531066,12128.011837960701,-187500.02235174447,-187500.02235174447,-187500.02235174447,-187500.02235174447
não,2005.353809041239,-7768.035861019595,6981.008587003778,12166.188617490367,-187500.02235174447,-187500.02235174447,-187500.02235174447,-187500.02235174447
não,1791.0676349482103,-7828.139701859916,6477.110860003336,12206.801737165659,-187500.02235174447,-187500.02235174447,-187500.02235174447,-187500.02235174447
não,1942.4336483995496,-7839.092056643017,6690.234743384689,12155.280966196176,-187500.02235174447,-187500.02235174447,-187500.02235174447,-187500.02235174447
não,2145.253377587006,-7777.870628579931,7202.782595489335,12110.085738907545,-187500.02235174447,-187500.02235174447,-187500.02235174447,-187500.02235174447
não,2026.8114837183339,-7760.212750460238,7065.475829300383,12155.750352829738,-187500.02235174447,-187500.02235174447,-187500.02235174447,-187500.02235174447
não,1788.3407221246628,-7810.571230718045,6532.230261830123,12209.618056967027,-187500.02235174447,-187500.02235174447,-187500.02235174447,-187500.02235174447
não,1872.9197231435446,-7830.888966427919,6589.763652058084,12178.616187407517,-187500.02235174447,-187500.02235174447,-187500.02235174447,-187500.02235174447
não,2125.13680757723,-7773.221465733227,7157.5650164562485,12116.321875610576,-187500.02235174447,-187500.02235174447,-187500.02235174447,-187500.02235174447
não,2059.445030623082,-7751.249700933659,7147.305565751263,12142.719285812294,-187500.02235174447,-187500.02235174447,-187500.02235174447,-187500.02235174447
não,1804.3222194102073,-7806.838489394008,6610.8413470794385,12194.910609115435,-187500.02235174447,-187500.02235174447,-187500.02235174447,-187500.02235174447
não,1815.721609082414,-7836.745123475209,6502.033055071003,12179.711422885826,-187500.02235174447,-187500.02235174447,-187500.02235174447,-187500.02235174447
não,2085.1718884911406,-7776.641282634889,7078.618655040104,12126.626029804473,-187500.02235174447,-187500.02235174447,-187500.02235174447,-187500.02235174447
não,2079.0028070214757,-7742.91250025183,7193.886601196123,12150.117713227,-187500.02235174447,-187500.02235174447,-187500.02235174447,-187500.02235174447
não,1836.3746209591177,-7788.01832056264,6708.3396563934875,12207.718158688327,-187500.02235174447,-187500.02235174447,-187500.02235174447,-187500.02235174447
não,1772.336873094663,-7828.184405348827,6460.570569106409,12211.003865123257,-187500.02235174447,-187500.02235174447,-187500.02235174447,-187500.02235174447
não,2042.8600362372442,-7789.515887441145,6996.967732544867,12145.915585269402,-187500.02235174447,-187500.02235174447,-187500.02235174447,-187500.02235174447
não,2091.7656531054563,-7741.236119417682,7230.498758613916,12143.948631757336,-187500.02235174447,-187500.02235174447,-187500.02235174447,-187500.02235174447
não,1853.8089816342572,-7770.449849420768,6798.260724337188,12193.211876536832,-187500.02235174447,-187500.02235174447,-187500.02235174447,-187500.02235174447
não,1733.5789482091604,-7828.743198960209,6431.356839103322,12220.235135583298,-187500.02235174447,-187500.02235174447,-187500.02235174447,-187500.02235174447
não,1988.0535588328314,-7804.200983548282,6881.163344521921,12155.392724918453,-187500.02235174447,-187500.02235174447,-187500.02235174447,-187500.02235174447
não,2109.3341242473275,-7742.48781710718,7245.675593099069,12141.802864289626,-187500.02235174447,-187500.02235174447,-187500.02235174447,-187500.02235174447
não,1912.169386407064,-7754.2895381795815,6913.707484448849,12185.969911333314,-187500.02235174447,-187500.02235174447,-187500.02235174447,-187500.02235174447
não,1723.1183318040767,-7814.303972042081,6439.403467107233,12228.482929287307,-187500.02235174447,-187500.02235174447,-187500.02235174447,-187500.02235174447
não,1928.0391249703318,-7806.838489394008,6759.547502940596,12187.467478211818,-187500.02235174447,-187500.02235174447,-187500.02235174447,-187500.02235174447
não,2112.485720215526,-7736.229328659693,7229.224709179964,12155.97387027429,-187500.02235174447,-187500.02235174447,-187500.02235174447,-187500.02235174447
não,1954.9506252945216,-7742.510168851634,6996.677159866948,12182.930074087391,-187500.02235174447,-187500.02235174447,-187500.02235174447,-187500.02235174447
não,1734.1824453094537,-7807.285524283115,6476.797935580962,12219.89985941647,-187500.02235174447,-187500.02235174447,-187500.02235174447,-187500.02235174447
não,1877.300665056785,-7822.9093936573745,6657.869417413404,12186.260484011233,-187500.02235174447,-187500.02235174447,-187500.02235174447,-187500.02235174447
não,2103.925002089143,-7757.999927759162,7195.607685519181,12149.380105659975,-187500.02235174447,-187500.02235174447,-187500.02235174447,-187500.02235174447
não,1989.707587922524,-7742.577224085001,7079.825649240691,12175.50929492823,-187500.02235174447,-187500.02235174447,-187500.02235174447,-187500.02235174447
não,1754.7684019527915,-7793.539201443101,6547.004764915081,12221.911516417447,-187500.02235174447,-187500.02235174447,-187500.02235174447,-187500.02235174447
não,1834.6088331471483,-7819.26605931116,6569.378861114844,12204.387748764486,-187500.02235174447,-187500.02235174447,-187500.02235174447,-187500.02235174447
não,2090.893935071699,-7760.235102204693,7138.946013324978,12143.300431168132,-187500.02235174447,-187500.02235174447,-187500.02235174447,-187500.02235174447
não,2028.711381997035,-7732.273069891104,7143.7069348939585,12157.918472041902,-187500.02235174447,-187500.02235174447,-187500.02235174447,-187500.02235174447
não,1785.2114779009198,-7780.284616981104,6624.922946086282,12222.447958284374,-187500.02235174447,-187500.02235174447,-187500.02235174447,-187500.02235174447
não,1783.0657104332104,-7828.139701859916,6487.169145008224,12209.461594755841,-187500.02235174447,-187500.02235174447,-187500.02235174447,-187500.02235174447
não,2056.2934346548836,-7774.92019831183,7053.6070529946155,12148.97777425978,-187500.02235174447,-187500.02235174447,-187500.02235174447,-187500.02235174447
não,2059.1097544562526,-7734.418837358813,7193.126641884643,12158.656079608927,-187500.02235174447,-187500.02235174447,-187500.02235174447,-187500.02235174447
não,1810.6701148355146,-7767.208846474749,6718.5544036095625,12217.061187870644,-187500.02235174447,-187500.02235174447,-187500.02235174447,-187500.02235174447
não,1745.9394628929454,-7818.461396510768,6446.891301499761,12232.886222945002,-187500.02235174447,-187500.02235174447,-187500.02235174447,-187500.02235174447
não,2023.8163499613227,-7781.513962926146,6964.334185640119,12158.343155186552,-187500.02235174447,-187500.02235174447,-187500.02235174447,-187500.02235174447
não,2089.351664704283,-7732.138959424372,7227.86125276819,12151.235300449765,-187500.02235174447,-187500.02235174447,-187500.02235174447,-187500.02235174447
não,1865.8342201512123,-7764.0348987620955,6816.477396068263,12201.996112107769,-187500.02235174447,-187500.02235174447,-187500.02235174447,-187500.02235174447
não,1731.5002359748169,-7820.361294789469,6422.79612097694,12227.477100786818,-187500.02235174447,-187500.02235174447,-187500.02235174447,-187500.02235174447
não,1974.5978086707366,-7798.9036201123745,6851.055544740623,12164.802809334136,-187500.02235174447,-187500.02235174447,-187500.02235174447,-187500.02235174447
não,2118.341877262816,-7732.943622224763,7243.351011675717,12148.441332392853,-187500.02235174447,-187500.02235174447,-187500.02235174447,-187500.02235174447
não,1939.9973082539211,-7745.527654353101,6927.61026950005,12209.327484289108,-187500.02235174447,-187500.02235174447,-187500.02235174447,-187500.02235174447
não,1755.7742304532803,-7812.560535974567,6446.913653244216,12242.18454863841,-187500.02235174447,-187500.02235174447,-187500.02235174447,-187500.02235174447
não,1950.9273112925664,-7811.800576663087,6746.449380689786,12182.348928731553,-187500.02235174447,-187500.02235174447,-187500.02235174447,-187500.02235174447
não,2138.570205994869,-7746.757000298143,7226.7660172898795,12148.441332392853,-187500.02235174447,-187500.02235174447,-187500.02235174447,-187500.02235174447
não,1987.7182826660019,-7744.0747909635065,7018.313648499686,12180.337271730576,-187500.02235174447,-187500.02235174447,-187500.02235174447,-187500.02235174447
não,1760.8033729557244,-7793.785070632109,6492.600618910864,12230.18166186591,-187500.02235174447,-187500.02235174447,-187500.02235174447,-187500.02235174447
não,1886.911915172567,-7809.431291750824,6641.396181749843,12198.17396380591,-187500.02235174447,-187500.02235174447,-187500.02235174447,-187500.02235174447
não,2116.1961097951066,-7748.902767765852,7188.812755204768,12158.141989486456,-187500.02235174447,-187500.02235174447,-187500.02235174447,-187500.02235174447
não,2013.9592306565323,-7734.8658722479195,7102.7361873073805,12186.46164971133,-187500.02235174447,-187500.02235174447,-187500.02235174447,-187500.02235174447
não,1763.4408788014507,-7787.146602528883,6561.779268000039,12239.301173603675,-187500.02235174447,-187500.02235174447,-187500.02235174447,-187500.02235174447
não,1821.622469618615,-7815.198041820293,6549.82108471645,12217.664684970938,-187500.02235174447,-187500.02235174447,-187500.02235174447,-187500.02235174447
não,2086.6024001362803,-7756.032974247096,7128.954783553456,12154.02926850668,-187500.02235174447,-187500.02235174447,-187500.02235174447,-187500.02235174447
não,2050.839609007789,-7727.601555299945,7169.254978806374,12180.091402541568,-187500.02235174447,-187500.02235174447,-187500.02235174447,-187500.02235174447
não,1809.0607892347325,-7775.769564601132,6654.293138300555,12239.435284070407,-187500.02235174447,-187500.02235174447,-187500.02235174447,-187500.02235174447
não,1787.8936872355566,-7824.339905302514,6483.972845551115,12233.869699701036,-187500.02235174447,-187500.02235174447,-187500.02235174447,-187500.02235174447
não,2063.893027769688,-7766.940625541285,7046.499198257828,12166.613300635017,-187500.02235174447,-187500.02235174447,-187500.02235174447,-187500.02235174447
não,2080.7462430889896,-7719.018485429107,7211.365665360173,12166.903873312936,-187500.02235174447,-187500.02235174447,-187500.02235174447,-187500.02235174447
não,1839.9732518164221,-7756.323546925015,6747.835188846015,12222.403254795463,-187500.02235174447,-187500.02235174447,-187500.02235174447,-187500.02235174447
não,1753.4496490299284,-7811.778224918631,6440.185778163169,12241.290478860197,-187500.02235174447,-187500.02235174447,-187500.02235174447,-187500.02235174447
não,2023.838701705778,-7782.96682631574,6944.798760986181,12174.749335616749,-187500.02235174447,-187500.02235174447,-187500.02235174447,-187500.02235174447
não,2104.8190718673554,-7741.236119417682,7237.494854628427,12150.274175438188,-187500.02235174447,-187500.02235174447,-187500.02235174447,-187500.02235174447
não,1886.7331012169245,-7763.476105150713,6843.92533825938,12205.684149942894,-187500.02235174447,-187500.02235174447,-187500.02235174447,-187500.02235174447
não,1744.8665791590906,-7807.799614405587,6431.446246081144,12249.493569075295,-187500.02235174447,-187500.02235174447,-187500.02235174447,-187500.02235174447
não,1985.6395704316583,-7785.134945527905,6837.152759689422,12192.921303858913,-187500.02235174447,-187500.02235174447,-187500.02235174447,-187500.02235174447
não,2126.433208755637,-7730.976668712697,7245.34031693224,12154.610413862518,-187500.02235174447,-187500.02235174447,-187500.02235174447,-187500.02235174447
não,1945.3393751787396,-7740.900843250853,6949.0902959216,12201.996112107769,-187500.02235174447,-187500.02235174447,-187500.02235174447,-187500.02235174447
não,1740.82091341268,-7803.530431214623,6450.691098057163,12234.652010756972,-187500.02235174447,-187500.02235174447,-187500.02235174447,-187500.02235174447
não,1927.0779999587537,-7801.49642246919,6724.790540312593,12194.642388181972,-187500.02235174447,-187500.02235174447,-187500.02235174447,-187500.02235174447
não,2122.544005220414,-7731.334296623982,7223.167386432575,12156.845588308048,-187500.02235174447,-187500.02235174447,-187500.02235174447,-187500.02235174447
não,1985.3713494981946,-7733.502415836146,7035.859767897102,12186.841629367069,-187500.02235174447,-187500.02235174447,-187500.02235174447,-187500.02235174447
não,1758.143515365543,-7792.01928282014,6507.017494084536,12238.9882491813,-187500.02235174447,-187500.02235174447,-187500.02235174447,-187500.02235174447
não,1874.9313801445223,-7812.06879759655,6623.35832397441,12206.757033676748,-187500.02235174447,-187500.02235174447,-187500.02235174447,-187500.02235174447
não,2117.447807484604,-7745.952337497752,7181.526086512338,12165.808637834625,-187500.02235174447,-187500.02235174447,-187500.02235174447,-187500.02235174447
não,2029.3148790973282,-7728.1156454224165,7117.93537353699,12184.874675855002,-187500.02235174447,-187500.02235174447,-187500.02235174447,-187500.02235174447
não,1787.1560796685314,-7781.44690769278,6585.49446886712,12247.191339396399,-187500.02235174447,-187500.02235174447,-187500.02235174447,-187500.02235174447
não,1829.9373185559891,-7814.996876120195,6535.963003154159,12242.743342249792,-187500.02235174447,-187500.02235174447,-187500.02235174447,-187500.02235174447
não,2094.60432465128,-7757.664651592333,7109.397007155062,12171.061297781624,-187500.02235174447,-187500.02235174447,-187500.02235174447,-187500.02235174447
não,2067.9610452605543,-7725.634601787878,7178.441545777506,12188.138030545477,-187500.02235174447,-187500.02235174447,-187500.02235174447,-187500.02235174447
não,1830.2278912339082,-7757.351727169958,6680.958769435736,12241.782217238215,-187500.02235174447,-187500.02235174447,-187500.02235174447,-187500.02235174447
não,1797.9743239849001,-7809.721864428743,6476.261493714034,12240.75403699327,-187500.02235174447,-187500.02235174447,-187500.02235174447,-187500.02235174447
não,2073.057242996364,-7767.208846474749,7025.175634047465,12178.258559496231,-187500.02235174447,-187500.02235174447,-187500.02235174447,-187500.02235174447
não,2104.41674046716,-7719.934906951775,7219.144072430619,12176.626882150995,-187500.02235174447,-187500.02235174447,-187500.02235174447,-187500.02235174447
não,1869.4999062418826,-7762.514980139134,6769.136401311923,12237.647144513983,-187500.02235174447,-187500.02235174447,-187500.02235174447,-187500.02235174447
não,1770.5040300493276,-7815.734483687221,6440.632813052275,12248.33127836362,-187500.02235174447,-187500.02235174447,-187500.02235174447,-187500.02235174447
não,2034.4781320665043,-7778.809401847054,6925.665667732438,12178.817353107615,-187500.02235174447,-187500.02235174447,-187500.02235174447,-187500.02235174447
não,2135.217444326573,-7720.471348818702,7248.760133833902,12175.129315272488,-187500.02235174447,-187500.02235174447,-187500.02235174447,-187500.02235174447
não,1927.8603110146894,-7738.48685484968,6878.369376465008,12227.745321720282,-187500.02235174447,-187500.02235174447,-187500.02235174447,-187500.02235174447
não,1763.530285779272,-7803.463375981257,6443.7844090204735,12250.722915020337,-187500.02235174447,-187500.02235174447,-187500.02235174447,-187500.02235174447
não,1984.4772797199823,-7799.618875934944,6817.550279802118,12195.290588771175,-187500.02235174447,-187500.02235174447,-187500.02235174447,-187500.02235174447
não,2142.481761274548,-7736.9222327378075,7245.183854721053,12181.611321164528,-187500.02235174447,-187500.02235174447,-187500.02235174447,-187500.02235174447
não,1980.9904075849543,-7732.541290824568,6970.950301998891,12230.047551399179,-187500.02235174447,-187500.02235174447,-187500.02235174447,-187500.02235174447
não,1780.7634807543136,-7786.721919384232,6468.728955832596,12269.766601296258,-187500.02235174447,-187500.02235174447,-187500.02235174447,-187500.02235174447
não,1949.6085583697031,-7801.83169863602,6707.020903470624,12212.233211068298,-187500.02235174447,-187500.02235174447,-187500.02235174447,-187500.02235174447
não,2148.628490999757,-7739.604442072445,7216.171290418064,12162.344117444054,-187500.02235174447,-187500.02235174447,-187500.02235174447,-187500.02235174447
não,2025.157454628641,-7732.295421635559,7056.82570419618,12202.443146996875,-187500.02235174447,-187500.02235174447,-187500.02235174447,-187500.02235174447
não,1797.9519722404448,-7786.1631257728495,6527.603450727875,12261.608214570071,-187500.02235174447,-187500.02235174447,-187500.02235174447,-187500.02235174447
não,1896.8360897107232,-7810.861803395964,6604.582858631952,12235.724894490826,-187500.02235174447,-187500.02235174447,-187500.02235174447,-187500.02235174447
não,2149.7237264780674,-7743.806570030042,7169.165571828553,12168.826123336092,-187500.02235174447,-187500.02235174447,-187500.02235174447,-187500.02235174447
não,2072.766670318445,-7724.1817383982825,7129.468873675928,12189.389728234975,-187500.02235174447,-187500.02235174447,-187500.02235174447,-187500.02235174447
não,1831.747809856869,-7766.247721463171,6606.303942955011,12259.350688380086,-187500.02235174447,-187500.02235174447,-187500.02235174447,-187500.02235174447
não,1872.3162260432514,-7810.571230718045,6535.225395587135,12250.90172897598,-187500.02235174447,-187500.02235174447,-187500.02235174447,-187500.02235174447
não,2148.248511344017,-7760.615081860434,7108.771158310314,12180.493733941763,-187500.02235174447,-187500.02235174447,-187500.02235174447,-187500.02235174447
não,2127.5284442339475,-7726.573375055001,7192.366682573162,12183.824143865604,-187500.02235174447,-187500.02235174447,-187500.02235174447,-187500.02235174447
não,1890.6446564966031,-7771.0756982655175,6696.269714387622,12245.85023472908,-187500.02235174447,-187500.02235174447,-187500.02235174447,-187500.02235174447
não,1837.8721878376232,-7817.120291843449,6465.264435442024,12253.628641799527,-187500.02235174447,-187500.02235174447,-187500.02235174447,-187500.02235174447
não,2117.8277871403443,-7772.305044210559,7012.748064130315,12192.161344547432,-187500.02235174447,-187500.02235174447,-187500.02235174447,-187500.02235174447
não,2166.465183075092,-7720.359590096426,7242.278127941862,12183.019481065212,-187500.02235174447,-187500.02235174447,-187500.02235174447,-187500.02235174447
não,1938.6562035866027,-7749.573320099512,6807.357884330498,12236.931888691413,-187500.02235174447,-187500.02235174447,-187500.02235174447,-187500.02235174447
não,1825.0646382647324,-7801.7199399137435,6452.970975991604,12259.127170935533,-187500.02235174447,-187500.02235174447,-187500.02235174447,-187500.02235174447
não,2084.166059990652,-7785.202000761271,6907.784272168193,12193.144821303466,-187500.02235174447,-187500.02235174447,-187500.02235174447,-187500.02235174447
não,2199.0987299798408,-7730.999020457151,7250.995308279433,12176.872751340003,-187500.02235174447,-187500.02235174447,-187500.02235174447,-187500.02235174447
não,2001.6210677172028,-7743.068962463018,6914.55685073815,12232.908574689458,-187500.02235174447,-187500.02235174447,-187500.02235174447,-187500.02235174447
não,1829.4679319224279,-7804.826832393031,6458.625967338797,12264.558644838173,-187500.02235174447,-187500.02235174447,-187500.02235174447,-187500.02235174447
não,2046.9504054725655,-7795.863782866452,6816.656210023905,12213.350798291063,-187500.02235174447,-187500.02235174447,-187500.02235174447,-187500.02235174447
não,2215.6837243656787,-7729.926136723297,7264.719279374991,12184.0253095657,-187500.02235174447,-187500.02235174447,-187500.02235174447,-187500.02235174447
não,2065.1447254591853,-7731.580165812989,7016.123177543066,12222.17973735091,-187500.02235174447,-187500.02235174447,-187500.02235174447,-187500.02235174447
não,1851.9314351000114,-7801.474070724735,6499.0826248029025,12249.962955708857,-187500.02235174447,-187500.02235174447,-187500.02235174447,-187500.02235174447
$SILENCE,2004.258573562929,-7808.045483594595,6704.875136002915,12208.589876722084,-187500.02235174447,-187500.02235174447,-187500.02235174447,-187500.02235174447
$SILENCE,2215.571965643402,-7739.671497305811,7221.289839898329,12162.992318033257,-187500.02235174447,-187500.02235174447,-187500.02235174447,-187500.02235174447
$SILENCE,2104.059112555875,-7729.099122178451,7094.331931392185,12202.689016185883,-187500.02235174447,-187500.02235174447,-187500.02235174447,-187500.02235174447
$SILENCE,1865.2083713064637,-7782.899771082374,6559.879369721338,12259.216577913354,-187500.02235174447,-187500.02235174447,-187500.02235174447,-187500.02235174447
$SILENCE,1950.904959548111,-7810.1688993178495,6608.2038412337115,12227.141824619988,-187500.02235174447,-187500.02235174447,-187500.02235174447,-187500.02235174447
$SILENCE,2210.6545818632344,-7750.266224177626,7174.306473053274,12168.043812280157,-187500.02235174447,-187500.02235174447,-187500.02235174447,-187500.02235174447
$SILENCE,2146.4827235320477,-7722.572412797501,7172.026595118832,12195.983492849291,-187500.02235174447,-187500.02235174447,-187500.02235174447,-187500.02235174447
$SILENCE,1906.2014706374969,-7772.416802932836,6657.2212168242,12258.210749412865,-187500.02235174447,-187500.02235174447,-187500.02235174447,-187500.02235174447
$SILENCE,1916.2374038979299,-7814.661599953366,6530.755046696073,12243.413894583451,-187500.02235174447,-187500.02235174447,-187500.02235174447,-187500.02235174447
$SILENCE,2191.8791165207763,-7763.140828983883,7106.357169909141,12179.800829863649,-187500.02235174447,-187500.02235174447,-187500.02235174447,-187500.02235174447
$SILENCE,2184.637151317257,-7723.913517464819,7224.24027016643,12184.807620621637,-187500.02235174447,-187500.02235174447,-187500.02235174447,-187500.02235174447
$SILENCE,1943.7076978335022,-7759.944529526774,6746.628194645428,12242.341010849597,-187500.02235174447,-187500.02235174447,-187500.02235174447,-187500.02235174447
$SILENCE,1887.4930605284048,-7812.158204574372,6483.078775772903,12250.700563275883,-187500.02235174447,-187500.02235174447,-187500.02235174447,-187500.02235174447
$SILENCE,2157.9044649487096,-7772.595616888478,7012.658657152493,12190.686129413383,-187500.02235174447,-187500.02235174447,-187500.02235174447,-187500.02235174447
$SILENCE,2211.414541174715,-7722.572412797501,7273.525866690382,12184.673510154906,-187500.02235174447,-187500.02235174447,-187500.02235174447,-187500.02235174447
$SILENCE,1982.5103262079153,-7748.254567176648,6861.829085568081,12237.334220091609,-187500.02235174447,-187500.02235174447,-187500.02235174447,-187500.02235174447
$SILENCE,1853.6078159341594,-7802.1893265473045,6469.690080844174,12255.059153444667,-187500.02235174447,-187500.02235174447,-187500.02235174447,-187500.02235174447
$SILENCE,2104.640257911713,-7780.619893147933,6895.200240039854,12190.708481157837,-187500.02235174447,-187500.02235174447,-187500.02235174447,-187500.02235174447
$SILENCE,2226.9043000822426,-7725.522843065602,7270.418974211094,12168.624957635995,-187500.02235174447,-187500.02235174447,-187500.02235174447,-187500.02235174447
$SILENCE,2040.4236960916157,-7742.800741529553,6958.23215940382,12219.89985941647,-187500.02235174447,-187500.02235174447,-187500.02235174447,-187500.02235174447
$SILENCE,1858.4134409920505,-7802.479899225224,6492.131232277302,12259.171874424443,-187500.02235174447,-187500.02235174447,-187500.02235174447,-187500.02235174447
$SILENCE,2050.236111907496,-7794.835602621509,6790.012930633179,12204.387748764486,-187500.02235174447,-187500.02235174447,-187500.02235174447,-187500.02235174447
$SILENCE,2232.335773984882,-7730.820206501509,7267.870875343189,12162.657041866427,-187500.02235174447,-187500.02235174447,-187500.02235174447,-187500.02235174447
$SILENCE,2085.1048332577748,-7734.105912936439,7052.601224494127,12197.592818450072,-187500.02235174447,-187500.02235174447,-187500.02235174447,-187500.02235174447
$SILENCE,1863.4202317500392,-7795.416747977347,6517.344000022888,12242.586880038605,-187500.02235174447,-187500.02235174447,-187500.02235174447,-187500.02235174447
$SILENCE,2011.165262599619,-7809.319533028547,6691.75466200765,12208.925152888913,-187500.02235174447,-187500.02235174447,-187500.02235174447,-187500.02235174447
$SILENCE,2243.5339979569912,-7744.365363641426,7246.234386710452,12161.003012776735,-187500.02235174447,-187500.02235174447,-187500.02235174447,-187500.02235174447
$SILENCE,2132.9152146476763,-7732.585994313478,7139.437751702995,12183.466515954318,-187500.02235174447,-187500.02235174447,-187500.02235174447,-187500.02235174447
$SILENCE,1874.841973166701,-7783.793840860587,6577.134916440835,12230.606345010561,-187500.02235174447,-187500.02235174447,-187500.02235174447,-187500.02235174447
$SILENCE,1951.3296426927618,-7813.365198774958,6597.251486450611,12208.99220812228,-187500.02235174447,-187500.02235174447,-187500.02235174447,-187500.02235174447
$SILENCE,2214.8343580763767,-7756.412953902835,7175.044080620299,12151.659983594416,-187500.02235174447,-187500.02235174447,-187500.02235174447,-187500.02235174447
$SILENCE,2171.091994177341,-7727.825072744498,7207.409406591583,12175.062260039123,-187500.02235174447,-187500.02235174447,-187500.02235174447,-187500.02235174447
$SILENCE,1929.4696366154715,-7770.718070354233,6686.412595082831,12232.95327817837,-187500.02235174447,-187500.02235174447,-187500.02235174447,-187500.02235174447
$SILENCE,1912.683476529536,-7814.058102853072,6532.453779274676,12211.696769201371,-187500.02235174447,-187500.02235174447,-187500.02235174447,-187500.02235174447
$SILENCE,2191.856764776321,-7766.873570307919,7099.852812272646,12146.541434114151,-187500.02235174447,-187500.02235174447,-187500.02235174447,-187500.02235174447
$SILENCE,2208.1064829953293,-7727.646258788855,7254.7056978590135,12164.132257000478,-187500.02235174447,-187500.02235174447,-187500.02235174447,-187500.02235174447
$SILENCE,1966.4841254334601,-7764.794858073576,6786.324892798054,12218.201126837866,-187500.02235174447,-187500.02235174447,-187500.02235174447,-187500.02235174447
$SILENCE,1890.8234704522456,-7818.707265699776,6493.04765379997,12219.139900104989,-187500.02235174447,-187500.02235174447,-187500.02235174447,-187500.02235174447
$SILENCE,2158.1503341377183,-7781.558666415056,6995.313703455175,12147.748428314737,-187500.02235174447,-187500.02235174447,-187500.02235174447,-187500.02235174447
$SILENCE,2229.4523989501477,-7730.082598934484,7274.799916124334,12139.433579377364,-187500.02235174447,-187500.02235174447,-187500.02235174447,-187500.02235174447
$SILENCE,2008.6395154761692,-7753.015488745629,6872.803792095637,12194.865905626524,-187500.02235174447,-187500.02235174447,-187500.02235174447,-187500.02235174447
$SILENCE,1861.4532782379722,-7808.269001039148,6471.1429442337685,12224.660780985449,-187500.02235174447,-187500.02235174447,-187500.02235174447,-187500.02235174447
$SILENCE,2101.6898276436123,-7790.521715941634,6892.585085938584,12162.701745355338,-187500.02235174447,-187500.02235174447,-187500.02235174447,-187500.02235174447
$SILENCE,2243.355184001349,-7733.413008858324,7286.802802896835,12134.940878741847,-187500.02235174447,-187500.02235174447,-187500.02235174447,-187500.02235174447
$SILENCE,2066.9999202489757,-7744.566529341523,6990.91040979748,12182.773611876204,-187500.02235174447,-187500.02235174447,-187500.02235174447,-187500.02235174447
$SILENCE,1869.2763887973297,-7803.68689342581,6506.682217917707,12218.603458238062,-187500.02235174447,-187500.02235174447,-187500.02235174447,-187500.02235174447
$SILENCE,2058.640367822691,-7805.676198682332,6790.77288994466,12167.082687268578,-187500.02235174447,-187500.02235174447,-187500.02235174447,-187500.02235174447
$SILENCE,2249.524265471013,-7742.800741529553,7263.15465726312,12123.183861158355,-187500.02235174447,-187500.02235174447,-187500.02235174447,-187500.02235174447
$SILENCE,2106.4954527015034,-7737.995116471662,7065.833457211668,12165.719230856805,-187500.02235174447,-187500.02235174447,-187500.02235174447,-187500.02235174447
$SILENCE,1884.140298860109,-7794.343864243492,6546.736543981618,12221.620943739528,-187500.02235174447,-187500.02235174447,-187500.02235174447,-187500.02235174447
$SILENCE,2002.6715997066021,-7812.001742363184,6677.158972878334,12185.79109737767,-187500.02235174447,-187500.02235174447,-187500.02235174447,-187500.02235174447
$SILENCE,2241.030602577997,-7753.887206779386,7237.807779050801,12126.35780887101,-187500.02235174447,-187500.02235174447,-187500.02235174447,-187500.02235174447
$SILENCE,2149.5896160113357,-7731.0437239460625,7158.526141467827,12153.962213273313,-187500.02235174447,-187500.02235174447,-187500.02235174447,-187500.02235174447
$SILENCE,1918.1820056655415,-7781.513962926146,6627.649858909829,12220.883336172503,-187500.02235174447,-187500.02235174447,-187500.02235174447,-187500.02235174447
$SILENCE,1971.0885847912534,-7814.236916808715,6599.196088218223,12198.59864695056,-187500.02235174447,-187500.02235174447,-187500.02235174447,-187500.02235174447
$SILENCE,2230.8829105952873,-7758.961052770741,7156.55918795576,12127.542451327141,-187500.02235174447,-187500.02235174447,-187500.02235174447,-187500.02235174447
$SILENCE,2197.5564596124245,-7727.400389599847,7217.177118918553,12152.196425461343,-187500.02235174447,-187500.02235174447,-187500.02235174447,-187500.02235174447
$SILENCE,1948.28980544684,-7769.1981517312715,6712.564136095541,12217.84349892658,-187500.02235174447,-187500.02235174447,-187500.02235174447,-187500.02235174447
$SILENCE,1920.9312702335442,-7816.114463342961,6524.049523359481,12208.723987188816,-187500.02235174447,-187500.02235174447,-187500.02235174447,-187500.02235174447
$SILENCE,2199.5904683578574,-7772.685023866299,7079.535076562772,12136.0137624757,-187500.02235174447,-187500.02235174447,-187500.02235174447,-187500.02235174447
$SILENCE,2230.055896050441,-7725.813415743521,7275.448116713538,12144.283907924166,-187500.02235174447,-187500.02235174447,-187500.02235174447,-187500.02235174447
$SILENCE,1989.484070477971,-7758.066982992528,6820.903041470414,12196.117603316023,-187500.02235174447,-187500.02235174447,-187500.02235174447,-187500.02235174447
$SILENCE,1887.8506884396897,-7812.337018530014,6495.327531734411,12216.033007625701,-187500.02235174447,-187500.02235174447,-187500.02235174447,-187500.02235174447
$SILENCE,2158.5973690268243,-7783.615026904944,6980.1145172255665,12155.728001085283,-187500.02235174447,-187500.02235174447,-187500.02235174447,-187500.02235174447
$SILENCE,2249.2336927930946,-7729.300287878548,7281.39368073865,12134.382085130464,-187500.02235174447,-187500.02235174447,-187500.02235174447,-187500.02235174447
$SILENCE,2034.1875593885852,-7749.327450910503,6904.811490155636,12189.210914279332,-187500.02235174447,-187500.02235174447,-187500.02235174447,-187500.02235174447
$SILENCE,1877.524182501338,-7808.626628950433,6482.072947272414,12219.586934994095,-187500.02235174447,-187500.02235174447,-187500.02235174447,-187500.02235174447
$SILENCE,2108.5294614469362,-7796.0873003110055,6871.842667084059,12157.762009830716,-187500.02235174447,-187500.02235174447,-187500.02235174447,-187500.02235174447
$SILENCE,2254.6875184401893,-7732.653049546844,7286.623988941192,12127.721265282782,-187500.02235174447,-187500.02235174447,-187500.02235174447,-187500.02235174447
$SILENCE,2074.8900860416993,-7738.106875193939,7008.2330117503425,12178.817353107615,-187500.02235174447,-187500.02235174447,-187500.02235174447,-187500.02235174447
$SILENCE,1875.3784150336285,-7795.930838099818,6519.690933190695,12224.034932140701,-187500.02235174447,-187500.02235174447,-187500.02235174447,-187500.02235174447
$SILENCE,2052.583045075303,-7800.892925368897,6766.945930355303,12168.64730938045,-187500.02235174447,-187500.02235174447,-187500.02235174447,-187500.02235174447
$SILENCE,2256.1850853186947,-7737.302212393548,7264.853389841723,12128.794149016638,-187500.02235174447,-187500.02235174447,-187500.02235174447,-187500.02235174447
$SILENCE,2124.488606988026,-7729.121473922905,7092.87906800259,12165.585120390073,-187500.02235174447,-187500.02235174447,-187500.02235174447,-187500.02235174447
$SILENCE,1895.7632059768684,-7787.213657762249,6563.008613945081,12218.55875474915,-187500.02235174447,-187500.02235174447,-187500.02235174447,-187500.02235174447
$SILENCE,1997.6201054597027,-7810.124195828938,6658.562321491519,12191.13316430249,-187500.02235174447,-187500.02235174447,-187500.02235174447,-187500.02235174447
$SILENCE,2245.5233032135134,-7748.38867764338,7219.814624764279,12141.2664224227,-187500.02235174447,-187500.02235174447,-187500.02235174447,-187500.02235174447
$SILENCE,2168.6556540317124,-7726.014581443618,7173.5241619973385,12164.914568056414,-187500.02235174447,-187500.02235174447,-187500.02235174447,-187500.02235174447
$SILENCE,1919.2325376549409,-7775.747212856676,6653.175551077789,12208.813394166636,-187500.02235174447,-187500.02235174447,-187500.02235174447,-187500.02235174447
$SILENCE,1956.135267750653,-7807.754910916676,6594.010483504592,12194.441222481873,-187500.02235174447,-187500.02235174447,-187500.02235174447,-187500.02235174447
$SILENCE,2218.254174978039,-7758.670480092822,7140.242414503386,12138.204233432321,-187500.02235174447,-187500.02235174447,-187500.02235174447,-187500.02235174447
$SILENCE,2212.509776653025,-7721.8348052304755,7254.012793780898,12150.698858582839,-187500.02235174447,-187500.02235174447,-187500.02235174447,-187500.02235174447
$SILENCE,1944.4006019116166,-7764.750154584665,6709.323133149521,12213.104929102055,-187500.02235174447,-187500.02235174447,-187500.02235174447,-187500.02235174447
$SILENCE,1916.4162178535723,-7816.449739509791,6505.989313839593,12212.769652935225,-187500.02235174447,-187500.02235174447,-187500.02235174447,-187500.02235174447
$SILENCE,2203.8820032932763,-7774.294349467082,7054.232901839364,12145.0662189801,-187500.02235174447,-187500.02235174447,-187500.02235174447,-187500.02235174447
$SILENCE,2238.6166141768235,-7724.025276187096,7262.551160162826,12146.027343991678,-187500.02235174447,-187500.02235174447,-187500.02235174447,-187500.02235174447
$SILENCE,2002.068102606309,-7754.691869579777,6827.072122940079,12202.286684785688,-187500.02235174447,-187500.02235174447,-187500.02235174447,-187500.02235174447
$SILENCE,1892.3880925641172,-7811.778224918631,6483.816383339928,12217.240001826287,-187500.02235174447,-187500.02235174447,-187500.02235174447,-187500.02235174447
$SILENCE,2152.6741567461677,-7784.643207149888,6952.934795967913,12155.415076662908,-187500.02235174447,-187500.02235174447,-187500.02235174447,-187500.02235174447
$SILENCE,2254.799277162466,-7727.57920355549,7285.3499395072395,12141.0652567226,-187500.02235174447,-187500.02235174447,-187500.02235174447,-187500.02235174447
$SILENCE,2060.607321334758,-7743.292479907571,6931.097141635078,12194.307112015142,-187500.02235174447,-187500.02235174447,-187500.02235174447,-187500.02235174447
$SILENCE,1892.589258264215,-7802.1893265473045,6490.566610165431,12226.873603686525,-187500.02235174447,-187500.02235174447,-187500.02235174447,-187500.02235174447
$SILENCE,2108.9764963360426,-7792.712186898254,6851.59198660755,12171.55303615964,-187500.02235174447,-187500.02235174447,-187500.02235174447,-187500.02235174447
$SILENCE,2273.30652157146,-7728.76384601162,7288.076852330787,12140.998201489236,-187500.02235174447,-187500.02235174447,-187500.02235174447,-187500.02235174447
$SILENCE,2108.3953509802045,-7732.630697802389,7033.334020773652,12188.74152764577,-187500.02235174447,-187500.02235174447,-187500.02235174447,-187500.02235174447
$SILENCE,1902.871060713656,-7790.029977563618,6527.558747238964,12235.1884526239,-187500.02235174447,-187500.02235174447,-187500.02235174447,-187500.02235174447
$SILENCE,2049.7443735294787,-7796.8472596224865,6743.834226588515,12189.255617768244,-187500.02235174447,-187500.02235174447,-187500.02235174447,-187500.02235174447
$SILENCE,2277.955684418164,-7733.9270989807965,7262.5735119072815,12145.69206782485,-187500.02235174447,-187500.02235174447,-187500.02235174447,-187500.02235174447
$SILENCE,2155.1775521251625,-7725.254622132137,7112.749768823358,12179.398498463452,-187500.02235174447,-187500.02235174447,-187500.02235174447,-187500.02235174447
$SILENCE,1915.879775986645,-7778.608236146955,6575.838515262427,12228.438225798396,-187500.02235174447,-187500.02235174447,-187500.02235174447,-187500.02235174447
$SILENCE,2005.130291596686,-7803.7763004036315,6636.4340944807645,12195.402347493453,-187500.02235174447,-187500.02235174447,-187500.02235174447,-187500.02235174447
$SILENCE,2269.998463392075,-7745.326488653003,7213.71259852798,12148.396628903942,-187500.02235174447,-187500.02235174447,-187500.02235174447,-187500.02235174447
$SILENCE,2206.765378328011,-7718.370284839903,7198.066377409265,12181.052527553145,-187500.02235174447,-187500.02235174447,-187500.02235174447,-187500.02235174447
$SILENCE,1958.5045526629156,-7765.264244707138,6671.414574553321,12238.496510803285,-187500.02235174447,-187500.02235174447,-187500.02235174447,-187500.02235174447
$SILENCE,1975.0224918153874,-7805.385626004413,6571.301111138,12219.89985941647,-187500.02235174447,-187500.02235174447,-187500.02235174447,-187500.02235174447
$SILENCE,2248.3843265037926,-7752.277881178604,7140.8906150925895,12154.900986540437,-187500.02235174447,-187500.02235174447,-187500.02235174447,-187500.02235174447
$SILENCE,2239.2648147660275,-7714.838709215965,7251.375287935172,12170.524855914695,-187500.02235174447,-187500.02235174447,-187500.02235174447,-187500.02235174447
$SILENCE,2005.0408846188648,-7754.758924813143,6762.0508983195905,12232.595650267083,-187500.02235174447,-187500.02235174447,-187500.02235174447,-187500.02235174447
$SILENCE,1948.0439362578318,-7805.989123104707,6510.973752853126,12237.80360672517,-187500.02235174447,-187500.02235174447,-187500.02235174447,-187500.02235174447
$SILENCE,2222.277488979994,-7767.342956941481,7046.6780122134705,12172.670623382404,-187500.02235174447,-187500.02235174447,-187500.02235174447,-187500.02235174447
$SILENCE,2273.4853355271025,-7716.3139243500145,7285.081718573776,12167.730887857782,-187500.02235174447,-187500.02235174447,-187500.02235174447,-187500.02235174447
$SILENCE,2055.779344532412,-7743.583052585489,6868.154629248933,12224.012580396246,-187500.02235174447,-187500.02235174447,-187500.02235174447,-187500.02235174447
$SILENCE,1931.548348849815,-7798.523640456634,6505.229354528112,12244.866757973046,-187500.02235174447,-187500.02235174447,-187500.02235174447,-187500.02235174447
$SILENCE,2173.930665723165,-7779.658768136355,6926.537385766195,12190.216742779821,-187500.02235174447,-187500.02235174447,-187500.02235174447,-187500.02235174447
$SILENCE,2299.8827457288203,-7721.119549407906,7292.726015177491,12170.211931492322,-187500.02235174447,-187500.02235174447,-187500.02235174447,-187500.02235174447
$SILENCE,2108.0153713244645,-7735.424665859302,6961.204941416377,12217.597629737573,-187500.02235174447,-187500.02235174447,-187500.02235174447,-187500.02235174447
$SILENCE,1925.2898604023292,-7794.388567732402,6503.687084160696,12259.909481991468,-187500.02235174447,-187500.02235174447,-187500.02235174447,-187500.02235174447
$SILENCE,2129.2271768125506,-7789.44883220778,6834.850530010525,12205.661798198438,-187500.02235174447,-187500.02235174447,-187500.02235174447,-187500.02235174447
$SILENCE,2307.3929318658033,-7725.969877954707,7293.262457044418,12169.608434392028,-187500.02235174447,-187500.02235174447,-187500.02235174447,-187500.02235174447
$SILENCE,2147.734421221545,-7725.165215154317,7050.477808770873,12211.003865123257,-187500.02235174447,-187500.02235174447,-187500.02235174447,-187500.02235174447
$SILENCE,1932.0624389722873,-7782.452736193269,6535.560671753964,12260.781200025225,-187500.02235174447,-187500.02235174447,-187500.02235174447,-187500.02235174447
$SILENCE,2081.3944436781935,-7795.595561932989,6721.705999577761,12219.050493127168,-187500.02235174447,-187500.02235174447,-187500.02235174447,-187500.02235174447
$SILENCE,2303.1908039082055,-7732.094255935462,7257.969052549488,12172.69297512686,-187500.02235174447,-187500.02235174447,-187500.02235174447,-187500.02235174447
$SILENCE,2192.9072967657207,-7720.33723835197,7148.154932040565,12207.137013332489,-187500.02235174447,-187500.02235174447,-187500.02235174447,-187500.02235174447
$SILENCE,1947.7980670688235,-7773.06500352204,6609.187317989746,12258.23310115732,-187500.02235174447,-187500.02235174447,-187500.02235174447,-187500.02235174447
$SILENCE,2023.8834051946885,-7799.663579423855,6628.02983856557,12231.500414788774,-187500.02235174447,-187500.02235174447,-187500.02235174447,-187500.02235174447
$SILENCE,2290.182088635217,-7740.543215339568,7199.385130332128,12176.872751340003,-187500.02235174447,-187500.02235174447,-187500.02235174447,-187500.02235174447
$SILENCE,2235.1967972751618,-7716.202165627738,7211.745645015913,12197.838687639081,-187500.02235174447,-187500.02235174447,-187500.02235174447,-187500.02235174447
$SILENCE,1983.2255820304852,-7762.224407461215,6692.984007952691,12254.52271157774,-187500.02235174447,-187500.02235174447,-187500.02235174447,-187500.02235174447
$SILENCE,1982.9573610970215,-7804.692721926299,6558.20298888719,12245.38084809552,-187500.02235174447,-187500.02235174447,-187500.02235174447,-187500.02235174447
$SILENCE,2255.380422518304,-7754.848331790964,7122.31631545023,12180.806658364138,-187500.02235174447,-187500.02235174447,-187500.02235174447,-187500.02235174447
$SILENCE,2262.957663888653,-7714.794005727054,7258.48314267196,12187.489829956274,-187500.02235174447,-187500.02235174447,-187500.02235174447,-187500.02235174447
$SILENCE,2025.291565095373,-7749.48391312169,6784.715567197271,12247.861891730057,-187500.02235174447,-187500.02235174447,-187500.02235174447,-187500.02235174447
$SILENCE,1947.0604595017983,-7802.25638178067,6506.279886517512,12254.366249366552,-187500.02235174447,-187500.02235174447,-187500.02235174447,-187500.02235174447
$SILENCE,2220.7799221014884,-7767.924102297319,7022.6722386684705,12186.908684600436,-187500.02235174447,-187500.02235174447,-187500.02235174447,-187500.02235174447
$SILENCE,2301.6932370297,-7718.750264495643,7294.692968689557,12182.863018854025,-187500.02235174447,-187500.02235174447,-187500.02235174447,-187500.02235174447
$SILENCE,2074.957141275065,-7741.727857795699,6890.104042304045,12238.429455569918,-187500.02235174447,-187500.02235174447,-187500.02235174447,-187500.02235174447
$SILENCE,1931.9283285055553,-7799.68593116831,6494.925200334215,12260.602386069582,-187500.02235174447,-187500.02235174447,-187500.02235174447,-187500.02235174447
$SILENCE,2176.5011163355252,-7780.306968725559,6919.787158940692,12201.571428963118,-187500.02235174447,-187500.02235174447,-187500.02235174447,-187500.02235174447
$SILENCE,2309.8963272447977,-7719.152595895839,7305.6006199837475,12182.930074087391,-187500.02235174447,-187500.02235174447,-187500.02235174447,-187500.02235174447
$SILENCE,2113.5362522049254,-7731.535462324079,6981.969712015357,12226.158347863955,-187500.02235174447,-187500.02235174447,-187500.02235174447,-187500.02235174447
$SILENCE,1922.6747063010582,-7790.834640364009,6504.692912661185,12265.43036287193,-187500.02235174447,-187500.02235174447,-187500.02235174447,-187500.02235174447
$SILENCE,2119.2359470410283,-7787.995968818184,6807.335532586042,12214.75895819175,-187500.02235174447,-187500.02235174447,-187500.02235174447,-187500.02235174447
$SILENCE,2305.7389027761105,-7721.745398252654,7286.7580994079235,12173.944672816358,-187500.02235174447,-187500.02235174447,-187500.02235174447,-187500.02235174447
$SILENCE,2164.185305140651,-7718.683209262277,7076.763460250314,12221.218612339331,-187500.02235174447,-187500.02235174447,-187500.02235174447,-187500.02235174447
$SILENCE,1939.036183242343,-7777.535352413101,6551.385706828321,12271.711203063871,-187500.02235174447,-187500.02235174447,-187500.02235174447,-187500.02235174447
$SILENCE,2067.6034173492694,-7794.902657854875,6702.125871434912,12231.075731644123,-187500.02235174447,-187500.02235174447,-187500.02235174447,-187500.02235174447
$SILENCE,2301.2238503961385,-7732.898918735853,7247.597843122226,12180.337271730576,-187500.02235174447,-187500.02235174447,-187500.02235174447,-187500.02235174447
$SILENCE,2204.798424815944,-7716.984476683674,7154.771048399335,12209.595705222573,-187500.02235174447,-187500.02235174447,-187500.02235174447,-187500.02235174447
$SILENCE,1961.9020178201222,-7766.694756352277,6618.530347172064,12263.66457505996,-187500.02235174447,-187500.02235174447,-187500.02235174447,-187500.02235174447
$SILENCE,2022.1176173827193,-7798.54599220109,6609.276724967566,12239.368228837042,-187500.02235174447,-187500.02235174447,-187500.02235174447,-187500.02235174447
$SILENCE,2281.2413908530943,-7742.018430473618,7185.437641792017,12179.443201952363,-187500.02235174447,-187500.02235174447,-187500.02235174447,-187500.02235174447
$SILENCE,2236.5826054313907,-7712.2012033702385,7221.200432920508,12195.983492849291,-187500.02235174447,-187500.02235174447,-187500.02235174447,-187500.02235174447
$SILENCE,1997.2177740595073,-7757.642299847877,6710.284258161099,12253.986269710813,-187500.02235174447,-187500.02235174447,-187500.02235174447,-187500.02235174447
$SILENCE,1981.7950703853453,-7800.222373035237,6541.796808456995,12250.700563275883,-187500.02235174447,-187500.02235174447,-187500.02235174447,-187500.02235174447
$SILENCE,2250.887721882787,-7752.836674789986,7100.523364606305,12184.829972366093,-187500.02235174447,-187500.02235174447,-187500.02235174447,-187500.02235174447
$SILENCE,2271.1384023592955,-7712.111796392417,7269.100221288231,12186.50635320024,-187500.02235174447,-187500.02235174447,-187500.02235174447,-187500.02235174447
$SILENCE,2037.7638385014343,-7744.700639808255,6805.972076174268,12245.760827751259,-187500.02235174447,-187500.02235174447,-187500.02235174447,-187500.02235174447
$SILENCE,1952.2684159598848,-7799.30595151257,6503.865898116338,12262.971670981846,-187500.02235174447,-187500.02235174447,-187500.02235174447,-187500.02235174447
$SILENCE,2216.4213319327037,-7767.745288341676,7005.483747182339,12198.88921962848,-187500.02235174447,-187500.02235174447,-187500.02235174447,-187500.02235174447
$SILENCE,2300.083911428918,-7714.637543515867,7296.056425101331,12183.108888043034,-187500.02235174447,-187500.02235174447,-187500.02235174447,-187500.02235174447
$SILENCE,2080.5897808778027,-7736.586956570978,6909.013618113234,12231.813339211147,-187500.02235174447,-187500.02235174447,-187500.02235174447,-187500.02235174447
$SILENCE,1926.5639098362817,-7793.293332254092,6488.040863041981,12260.311813391663,-187500.02235174447,-187500.02235174447,-187500.02235174447,-187500.02235174447
$SILENCE,2168.454488331615,-7779.234084991705,6893.367396994519,12204.879487142503,-187500.02235174447,-187500.02235174447,-187500.02235174447,-187500.02235174447
$SILENCE,2318.1664726932613,-7717.856194717431,7300.929105392588,12179.93494033038,-187500.02235174447,-187500.02235174447,-187500.02235174447,-187500.02235174447
$SILENCE,2138.5255025059587,-7728.1156454224165,7003.114462270077,12225.644257741484,-187500.02235174447,-187500.02235174447,-187500.02235174447,-187500.02235174447
$SILENCE,1940.6678605875804,-7786.721919384232,6510.437310986199,12268.157275695477,-187500.02235174447,-187500.02235174447,-187500.02235174447,-187500.02235174447
$SILENCE,2119.638278441224,-7790.521715941634,6780.334625284032,12217.307057059654,-187500.02235174447,-187500.02235174447,-187500.02235174447,-187500.02235174447
$SILENCE,2314.6125453248674,-7726.573375055001,7280.9466458495435,12177.297434484653,-187500.02235174447,-187500.02235174447,-187500.02235174447,-187500.02235174447
$SILENCE,2178.0657384473966,-7719.823148229498,7096.097719204155,12215.1836413364,-187500.02235174447,-187500.02235174447,-187500.02235174447,-187500.02235174447
$SILENCE,1944.2217879559742,-7774.942550056286,6566.853113991394,12264.692755304904,-187500.02235174447,-187500.02235174447,-187500.02235174447,-187500.02235174447
$SILENCE,2061.1437632016855,-7797.49546021169,6683.596275281463,12231.031028155212,-187500.02235174447,-187500.02235174447,-187500.02235174447,-187500.02235174447
$SILENCE,2304.9342399757197,-7735.24585190366,7236.779598805857,12177.83387635158,-187500.02235174447,-187500.02235174447,-187500.02235174447,-187500.02235174447
$SILENCE,2215.862538321321,-7715.017523171607,7172.630092219126,12202.17492606341,-187500.02235174447,-187500.02235174447,-187500.02235174447,-187500.02235174447
$SILENCE,1973.9496080815327,-7766.247721463171,6640.613870693907,12257.42843835693,-187500.02235174447,-187500.02235174447,-187500.02235174447,-187500.02235174447
$SILENCE,2018.0943033807641,-7802.077567825028,6594.904553282804,12236.104874146566,-187500.02235174447,-187500.02235174447,-187500.02235174447,-187500.02235174447
$SILENCE,2284.996483921586,-7747.159331698339,7169.791420673302,12173.855265838536,-187500.02235174447,-187500.02235174447,-187500.02235174447,-187500.02235174447
$SILENCE,2268.9702831471304,-7718.437340073269,7235.237328438441,12189.166210790421,-187500.02235174447,-187500.02235174447,-187500.02235174447,-187500.02235174447
$SILENCE,2038.2779286239063,-7763.498456895168,6732.099560749479,12244.084446917112,-187500.02235174447,-187500.02235174447,-187500.02235174447,-187500.02235174447
$SILENCE,2009.645343976658,-7811.35354177398,6534.174863597735,12239.301173603675,-187500.02235174447,-187500.02235174447,-187500.02235174447,-187500.02235174447
$SILENCE,2285.756443233066,-7765.532465640601,7086.531172577283,12174.79403910566,-187500.02235174447,-187500.02235174447,-187500.02235174447,-187500.02235174447
$SILENCE,2317.4065133817808,-7720.024313929595,7283.427689484083,12176.917454828914,-187500.02235174447,-187500.02235174447,-187500.02235174447,-187500.02235174447
$SILENCE,2085.8200890803446,-7751.137942211383,6837.488035856251,12233.690885745393,-187500.02235174447,-187500.02235174447,-187500.02235174447,-187500.02235174447
$SILENCE,1979.9622273400103,-7803.9551143592735,6507.688046418196,12253.941566221902,-187500.02235174447,-187500.02235174447,-187500.02235174447,-187500.02235174447
$SILENCE,2230.7935036174663,-7773.757907600154,6988.138793485021,12190.328501502097,-187500.02235174447,-187500.02235174447,-187500.02235174447,-187500.02235174447
$SILENCE,2323.4861878736247,-7717.05153191704,7304.863012416722,12175.956329817334,-187500.02235174447,-187500.02235174447,-187500.02235174447,-187500.02235174447
$SILENCE,2114.452673727593,-7736.542253082068,6935.61219401505,12229.332295576609,-187500.02235174447,-187500.02235174447,-187500.02235174447,-187500.02235174447
$SILENCE,1953.00602352691,-7796.221410777737,6503.329456249411,12262.748153537292,-187500.02235174447,-187500.02235174447,-187500.02235174447,-187500.02235174447
$SILENCE,2178.3339593808605,-7784.531448427612,6877.631768897983,12204.253638297754,-187500.02235174447,-187500.02235174447,-187500.02235174447,-187500.02235174447
$SILENCE,2334.237376956627,-7723.444130831258,7305.019474627909,12171.93301581538,-187500.02235174447,-187500.02235174447,-187500.02235174447,-187500.02235174447
$SILENCE,2162.0842411618523,-7728.76384601162,7036.083285341655,12218.581106493606,-187500.02235174447,-187500.02235174447,-187500.02235174447,-187500.02235174447
$SILENCE,1955.2859014613512,-7788.8676868519415,6531.984392641115,12261.451752358886,-187500.02235174447,-187500.02235174447,-187500.02235174447,-187500.02235174447
$SILENCE,2127.796665167411,-7795.640265421899,6767.035337333124,12213.462557013341,-187500.02235174447,-187500.02235174447,-187500.02235174447,-187500.02235174447
$SILENCE,2336.696068846711,-7731.490758835168,7277.258608014418,12167.149742501944,-187500.02235174447,-187500.02235174447,-187500.02235174447,-187500.02235174447
$SILENCE,2205.916012038709,-7724.137034909372,7119.12001599312,12199.93975161788,-187500.02235174447,-187500.02235174447,-187500.02235174447,-187500.02235174447
não,1972.6532069031248,-7779.144678013883,6592.356454414899,12254.500359833284,-187500.02235174447,-187500.02235174447,-187500.02235174447,-187500.02235174447
não,2076.1194319867413,-7802.97163760324,6669.112344874424,12220.950391405868,-187500.02235174447,-187500.02235174447,-187500.02235174447,-187500.02235174447
não,2325.2072721966833,-7742.577224085001,7231.124607458664,12166.367431446008,-187500.02235174447,-187500.02235174447,-187500.02235174447,-187500.02235174447
não,2257.950873130664,-7721.499529063646,7199.51924079886,12192.116641058523,-187500.02235174447,-187500.02235174447,-187500.02235174447,-187500.02235174447
não,2012.2157945890183,-7768.214674975237,6665.2007895947445,12248.621851041538,-187500.02235174447,-187500.02235174447,-187500.02235174447,-187500.02235174447
não,2034.768704744423,-7807.68785568331,6579.593608330919,12232.394484566985,-187500.02235174447,-187500.02235174447,-187500.02235174447,-187500.02235174447
não,2306.208289409672,-7755.4071254023465,7155.978042599922,12170.994242548257,-187500.02235174447,-187500.02235174447,-187500.02235174447,-187500.02235174447
não,2289.2880188570048,-7718.571450540001,7254.392773436639,12182.17011477591,-187500.02235174447,-187500.02235174447,-187500.02235174447,-187500.02235174447
não,2044.6928792825795,-7759.229273704204,6762.9896715867135,12238.451807314374,-187500.02235174447,-187500.02235174447,-187500.02235174447,-187500.02235174447
não,1999.8329281607782,-7809.855974895475,6532.543186252497,12240.463464315351,-187500.02235174447,-187500.02235174447,-187500.02235174447,-187500.02235174447
não,2273.865315182843,-7766.49359065218,7069.655605513526,12171.88831232647,-187500.02235174447,-187500.02235174447,-187500.02235174447,-187500.02235174447
não,2323.106208217884,-7719.197299384749,7293.888305889167,12171.061297781624,-187500.02235174447,-187500.02235174447,-187500.02235174447,-187500.02235174447
não,2097.800624108389,-7749.05922997704,6861.694975101349,12228.728798476315,-187500.02235174447,-187500.02235174447,-187500.02235174447,-187500.02235174447
não,1977.6599976611135,-7806.346751015992,6504.37998823881,12245.269089373243,-187500.02235174447,-187500.02235174447,-187500.02235174447,-187500.02235174447
não,2233.699230396656,-7781.804535604065,6972.961958999867,12182.594797920561,-187500.02235174447,-187500.02235174447,-187500.02235174447,-187500.02235174447
não,2347.6484236298115,-7723.846462231453,7322.275021347406,12168.222626235798,-187500.02235174447,-187500.02235174447,-187500.02235174447,-187500.02235174447
não,2144.1804938531513,-7741.526692095601,6968.469258364351,12217.105891359555,-187500.02235174447,-187500.02235174447,-187500.02235174447,-187500.02235174447
não,1967.7581748674127,-7802.614009691955,6511.1749185532235,12247.28074637422,-187500.02235174447,-187500.02235174447,-187500.02235174447,-187500.02235174447
não,2182.2455146605394,-7793.293332254092,6859.504504144729,12192.049585825156,-187500.02235174447,-187500.02235174447,-187500.02235174447,-187500.02235174447
não,2348.520141663568,-7728.987363456174,7309.311009563328,12162.858207566525,-187500.02235174447,-187500.02235174447,-187500.02235174447,-187500.02235174447
não,2187.185250185162,-7731.714276279721,7061.899550187534,12205.482984242795,-187500.02235174447,-187500.02235174447,-187500.02235174447,-187500.02235174447
não,1973.0778900477756,-7789.292369996592,6551.810389972972,12249.672383030938,-187500.02235174447,-187500.02235174447,-187500.02235174447,-187500.02235174447
não,2134.211615826084,-7802.770471903143,6751.09854353649,12206.064129598633,-187500.02235174447,-187500.02235174447,-187500.02235174447,-187500.02235174447
não,2353.817505099476,-7740.72202929521,7279.24791327094,12163.998146533746,-187500.02235174447,-187500.02235174447,-187500.02235174447,-187500.02235174447
não,2237.990765332075,-7729.210880900727,7151.194769286486,12199.626827195505,-187500.02235174447,-187500.02235174447,-187500.02235174447,-187500.02235174447
não,2003.1186345957083,-7784.822021105531,6609.2096697342,12254.768580766748,-187500.02235174447,-187500.02235174447,-187500.02235174447,-187500.02235174447
não,2078.6898825991016,-7808.626628950433,6647.609966708418,12209.618056967027,-187500.02235174447,-187500.02235174447,-187500.02235174447,-187500.02235174447
não,2330.0352489990296,-7744.968860741718,7230.990496991933,12157.918472041902,-187500.02235174447,-187500.02235174447,-187500.02235174447,-187500.02235174447
não,2273.932370416209,-7720.806624985532,7237.807779050801,12184.360585732531,-187500.02235174447,-187500.02235174447,-187500.02235174447,-187500.02235174447
não,2027.0573529073422,-7771.723898854721,6698.3037231330545,12232.796815967182,-187500.02235174447,-187500.02235174447,-187500.02235174447,-187500.02235174447
não,2037.0485826788645,-7814.527489486634,6566.897817480304,12218.89403091598,-187500.02235174447,-187500.02235174447,-187500.02235174447,-187500.02235174447
não,2315.953649992186,-7765.86774180743,7134.676830134014,12158.656079608927,-187500.02235174447,-187500.02235174447,-187500.02235174447,-187500.02235174447
não,2306.7223795321443,-7725.05345643204,7259.645433383636,12166.903873312936,-187500.02235174447,-187500.02235174447,-187500.02235174447,-187500.02235174447
não,2071.4702691400375,-7762.850256305964,6786.302541053598,12227.924135675925,-187500.02235174447,-187500.02235174447,-187500.02235174447,-187500.02235174447
não,2013.2216230895071,-7814.728655186732,6525.591793726897,12229.108778132055,-187500.02235174447,-187500.02235174447,-187500.02235174447,-187500.02235174447
não,2283.5436205319907,-7777.088317523995,7049.628442481571,12156.68912609686,-187500.02235174447,-187500.02235174447,-187500.02235174447,-187500.02235174447
não,2341.054659015496,-7723.287668620071,7304.527736249893,12142.987506745758,-187500.02235174447,-187500.02235174447,-187500.02235174447,-187500.02235174447
não,2121.9852116090315,-7750.377982899903,6902.196336054366,12220.972743150323,-187500.02235174447,-187500.02235174447,-187500.02235174447,-187500.02235174447
não,1984.0078930864208,-7808.537221972611,6508.693874918685,12241.55869979366,-187500.02235174447,-187500.02235174447,-187500.02235174447,-187500.02235174447
não,2224.400904703248,-7785.626683905922,6933.9805166698125,12171.21775999281,-187500.02235174447,-187500.02235174447,-187500.02235174447,-187500.02235174447
não,2356.633824900845,-7730.328468123493,7311.367370053216,12153.246957450743,-187500.02235174447,-187500.02235174447,-187500.02235174447,-187500.02235174447
não,2166.28636911945,-7742.0854857069835,6987.311778940175,12204.566562720129,-187500.02235174447,-187500.02235174447,-187500.02235174447,-187500.02235174447
não,1992.9485908685435,-7800.177669546327,6523.24486055909,12245.38084809552,-187500.02235174447,-187500.02235174447,-187500.02235174447,-187500.02235174447
não,2183.1619361832068,-7796.243762522193,6835.699896299827,12181.633672908983,-187500.02235174447,-187500.02235174447,-187500.02235174447,-187500.02235174447
não,2360.1877522692384,-7738.822131016509,7308.01460838492,12143.389838145953,-187500.02235174447,-187500.02235174447,-187500.02235174447,-187500.02235174447
não,2208.084131250874,-7737.548081582557,7081.479678330384,12188.808582879137,-187500.02235174447,-187500.02235174447,-187500.02235174447,-187500.02235174447
não,1986.4889367209598,-7792.488669453701,6560.706384266185,12237.490682302796,-187500.02235174447,-187500.02235174447,-187500.02235174447,-187500.02235174447
não,2122.521653475959,-7803.441024236802,6722.756531567161,12195.491754471273,-187500.02235174447,-187500.02235174447,-187500.02235174447,-187500.02235174447
não,2347.469609674169,-7742.465465362724,7274.129363790676,12148.307221926121,-187500.02235174447,-187500.02235174447,-187500.02235174447,-187500.02235174447
não,2251.804143405455,-7731.6919245352665,7167.064507849755,12188.36154799003,-187500.02235174447,-187500.02235174447,-187500.02235174447,-187500.02235174447
não,2002.068102606309,-7785.000835061173,6605.633390621351,12235.479025301818,-187500.02235174447,-187500.02235174447,-187500.02235174447,-187500.02235174447
não,2063.803620791867,-7814.996876120195,6621.458425695709,12208.455766255353,-187500.02235174447,-187500.02235174447,-187500.02235174447,-187500.02235174447
não,2326.5930803529122,-7756.792933558576,7200.480365810438,12149.827140549081,-187500.02235174447,-187500.02235174447,-187500.02235174447,-187500.02235174447
não,2280.9731699196304,-7727.668610533311,7220.3734183756615,12178.660890896428,-187500.02235174447,-187500.02235174447,-187500.02235174447,-187500.02235174447
não,2026.386800573683,-7770.181628487305,6696.783804510093,12228.147653120477,-187500.02235174447,-187500.02235174447,-187500.02235174447,-187500.02235174447
não,2016.0826463797864,-7816.114463342961,6548.323517837945,12220.548060005673,-187500.02235174447,-187500.02235174447,-187500.02235174447,-187500.02235174447
não,2296.4852805716137,-7770.718070354233,7118.605925870648,12165.607472134529,-187500.02235174447,-187500.02235174447,-187500.02235174447,-187500.02235174447
não,2311.4833011011247,-7727.132168666383,7271.20128526703,12169.697841369849,-187500.02235174447,-187500.02235174447,-187500.02235174447,-187500.02235174447
não,2069.6150743502467,-7764.303119695559,6799.0877388820345,12222.738530962293,-187500.02235174447,-187500.02235174447,-187500.02235174447,-187500.02235174447
não,1992.613314701714,-7818.662562210866,6510.593773197386,12234.18262412341,-187500.02235174447,-187500.02235174447,-187500.02235174447,-187500.02235174447
não,2258.1743905752173,-7784.330282727514,7019.632401422549,12166.568597146106,-187500.02235174447,-187500.02235174447,-187500.02235174447,-187500.02235174447
não,2326.4813216306356,-7730.216709401216,7294.201230311541,12155.728001085283,-187500.02235174447,-187500.02235174447,-187500.02235174447,-187500.02235174447
não,2112.0386853264195,-7753.708392823743,6900.899934875958,12217.709388459849,-187500.02235174447,-187500.02235174447,-187500.02235174447,-187500.02235174447
não,1972.0273580583762,-7809.274829539637,6501.965999837637,12244.218557383843,-187500.02235174447,-187500.02235174447,-187500.02235174447,-187500.02235174447
não,2207.8159103174103,-7794.522678199134,6912.254621059254,12178.973815318801,-187500.02235174447,-187500.02235174447,-187500.02235174447,-187500.02235174447
não,2339.6241473703562,-7735.8046455150425,7299.945628636555,12156.130332485478,-187500.02235174447,-187500.02235174447,-187500.02235174447,-187500.02235174447
não,2154.1046683913078,-7745.594709586467,6996.81127033368,12201.951408618857,-187500.02235174447,-187500.02235174447,-187500.02235174447,-187500.02235174447
não,1954.7047561055133,-7807.956076616773,6510.079683074914,12242.542176549696,-187500.02235174447,-187500.02235174447,-187500.02235174447,-187500.02235174447
não,2138.145522850218,-7805.698550426788,6793.544506257118,12191.177867791399,-187500.02235174447,-187500.02235174447,-187500.02235174447,-187500.02235174447
não,2336.98664152463,-7742.756038040643,7284.232352284474,12151.704687083327,-187500.02235174447,-187500.02235174447,-187500.02235174447,-187500.02235174447
não,2202.406788159226,-7740.38675312838,7088.699291789448,12193.345987003564,-187500.02235174447,-187500.02235174447,-187500.02235174447,-187500.02235174447
não,1974.4636982040047,-7798.4342334788125,6562.136895911324,12240.910499204458,-187500.02235174447,-187500.02235174447,-187500.02235174447,-187500.02235174447
não,2095.4983944294922,-7816.3379807875135,6694.861554486937,12205.348873776064,-187500.02235174447,-187500.02235174447,-187500.02235174447,-187500.02235174447
não,2336.3607926798813,-7753.663689334833,7246.390848921639,12158.477265653286,-187500.02235174447,-187500.02235174447,-187500.02235174447,-187500.02235174447
não,2235.0179833195193,-7738.062171705029,7167.8915223946005,12179.93494033038,-187500.02235174447,-187500.02235174447,-187500.02235174447,-187500.02235174447
não,1987.9865035994655,-7792.309855498059,6636.2552805251225,12235.590784024094,-187500.02235174447,-187500.02235174447,-187500.02235174447,-187500.02235174447
não,2043.1059054262528,-7823.132911101928,6606.192184232734,12214.401330280463,-187500.02235174447,-187500.02235174447,-187500.02235174447,-187500.02235174447
não,2306.431806854225,-7766.0912592519835,7177.949807399489,12156.085628996567,-187500.02235174447,-187500.02235174447,-187500.02235174447,-187500.02235174447
não,2266.891570912787,-7734.620003058912,7228.308287657295,12172.625919893495,-187500.02235174447,-187500.02235174447,-187500.02235174447,-187500.02235174447
não,2020.8212162043114,-7780.306968725559,6721.102502477468,12234.406141567963,-187500.02235174447,-187500.02235174447,-187500.02235174447,-187500.02235174447
não,2001.0175706169096,-7828.273812326648,6542.713229979662,12229.555813021161,-187500.02235174447,-187500.02235174447,-187500.02235174447,-187500.02235174447
não,2270.445498281181,-7780.77635535912,7094.197820925453,12159.416038920408,-187500.02235174447,-187500.02235174447,-187500.02235174447,-187500.02235174447
não,2284.2141728656497,-7732.071904191006,7262.238235740452,12147.077875981078,-187500.02235174447,-187500.02235174447,-187500.02235174447,-187500.02235174447
não,2045.9445769720767,-7766.672404607822,6802.485204039241,12207.449937754864,-187500.02235174447,-187500.02235174447,-187500.02235174447,-187500.02235174447
não,1958.7280701074685,-7825.278678569637,6497.540354435487,12242.720990505337,-187500.02235174447,-187500.02235174447,-187500.02235174447,-187500.02235174447
não,2221.852805835343,-7794.857954365963,6992.117403998066,12174.950501316847,-187500.02235174447,-187500.02235174447,-187500.02235174447,-187500.02235174447
não,2311.2374319121163,-7740.543215339568,7301.219678070507,12159.818370320603,-187500.02235174447,-187500.02235174447,-187500.02235174447,-187500.02235174447
não,2084.478984413026,-7761.062116749539,6913.685132704393,12207.919324388424,-187500.02235174447,-187500.02235174447,-187500.02235174447,-187500.02235174447
não,1919.4337033550387,-7819.668390711355,6481.111822260836,12237.490682302796,-187500.02235174447,-187500.02235174447,-187500.02235174447,-187500.02235174447
não,2145.7451159650227,-7806.480861482723,6870.009824038723,12173.609396649528,-187500.02235174447,-187500.02235174447,-187500.02235174447,-187500.02235174447
não,2292.4843183141134,-7745.1923781862715,7286.221657540997,12139.813559033104,-187500.02235174447,-187500.02235174447,-187500.02235174447,-187500.02235174447
não,2114.1621010496738,-7756.323546925015,7007.607162905594,12188.383899734486,-187500.02235174447,-187500.02235174447,-187500.02235174447,-187500.02235174447
não,1907.296706115807,-7820.0930738560055,6510.482014475109,12233.80264446767,-187500.02235174447,-187500.02235174447,-187500.02235174447,-187500.02235174447
não,2072.5878563628025,-7818.394341277402,6752.216130759255,12182.237170009277,-187500.02235174447,-187500.02235174447,-187500.02235174447,-187500.02235174447
não,2259.4931434980804,-7752.188474200782,7247.933119289055,12131.945744984836,-187500.02235174447,-187500.02235174447,-187500.02235174447,-187500.02235174447
não,2124.890938388221,-7748.612195087933,7080.004463196334,12168.915530313914,-187500.02235174447,-187500.02235174447,-187500.02235174447,-187500.02235174447
não,1888.5435925178044,-7807.106710327472,6547.764724226561,12219.095196616077,-187500.02235174447,-187500.02235174447,-187500.02235174447,-187500.02235174447
não,1995.0496548473425,-7826.508024514678,6644.860702140415,12178.88440834098,-187500.02235174447,-187500.02235174447,-187500.02235174447,-187500.02235174447
não,2237.051992064952,-7767.432363919302,7200.61447627717,12127.050712949123,-187500.02235174447,-187500.02235174447,-187500.02235174447,-187500.02235174447
não,2150.3272235783606,-7755.138904468883,7142.4775889489165,12147.971945759291,-187500.02235174447,-187500.02235174447,-187500.02235174447,-187500.02235174447
não,1893.2151071089636,-7800.289428268604,6611.109568012902,12198.777460906203,-187500.02235174447,-187500.02235174447,-187500.02235174447,-187500.02235174447
não,1931.52599710536,-7828.0726466265505,6562.159247655779,12191.759013147237,-187500.02235174447,-187500.02235174447,-187500.02235174447,-187500.02235174447
não,2192.48261362107,-7766.650052863366,7135.45914118995,12132.839814763049,-187500.02235174447,-187500.02235174447,-187500.02235174447,-187500.02235174447
não,2155.155200380707,-7738.777427527599,7196.211182619475,12137.578384587572,-187500.02235174447,-187500.02235174447,-187500.02235174447,-187500.02235174447
não,1905.4415113260166,-7786.096070539484,6688.804231739549,12189.501486957251,-187500.02235174447,-187500.02235174447,-187500.02235174447,-187500.02235174447
não,1862.6155689496482,-7830.911318172374,6481.625912383308,12202.89018188598,-187500.02235174447,-187500.02235174447,-187500.02235174447,-187500.02235174447
não,2132.5352349919362,-7784.084413538506,7025.91324161449,12146.183806202866,-187500.02235174447,-187500.02235174447,-187500.02235174447,-187500.02235174447
não,2164.922912707676,-7748.925119510308,7234.410313893594,12130.470529850785,-187500.02235174447,-187500.02235174447,-187500.02235174447,-187500.02235174447
não,1933.8505785287118,-7775.6354541344,6800.272381338165,12196.832859138593,-187500.02235174447,-187500.02235174447,-187500.02235174447,-187500.02235174447
não,1827.7244958549138,-7808.961905117262,6463.94568251916,12226.426568797418,-187500.02235174447,-187500.02235174447,-187500.02235174447,-187500.02235174447
não,2079.539248888403,-7791.639303164399,6928.034952644701,12148.083704481567,-187500.02235174447,-187500.02235174447,-187500.02235174447,-187500.02235174447
não,2180.1668024261958,-7738.062171705029,7257.142038004642,12135.723189797782,-187500.02235174447,-187500.02235174447,-187500.02235174447,-187500.02235174447
não,1973.8602011037115,-7755.161256213339,6893.523859205707,12194.240056781777,-187500.02235174447,-187500.02235174447,-187500.02235174447,-187500.02235174447
não,1806.982077000389,-7817.321457543548,6445.930176488183,12235.769597979737,-187500.02235174447,-187500.02235174447,-187500.02235174447,-187500.02235174447
não,2023.6598877501356,-7812.538184230111,6808.140195386433,12169.608434392028,-187500.02235174447,-187500.02235174447,-187500.02235174447,-187500.02235174447
não,2185.1959449286396,-7748.634546832389,7249.296575700829,12138.941840999347,-187500.02235174447,-187500.02235174447,-187500.02235174447,-187500.02235174447
não,2015.032114390387,-7752.613157345433,6989.412842918974,12187.333367745086,-187500.02235174447,-187500.02235174447,-187500.02235174447,-187500.02235174447
não,1802.9364112539783,-7809.073663839539,6484.308121717945,12237.200109624877,-187500.02235174447,-187500.02235174447,-187500.02235174447,-187500.02235174447
não,1962.9525498095215,-7812.180556318826,6700.89652548987,12182.55009443165,-187500.02235174447,-187500.02235174447,-187500.02235174447,-187500.02235174447
não,2174.355348867816,-7749.260395677137,7216.5512700738045,12137.757198543215,-187500.02235174447,-187500.02235174447,-187500.02235174447,-187500.02235174447
não,2054.6170538207357,-7736.274032148604,7074.707099760426,12182.50539094274,-187500.02235174447,-187500.02235174447,-187500.02235174447,-187500.02235174447
não,1816.1462922270648,-7796.511983455656,6537.527625266031,12234.875528201525,-187500.02235174447,-187500.02235174447,-187500.02235174447,-187500.02235174447
não,1916.550328320304,-7824.809291936075,6607.488585411142,12202.152574318956,-187500.02235174447,-187500.02235174447,-187500.02235174447,-187500.02235174447
não,2172.2095814001063,-7768.326433697514,7170.953711384977,12154.40924816242,-187500.02235174447,-187500.02235174447,-187500.02235174447,-187500.02235174447
não,2099.2758392424394,-7745.77352354211,7140.957670325955,12167.417963435408,-187500.02235174447,-187500.02235174447,-187500.02235174447,-187500.02235174447
não,1853.5407607007935,-7782.519791426635,6619.245602994633,12234.249679356775,-187500.02235174447,-187500.02235174447,-187500.02235174447,-187500.02235174447
não,1868.8964091415894,-7822.372951790447,6520.406189013266,12218.335237304598,-187500.02235174447,-187500.02235174447,-187500.02235174447,-187500.02235174447
não,2140.3359938068384,-7771.098050009972,7091.135631935076,12153.671640595394,-187500.02235174447,-187500.02235174447,-187500.02235174447,-187500.02235174447
não,2130.5235779909585,-7732.1613111688275,7200.301551854796,12166.412134934919,-187500.02235174447,-187500.02235174447,-187500.02235174447,-187500.02235174447
não,1885.4367000385166,-7771.388622687891,6710.731293050206,12224.481967029807,-187500.02235174447,-187500.02235174447,-187500.02235174447,-187500.02235174447
não,1827.0986470101652,-7823.714056457765,6464.571531363908,12231.813339211147,-187500.02235174447,-187500.02235174447,-187500.02235174447,-187500.02235174447
não,2097.3088857303724,-7786.498401939679,6994.710206354882,12165.920396556903,-187500.02235174447,-187500.02235174447,-187500.02235174447,-187500.02235174447
não,2153.858799202299,-7739.872663005908,7232.711581314991,12157.292623197154,-187500.02235174447,-187500.02235174447,-187500.02235174447,-187500.02235174447
não,1932.3977151391168,-7769.555779642556,6813.504614055707,12215.965952392335,-187500.02235174447,-187500.02235174447,-187500.02235174447,-187500.02235174447
não,1810.1336729685872,-7822.238841323715,6446.064286954915,12241.13401664901,-187500.02235174447,-187500.02235174447,-187500.02235174447,-187500.02235174447
não,2060.8755422682216,-7799.708282912766,6895.6472749289605,12177.096268784557,-187500.02235174447,-187500.02235174447,-187500.02235174447,-187500.02235174447
não,2178.6915872921454,-7739.3809246278915,7249.609500123203,12165.071030267602,-187500.02235174447,-187500.02235174447,-187500.02235174447,-187500.02235174447
não,1970.418032457594,-7753.641337590378,6906.085539589589,12214.84836516957,-187500.02235174447,-187500.02235174447,-187500.02235174447,-187500.02235174447
não,1787.111376179621,-7816.539146487612,6445.326679387889,12243.883281217013,-187500.02235174447,-187500.02235174447,-187500.02235174447,-187500.02235174447
não,1999.6317624606804,-7808.269001039148,6778.747651427705,12190.50731545774,-187500.02235174447,-187500.02235174447,-187500.02235174447,-187500.02235174447
não,2183.9665989835976,-7745.907634008841,7238.880662784656,12158.45491390883,-187500.02235174447,-187500.02235174447,-187500.02235174447,-187500.02235174447
não,2027.9514226855545,-7749.014526488129,7001.52748841375,12206.198240065365,-187500.02235174447,-187500.02235174447,-187500.02235174447,-187500.02235174447
não,1828.5291586553049,-7805.430329493324,6517.612220956353,12253.740400521803,-187500.02235174447,-187500.02235174447,-187500.02235174447,-187500.02235174447
não,1957.230503228963,-7815.667428453855,6685.384414837888,12204.343045275575,-187500.02235174447,-187500.02235174447,-187500.02235174447,-187500.02235174447
não,2178.2669041474946,-7756.882340536397,7209.018732192366,12157.35967843052,-187500.02235174447,-187500.02235174447,-187500.02235174447,-187500.02235174447
não,2067.6704725826353,-7738.598613571956,7091.2920941462635,12197.659873683438,-187500.02235174447,-187500.02235174447,-187500.02235174447,-187500.02235174447
não,1820.1249027401095,-7795.774375888632,6536.566500254453,12250.700563275883,-187500.02235174447,-187500.02235174447,-187500.02235174447,-187500.02235174447
não,1896.6349240106256,-7820.003666878184,6568.082459936436,12227.164176364444,-187500.02235174447,-187500.02235174447,-187500.02235174447,-187500.02235174447
não,2161.614854528291,-7761.889131294386,7134.542719667283,12175.151667016944,-187500.02235174447,-187500.02235174447,-187500.02235174447,-187500.02235174447
não,2102.2039177660845,-7739.895014750364,7141.002373814867,12198.978626606302,-187500.02235174447,-187500.02235174447,-187500.02235174447,-187500.02235174447
não,1853.876036867623,-7783.413861204846,6625.2805739975665,12253.80745575517,-187500.02235174447,-187500.02235174447,-187500.02235174447,-187500.02235174447
não,1866.1471445735867,-7822.708227957276,6510.929049364216,12235.456673557363,-187500.02235174447,-187500.02235174447,-187500.02235174447,-187500.02235174447
não,2143.8228659418664,-7772.573265144023,7079.132745162577,12174.995204805757,-187500.02235174447,-187500.02235174447,-187500.02235174447,-187500.02235174447
não,2148.4720287885702,-7734.351782125447,7201.396787333106,12183.041832809668,-187500.02235174447,-187500.02235174447,-187500.02235174447,-187500.02235174447
não,1904.7262555034467,-7766.605349374456,6721.013095499647,12242.18454863841,-187500.02235174447,-187500.02235174447,-187500.02235174447,-187500.02235174447
não,1833.4688941799277,-7819.735445944721,6450.378173634788,12251.058191187167,-187500.02235174447,-187500.02235174447,-187500.02235174447,-187500.02235174447
não,2108.149481791196,-7784.978483316718,6969.51979035375,12185.03113806619,-187500.02235174447,-187500.02235174447,-187500.02235174447,-187500.02235174447
não,2173.7965552564333,-7735.6258315594005,7231.772808047868,12183.399460720953,-187500.02235174447,-187500.02235174447,-187500.02235174447,-187500.02235174447
não,1948.5580263803038,-7764.481933651202,6819.763102503193,12240.686981759905,-187500.02235174447,-187500.02235174447,-187500.02235174447,-187500.02235174447
não,1822.293021952274,-7816.472091254246,6435.603670549831,12259.685964546916,-187500.02235174447,-187500.02235174447,-187500.02235174447,-187500.02235174447
não,2073.2137052075514,-7791.505192697668,6875.307187474631,12197.726928916803,-187500.02235174447,-187500.02235174447,-187500.02235174447,-187500.02235174447
não,2203.5020236375362,-7732.876566991397,7257.7008316160245,12182.438335709374,-187500.02235174447,-187500.02235174447,-187500.02235174447,-187500.02235174447
não,2008.9971433874541,-7749.81918928852,6935.27691784822,12223.476138529319,-187500.02235174447,-187500.02235174447,-187500.02235174447,-187500.02235174447
não,1816.88389979409,-7811.666466196355,6455.452019626144,12255.260319144765,-187500.02235174447,-187500.02235174447,-187500.02235174447,-187500.02235174447
não,2014.2945068233619,-7807.039655094106,6756.798238372593,12209.528649989206,-187500.02235174447,-187500.02235174447,-187500.02235174447,-187500.02235174447
não,2196.818852045399,-7744.588881085978,7232.309249914796,12179.644367652461,-187500.02235174447,-187500.02235174447,-187500.02235174447,-187500.02235174447
não,2049.0514694513645,-7740.789084528576,7025.86853812558,12228.281763587209,-187500.02235174447,-187500.02235174447,-187500.02235174447,-187500.02235174447
não,1822.6730016080144,-7797.249591022682,6502.234220771101,12266.302080905687,-187500.02235174447,-187500.02235174447,-187500.02235174447,-187500.02235174447
não,1955.9564537950105,-7814.371027275447,6645.084219584968,12220.101025116566,-187500.02235174447,-187500.02235174447,-187500.02235174447,-187500.02235174447
não,2196.349465411838,-7751.115590466928,7189.528011027338,12176.537475173172,-187500.02235174447,-187500.02235174447,-187500.02235174447,-187500.02235174447
não,2095.5654496628586,-7736.698715293255,7099.673998317004,12207.718158688327,-187500.02235174447,-187500.02235174447,-187500.02235174447,-187500.02235174447
não,1851.0820688107096,-7787.437175206802,6567.814239002972,12262.926967492935,-187500.02235174447,-187500.02235174447,-187500.02235174447,-187500.02235174447
não,1913.8904707301226,-7818.953134888785,6559.544093554508,12241.961031193858,-187500.02235174447,-187500.02235174447,-187500.02235174447,-187500.02235174447
não,2181.2843896489608,-7760.793895816076,7137.291984235286,12175.643405394962,-187500.02235174447,-187500.02235174447,-187500.02235174447,-187500.02235174447
não,2137.251453072006,-7726.439264588269,7171.46780150745,12192.809545136637,-187500.02235174447,-187500.02235174447,-187500.02235174447,-187500.02235174447
não,1897.7525112333908,-7773.86966632243,6667.882998929382,12253.494531332795,-187500.02235174447,-187500.02235174447,-187500.02235174447,-187500.02235174447
não,1889.4376622960167,-7816.919126143352,6521.881404147316,12246.90076671848,-187500.02235174447,-187500.02235174447,-187500.02235174447,-187500.02235174447
não,2138.2796333169504,-7773.601445388967,7026.449683481417,12183.801792121149,-187500.02235174447,-187500.02235174447,-187500.02235174447,-187500.02235174447
não,2174.735328523556,-7729.210880900727,7207.051778680298,12203.56073421964,-187500.02235174447,-187500.02235174447,-187500.02235174447,-187500.02235174447
não,1940.0867152317423,-7760.2798056936035,6754.048973804591,12269.721897807349,-187500.02235174447,-187500.02235174447,-187500.02235174447,-187500.02235174447
não,1851.1714757885309,-7816.315629043059,6452.792162035962,12276.025089743745,-187500.02235174447,-187500.02235174447,-187500.02235174447,-187500.02235174447
não,2115.033819083431,-7781.782183859609,6953.560644812661,12206.399405765464,-187500.02235174447,-187500.02235174447,-187500.02235174447,-187500.02235174447
não,2196.7517968120333,-7727.489796577668,7245.34031693224,12193.345987003564,-187500.02235174447,-187500.02235174447,-187500.02235174447,-187500.02235174447
não,1980.7221866514906,-7752.791971301076,6860.353870434031,12250.968784209346,-187500.02235174447,-187500.02235174447,-187500.02235174447,-187500.02235174447
não,1838.073353537721,-7811.577059218534,6449.014717223015,12284.0493660032,-187500.02235174447,-187500.02235174447,-187500.02235174447,-187500.02235174447
não,2072.386690662705,-7794.522678199134,6848.485094128263,12217.32940880411,-187500.02235174447,-187500.02235174447,-187500.02235174447,-187500.02235174447
não,2215.1919859876616,-7735.1564449258385,7250.794142579334,12190.41790847992,-187500.02235174447,-187500.02235174447,-187500.02235174447,-187500.02235174447
não,2028.2196436190181,-7743.583052585489,6951.2360633893095,12239.122359648032,-187500.02235174447,-187500.02235174447,-187500.02235174447,-187500.02235174447
não,1833.5359494132936,-7801.809346891564,6460.905845273238,12280.227217701342,-187500.02235174447,-187500.02235174447,-187500.02235174447,-187500.02235174447
não,2023.9728121725097,-7800.982332346718,6734.558252639563,12235.769597979737,-187500.02235174447,-187500.02235174447,-187500.02235174447,-187500.02235174447
não,2220.6458116347567,-7740.073828706006,7226.542499845326,12193.301283514653,-187500.02235174447,-187500.02235174447,-187500.02235174447,-187500.02235174447
não,2082.154402989674,-7736.654011804344,7041.268890055286,12228.281763587209,-187500.02235174447,-187500.02235174447,-187500.02235174447,-187500.02235174447
não,1855.5747694462264,-7792.846297364986,6518.349828523377,12287.826810816146,-187500.02235174447,-187500.02235174447,-187500.02235174447,-187500.02235174447
não,1971.8932475916445,-7812.851108652486,6633.416608979298,12245.023220184234,-187500.02235174447,-187500.02235174447,-187500.02235174447,-187500.02235174447
não,2216.4883871660695,-7745.505302608646,7187.896333682101,12195.111774815534,-187500.02235174447,-187500.02235174447,-187500.02235174447,-187500.02235174447
não,2122.476949987048,-7725.858119232431,7117.8236148147125,12221.285667572698,-187500.02235174447,-187500.02235174447,-187500.02235174447,-187500.02235174447
$SILENCE,1876.2724848118407,-7780.0610995365505,6585.963855500681,12273.85697053158,-187500.02235174447,-187500.02235174447,-187500.02235174447,-187500.02235174447
$SILENCE,1926.0274679693543,-7814.1028063419835,6545.998936414592,12257.696659290394,-187500.02235174447,-187500.02235174447,-187500.02235174447,-187500.02235174447
$SILENCE,2196.349465411838,-7757.865817292431,7121.131672994098,12198.308074272642,-187500.02235174447,-187500.02235174447,-187500.02235174447,-187500.02235174447
$SILENCE,2162.3971655842265,-7728.33916286697,7180.1626301005645,12209.03691161119,-187500.02235174447,-187500.02235174447,-187500.02235174447,-187500.02235174447
$SILENCE,1914.1810434080414,-7767.812343575042,6672.263940842622,12268.38079314003,-187500.02235174447,-187500.02235174447,-187500.02235174447,-187500.02235174447
$SILENCE,1886.129604116631,-7812.091149341006,6481.0000635385595,12272.471162375352,-187500.02235174447,-187500.02235174447,-187500.02235174447,-187500.02235174447
$SILENCE,2162.9783109400646,-7769.600483131467,7035.792712663736,12205.035949353689,-187500.02235174447,-187500.02235174447,-187500.02235174447,-187500.02235174447
$SILENCE,2194.0025322440306,-7724.360552353925,7226.184871934041,12206.488812743284,-187500.02235174447,-187500.02235174447,-187500.02235174447,-187500.02235174447
$SILENCE,1962.5725701537813,-7755.138904468883,6778.524133983152,12273.119362964555,-187500.02235174447,-187500.02235174447,-187500.02235174447,-187500.02235174447
$SILENCE,1862.4367549940057,-7810.615934206955,6451.026374223992,12289.994930028312,-187500.02235174447,-187500.02235174447,-187500.02235174447,-187500.02235174447
$SILENCE,2121.091141830819,-7783.525619927123,6931.968859668835,12220.525708261217,-187500.02235174447,-187500.02235174447,-187500.02235174447,-187500.02235174447
$SILENCE,2209.9169742962094,-7724.628773287389,7243.663936098092,12195.424699237908,-187500.02235174447,-187500.02235174447,-187500.02235174447,-187500.02235174447
$SILENCE,1997.0389601038648,-7744.477122363702,6870.792135094659,12241.290478860197,-187500.02235174447,-187500.02235174447,-187500.02235174447,-187500.02235174447
$SILENCE,1845.3153187412404,-7804.692721926299,6444.074981698392,12278.304967678187,-187500.02235174447,-187500.02235174447,-187500.02235174447,-187500.02235174447
$SILENCE,2083.5625628903585,-7793.896829354386,6830.648402052928,12226.18069960841,-187500.02235174447,-187500.02235174447,-187500.02235174447,-187500.02235174447
$SILENCE,2230.994669317564,-7734.329430380993,7249.5424448898375,12195.044719582167,-187500.02235174447,-187500.02235174447,-187500.02235174447,-187500.02235174447
$SILENCE,2059.7803067899117,-7737.883357749386,6974.437174133918,12247.146635907488,-187500.02235174447,-187500.02235174447,-187500.02235174447,-187500.02235174447
$SILENCE,1858.4357927365056,-7799.596524190489,6475.970921036115,12291.447793417907,-187500.02235174447,-187500.02235174447,-187500.02235174447,-187500.02235174447
$SILENCE,2028.286698852384,-7805.519736471145,6715.603973341463,12245.447903328884,-187500.02235174447,-187500.02235174447,-187500.02235174447,-187500.02235174447
$SILENCE,2231.218186762117,-7736.989287971174,7224.5978980777145,12194.262408526232,-187500.02235174447,-187500.02235174447,-187500.02235174447,-187500.02235174447
$SILENCE,2104.349685233794,-7732.049552446551,7061.988957165356,12225.577202508117,-187500.02235174447,-187500.02235174447,-187500.02235174447,-187500.02235174447
$SILENCE,1875.1772493335307,-7785.671387394833,6531.7161717076515,12280.0484037457,-187500.02235174447,-187500.02235174447,-187500.02235174447,-187500.02235174447
$SILENCE,1980.6104279292142,-7806.480861482723,6622.240736751644,12251.66168828746,-187500.02235174447,-187500.02235174447,-187500.02235174447,-187500.02235174447
$SILENCE,2231.9110908402313,-7744.812398530531,7184.722385969447,12201.504373729751,-187500.02235174447,-187500.02235174447,-187500.02235174447,-187500.02235174447
$SILENCE,2146.549778765414,-7726.8192442440095,7138.767199369336,12219.542231505184,-187500.02235174447,-187500.02235174447,-187500.02235174447,-187500.02235174447
$SILENCE,1899.9206304455556,-7775.523695412123,6609.857870323404,12272.135886208522,-187500.02235174447,-187500.02235174447,-187500.02235174447,-187500.02235174447
$SILENCE,1932.5318256058486,-7809.475995239734,6534.666601975751,12256.064981945156,-187500.02235174447,-187500.02235174447,-187500.02235174447,-187500.02235174447
$SILENCE,2204.9995905160417,-7755.25066319116,7111.0733879892105,12197.548114961162,-187500.02235174447,-187500.02235174447,-187500.02235174447,-187500.02235174447
$SILENCE,2187.3640641408047,-7720.761921496621,7202.134394900131,12220.190432094389,-187500.02235174447,-187500.02235174447,-187500.02235174447,-187500.02235174447
$SILENCE,1939.5726251092703,-7760.995061516173,6703.355217379954,12279.91429327897,-187500.02235174447,-187500.02235174447,-187500.02235174447,-187500.02235174447
$SILENCE,1889.7505867183909,-7811.30883828507,6475.769755336018,12274.035784487223,-187500.02235174447,-187500.02235174447,-187500.02235174447,-187500.02235174447
$SILENCE,2164.9452644521316,-7768.684061608799,7018.403055477507,12202.353740019053,-187500.02235174447,-187500.02235174447,-187500.02235174447,-187500.02235174447
$SILENCE,2209.0005527735416,-7718.1914708842605,7236.645488339125,12201.437318496386,-187500.02235174447,-187500.02235174447,-187500.02235174447,-187500.02235174447
$SILENCE,1981.839773874256,-7747.986346243185,6798.752462715204,12261.18353142542,-187500.02235174447,-187500.02235174447,-187500.02235174447,-187500.02235174447
$SILENCE,1867.5106009853605,-7805.318570771047,6448.455923611632,12283.66938634746,-187500.02235174447,-187500.02235174447,-187500.02235174447,-187500.02235174447
$SILENCE,2127.3049267893944,-7781.066928037039,6917.596687984073,12216.99413263728,-187500.02235174447,-187500.02235174447,-187500.02235174447,-187500.02235174447
$SILENCE,2237.7448961430664,-7725.969877954707,7256.806761837812,12197.838687639081,-187500.02235174447,-187500.02235174447,-187500.02235174447,-187500.02235174447
$SILENCE,2035.2827948668953,-7743.068962463018,6903.9844756107905,12249.672383030938,-187500.02235174447,-187500.02235174447,-187500.02235174447,-187500.02235174447
$SILENCE,1862.5038102273716,-7805.273867282137,6454.46854287011,12281.52361887975,-187500.02235174447,-187500.02235174447,-187500.02235174447,-187500.02235174447
$SILENCE,2082.869658812244,-7799.216544534749,6800.562954016084,12223.56554550714,-187500.02235174447,-187500.02235174447,-187500.02235174447,-187500.02235174447
$SILENCE,2257.8838178972983,-7737.637488560377,7247.083752999753,12196.0281963382,-187500.02235174447,-187500.02235174447,-187500.02235174447,-187500.02235174447
$SILENCE,2092.7491298614896,-7740.878491506397,6995.850145322102,12237.937717191902,-187500.02235174447,-187500.02235174447,-187500.02235174447,-187500.02235174447
$SILENCE,1886.9789704059328,-7794.410919476858,6486.8115170969395,12270.57126409665,-187500.02235174447,-187500.02235174447,-187500.02235174447,-187500.02235174447
$SILENCE,2047.2186264060292,-7802.479899225224,6694.258057386644,12226.56067926415,-187500.02235174447,-187500.02235174447,-187500.02235174447,-187500.02235174447
$SILENCE,2263.4270505222144,-7738.777427527599,7222.7203515434685,12191.55784744714,-187500.02235174447,-187500.02235174447,-187500.02235174447,-187500.02235174447
$SILENCE,2142.392354296727,-7724.561718054023,7091.135631935076,12233.46736830084,-187500.02235174447,-187500.02235174447,-187500.02235174447,-187500.02235174447
$SILENCE,1895.718502487958,-7779.345843713981,6554.894930707805,12286.597464871105,-187500.02235174447,-187500.02235174447,-187500.02235174447,-187500.02235174447
$SILENCE,1973.4578697035158,-7805.855012637975,6602.437091164243,12256.914348234457,-187500.02235174447,-187500.02235174447,-187500.02235174447,-187500.02235174447
$SILENCE,2220.7352186125777,-7743.381886885391,7171.601911974181,12203.784251664192,-187500.02235174447,-187500.02235174447,-187500.02235174447,-187500.02235174447
$SILENCE,2154.3058340914054,-7718.6608575178225,7157.5650164562485,12226.873603686525,-187500.02235174447,-187500.02235174447,-187500.02235174447,-187500.02235174447
$SILENCE,1908.973086949955,-7768.974634286718,6629.50505369962,12284.697566592404,-187500.02235174447,-187500.02235174447,-187500.02235174447,-187500.02235174447
$SILENCE,1921.0653807002761,-7810.504175484679,6518.19336631219,12275.131019965533,-187500.02235174447,-187500.02235174447,-187500.02235174447,-187500.02235174447
$SILENCE,2201.1103869808185,-7758.268148692626,7090.755652279336,12212.054397112655,-187500.02235174447,-187500.02235174447,-187500.02235174447,-187500.02235174447
$SILENCE,2201.1997939586395,-7719.532575551579,7212.863232238678,12219.765748949738,-187500.02235174447,-187500.02235174447,-187500.02235174447,-187500.02235174447
$SILENCE,1962.0584800313093,-7757.418782403324,6732.9936305276915,12281.590674113117,-187500.02235174447,-187500.02235174447,-187500.02235174447,-187500.02235174447
$SILENCE,1896.5678687772595,-7807.397283005391,6472.3275866899,12272.42645888644,-187500.02235174447,-187500.02235174447,-187500.02235174447,-187500.02235174447
$SILENCE,2168.2086191426065,-7767.611177874945,6996.632456378038,12200.900876629457,-187500.02235174447,-187500.02235174447,-187500.02235174447,-187500.02235174447
$SILENCE,2226.8372448488767,-7718.616154028911,7243.641584353636,12198.665702183927,-187500.02235174447,-187500.02235174447,-187500.02235174447,-187500.02235174447
$SILENCE,2005.0408846188648,-7747.025221231606,6830.804864264115,12259.887130247012,-187500.02235174447,-187500.02235174447,-187500.02235174447,-187500.02235174447
$SILENCE,1875.333711544718,-7806.011474849162,6450.758153290529,12281.255397946286,-187500.02235174447,-187500.02235174447,-187500.02235174447,-187500.02235174447
$SILENCE,2124.6897726881234,-7784.151468771872,6890.0146353262235,12219.586934994095,-187500.02235174447,-187500.02235174447,-187500.02235174447,-187500.02235174447
$SILENCE,2244.7409921575777,-7725.835767487975,7255.24213972594,12200.207972551343,-187500.02235174447,-187500.02235174447,-187500.02235174447,-187500.02235174447
$SILENCE,2048.2021031620625,-7739.023296716607,6925.75507471026,12250.789970253703,-187500.02235174447,-187500.02235174447,-187500.02235174447,-187500.02235174447
$SILENCE,1864.2248945504302,-7797.808384634064,6458.223635938602,12296.879267320546,-187500.02235174447,-187500.02235174447,-187500.02235174447,-187500.02235174447
$SILENCE,2067.3128446713504,-7795.327340999525,6774.098488581001,12237.311868347153,-187500.02235174447,-187500.02235174447,-187500.02235174447,-187500.02235174447
$SILENCE,2251.2006463051616,-7734.418837358813,7244.24508145393,12198.866867884026,-187500.02235174447,-187500.02235174447,-187500.02235174447,-187500.02235174447
$SILENCE,2098.448824697593,-7729.47910183419,7025.734427658847,12234.070865401134,-187500.02235174447,-187500.02235174447,-187500.02235174447,-187500.02235174447
$SILENCE,1873.4785167549273,-7784.754965872165,6507.911563862749,12282.037709002223,-187500.02235174447,-187500.02235174447,-187500.02235174447,-187500.02235174447
$SILENCE,2017.3790475581943,-7798.702454412277,6676.577827522497,12242.877452716524,-187500.02235174447,-187500.02235174447,-187500.02235174447,-187500.02235174447
$SILENCE,2247.222035792117,-7737.10104669345,7209.219897892463,12193.658911425939,-187500.02235174447,-187500.02235174447,-187500.02235174447,-187500.02235174447
$SILENCE,2139.151351350707,-7723.310020364526,7099.763405294825,12227.99119090929,-187500.02235174447,-187500.02235174447,-187500.02235174447,-187500.02235174447
$SILENCE,1892.4998512863938,-7776.484820423701,6566.8754657358495,12286.798630571204,-187500.02235174447,-187500.02235174447,-187500.02235174447,-187500.02235174447
$SILENCE,1965.1430207661417,-7806.480861482723,6581.091175209424,12266.011508227768,-187500.02235174447,-187500.02235174447,-187500.02235174447,-187500.02235174447
$SILENCE,2230.01119256153,-7747.919291009819,7152.915853609545,12209.729815689305,-187500.02235174447,-187500.02235174447,-187500.02235174447,-187500.02235174447
$SILENCE,2177.3951861137375,-7722.080674419484,7167.668004950047,12231.388656066496,-187500.02235174447,-187500.02235174447,-187500.02235174447,-187500.02235174447
$SILENCE,1928.419104626072,-7767.812343575042,6648.325222530988,12288.966749783367,-187500.02235174447,-187500.02235174447,-187500.02235174447,-187500.02235174447
$SILENCE,1924.6193080686699,-7807.978428361229,6508.023322585025,12265.765639038758,-187500.02235174447,-187500.02235174447,-187500.02235174447,-187500.02235174447
$SILENCE,2200.730407325078,-7757.48583763669,7074.640044527059,12203.739548175281,-187500.02235174447,-187500.02235174447,-187500.02235174447,-187500.02235174447
$SILENCE,2208.7770353289884,-7716.850366216942,7220.731046286946,12209.41689126693,-187500.02235174447,-187500.02235174447,-187500.02235174447,-187500.02235174447
$SILENCE,1971.2673987468959,-7752.903730023352,6749.556273169073,12265.497418105295,-187500.02235174447,-187500.02235174447,-187500.02235174447,-187500.02235174447
$SILENCE,1895.9643716769663,-7807.374931260936,6463.409240652232,12276.874456033047,-187500.02235174447,-187500.02235174447,-187500.02235174447,-187500.02235174447
$SILENCE,2165.2358371300506,-7772.1932854882825,6975.085374723122,12215.742434947782,-187500.02235174447,-187500.02235174447,-187500.02235174447,-187500.02235174447
$SILENCE,2238.3260414989045,-7718.86202321792,7247.866064055689,12208.723987188816,-187500.02235174447,-187500.02235174447,-187500.02235174447,-187500.02235174447
$SILENCE,2018.9883731589764,-7744.588881085978,6847.099285972034,12259.417743613452,-187500.02235174447,-187500.02235174447,-187500.02235174447,-187500.02235174447
$SILENCE,1878.5747144907373,-7806.659675438366,6443.315022386912,12283.311758436175,-187500.02235174447,-187500.02235174447,-187500.02235174447,-187500.02235174447
$SILENCE,2119.70533367459,-7790.566419430545,6861.583216379073,12227.61121125355,-187500.02235174447,-187500.02235174447,-187500.02235174447,-187500.02235174447
$SILENCE,2251.49121898308,-7730.350819867947,7251.442343168538,12204.231286553299,-187500.02235174447,-187500.02235174447,-187500.02235174447,-187500.02235174447
$SILENCE,2064.384766147705,-7736.318735637515,6945.737534253304,12256.46731334535,-187500.02235174447,-187500.02235174447,-187500.02235174447,-187500.02235174447
$SILENCE,1880.876944169634,-7791.415785719846,6475.8368105693835,12307.183421514443,-187500.02235174447,-187500.02235174447,-187500.02235174447,-187500.02235174447
$SILENCE,2069.413908650149,-7789.784108374609,6765.180142543333,12243.011563183256,-187500.02235174447,-187500.02235174447,-187500.02235174447,-187500.02235174447
$SILENCE,2262.1306493438065,-7728.987363456174,7245.966165776988,12189.769707890715,-187500.02235174447,-187500.02235174447,-187500.02235174447,-187500.02235174447
$SILENCE,2119.3700575077605,-7729.367343111914,7042.073552855677,12228.70644673186,-187500.02235174447,-187500.02235174447,-187500.02235174447,-187500.02235174447
$SILENCE,1889.7952902073016,-7788.822983363031,6516.181709311213,12279.891941534514,-187500.02235174447,-187500.02235174447,-187500.02235174447,-187500.02235174447
$SILENCE,2015.1885766015741,-7804.7150736707545,6656.595367979452,12246.386676596008,-187500.02235174447,-187500.02235174447,-187500.02235174447,-187500.02235174447
$SILENCE,2251.11123932734,-7740.878491506397,7202.5814297892375,12197.0787283276,-187500.02235174447,-187500.02235174447,-187500.02235174447,-187500.02235174447
$SILENCE,2157.390374826238,-7724.628773287389,7119.343533437674,12225.979533908312,-187500.02235174447,-187500.02235174447,-187500.02235174447,-187500.02235174447
$SILENCE,1909.8895084726225,-7774.808439589553,6581.538210098531,12281.925950279947,-187500.02235174447,-187500.02235174447,-187500.02235174447,-187500.02235174447
$SILENCE,1962.2149422424964,-7807.576096961034,6558.180637142735,12265.609176827571,-187500.02235174447,-187500.02235174447,-187500.02235174447,-187500.02235174447
$SILENCE,2230.257061750539,-7753.44017189028,7132.21813824393,12200.69971092936,-187500.02235174447,-187500.02235174447,-187500.02235174447,-187500.02235174447
$SILENCE,2192.48261362107,-7724.0029244426405,7178.933284155522,12215.675379714416,-187500.02235174447,-187500.02235174447,-187500.02235174447,-187500.02235174447
$SILENCE,1952.4695816599826,-7766.135962740895,6674.543818777063,12286.642168360017,-187500.02235174447,-187500.02235174447,-187500.02235174447,-187500.02235174447
$SILENCE,1927.9273662480555,-7812.337018530014,6494.008778811548,12287.916217793969,-187500.02235174447,-187500.02235174447,-187500.02235174447,-187500.02235174447
$SILENCE,2200.417482902704,-7762.313814439037,7053.405887294518,12220.145728605477,-187500.02235174447,-187500.02235174447,-187500.02235174447,-187500.02235174447
$SILENCE,2225.5855471593795,-7715.755130738632,7236.153749961109,12218.871679171525,-187500.02235174447,-187500.02235174447,-187500.02235174447,-187500.02235174447
$SILENCE,1993.8873641356665,-7746.645241575867,6778.904113638892,12268.581958840128,-187500.02235174447,-187500.02235174447,-187500.02235174447,-187500.02235174447
$SILENCE,1896.4114065660724,-7803.105748069972,6459.587092350375,12272.42645888644,-187500.02235174447,-187500.02235174447,-187500.02235174447,-187500.02235174447
$SILENCE,2158.28444460445,-7773.7802593446095,6955.125266924533,12206.332350532097,-187500.02235174447,-187500.02235174447,-187500.02235174447,-187500.02235174447
$SILENCE,2248.563140459435,-7721.611287785922,7256.113857759698,12197.279894027699,-187500.02235174447,-187500.02235174447,-187500.02235174447,-187500.02235174447
$SILENCE,2039.4402193355822,-7744.052439219051,6873.183771751377,12254.18743541091,-187500.02235174447,-187500.02235174447,-187500.02235174447,-187500.02235174447
$SILENCE,1891.0469878967988,-7803.373969003435,6452.054554468937,12284.988139270323,-187500.02235174447,-187500.02235174447,-187500.02235174447,-187500.02235174447
$SILENCE,2118.4536359850927,-7787.1018990399725,6844.864111526503,12228.885260687503,-187500.02235174447,-187500.02235174447,-187500.02235174447,-187500.02235174447
$SILENCE,2262.7564981885553,-7725.858119232431,7259.176046750074,12202.800774908159,-187500.02235174447,-187500.02235174447,-187500.02235174447,-187500.02235174447
$SILENCE,2081.260333211462,-7736.34108738197,6970.3691566430525,12246.498435318284,-187500.02235174447,-187500.02235174447,-187500.02235174447,-187500.02235174447
$SILENCE,1878.1723830905419,-7799.015378834651,6471.522923889509,12284.362290425575,-187500.02235174447,-187500.02235174447,-187500.02235174447,-187500.02235174447
$SILENCE,2056.963986988543,-7803.172803303338,6729.842034559493,12239.882318959513,-187500.02235174447,-187500.02235174447,-187500.02235174447,-187500.02235174447
$SILENCE,2267.8079924354547,-7734.508244336635,7240.020601751877,12206.93584763239,-187500.02235174447,-187500.02235174447,-187500.02235174447,-187500.02235174447
$SILENCE,2135.3292030488496,-7723.935869209275,7065.654643256026,12246.029048684723,-187500.02235174447,-187500.02235174447,-187500.02235174447,-187500.02235174447
$SILENCE,1902.6922467580137,-7779.323491969525,6535.0018781425815,12292.0512905182,-187500.02235174447,-187500.02235174447,-187500.02235174447,-187500.02235174447
$SILENCE,2011.165262599619,-7802.055216080573,6634.578899690974,12249.359458608564,-187500.02235174447,-187500.02235174447,-187500.02235174447,-187500.02235174447
$SILENCE,2254.4863527400917,-7740.274994406104,7191.249095350397,12196.765803905226,-187500.02235174447,-187500.02235174447,-187500.02235174447,-187500.02235174447
$SILENCE,2170.3320348658604,-7720.001962185141,7137.671963891025,12223.789062951691,-187500.02235174447,-187500.02235174447,-187500.02235174447,-187500.02235174447
$SILENCE,1925.7592470358907,-7770.047518020573,6606.661570866296,12282.842371802613,-187500.02235174447,-187500.02235174447,-187500.02235174447,-187500.02235174447
$SILENCE,1959.7562503524127,-7806.033826593617,6546.870654448349,12267.66553731746,-187500.02235174447,-187500.02235174447,-187500.02235174447,-187500.02235174447
$SILENCE,2229.0053640610413,-7752.791971301076,7119.276478204308,12206.287647043187,-187500.02235174447,-187500.02235174447,-187500.02235174447,-187500.02235174447
$SILENCE,2203.0773404928855,-7718.549098795545,7193.461918051472,12221.12920536151,-187500.02235174447,-187500.02235174447,-187500.02235174447,-187500.02235174447
$SILENCE,1955.129439250164,-7761.263282449638,6691.41938584082,12281.85889504658,-187500.02235174447,-187500.02235174447,-187500.02235174447,-187500.02235174447
$SILENCE,1921.0430289558208,-7808.0007801056845,6487.727938619607,12281.680081090937,-187500.02235174447,-187500.02235174447,-187500.02235174447,-187500.02235174447
$SILENCE,2194.807195044422,-7762.783201072598,7034.719828929881,12210.310961045143,-187500.02235174447,-187500.02235174447,-187500.02235174447,-187500.02235174447
$SILENCE,2232.2016635181503,-7712.536479537068,7240.937023274544,12214.200164580365,-187500.02235174447,-187500.02235174447,-187500.02235174447,-187500.02235174447
$SILENCE,1998.3353612822727,-7744.521825852612,6797.791337703627,12268.313737906665,-187500.02235174447,-187500.02235174447,-187500.02235174447,-187500.02235174447
$SILENCE,1896.009075165877,-7801.183498046816,6460.056478983936,12287.200961971399,-187500.02235174447,-187500.02235174447,-187500.02235174447,-187500.02235174447
$SILENCE,2153.2553021020058,-7772.39445118838,6932.37119106903,12223.1855658514,-187500.02235174447,-187500.02235174447,-187500.02235174447,-187500.02235174447
$SILENCE,2255.1569050737507,-7715.732778994176,7258.706660116513,12207.047606354667,-187500.02235174447,-187500.02235174447,-187500.02235174447,-187500.02235174447
$SILENCE,2053.521818342426,-7736.855177504442,6895.580219695595,12263.619871571049,-187500.02235174447,-187500.02235174447,-187500.02235174447,-187500.02235174447
$SILENCE,1886.4201767945501,-7800.177669546327,6454.08856321437,12296.901619065002,-187500.02235174447,-187500.02235174447,-187500.02235174447,-187500.02235174447
$SILENCE,2105.936659090121,-7789.091204296495,6818.600811791517,12234.249679356775,-187500.02235174447,-187500.02235174447,-187500.02235174447,-187500.02235174447
$SILENCE,2263.0917743553846,-7727.981534955685,7253.498703658427,12196.69874867186,-187500.02235174447,-187500.02235174447,-187500.02235174447,-187500.02235174447
$SILENCE,2092.279743227928,-7729.948488467752,6993.570267387661,12244.33031610612,-187500.02235174447,-187500.02235174447,-187500.02235174447,-187500.02235174447
$SILENCE,1887.5377640173156,-7789.270018252137,6490.991293310081,12294.979369041845,-187500.02235174447,-187500.02235174447,-187500.02235174447,-187500.02235174447
$SILENCE,2052.895969497677,-7794.0309398211175,6718.107368720457,12250.857025487068,-187500.02235174447,-187500.02235174447,-187500.02235174447,-187500.02235174447
$SILENCE,2263.404698777759,-7729.836729745475,7234.097389471221,12207.047606354667,-187500.02235174447,-187500.02235174447,-187500.02235174447,-187500.02235174447
$SILENCE,2139.71014496209,-7720.471348818702,7083.960721964922,12243.503301561273,-187500.02235174447,-187500.02235174447,-187500.02235174447,-187500.02235174447
$SILENCE,1901.8875839576226,-7774.115535511439,6548.949366682693,12295.605217886594,-187500.02235174447,-187500.02235174447,-187500.02235174447,-187500.02235174447
$SILENCE,1998.4694717490045,-7802.5916579475,6611.891879068838,12263.597519826595,-187500.02235174447,-187500.02235174447,-187500.02235174447,-187500.02235174447
$SILENCE,2254.821628906921,-7743.180721185294,7178.061566121765,12209.953333133857,-187500.02235174447,-187500.02235174447,-187500.02235174447,-187500.02235174447
$SILENCE,2182.156107682718,-7717.543270295057,7152.625280931626,12231.61217351105,-187500.02235174447,-187500.02235174447,-187500.02235174447,-187500.02235174447
$SILENCE,1930.2742994158625,-7765.644224362877,6620.363190217399,12282.127115980044,-187500.02235174447,-187500.02235174447,-187500.02235174447,-187500.02235174447
$SILENCE,1944.8923402896335,-7804.424500992835,6523.781302426017,12267.419668128452,-187500.02235174447,-187500.02235174447,-187500.02235174447,-187500.02235174447
$SILENCE,2220.7799221014884,-7752.188474200782,7098.26583841632,12209.439243011386,-187500.02235174447,-187500.02235174447,-187500.02235174447,-187500.02235174447
$SILENCE,2215.9072418102314,-7716.403331327836,7203.363740845173,12227.208879853355,-187500.02235174447,-187500.02235174447,-187500.02235174447,-187500.02235174447
$SILENCE,1974.351939481728,-7755.474180635712,6715.782787297105,12283.758793325282,-187500.02235174447,-187500.02235174447,-187500.02235174447,-187500.02235174447
$SILENCE,1920.1936626665192,-7804.78212890412,6478.228447226102,12284.786973570226,-187500.02235174447,-187500.02235174447,-187500.02235174447,-187500.02235174447
$SILENCE,2193.443738632648,-7764.750154584665,7012.658657152493,12216.390635536985,-187500.02235174447,-187500.02235174447,-187500.02235174447,-187500.02235174447
$SILENCE,2241.276471767005,-7716.0233516720955,7240.6240988521695,12209.70746394485,-187500.02235174447,-187500.02235174447,-187500.02235174447,-187500.02235174447
$SILENCE,2016.484977779982,-7742.48781710718,6814.555146045107,12266.458543116874,-187500.02235174447,-187500.02235174447,-187500.02235174447,-187500.02235174447
$SILENCE,1898.0877874002203,-7799.1941927902935,6453.75328704754,12294.040595774723,-187500.02235174447,-187500.02235174447,-187500.02235174447,-187500.02235174447
$SILENCE,2148.3602700662937,-7775.076660523017,6905.616152956028,12228.75115022077,-187500.02235174447,-187500.02235174447,-187500.02235174447,-187500.02235174447
$SILENCE,2256.2521405520606,-7717.230345872682,7254.43747692555,12205.639446453983,-187500.02235174447,-187500.02235174447,-187500.02235174447,-187500.02235174447
$SILENCE,2058.8862370116994,-7732.00484895764,6915.3168100496305,12256.46731334535,-187500.02235174447,-187500.02235174447,-187500.02235174447,-187500.02235174447
$SILENCE,1882.4192145370503,-7792.220448520237,6459.721202817107,12297.57217139866,-187500.02235174447,-187500.02235174447,-187500.02235174447,-187500.02235174447
$SILENCE,2096.168946763152,-7784.196172260782,6797.634875492439,12242.341010849597,-187500.02235174447,-187500.02235174447,-187500.02235174447,-187500.02235174447
$SILENCE,2269.8867046697983,-7719.934906951775,7252.515226902393,12205.79590866517,-187500.02235174447,-187500.02235174447,-187500.02235174447,-187500.02235174447
$SILENCE,2109.6694004141573,-7721.790101741565,7012.546898430217,12256.0426302007,-187500.02235174447,-187500.02235174447,-187500.02235174447,-187500.02235174447
$SILENCE,1893.6621419980697,-7778.0047390466625,6500.0213980700255,12307.96573257038,-187500.02235174447,-187500.02235174447,-187500.02235174447,-187500.02235174447
$SILENCE,2037.6073762902472,-7790.946399086285,6688.223086383711,12251.549929565184,-187500.02235174447,-187500.02235174447,-187500.02235174447,-187500.02235174447
$SILENCE,2260.566027231935,-7727.802721000043,7220.574584075759,12196.296417271664,-187500.02235174447,-187500.02235174447,-187500.02235174447,-187500.02235174447
$SILENCE,2150.483685789548,-7717.163290639316,7098.109376205132,12233.623830512028,-187500.02235174447,-187500.02235174447,-187500.02235174447,-187500.02235174447
$SILENCE,1911.3200201177622,-7771.388622687891,6563.992090701115,12289.391432928018,-187500.02235174447,-187500.02235174447,-187500.02235174447,-187500.02235174447
$SILENCE,1988.2547245329292,-7800.44589047979,6593.183468959745,12261.764676781258,-187500.02235174447,-187500.02235174447,-187500.02235174447,-187500.02235174447
$SILENCE,2246.640890436279,-7739.984421728185,7163.152952570075,12207.092309843578,-187500.02235174447,-187500.02235174447,-187500.02235174447,-187500.02235174447
$SILENCE,2189.1298519527736,-7712.3800173258805,7165.701051437981,12232.014504911245,-187500.02235174447,-187500.02235174447,-187500.02235174447,-187500.02235174447
$SILENCE,1942.6348140996474,-7760.391564415881,6645.508902729619,12297.57217139866,-187500.02235174447,-187500.02235174447,-187500.02235174447,-187500.02235174447
$SILENCE,1945.8534653012116,-7799.775338146132,6518.6851046902075,12287.603293371594,-187500.02235174447,-187500.02235174447,-187500.02235174447,-187500.02235174447
$SILENCE,2218.1647680002175,-7751.964956756229,7084.340701620663,12214.691902958382,-187500.02235174447,-187500.02235174447,-187500.02235174447,-187500.02235174447
$SILENCE,2220.7799221014884,-7714.14580513785,7216.908897985089,12217.41881578193,-187500.02235174447,-187500.02235174447,-187500.02235174447,-187500.02235174447
$SILENCE,1976.29654124934,-7750.020354988618,6738.648621874884,12276.114496721566,-187500.02235174447,-187500.02235174447,-187500.02235174447,-187500.02235174447
$SILENCE,1907.0284851823433,-7800.44589047979,6470.204170966646,12289.123211994554,-187500.02235174447,-187500.02235174447,-187500.02235174447,-187500.02235174447
$SILENCE,2182.67019780519,-7760.704488838254,6992.832659820636,12226.203051352866,-187500.02235174447,-187500.02235174447,-187500.02235174447,-187500.02235174447
$SILENCE,2255.8945126407757,-7712.156499881327,7251.822322824279,12217.41881578193,-187500.02235174447,-187500.02235174447,-187500.02235174447,-187500.02235174447
$SILENCE,2037.9873559459872,-7740.051476961551,6843.455951625819,12273.588749598117,-187500.02235174447,-187500.02235174447,-187500.02235174447,-187500.02235174447
$SILENCE,1899.786519978824,-7798.344826500992,6451.56281609092,12297.326302209653,-187500.02235174447,-187500.02235174447,-187500.02235174447,-187500.02235174447
$SILENCE,2139.486627517537,-7780.9998728036735,6884.046719556656,12232.506243289263,-187500.02235174447,-187500.02235174447,-187500.02235174447,-187500.02235174447
$SILENCE,2271.0936988703847,-7721.164252896817,7263.467581685493,12208.858097655548,-187500.02235174447,-187500.02235174447,-187500.02235174447,-187500.02235174447
$SILENCE,2081.573257633836,-7727.512148322124,6941.960089440357,12259.507150591273,-187500.02235174447,-187500.02235174447,-187500.02235174447,-187500.02235174447
$SILENCE,1896.2549443548853,-7787.2807129956145,6467.521961632009,12300.612008644583,-187500.02235174447,-187500.02235174447,-187500.02235174447,-187500.02235174447
$SILENCE,2087.1164902587525,-7786.766622873142,6769.024642589646,12248.778313252726,-187500.02235174447,-187500.02235174447,-187500.02235174447,-187500.02235174447
$SILENCE,2274.692329727689,-7724.494662820657,7246.457904155005,12213.216687824332,-187500.02235174447,-187500.02235174447,-187500.02235174447,-187500.02235174447
$SILENCE,2126.5002639890035,-7724.025276187096,7033.222262051376,12251.61698479855,-187500.02235174447,-187500.02235174447,-187500.02235174447,-187500.02235174447
$SILENCE,1904.6368485256255,-7781.513962926146,6511.510194720054,12295.113479508576,-187500.02235174447,-187500.02235174447,-187500.02235174447,-187500.02235174447
$SILENCE,2039.0825914242973,-7795.68496891081,6667.704184973739,12254.43330459992,-187500.02235174447,-187500.02235174447,-187500.02235174447,-187500.02235174447
$SILENCE,2272.010120393052,-7732.854215246942,7209.622229292659,12207.181716821398,-187500.02235174447,-187500.02235174447,-187500.02235174447,-187500.02235174447
$SILENCE,2169.8179447433886,-7716.537441794568,7113.21915545692,12240.575223037627,-187500.02235174447,-187500.02235174447,-187500.02235174447,-187500.02235174447
$SILENCE,1925.1110464466867,-7767.387660430391,6575.525590840053,12297.05808127619,-187500.02235174447,-187500.02235174447,-187500.02235174447,-187500.02235174447
$SILENCE,1985.6395704316583,-7800.1329660574165,6570.719965782162,12276.42742114394,-187500.02235174447,-187500.02235174447,-187500.02235174447,-187500.02235174447
$SILENCE,2251.9382538721866,-7742.420761873814,7148.020821573833,12220.458653027852,-187500.02235174447,-187500.02235174447,-187500.02235174447,-187500.02235174447
$SILENCE,2208.7099800956225,-7712.491776048158,7178.955635899978,12237.065999158145,-187500.02235174447,-187500.02235174447,-187500.02235174447,-187500.02235174447
$SILENCE,1964.0477852878316,-7756.591767858478,6666.810115195527,12292.945360296413,-187500.02235174447,-187500.02235174447,-187500.02235174447,-187500.02235174447
$SILENCE,1950.904959548111,-7799.171841045838,6508.38095049631,12290.732537595337,-187500.02235174447,-187500.02235174447,-187500.02235174447,-187500.02235174447
$SILENCE,2226.434913448681,-7751.1826457002935,7070.147343891543,12227.477100786818,-187500.02235174447,-187500.02235174447,-187500.02235174447,-187500.02235174447
$SILENCE,2244.1374950572845,-7710.725988236188,7230.543462102826,12230.852214199569,-187500.02235174447,-187500.02235174447,-187500.02235174447,-187500.02235174447
$SILENCE,2004.1691665851079,-7745.8405787754755,6764.733107654227,12286.552761382194,-187500.02235174447,-187500.02235174447,-187500.02235174447,-187500.02235174447
$SILENCE,1918.0478951988096,-7798.881268367919,6467.477258143099,12294.085299263634,-187500.02235174447,-187500.02235174447,-187500.02235174447,-187500.02235174447
$SILENCE,2186.693511807145,-7767.477067408213,6971.240874676809,12229.175833365422,-187500.02235174447,-187500.02235174447,-187500.02235174447,-187500.02235174447
$SILENCE,2266.153963345762,-7714.570488282501,7257.365555449195,12223.319676318131,-187500.02235174447,-187500.02235174447,-187500.02235174447,-187500.02235174447
$SILENCE,2049.029117706909,-7735.849349003953,6864.220722224799,12278.863761289569,-187500.02235174447,-187500.02235174447,-187500.02235174447,-187500.02235174447
$SILENCE,1904.838014225723,-7794.053291565573,6453.619176580808,12307.943380825924,-187500.02235174447,-187500.02235174447,-187500.02235174447,-187500.02235174447
$SILENCE,2143.9122729196874,-7778.809401847054,6865.3606611920195,12245.425551584429,-187500.02235174447,-187500.02235174447,-187500.02235174447,-187500.02235174447
$SILENCE,2298.07225442794,-7716.0233516720955,7295.922314634599,12213.641370968982,-187500.02235174447,-187500.02235174447,-187500.02235174447,-187500.02235174447
$SILENCE,2096.2360019965176,-7723.6229447869,6964.75886878477,12270.079525718633,-187500.02235174447,-187500.02235174447,-187500.02235174447,-187500.02235174447
$SILENCE,1913.5104910743823,-7787.034843806607,6494.589924167386,12304.277694735252,-187500.02235174447,-187500.02235174447,-187500.02235174447,-187500.02235174447
não,2089.7986995933893,-7786.8113263620535,6750.986784814213,12258.52367383524,-187500.02235174447,-187500.02235174447,-187500.02235174447,-187500.02235174447
não,2291.12086190234,-7726.662782032822,7237.04781973932,12219.676341971915,-187500.02235174447,-187500.02235174447,-187500.02235174447,-187500.02235174447
não,2145.834522942844,-7722.505357564135,7043.1017331006215,12258.724839535338,-187500.02235174447,-187500.02235174447,-187500.02235174447,-187500.02235174447
não,1914.2480986414075,-7780.418727447835,6516.651095944774,12310.983218071846,-187500.02235174447,-187500.02235174447,-187500.02235174447,-187500.02235174447
não,2037.227396634507,-7798.657750923366,6640.971498605192,12279.064926989668,-187500.02235174447,-187500.02235174447,-187500.02235174447,-187500.02235174447
não,2280.2579140970606,-7733.971802469708,7194.199525618497,12221.665647228438,-187500.02235174447,-187500.02235174447,-187500.02235174447,-187500.02235174447
não,2191.0968054648406,-7711.95533418123,7129.111245764643,12254.880339489024,-187500.02235174447,-187500.02235174447,-187500.02235174447,-187500.02235174447
não,1949.6756136030692,-7764.146657484372,6598.302018440011,12312.81606111718,-187500.02235174447,-187500.02235174447,-187500.02235174447,-187500.02235174447
não,1987.0477303323426,-7801.49642246919,6558.694727265207,12289.167915483466,-187500.02235174447,-187500.02235174447,-187500.02235174447,-187500.02235174447
não,2253.860503895343,-7741.4372851177795,7138.387219713595,12229.399350809974,-187500.02235174447,-187500.02235174447,-187500.02235174447,-187500.02235174447
não,2219.7740936009995,-7706.970895167697,7197.775804731346,12249.359458608564,-187500.02235174447,-187500.02235174447,-187500.02235174447,-187500.02235174447
não,1970.9991778134322,-7750.221520688716,6685.876153215904,12299.315607466175,-187500.02235174447,-187500.02235174447,-187500.02235174447,-187500.02235174447
não,1945.3393751787396,-7796.646093922388,6497.406243968755,12304.43415694644,-187500.02235174447,-187500.02235174447,-187500.02235174447,-187500.02235174447
não,2231.285241995483,-7750.95912825574,7060.200817608931,12247.70542951887,-187500.02235174447,-187500.02235174447,-187500.02235174447,-187500.02235174447
não,2260.051937109463,-7705.249810844638,7246.14497973263,12252.131074921022,-187500.02235174447,-187500.02235174447,-187500.02235174447,-187500.02235174447
não,2030.6336320201913,-7728.316811122515,6800.920581927369,12311.273790749765,-187500.02235174447,-187500.02235174447,-187500.02235174447,-187500.02235174447
não,1921.8253400117565,-7780.105803025461,6466.493781387065,12310.357369227097,-187500.02235174447,-187500.02235174447,-187500.02235174447,-187500.02235174447
não,2188.369892641293,-7743.3148316520255,6949.447923832885,12251.013487698256,-187500.02235174447,-187500.02235174447,-187500.02235174447,-187500.02235174447
não,2259.4931434980804,-7713.922287693297,7245.206206465507,12222.671475728926,-187500.02235174447,-187500.02235174447,-187500.02235174447,-187500.02235174447
não,2046.257501394451,-7732.518939080112,6866.411193181419,12276.472124632852,-187500.02235174447,-187500.02235174447,-187500.02235174447,-187500.02235174447
não,1907.587278793726,-7773.556741900056,6466.605540109342,12330.138663070044,-187500.02235174447,-187500.02235174447,-187500.02235174447,-187500.02235174447
não,2136.200921082607,-7762.112648738939,6863.1925419798545,12264.916272749457,-187500.02235174447,-187500.02235174447,-187500.02235174447,-187500.02235174447
não,2273.2618180825493,-7727.646258788855,7243.842750053734,12231.1874903664,-187500.02235174447,-187500.02235174447,-187500.02235174447,-187500.02235174447
não,2101.376903221238,-7728.316811122515,6960.065002449156,12298.868572577068,-187500.02235174447,-187500.02235174447,-187500.02235174447,-187500.02235174447
não,1901.7534734908909,-7777.82592509102,6476.552066391953,12326.405921746007,-187500.02235174447,-187500.02235174447,-187500.02235174447,-187500.02235174447
não,2071.1796964621185,-7784.06206179405,6725.036409501602,12268.067868717655,-187500.02235174447,-187500.02235174447,-187500.02235174447,-187500.02235174447
não,2272.792431448988,-7727.24392738866,7229.872909769168,12217.32940880411,-187500.02235174447,-187500.02235174447,-187500.02235174447,-187500.02235174447
não,2131.8870344027323,-7733.524767580601,7038.63138420956,12248.420685341442,-187500.02235174447,-187500.02235174447,-187500.02235174447,-187500.02235174447
não,1907.4755200714494,-7790.655826408366,6537.862901432861,12306.28935173623,-187500.02235174447,-187500.02235174447,-187500.02235174447,-187500.02235174447
não,2004.7950154298564,-7805.206812048771,6617.9492018162255,12276.516828121761,-187500.02235174447,-187500.02235174447,-187500.02235174447,-187500.02235174447
não,2252.0276608500076,-7751.987308500685,7157.363850756151,12204.633617953494,-187500.02235174447,-187500.02235174447,-187500.02235174447,-187500.02235174447
não,2179.6974157926343,-7728.473273333701,7134.498016178372,12226.672437986426,-187500.02235174447,-187500.02235174447,-187500.02235174447,-187500.02235174447
não,1913.6893050300248,-7777.736518113198,6581.538210098531,12293.213581229877,-187500.02235174447,-187500.02235174447,-187500.02235174447,-187500.02235174447
não,1946.7251833349687,-7818.506099999679,6514.438273243699,12279.221389200853,-187500.02235174447,-187500.02235174447,-187500.02235174447,-187500.02235174447
não,2220.176425001195,-7761.933834783296,7087.8275737556905,12213.775481435714,-187500.02235174447,-187500.02235174447,-187500.02235174447,-187500.02235174447
não,2211.3921894302594,-7720.806624985532,7186.711691225969,12229.376999065518,-187500.02235174447,-187500.02235174447,-187500.02235174447,-187500.02235174447
não,1960.002119541421,-7773.355576199959,6683.41746132582,12276.76269731077,-187500.02235174447,-187500.02235174447,-187500.02235174447,-187500.02235174447
não,1909.397770094606,-7823.334076802025,6450.601691079341,12269.118400707055,-187500.02235174447,-187500.02235174447,-187500.02235174447,-187500.02235174447
não,2186.022959473486,-7782.519791426635,7000.320494213163,12212.054397112655,-187500.02235174447,-187500.02235174447,-187500.02235174447,-187500.02235174447
não,2228.983012316586,-7732.898918735853,7229.403523135606,12212.546135490673,-187500.02235174447,-187500.02235174447,-187500.02235174447,-187500.02235174447
não,2008.4830532649821,-7761.129171982905,6799.1547941154,12274.19224669841,-187500.02235174447,-187500.02235174447,-187500.02235174447,-187500.02235174447
não,1890.8234704522456,-7818.103768599483,6429.300478613434,12280.897770035002,-187500.02235174447,-187500.02235174447,-187500.02235174447,-187500.02235174447
não,2140.09012461783,-7792.980407831718,6887.041853313667,12207.338179032586,-187500.02235174447,-187500.02235174447,-187500.02235174447,-187500.02235174447
não,2249.479561982103,-7736.296383893059,7232.018677236877,12195.491754471273,-187500.02235174447,-187500.02235174447,-187500.02235174447,-187500.02235174447
não,2052.4042311196604,-7754.311889924037,6888.204144025343,12260.781200025225,-187500.02235174447,-187500.02235174447,-187500.02235174447,-187500.02235174447
não,1884.3414645602065,-7813.633419708422,6443.091504942358,12293.794726585715,-187500.02235174447,-187500.02235174447,-187500.02235174447,-187500.02235174447
não,2097.733568875023,-7804.983294604218,6793.723320212761,12231.388656066496,-187500.02235174447,-187500.02235174447,-187500.02235174447,-187500.02235174447
não,2263.471754011125,-7741.973726984707,7236.533729616849,12201.79494640767,-187500.02235174447,-187500.02235174447,-187500.02235174447,-187500.02235174447
não,2094.7160833735566,-7743.851273518953,6984.853087050091,12242.475121316329,-187500.02235174447,-187500.02235174447,-187500.02235174447,-187500.02235174447
não,1883.3803395486284,-7801.183498046816,6478.9437030486715,12288.631473616539,-187500.02235174447,-187500.02235174447,-187500.02235174447,-187500.02235174447
não,2044.514065326937,-7811.979390618729,6689.743005006672,12242.475121316329,-187500.02235174447,-187500.02235174447,-187500.02235174447,-187500.02235174447
não,2263.516457500036,-7750.825017789009,7212.550307816304,12196.475231227307,-187500.02235174447,-187500.02235174447,-187500.02235174447,-187500.02235174447
não,2142.481761274548,-7738.442151360769,7076.2046666389315,12226.56067926415,-187500.02235174447,-187500.02235174447,-187500.02235174447,-187500.02235174447
não,1901.395845579606,-7789.82881186352,6537.773494455039,12286.038671259723,-187500.02235174447,-187500.02235174447,-187500.02235174447,-187500.02235174447
não,1988.0759105772868,-7815.734483687221,6588.199029946212,12258.814246513159,-187500.02235174447,-187500.02235174447,-187500.02235174447,-187500.02235174447
não,2245.7244689136114,-7758.335203925992,7154.659289677059,12197.257542283243,-187500.02235174447,-187500.02235174447,-187500.02235174447,-187500.02235174447
não,2176.0317297019637,-7734.128264680894,7139.974193569922,12218.245830326776,-187500.02235174447,-187500.02235174447,-187500.02235174447,-187500.02235174447
não,1932.2189011834744,-7779.703471625266,6624.922946086282,12291.581903884638,-187500.02235174447,-187500.02235174447,-187500.02235174447,-187500.02235174447
não,1941.517226876882,-7814.080454597528,6519.735636679607,12277.924988022445,-187500.02235174447,-187500.02235174447,-187500.02235174447,-187500.02235174447
não,2220.7799221014884,-7763.96784352873,7097.863507016124,12209.595705222573,-187500.02235174447,-187500.02235174447,-187500.02235174447,-187500.02235174447
não,2229.027715805497,-7725.947526210252,7233.851520282212,12224.41491179644,-187500.02235174447,-187500.02235174447,-187500.02235174447,-187500.02235174447
não,1962.3043492203176,-7769.511076153645,6694.861554486937,12286.105726493088,-187500.02235174447,-187500.02235174447,-187500.02235174447,-187500.02235174447
não,1909.3530666056952,-7822.082379112528,6448.098295700347,12285.882209048536,-187500.02235174447,-187500.02235174447,-187500.02235174447,-187500.02235174447
não,2182.8490117608326,-7779.502305925168,6989.815174319169,12213.41785352443,-187500.02235174447,-187500.02235174447,-187500.02235174447,-187500.02235174447
não,2237.0296403204966,-7727.534500066579,7233.091560970732,12192.518972458718,-187500.02235174447,-187500.02235174447,-187500.02235174447,-187500.02235174447
não,2020.0612568928311,-7755.608291102445,6828.033247951656,12256.534368578717,-187500.02235174447,-187500.02235174447,-187500.02235174447,-187500.02235174447
não,1894.265639098363,-7814.1028063419835,6463.543351118965,12279.780182812237,-187500.02235174447,-187500.02235174447,-187500.02235174447,-187500.02235174447
não,2140.9171391626764,-7792.533372942612,6900.2293825422985,12209.729815689305,-187500.02235174447,-187500.02235174447,-187500.02235174447,-187500.02235174447
não,2258.599073719868,-7733.413008858324,7252.135247246653,12187.199257278355,-187500.02235174447,-187500.02235174447,-187500.02235174447,-187500.02235174447
não,2062.261350424451,-7746.980517742696,6922.51407176424,12235.099045646079,-187500.02235174447,-187500.02235174447,-187500.02235174447,-187500.02235174447
não,1873.590275477204,-7810.012437106662,6457.709545816129,12264.312775649165,-187500.02235174447,-187500.02235174447,-187500.02235174447,-187500.02235174447
não,2075.1136034862525,-7806.5926202050005,6781.809840418082,12205.013597609235,-187500.02235174447,-187500.02235174447,-187500.02235174447,-187500.02235174447
não,2259.694309198178,-7747.516959609624,7242.7922180643345,12173.65410013844,-187500.02235174447,-187500.02235174447,-187500.02235174447,-187500.02235174447
não,2102.22626951054,-7742.219596173716,7015.184404275943,12222.626772240017,-187500.02235174447,-187500.02235174447,-187500.02235174447,-187500.02235174447
não,1875.9148569005558,-7799.261248023659,6496.892153846283,12264.80451402718,-187500.02235174447,-187500.02235174447,-187500.02235174447,-187500.02235174447
não,2018.0943033807641,-7810.8170999070535,6679.2823886015885,12218.268182071231,-187500.02235174447,-187500.02235174447,-187500.02235174447,-187500.02235174447
não,2255.402774262759,-7751.115590466928,7221.826281765257,12166.590948890562,-187500.02235174447,-187500.02235174447,-187500.02235174447,-187500.02235174447
não,2140.760676951489,-7735.044686203562,7104.814899541724,12201.437318496386,-187500.02235174447,-187500.02235174447,-187500.02235174447,-187500.02235174447
não,1893.259810597874,-7786.54310542859,6571.34581462691,12259.395391868997,-187500.02235174447,-187500.02235174447,-187500.02235174447,-187500.02235174447
não,1962.6396253871474,-7819.199004077793,6588.556657857497,12227.99119090929,-187500.02235174447,-187500.02235174447,-187500.02235174447,-187500.02235174447
não,2222.3668959578154,-7758.022279503618,7160.3813362576175,12167.037983779668,-187500.02235174447,-187500.02235174447,-187500.02235174447,-187500.02235174447
não,2169.795592998933,-7728.942659967263,7178.128621355131,12186.975739833802,-187500.02235174447,-187500.02235174447,-187500.02235174447,-187500.02235174447
não,1919.6125173106811,-7780.105803025461,6655.298966801044,12246.029048684723,-187500.02235174447,-187500.02235174447,-187500.02235174447,-187500.02235174447
não,1915.8350724977342,-7820.428350022835,6507.643342929286,12230.56164152165,-187500.02235174447,-187500.02235174447,-187500.02235174447,-187500.02235174447
não,2203.189099215162,-7770.9639395432405,7079.088041673665,12166.479190168286,-187500.02235174447,-187500.02235174447,-187500.02235174447,-187500.02235174447
não,2215.2366894765723,-7739.112703694428,7226.363685889684,12172.514161171219,-187500.02235174447,-187500.02235174447,-187500.02235174447,-187500.02235174447
não,1974.5978086707366,-7772.461506421746,6751.433819703319,12229.13112987651,-187500.02235174447,-187500.02235174447,-187500.02235174447,-187500.02235174447
não,1896.9925519219105,-7822.350600045991,6470.003005266548,12232.75211247827,-187500.02235174447,-187500.02235174447,-187500.02235174447,-187500.02235174447
não,2170.3320348658604,-7779.7705268586315,6984.093127738611,12173.36352746052,-187500.02235174447,-187500.02235174447,-187500.02235174447,-187500.02235174447
não,2248.764306159533,-7731.0437239460625,7266.552122420326,12178.638539151973,-187500.02235174447,-187500.02235174447,-187500.02235174447,-187500.02235174447
não,2022.6987627385574,-7754.4683521352235,6863.684280357872,12233.310906089653,-187500.02235174447,-187500.02235174447,-187500.02235174447,-187500.02235174447
não,1870.8633626536564,-7809.163070817361,6460.168237706213,12260.915310491957,-187500.02235174447,-187500.02235174447,-187500.02235174447,-187500.02235174447
não,2103.7461881335007,-7790.63347466391,6880.604550910539,12209.215725566832,-187500.02235174447,-187500.02235174447,-187500.02235174447,-187500.02235174447
não,2229.2288815055945,-7733.971802469708,7260.897131073133,12178.593835663061,-187500.02235174447,-187500.02235174447,-187500.02235174447,-187500.02235174447
não,2037.674431523613,-7750.400334644358,6950.94549071139,12219.341065805087,-187500.02235174447,-187500.02235174447,-187500.02235174447,-187500.02235174447
não,1851.7973246332795,-7802.748120158687,6475.054499513448,12267.956109995379,-187500.02235174447,-187500.02235174447,-187500.02235174447,-187500.02235174447
não,2049.0738211958196,-7801.697588169288,6774.813744403571,12224.61607749654,-187500.02235174447,-187500.02235174447,-187500.02235174447,-187500.02235174447
não,2236.604957175846,-7734.910575736831,7253.9457385475325,12181.343100231064,-187500.02235174447,-187500.02235174447,-187500.02235174447,-187500.02235174447
não,2087.1388420032076,-7733.077732691495,7042.364125533596,12210.93680988989,-187500.02235174447,-187500.02235174447,-187500.02235174447,-187500.02235174447
não,1867.4658974964498,-7795.2602857661595,6518.059255845458,12260.132999436022,-187500.02235174447,-187500.02235174447,-187500.02235174447,-187500.02235174447
não,1995.2061170585296,-7810.571230718045,6661.646862226351,12230.382827566007,-187500.02235174447,-187500.02235174447,-187500.02235174447,-187500.02235174447
não,2225.6078989038347,-7749.305099166048,7206.2247641354525,12172.983547804779,-187500.02235174447,-187500.02235174447,-187500.02235174447,-187500.02235174447
não,2128.9813076235423,-7733.971802469708,7123.523309650816,12196.74345216077,-187500.02235174447,-187500.02235174447,-187500.02235174447,-187500.02235174447
não,1882.687435470514,-7784.486744938701,6589.227210191156,12259.507150591273,-187500.02235174447,-187500.02235174447,-187500.02235174447,-187500.02235174447
não,1942.0760204882647,-7813.856937152975,6570.9881867156255,12250.722915020337,-187500.02235174447,-187500.02235174447,-187500.02235174447,-187500.02235174447
não,2207.0335992614746,-7754.066020735028,7141.136484281598,12193.010710836734,-187500.02235174447,-187500.02235174447,-187500.02235174447,-187500.02235174447
não,2169.0356336874524,-7726.14869191035,7187.270484837352,12195.625864938005,-187500.02235174447,-187500.02235174447,-187500.02235174447,-187500.02235174447
não,1917.9584882209883,-7771.746250599176,6675.41553681082,12250.454694086873,-187500.02235174447,-187500.02235174447,-187500.02235174447,-187500.02235174447
não,1900.0323891678322,-7820.629515722932,6501.854241115361,12248.890071975002,-187500.02235174447,-187500.02235174447,-187500.02235174447,-187500.02235174447
não,2177.3951861137375,-7774.651977378367,7056.736297218358,12184.070013054612,-187500.02235174447,-187500.02235174447,-187500.02235174447,-187500.02235174447
não,2200.8868695362653,-7726.640430288367,7232.353953403706,12192.071937569612,-187500.02235174447,-187500.02235174447,-187500.02235174447,-187500.02235174447
não,1962.3043492203176,-7761.799724316565,6772.891494380414,12249.650031286483,-187500.02235174447,-187500.02235174447,-187500.02235174447,-187500.02235174447
não,1872.3385777877068,-7814.21456506426,6461.911673773727,12262.971670981846,-187500.02235174447,-187500.02235174447,-187500.02235174447,-187500.02235174447
não,2135.351554793305,-7780.843410592486,6960.713203038359,12194.463574226329,-187500.02235174447,-187500.02235174447,-187500.02235174447,-187500.02235174447
não,2224.9149948257204,-7725.321677365503,7262.707622374013,12188.093327056567,-187500.02235174447,-187500.02235174447,-187500.02235174447,-187500.02235174447
não,2013.579251000792,-7745.594709586467,6875.083670030078,12244.084446917112,-187500.02235174447,-187500.02235174447,-187500.02235174447,-187500.02235174447
não,1857.2287985359192,-7805.206812048771,6454.714412059118,12267.732592550827,-187500.02235174447,-187500.02235174447,-187500.02235174447,-187500.02235174447
não,2086.2671239694505,-7793.695663654288,6846.428733638374,12197.257542283243,-187500.02235174447,-187500.02235174447,-187500.02235174447,-187500.02235174447
não,2236.493198453569,-7735.20114841475,7260.159523506109,12169.988414047768,-187500.02235174447,-187500.02235174447,-187500.02235174447,-187500.02235174447
não,2059.959120745554,-7740.587918828478,6972.917255510957,12231.254545599764,-187500.02235174447,-187500.02235174447,-187500.02235174447,-187500.02235174447
não,1859.1957520479862,-7803.239858536704,6478.496668159565,12271.845313530603,-187500.02235174447,-187500.02235174447,-187500.02235174447,-187500.02235174447
não,2040.5578065583477,-7808.0007801056845,6737.508682907664,12219.586934994095,-187500.02235174447,-187500.02235174447,-187500.02235174447,-187500.02235174447
não,2254.1957800621726,-7738.9115379943305,7247.083752999753,12188.696824156861,-187500.02235174447,-187500.02235174447,-187500.02235174447,-187500.02235174447
não,2115.5479092059027,-7734.329430380993,7064.179428121976,12220.190432094389,-187500.02235174447,-187500.02235174447,-187500.02235174447,-187500.02235174447
não,1880.9663511474553,-7790.342901985991,6531.62676472983,12271.353575152585,-187500.02235174447,-187500.02235174447,-187500.02235174447,-187500.02235174447
não,1996.323704281295,-7809.4089400063685,6637.819902636994,12246.81135974066,-187500.02235174447,-187500.02235174447,-187500.02235174447,-187500.02235174447
não,2248.406678248248,-7749.1262852104055,7198.781633231835,12188.585065434583,-187500.02235174447,-187500.02235174447,-187500.02235174447,-187500.02235174447
não,2162.218351628584,-7727.601555299945,7144.422190716528,12208.478117999806,-187500.02235174447,-187500.02235174447,-187500.02235174447,-187500.02235174447
não,1914.3151538747734,-7780.172858258827,6607.376826688866,12264.08925820461,-187500.02235174447,-187500.02235174447,-187500.02235174447,-187500.02235174447
não,1956.7164131064908,-7815.443911009302,6552.682108006729,12248.33127836362,-187500.02235174447,-187500.02235174447,-187500.02235174447,-187500.02235174447
não,2229.2959367389603,-7760.972709771719,7121.2881352052855,12192.384861991986,-187500.02235174447,-187500.02235174447,-187500.02235174447,-187500.02235174447
não,2205.0889974938627,-7728.383866355881,7196.389996575117,12208.053434855156,-187500.02235174447,-187500.02235174447,-187500.02235174447,-187500.02235174447
não,1953.00602352691,-7766.761811585643,6697.029673699102,12266.838522772614,-187500.02235174447,-187500.02235174447,-187500.02235174447,-187500.02235174447
não,1916.103293431198,-7810.750044673687,6489.225505498112,12272.09118271961,-187500.02235174447,-187500.02235174447,-187500.02235174447,-187500.02235174447
não,2196.3941689007484,-7765.688927851788,7035.971526619378,12207.65110345496,-187500.02235174447,-187500.02235174447,-187500.02235174447,-187500.02235174447
não,2237.6107856763347,-7722.348895352948,7241.317002930285,12212.054397112655,-187500.02235174447,-187500.02235174447,-187500.02235174447,-187500.02235174447
não,2006.6055067307364,-7754.110724223939,6793.812727190581,12269.610139085073,-187500.02235174447,-187500.02235174447,-187500.02235174447,-187500.02235174447
não,1902.8040054802902,-7808.9395533728075,6457.441324882666,12285.189304970421,-187500.02235174447,-187500.02235174447,-187500.02235174447,-187500.02235174447
não,2161.324281850372,-7782.855067593464,6934.874586448024,12217.910554159947,-187500.02235174447,-187500.02235174447,-187500.02235174447,-187500.02235174447
não,2261.661262710245,-7724.6511250318445,7259.265453727896,12204.074824342111,-187500.02235174447,-187500.02235174447,-187500.02235174447,-187500.02235174447
não,2058.5062573559594,-7742.577224085001,6896.250772029254,12262.815208770659,-187500.02235174447,-187500.02235174447,-187500.02235174447,-187500.02235174447
não,1894.779729220835,-7800.334131757514,6457.821304538406,12294.666444619472,-187500.02235174447,-187500.02235174447,-187500.02235174447,-187500.02235174447
não,2111.6810574151345,-7793.338035743003,6820.612468792495,12225.867775186036,-187500.02235174447,-187500.02235174447,-187500.02235174447,-187500.02235174447
não,2271.630140737312,-7731.893090235364,7253.051668769321,12197.324597516608,-187500.02235174447,-187500.02235174447,-187500.02235174447,-187500.02235174447
não,2104.5955544228023,-7736.184625170783,6991.625665620049,12248.130112663523,-187500.02235174447,-187500.02235174447,-187500.02235174447,-187500.02235174447
não,1896.0984821436982,-7797.1378323004055,6483.592865895375,12290.732537595337,-187500.02235174447,-187500.02235174447,-187500.02235174447,-187500.02235174447
não,2064.7870975479004,-7806.525564971634,6713.324095407021,12244.822054484137,-187500.02235174447,-187500.02235174447,-187500.02235174447,-187500.02235174447
não,2280.1014518858733,-7740.096180450461,7233.2256714374635,12205.527687731706,-187500.02235174447,-187500.02235174447,-187500.02235174447,-187500.02235174447
não,2157.055098659408,-7729.568508812012,7085.055957443233,12241.826920727126,-187500.02235174447,-187500.02235174447,-187500.02235174447,-187500.02235174447
não,1919.52311033286,-7781.670425137333,6551.989203928614,12293.459450418884,-187500.02235174447,-187500.02235174447,-187500.02235174447,-187500.02235174447
não,2013.9592306565323,-7809.587753962011,6612.45067268022,12254.478008088829,-187500.02235174447,-187500.02235174447,-187500.02235174447,-187500.02235174447
não,2266.39983253477,-7752.814323045532,7173.2335893194195,12194.620036437516,-187500.02235174447,-187500.02235174447,-187500.02235174447,-187500.02235174447
não,2200.5962968583462,-7731.557814068534,7150.725382652925,12222.067978628635,-187500.02235174447,-187500.02235174447,-187500.02235174447,-187500.02235174447
não,1956.805820084312,-7776.238951234693,6624.565318174997,12282.082412491132,-187500.02235174447,-187500.02235174447,-187500.02235174447,-187500.02235174447
não,1980.2080965290186,-7811.845280151997,6537.2370525881115,12266.994984983801,-187500.02235174447,-187500.02235174447,-187500.02235174447,-187500.02235174447
não,2255.3580707738483,-7757.977576014707,7112.526251378805,12211.65206571246,-187500.02235174447,-187500.02235174447,-187500.02235174447,-187500.02235174447
não,2233.6768786522007,-7724.405255842836,7210.113967670676,12223.453786784863,-187500.02235174447,-187500.02235174447,-187500.02235174447,-187500.02235174447
não,1985.4607564760158,-7765.085430751495,6717.213298942244,12281.47891539084,-187500.02235174447,-187500.02235174447,-187500.02235174447,-187500.02235174447
não,1939.4832181314491,-7813.9910476197065,6482.296464716967,12283.691738091915,-187500.02235174447,-187500.02235174447,-187500.02235174447,-187500.02235174447
não,2214.9461167986533,-7772.483858166202,7017.844261866125,12219.430472782908,-187500.02235174447,-187500.02235174447,-187500.02235174447,-187500.02235174447
não,2265.796335434477,-7722.393598841858,7249.453037912016,12223.029103640212,-187500.02235174447,-187500.02235174447,-187500.02235174447,-187500.02235174447
não,2040.6248617917136,-7747.002869487152,6824.836948494548,12278.148505467,-187500.02235174447,-187500.02235174447,-187500.02235174447,-187500.02235174447
não,1913.5551945632928,-7804.692721926299,6457.4636766271215,12285.77045032626,-187500.02235174447,-187500.02235174447,-187500.02235174447,-187500.02235174447
não,2168.14156390924,-7786.0513670505725,6912.679304203904,12218.916382660436,-187500.02235174447,-187500.02235174447,-187500.02235174447,-187500.02235174447
não,2285.7117397441557,-7728.696790778255,7266.306253231318,12204.521859231218,-187500.02235174447,-187500.02235174447,-187500.02235174447,-187500.02235174447
não,2086.8706210697437,-7743.404238629847,6922.804644442159,12260.356516880574,-187500.02235174447,-187500.02235174447,-187500.02235174447,-187500.02235174447
não,1910.202432894997,-7802.278733525126,6462.917502274216,12294.867610319568,-187500.02235174447,-187500.02235174447,-187500.02235174447,-187500.02235174447
não,2123.058095342886,-7797.987198589707,6804.273343595665,12239.837615470602,-187500.02235174447,-187500.02235174447,-187500.02235174447,-187500.02235174447
não,2297.982847450119,-7733.524767580601,7262.260587484907,12209.394539522475,-187500.02235174447,-187500.02235174447,-187500.02235174447,-187500.02235174447
não,2132.1329035917406,-7733.792988514065,7016.2796397542525,12252.801627254681,-187500.02235174447,-187500.02235174447,-187500.02235174447,-187500.02235174447
não,1912.7058282739913,-7796.0873003110055,6500.736653892595,12309.843279104625,-187500.02235174447,-187500.02235174447,-187500.02235174447,-187500.02235174447
não,2067.536362115903,-7806.391454504902,6700.538897578585,12268.850179773592,-187500.02235174447,-187500.02235174447,-187500.02235174447,-187500.02235174447
não,2290.8749927133313,-7742.443113618268,7232.935098759544,12207.584048221595,-187500.02235174447,-187500.02235174447,-187500.02235174447,-187500.02235174447
não,2178.4680698475922,-7729.903784978841,7107.251239687353,12236.931888691413,-187500.02235174447,-187500.02235174447,-187500.02235174447,-187500.02235174447
não,1932.6659360725805,-7784.129117027416,6565.623768046352,12288.676177105448,-187500.02235174447,-187500.02235174447,-187500.02235174447,-187500.02235174447
não,2014.7862452013787,-7810.101844084484,6601.230096963656,12259.99888896929,-187500.02235174447,-187500.02235174447,-187500.02235174447,-187500.02235174447
não,2275.854620439365,-7750.8920730223745,7173.635920719615,12206.287647043187,-187500.02235174447,-187500.02235174447,-187500.02235174447,-187500.02235174447
não,2217.5165674110135,-7725.276973876593,7172.540685241304,12233.0873886451,-187500.02235174447,-187500.02235174447,-187500.02235174447,-187500.02235174447
não,1967.4005469561278,-7771.053346521062,6648.347574275444,12298.19802024341,-187500.02235174447,-187500.02235174447,-187500.02235174447,-187500.02235174447
não,1972.7649656254014,-7812.292315041103,6526.776436183029,12278.886113034025,-187500.02235174447,-187500.02235174447,-187500.02235174447,-187500.02235174447
não,2256.5427132299797,-7759.721012082221,7099.338722150174,12218.715216960338,-187500.02235174447,-187500.02235174447,-187500.02235174447,-187500.02235174447
não,2252.698213183667,-7722.8853372198755,7222.630944565648,12218.089368115589,-187500.02235174447,-187500.02235174447,-187500.02235174447,-187500.02235174447
não,2004.4597392630267,-7758.20109345926,6742.157845754367,12272.627624586537,-187500.02235174447,-187500.02235174447,-187500.02235174447,-187500.02235174447
não,1937.4715611304714,-7810.392416762402,6475.94856929166,12273.85697053158,-187500.02235174447,-187500.02235174447,-187500.02235174447,-187500.02235174447
não,2215.706076110134,-7773.176762244316,7002.220392491865,12216.636504725993,-187500.02235174447,-187500.02235174447,-187500.02235174447,-187500.02235174447
não,2282.02370190903,-7721.8348052304755,7264.987500308454,12216.412987281441,-187500.02235174447,-187500.02235174447,-187500.02235174447,-187500.02235174447
não,2059.288568411895,-7742.353706640448,6854.117733731,12277.992043255812,-187500.02235174447,-187500.02235174447,-187500.02235174447,-187500.02235174447
não,1926.8991860031113,-7803.105748069972,6463.0963162298585,12301.997816800811,-187500.02235174447,-187500.02235174447,-187500.02235174447,-187500.02235174447
não,2173.058947689408,-7788.107727540461,6895.401405739953,12235.367266579542,-187500.02235174447,-187500.02235174447,-187500.02235174447,-187500.02235174447
não,2297.669923027745,-7728.473273333701,7275.761041135913,12215.965952392335,-187500.02235174447,-187500.02235174447,-187500.02235174447,-187500.02235174447
não,2095.9230775741435,-7734.709410036732,6955.773467513736,12260.334165136119,-187500.02235174447,-187500.02235174447,-187500.02235174447,-187500.02235174447
não,1906.134415404131,-7796.601390433478,6476.261493714034,12284.138772981021,-187500.02235174447,-187500.02235174447,-187500.02235174447,-187500.02235174447
não,2109.4682347140592,-7802.055216080573,6776.132497326434,12234.09321714559,-187500.02235174447,-187500.02235174447,-187500.02235174447,-187500.02235174447
não,2297.960495705664,-7737.346915882459,7258.416087438594,12199.872696384513,-187500.02235174447,-187500.02235174447,-187500.02235174447,-187500.02235174447
não,2148.963767166587,-7729.099122178451,7040.240709810342,12247.213691140854,-187500.02235174447,-187500.02235174447,-187500.02235174447,-187500.02235174447
$SILENCE,1934.3870203956392,-7783.078585038017,6521.367314024844,12309.686816893438,-187500.02235174447,-187500.02235174447,-187500.02235174447,-187500.02235174447
$SILENCE,2073.8395540522997,-7799.596524190489,6688.401900339353,12263.75398203778,-187500.02235174447,-187500.02235174447,-187500.02235174447,-187500.02235174447
$SILENCE,2302.3637893633595,-7740.744381039665,7232.152787703609,12215.138937847489,-187500.02235174447,-187500.02235174447,-187500.02235174447,-187500.02235174447
$SILENCE,2196.9753142565864,-7724.114683164917,7135.950879567967,12245.067923673145,-187500.02235174447,-187500.02235174447,-187500.02235174447,-187500.02235174447
$SILENCE,1951.1284769926642,-7776.417765190336,6599.933695785248,12297.303950465197,-187500.02235174447,-187500.02235174447,-187500.02235174447,-187500.02235174447
$SILENCE,2009.4888817654708,-7809.811271406565,6594.2340009491445,12261.250586658787,-187500.02235174447,-187500.02235174447,-187500.02235174447,-187500.02235174447
$SILENCE,2276.659283239756,-7751.0038317446515,7163.890560137101,12207.025254610213,-187500.02235174447,-187500.02235174447,-187500.02235174447,-187500.02235174447
$SILENCE,2234.481541452592,-7721.6559912748335,7193.797194218301,12235.70254274637,-187500.02235174447,-187500.02235174447,-187500.02235174447,-187500.02235174447
$SILENCE,1991.4957274789488,-7766.292424952081,6680.198810124256,12286.9997962713,-187500.02235174447,-187500.02235174447,-187500.02235174447,-187500.02235174447
$SILENCE,1983.0691198192978,-7808.559573717067,6525.323572793433,12282.752964824793,-187500.02235174447,-187500.02235174447,-187500.02235174447,-187500.02235174447
$SILENCE,2257.0344516079967,-7763.2749394506145,7092.45438485794,12221.643295483982,-187500.02235174447,-187500.02235174447,-187500.02235174447,-187500.02235174447
$SILENCE,2270.333739558904,-7721.365418596914,7247.463732655494,12225.241926341287,-187500.02235174447,-187500.02235174447,-187500.02235174447,-187500.02235174447
$SILENCE,2038.5014460684595,-7756.256491691648,6785.855506164492,12292.38656668503,-187500.02235174447,-187500.02235174447,-187500.02235174447,-187500.02235174447
$SILENCE,1956.3140817062954,-7809.654809195377,6497.138023035291,12295.739328353326,-187500.02235174447,-187500.02235174447,-187500.02235174447,-187500.02235174447
$SILENCE,2221.852805835343,-7772.34974769947,6997.727691856348,12219.452824527363,-187500.02235174447,-187500.02235174447,-187500.02235174447,-187500.02235174447
$SILENCE,2301.6485335407897,-7723.466482575713,7269.524904432882,12201.012635351735,-187500.02235174447,-187500.02235174447,-187500.02235174447,-187500.02235174447
$SILENCE,2085.373054191238,-7746.712296809233,6875.284835730176,12257.562548823662,-187500.02235174447,-187500.02235174447,-187500.02235174447,-187500.02235174447
$SILENCE,1940.4666948874826,-7806.92789637183,6474.607464624341,12293.1018225076,-187500.02235174447,-187500.02235174447,-187500.02235174447,-187500.02235174447
$SILENCE,2183.1619361832068,-7791.236971764204,6889.478193459296,12246.476083573829,-187500.02235174447,-187500.02235174447,-187500.02235174447,-187500.02235174447
$SILENCE,2319.9993157385966,-7731.401351857347,7304.147756594152,12215.541269247684,-187500.02235174447,-187500.02235174447,-187500.02235174447,-187500.02235174447
$SILENCE,2123.7286476765453,-7740.274994406104,7005.1037675266,12234.540252034694,-187500.02235174447,-187500.02235174447,-187500.02235174447,-187500.02235174447
$SILENCE,1924.1722731795637,-7794.366215987947,6497.070967801925,12294.644092875016,-187500.02235174447,-187500.02235174447,-187500.02235174447,-187500.02235174447
$SILENCE,2120.0629615858747,-7796.981370089218,6767.169447799855,12244.643240528494,-187500.02235174447,-187500.02235174447,-187500.02235174447,-187500.02235174447
$SILENCE,2329.252937943094,-7734.351782125447,7257.7008316160245,12201.727891174305,-187500.02235174447,-187500.02235174447,-187500.02235174447,-187500.02235174447
$SILENCE,2188.8169275303994,-7727.646258788855,7068.0462799127445,12240.239946870799,-187500.02235174447,-187500.02235174447,-187500.02235174447,-187500.02235174447
$SILENCE,1960.1138782636976,-7786.431346706313,6545.283680592022,12292.319511451664,-187500.02235174447,-187500.02235174447,-187500.02235174447,-187500.02235174447
$SILENCE,2071.5596761178585,-7808.246649294692,6672.688623987273,12264.312775649165,-187500.02235174447,-187500.02235174447,-187500.02235174447,-187500.02235174447
$SILENCE,2314.1655104357615,-7745.035915975084,7233.873872026667,12218.067016371133,-187500.02235174447,-187500.02235174447,-187500.02235174447,-187500.02235174447
$SILENCE,2233.7886373744773,-7726.52867156609,7167.4221357610395,12237.445978813885,-187500.02235174447,-187500.02235174447,-187500.02235174447,-187500.02235174447
$SILENCE,1980.9457040960438,-7775.344881456481,6637.17170204779,12281.52361887975,-187500.02235174447,-187500.02235174447,-187500.02235174447,-187500.02235174447
$SILENCE,2027.2808703518954,-7808.581925461523,6595.642160849829,12260.736496536316,-187500.02235174447,-187500.02235174447,-187500.02235174447,-187500.02235174447
$SILENCE,2301.8049957519765,-7754.848331790964,7161.364813013651,12199.895048128968,-187500.02235174447,-187500.02235174447,-187500.02235174447,-187500.02235174447
$SILENCE,2270.9148849147423,-7724.807587243032,7217.244174151919,12217.910554159947,-187500.02235174447,-187500.02235174447,-187500.02235174447,-187500.02235174447
$SILENCE,2026.610318018236,-7767.901750552864,6719.403769898864,12280.42838340144,-187500.02235174447,-187500.02235174447,-187500.02235174447,-187500.02235174447
$SILENCE,1998.0671403488088,-7814.9298208868295,6515.824081399927,12275.555703110183,-187500.02235174447,-187500.02235174447,-187500.02235174447,-187500.02235174447
$SILENCE,2273.731204716111,-7770.673366865321,7074.170657893498,12211.1826790789,-187500.02235174447,-187500.02235174447,-187500.02235174447,-187500.02235174447
$SILENCE,2306.4541585986804,-7727.735665766677,7278.465602215005,12216.99413263728,-187500.02235174447,-187500.02235174447,-187500.02235174447,-187500.02235174447
$SILENCE,2054.415888120638,-7758.312852181537,6815.560974545596,12266.57030183915,-187500.02235174447,-187500.02235174447,-187500.02235174447,-187500.02235174447
$SILENCE,1957.968110795988,-7813.767530175153,6486.632703141297,12271.442982130407,-187500.02235174447,-187500.02235174447,-187500.02235174447,-187500.02235174447
$SILENCE,2231.240538506572,-7786.386643217403,6985.255418450287,12206.913495887935,-187500.02235174447,-187500.02235174447,-187500.02235174447,-187500.02235174447
$SILENCE,2338.953595036697,-7733.636526302877,7314.943649166066,12197.302245772153,-187500.02235174447,-187500.02235174447,-187500.02235174447,-187500.02235174447
$SILENCE,2129.9200808906653,-7750.266224177626,6933.0864468916,12246.56549055165,-187500.02235174447,-187500.02235174447,-187500.02235174447,-187500.02235174447
$SILENCE,1966.7299946224684,-7806.503213227179,6484.486935673587,12267.687889061915,-187500.02235174447,-187500.02235174447,-187500.02235174447,-187500.02235174447
$SILENCE,2193.7566630550223,-7796.40022473338,6870.680376372383,12204.298341786665,-187500.02235174447,-187500.02235174447,-187500.02235174447,-187500.02235174447
$SILENCE,2346.888464318331,-7738.822131016509,7302.15845133763,12171.59773964855,-187500.02235174447,-187500.02235174447,-187500.02235174447,-187500.02235174447
$SILENCE,2166.889866219743,-7744.588881085978,7030.964735861389,12210.757995934247,-187500.02235174447,-187500.02235174447,-187500.02235174447,-187500.02235174447
$SILENCE,1967.5570091673148,-7803.038692836606,6535.337154309411,12254.321545877641,-187500.02235174447,-187500.02235174447,-187500.02235174447,-187500.02235174447
$SILENCE,2151.6906799901344,-7814.9298208868295,6779.261741550177,12205.930019131902,-187500.02235174447,-187500.02235174447,-187500.02235174447,-187500.02235174447
$SILENCE,2356.298548734015,-7751.406163144847,7283.58415169527,12159.505445898229,-187500.02235174447,-187500.02235174447,-187500.02235174447,-187500.02235174447
$SILENCE,2224.602070403346,-7741.951375240252,7116.594268869671,12192.0272340807,-187500.02235174447,-187500.02235174447,-187500.02235174447,-187500.02235174447
$SILENCE,1989.77464315589,-7797.048425322584,6578.565428085974,12240.351705593075,-187500.02235174447,-187500.02235174447,-187500.02235174447,-187500.02235174447
$SILENCE,2092.346798461294,-7821.3224198010475,6671.101650130946,12206.377054021008,-187500.02235174447,-187500.02235174447,-187500.02235174447,-187500.02235174447
$SILENCE,2339.9147200482753,-7761.509151638646,7236.086694727743,12153.895158039948,-187500.02235174447,-187500.02235174447,-187500.02235174447,-187500.02235174447
$SILENCE,2258.1073353418515,-7739.447979861257,7189.371548816151,12174.79403910566,-187500.02235174447,-187500.02235174447,-187500.02235174447,-187500.02235174447
$SILENCE,2017.9601929140322,-7789.3370734855025,6662.093897115457,12227.365342064542,-187500.02235174447,-187500.02235174447,-187500.02235174447,-187500.02235174447
$SILENCE,2048.4703240955264,-7828.474978026746,6594.390463160332,12211.294437801176,-187500.02235174447,-187500.02235174447,-187500.02235174447,-187500.02235174447
$SILENCE,2320.6922198167113,-7775.523695412123,7172.965368385955,12149.760085315715,-187500.02235174447,-187500.02235174447,-187500.02235174447,-187500.02235174447
$SILENCE,2305.269516142549,-7741.884320006886,7263.668747385592,12160.220701720798,-187500.02235174447,-187500.02235174447,-187500.02235174447,-187500.02235174447
$SILENCE,2062.8871992691993,-7783.413861204846,6761.693270408306,12216.658856470449,-187500.02235174447,-187500.02235174447,-187500.02235174447,-187500.02235174447
$SILENCE,2024.710419739535,-7832.028905395139,6530.486825762609,12217.441167526385,-187500.02235174447,-187500.02235174447,-187500.02235174447,-187500.02235174447
$SILENCE,2294.3842165928145,-7791.751061886676,7071.376689836585,12148.97777425978,-187500.02235174447,-187500.02235174447,-187500.02235174447,-187500.02235174447
$SILENCE,2331.3763536663478,-7744.275956663604,7288.076852330787,12145.982640502769,-187500.02235174447,-187500.02235174447,-187500.02235174447,-187500.02235174447
$SILENCE,2100.2593159984726,-7771.858009321453,6860.9573675343245,12201.325559774108,-187500.02235174447,-187500.02235174447,-187500.02235174447,-187500.02235174447
$SILENCE,2002.9174688956107,-7823.937573902318,6547.608262015375,12218.446996026874,-187500.02235174447,-187500.02235174447,-187500.02235174447,-187500.02235174447
$SILENCE,2237.767247887522,-7802.122271313939,6969.966825242856,12165.40630643443,-187500.02235174447,-187500.02235174447,-187500.02235174447,-187500.02235174447
$SILENCE,2360.3218627359706,-7745.259433419637,7337.161283154641,12141.601698589528,-187500.02235174447,-187500.02235174447,-187500.02235174447,-187500.02235174447
$SILENCE,2136.9161769051766,-7761.330337683004,6950.833731989113,12196.408175993942,-187500.02235174447,-187500.02235174447,-187500.02235174447,-187500.02235174447
$SILENCE,1972.2732272473845,-7820.517757000656,6516.025247100026,12226.426568797418,-187500.02235174447,-187500.02235174447,-187500.02235174447,-187500.02235174447
$SILENCE,2181.6643693047013,-7815.2203935647485,6851.323765674087,12175.129315272488,-187500.02235174447,-187500.02235174447,-187500.02235174447,-187500.02235174447
$SILENCE,2353.146952765817,-7751.67438407831,7306.584096739781,12145.513253869207,-187500.02235174447,-187500.02235174447,-187500.02235174447,-187500.02235174447
$SILENCE,2182.804308271922,-7749.394506143869,7053.160018105509,12186.618111922517,-187500.02235174447,-187500.02235174447,-187500.02235174447,-187500.02235174447
$SILENCE,1971.6250266581808,-7807.710207427765,6541.148607867791,12230.539289777194,-187500.02235174447,-187500.02235174447,-187500.02235174447,-187500.02235174447
$SILENCE,2130.5235779909585,-7818.170823832849,6752.596110414996,12194.620036437516,-187500.02235174447,-187500.02235174447,-187500.02235174447,-187500.02235174447
$SILENCE,2351.448220187214,-7755.988270758185,7279.069099315298,12144.708591068817,-187500.02235174447,-187500.02235174447,-187500.02235174447,-187500.02235174447
$SILENCE,2234.123913541307,-7746.935814253786,7147.104400051165,12175.93397807288,-187500.02235174447,-187500.02235174447,-187500.02235174447,-187500.02235174447
$SILENCE,1994.3343990247727,-7802.5916579475,6616.07165528198,12229.913440932447,-187500.02235174447,-187500.02235174447,-187500.02235174447,-187500.02235174447
$SILENCE,2078.3322546878167,-7828.609088493477,6665.647824483851,12195.044719582167,-187500.02235174447,-187500.02235174447,-187500.02235174447,-187500.02235174447
$SILENCE,2334.9079292902866,-7767.611177874945,7227.794197534824,12140.081779966567,-187500.02235174447,-187500.02235174447,-187500.02235174447,-187500.02235174447
$SILENCE,2271.5630855039462,-7741.839616517976,7210.337485115228,12163.104076755533,-187500.02235174447,-187500.02235174447,-187500.02235174447,-187500.02235174447
$SILENCE,2024.35279182825,-7789.314721741048,6690.994702696169,12226.046589141679,-187500.02235174447,-187500.02235174447,-187500.02235174447,-187500.02235174447
$SILENCE,2041.45187633656,-7832.07360888405,6589.070747979969,12213.50726050225,-187500.02235174447,-187500.02235174447,-187500.02235174447,-187500.02235174447
$SILENCE,2321.2957169170045,-7782.005701304162,7162.840028147702,12148.530739370673,-187500.02235174447,-187500.02235174447,-187500.02235174447,-187500.02235174447
$SILENCE,2318.501748860091,-7742.130189195895,7279.404375482128,12162.433524421875,-187500.02235174447,-187500.02235174447,-187500.02235174447,-187500.02235174447
$SILENCE,2072.8784290407216,-7776.753041357165,6789.63295097744,12221.620943739528,-187500.02235174447,-187500.02235174447,-187500.02235174447,-187500.02235174447
$SILENCE,2007.3654660422167,-7826.798597192597,6531.760875196562,12227.745321720282,-187500.02235174447,-187500.02235174447,-187500.02235174447,-187500.02235174447
$SILENCE,2283.856544954365,-7790.991102575195,7063.844151955146,12164.244015722754,-187500.02235174447,-187500.02235174447,-187500.02235174447,-187500.02235174447
$SILENCE,2346.262615473582,-7741.77256128461,7306.271172317407,12160.60068137654,-187500.02235174447,-187500.02235174447,-187500.02235174447,-187500.02235174447
$SILENCE,2124.890938388221,-7768.326433697514,6886.572466680106,12217.105891359555,-187500.02235174447,-187500.02235174447,-187500.02235174447,-187500.02235174447
$SILENCE,1991.1380995676639,-7824.630477980433,6510.7055319196625,12240.0387811707,-187500.02235174447,-187500.02235174447,-187500.02235174447,-187500.02235174447
$SILENCE,2232.380477473793,-7800.177669546327,6950.2972901221865,12177.878579840492,-187500.02235174447,-187500.02235174447,-187500.02235174447,-187500.02235174447
$SILENCE,2358.600778412912,-7740.990250228674,7315.077759632798,12159.438390664864,-187500.02235174447,-187500.02235174447,-187500.02235174447,-187500.02235174447
$SILENCE,2157.1445056372295,-7753.909558523841,6983.1096509825775,12215.22834482531,-187500.02235174447,-187500.02235174447,-187500.02235174447,-187500.02235174447
$SILENCE,1980.4092622291164,-7813.87928889743,6521.255555302568,12253.986269710813,-187500.02235174447,-187500.02235174447,-187500.02235174447,-187500.02235174447
$SILENCE,2192.884945021265,-7809.945381873296,6845.534663860162,12194.463574226329,-187500.02235174447,-187500.02235174447,-187500.02235174447,-187500.02235174447
$SILENCE,2383.992360114141,-7743.203072929749,7338.569443055326,12158.276099953187,-187500.02235174447,-187500.02235174447,-187500.02235174447,-187500.02235174447
$SILENCE,2211.995686530553,-7741.2584711621375,7082.1949341529535,12209.260429055743,-187500.02235174447,-187500.02235174447,-187500.02235174447,-187500.02235174447
$SILENCE,1982.1526982966302,-7804.513907970657,6536.857072932372,12261.295290147698,-187500.02235174447,-187500.02235174447,-187500.02235174447,-187500.02235174447
$SILENCE,2129.5177494904697,-7817.612030221467,6724.3658571679425,12216.770615192727,-187500.02235174447,-187500.02235174447,-187500.02235174447,-187500.02235174447
$SILENCE,2355.672699889267,-7754.691869579777,7267.6250061541805,12169.966062303312,-187500.02235174447,-187500.02235174447,-187500.02235174447,-187500.02235174447
$SILENCE,2256.274492296516,-7739.492683350169,7158.3249757677295,12204.36539702003,-187500.02235174447,-187500.02235174447,-187500.02235174447,-187500.02235174447
$SILENCE,2018.1166551252193,-7791.616951419945,6620.251431495122,12261.384697125519,-187500.02235174447,-187500.02235174447,-187500.02235174447,-187500.02235174447
$SILENCE,2089.3963681931937,-7820.78597793412,6636.299984014033,12235.657839257461,-187500.02235174447,-187500.02235174447,-187500.02235174447,-187500.02235174447
$SILENCE,2352.118772520873,-7761.576206872011,7212.103272927198,12178.482076940785,-187500.02235174447,-187500.02235174447,-187500.02235174447,-187500.02235174447
$SILENCE,2292.529021803024,-7730.730799523688,7229.895261513622,12201.772594663214,-187500.02235174447,-187500.02235174447,-187500.02235174447,-187500.02235174447
$SILENCE,2046.1457426721745,-7775.434288434302,6712.832357029004,12262.457580859373,-187500.02235174447,-187500.02235174447,-187500.02235174447,-187500.02235174447
$SILENCE,2055.9805102325095,-7819.757797689176,6569.825896003949,12252.980441210324,-187500.02235174447,-187500.02235174447,-187500.02235174447,-187500.02235174447
$SILENCE,2334.9973362681076,-7771.969768043729,7132.7322283664025,12191.379033491497,-187500.02235174447,-187500.02235174447,-187500.02235174447,-187500.02235174447
$SILENCE,2339.780609581543,-7732.384828613381,7275.693985902547,12198.732757417292,-187500.02235174447,-187500.02235174447,-187500.02235174447,-187500.02235174447
$SILENCE,2100.5275369319365,-7766.225369718715,6802.507555783696,12257.070810445644,-187500.02235174447,-187500.02235174447,-187500.02235174447,-187500.02235174447
$SILENCE,2023.5928325167697,-7819.1543005888825,6521.993162869592,12265.497418105295,-187500.02235174447,-187500.02235174447,-187500.02235174447,-187500.02235174447
$SILENCE,2294.339513103904,-7783.480916438212,7036.6420789530375,12198.442184739373,-187500.02235174447,-187500.02235174447,-187500.02235174447,-187500.02235174447
$SILENCE,2375.56575245449,-7732.228366402193,7313.40137879865,12199.045681839667,-187500.02235174447,-187500.02235174447,-187500.02235174447,-187500.02235174447
$SILENCE,2153.456467802104,-7753.127247467905,6910.689998947382,12257.696659290394,-187500.02235174447,-187500.02235174447,-187500.02235174447,-187500.02235174447
$SILENCE,2012.7522364559456,-7811.621762707444,6512.359561009355,12285.323415437153,-187500.02235174447,-187500.02235174447,-187500.02235174447,-187500.02235174447
$SILENCE,2257.7497074305666,-7792.891000853897,6933.779350969715,12223.632600740506,-187500.02235174447,-187500.02235174447,-187500.02235174447,-187500.02235174447
$SILENCE,2392.530726496068,-7732.071904191006,7322.744407980968,12199.64917893996,-187500.02235174447,-187500.02235174447,-187500.02235174447,-187500.02235174447
$SILENCE,2204.7537213270334,-7742.666631062822,7006.3554652160965,12244.285612617208,-187500.02235174447,-187500.02235174447,-187500.02235174447,-187500.02235174447
$SILENCE,2017.647268491658,-7800.848221879986,6526.150587338279,12283.825848558647,-187500.02235174447,-187500.02235174447,-187500.02235174447,-187500.02235174447
$SILENCE,2211.146320241251,-7800.915277113352,6821.640649037439,12235.411970068451,-187500.02235174447,-187500.02235174447,-187500.02235174447,-187500.02235174447
$SILENCE,2404.399502801836,-7738.598613571956,7310.294486319362,12197.88339112799,-187500.02235174447,-187500.02235174447,-187500.02235174447,-187500.02235174447
$SILENCE,2261.3259865434156,-7735.067037948017,7106.223059442408,12233.646182256483,-187500.02235174447,-187500.02235174447,-187500.02235174447,-187500.02235174447
$SILENCE,2039.9543094580545,-7793.025111320629,6574.542114084019,12284.027014258745,-187500.02235174447,-187500.02235174447,-187500.02235174447,-187500.02235174447
$SILENCE,2171.2037528996175,-7810.21360280676,6715.179290196811,12249.359458608564,-187500.02235174447,-187500.02235174447,-187500.02235174447,-187500.02235174447
$SILENCE,2409.0263139040844,-7747.829884031998,7266.529770675871,12198.576295206107,-187500.02235174447,-187500.02235174447,-187500.02235174447,-187500.02235174447
$SILENCE,2305.9400684762086,-7730.19435765676,7183.7389092134135,12226.270106586231,-187500.02235174447,-187500.02235174447,-187500.02235174447,-187500.02235174447
$SILENCE,2064.0494899808755,-7780.955169314763,6653.332013288977,12283.602331114094,-187500.02235174447,-187500.02235174447,-187500.02235174447,-187500.02235174447
$SILENCE,2124.6227174547575,-7814.415730764357,6634.936527602259,12260.244758158298,-187500.02235174447,-187500.02235174447,-187500.02235174447,-187500.02235174447
$SILENCE,2391.3460840399366,-7757.977576014707,7205.733025757436,12197.324597516608,-187500.02235174447,-187500.02235174447,-187500.02235174447,-187500.02235174447
$SILENCE,2357.684356890244,-7728.808549500532,7254.571587392282,12214.647199469471,-187500.02235174447,-187500.02235174447,-187500.02235174447,-187500.02235174447
$SILENCE,2108.9541445915875,-7770.360442442948,6742.0907905210015,12272.962900753368,-187500.02235174447,-187500.02235174447,-187500.02235174447,-187500.02235174447
$SILENCE,2086.4682896695485,-7815.846242409497,6563.187427900723,12269.207807684876,-187500.02235174447,-187500.02235174447,-187500.02235174447,-187500.02235174447
$SILENCE,2361.1265255363614,-7772.327395955014,7118.024780514811,12201.929056874402,-187500.02235174447,-187500.02235174447,-187500.02235174447,-187500.02235174447
$SILENCE,2390.13908983935,-7728.76384601162,7295.430576256583,12206.89114414348,-187500.02235174447,-187500.02235174447,-187500.02235174447,-187500.02235174447
$SILENCE,2155.512828291992,-7760.548026627068,6836.035172466657,12264.08925820461,-187500.02235174447,-187500.02235174447,-187500.02235174447,-187500.02235174447
$SILENCE,2061.2108184350514,-7815.35450403148,6523.893061148294,12276.852104288591,-187500.02235174447,-187500.02235174447,-187500.02235174447,-187500.02235174447
$SILENCE,2323.597946595901,-7784.9337798278075,7020.81704387868,12210.087443600589,-187500.02235174447,-187500.02235174447,-187500.02235174447,-187500.02235174447
$SILENCE,2410.657991249322,-7728.942659967263,7322.49853879196,12199.760937662237,-187500.02235174447,-187500.02235174447,-187500.02235174447,-187500.02235174447
$SILENCE,2201.378607914282,-7749.729782310699,6942.764752240748,12252.086371432111,-187500.02235174447,-187500.02235174447,-187500.02235174447,-187500.02235174447
$SILENCE,2046.6598327946465,-7810.303009784581,6520.517947735542,12276.583883355128,-187500.02235174447,-187500.02235174447,-187500.02235174447,-187500.02235174447
$SILENCE,2278.2909605849936,-7796.40022473338,6915.361513538542,12218.983437893801,-187500.02235174447,-187500.02235174447,-187500.02235174447,-187500.02235174447
$SILENCE,2429.634622291878,-7736.363439126425,7328.444102817071,12191.379033491497,-187500.02235174447,-187500.02235174447,-187500.02235174447,-187500.02235174447
$SILENCE,2256.430954507703,-7745.572357842012,7040.553634232716,12238.56356603665,-187500.02235174447,-187500.02235174447,-187500.02235174447,-187500.02235174447
$SILENCE,2051.7113270415457,-7802.412843991858,6544.00963115807,12279.020223500756,-187500.02235174447,-187500.02235174447,-187500.02235174447,-187500.02235174447
$SILENCE,2226.412561704226,-7805.9444196157965,6803.066349395079,12230.338124077098,-187500.02235174447,-187500.02235174447,-187500.02235174447,-187500.02235174447
$SILENCE,2430.0593054365286,-7743.851273518953,7306.807614184334,12189.36737649052,-187500.02235174447,-187500.02235174447,-187500.02235174447,-187500.02235174447
$SILENCE,2294.764196248555,-7736.765770526621,7128.775969597813,12223.766711207238,-187500.02235174447,-187500.02235174447,-187500.02235174447,-187500.02235174447
$SILENCE,2056.762821288445,-7792.689835153799,6599.1066812404015,12273.745211809304,-187500.02235174447,-187500.02235174447,-187500.02235174447,-187500.02235174447
$SILENCE,2173.930665723165,-7815.578021476033,6707.691455804284,12237.624792769528,-187500.02235174447,-187500.02235174447,-187500.02235174447,-187500.02235174447
$SILENCE,2422.303250110537,-7754.378945157403,7263.15465726312,12180.493733941763,-187500.02235174447,-187500.02235174447,-187500.02235174447,-187500.02235174447
$SILENCE,2343.267481716571,-7734.642354803366,7210.181022904042,12205.818260409626,-187500.02235174447,-187500.02235174447,-187500.02235174447,-187500.02235174447
$SILENCE,2105.51197594547,-7786.140774028394,6682.523391547607,12262.636394815016,-187500.02235174447,-187500.02235174447,-187500.02235174447,-187500.02235174447
$SILENCE,2148.4496770441147,-7824.3175535580585,6620.340838472944,12238.340048592097,-187500.02235174447,-187500.02235174447,-187500.02235174447,-187500.02235174447
$SILENCE,2427.555910057534,-7772.3720994439245,7190.533839527827,12174.302300727642,-187500.02235174447,-187500.02235174447,-187500.02235174447,-187500.02235174447
$SILENCE,2408.199299359238,-7739.805607772542,7267.848523598734,12192.876600370002,-187500.02235174447,-187500.02235174447,-187500.02235174447,-187500.02235174447
$SILENCE,2156.3621945812934,-7780.0610995365505,6768.8011251450935,12253.226310399332,-187500.02235174447,-187500.02235174447,-187500.02235174447,-187500.02235174447
$SILENCE,2112.1727957931516,-7826.753893703687,6558.448858076198,12251.639336543005,-187500.02235174447,-187500.02235174447,-187500.02235174447,-187500.02235174447
$SILENCE,2388.015674116096,-7783.123288526927,7108.055902487744,12187.959216589836,-187500.02235174447,-187500.02235174447,-187500.02235174447,-187500.02235174447
$SILENCE,2419.9339651982746,-7735.379962370392,7314.004875898943,12189.568542190616,-187500.02235174447,-187500.02235174447,-187500.02235174447,-187500.02235174447
$SILENCE,2180.055043703919,-7762.135000483394,6869.875713571992,12248.174816152432,-187500.02235174447,-187500.02235174447,-187500.02235174447,-187500.02235174447
$SILENCE,2071.425565651127,-7817.768492432653,6532.38672404131,12264.29042390471,-187500.02235174447,-187500.02235174447,-187500.02235174447,-187500.02235174447
$SILENCE,2326.660135586278,-7792.533372942612,7009.261191995286,12198.88921962848,-187500.02235174447,-187500.02235174447,-187500.02235174447,-187500.02235174447
$SILENCE,2424.359610600425,-7737.2128054157265,7331.774512740912,12181.767783375715,-187500.02235174447,-187500.02235174447,-187500.02235174447,-187500.02235174447
$SILENCE,2214.923765054198,-7755.563587613534,6965.943511240901,12231.835690955602,-187500.02235174447,-187500.02235174447,-187500.02235174447,-187500.02235174447
$SILENCE,2054.035908464898,-7813.320495286048,6531.000915885082,12266.592653583606,-187500.02235174447,-187500.02235174447,-187500.02235174447,-187500.02235174447
$SILENCE,2271.8983616707756,-7800.758814902165,6896.608399940539,12210.93680988989,-187500.02235174447,-187500.02235174447,-187500.02235174447,-187500.02235174447
$SILENCE,2434.552006072045,-7740.38675312838,7337.317745365828,12183.086536298579,-187500.02235174447,-187500.02235174447,-187500.02235174447,-187500.02235174447
$SILENCE,2273.932370416209,-7747.092276464972,7070.370861336096,12222.000923395268,-187500.02235174447,-187500.02235174447,-187500.02235174447,-187500.02235174447
$SILENCE,2068.162210960652,-7806.659675438366,6557.420677831255,12256.534368578717,-187500.02235174447,-187500.02235174447,-187500.02235174447,-187500.02235174447
$SILENCE,2235.82264611991,-7816.092111598506,6787.6436457209165,12211.830879668103,-187500.02235174447,-187500.02235174447,-187500.02235174447,-187500.02235174447
$SILENCE,2442.956261987241,-7751.562625356034,7304.460681016527,12165.763934345716,-187500.02235174447,-187500.02235174447,-187500.02235174447,-187500.02235174447
$SILENCE,2312.042094712507,-7739.8503112614535,7152.535873953805,12200.74441441827,-187500.02235174447,-187500.02235174447,-187500.02235174447,-187500.02235174447
$SILENCE,2079.6286558662246,-7796.959018344763,6623.4030274633205,12253.360420866064,-187500.02235174447,-187500.02235174447,-187500.02235174447,-187500.02235174447
$SILENCE,2178.4680698475922,-7822.9093936573745,6685.94320844927,12218.782272193703,-187500.02235174447,-187500.02235174447,-187500.02235174447,-187500.02235174447
$SILENCE,2432.272128137604,-7762.090296994484,7250.592976879237,12164.847512823048,-187500.02235174447,-187500.02235174447,-187500.02235174447,-187500.02235174447
$SILENCE,2356.7455836231215,-7739.336221138981,7230.632869080648,12189.993225335267,-187500.02235174447,-187500.02235174447,-187500.02235174447,-187500.02235174447
$SILENCE,2111.9492783485985,-7788.174782773827,6706.551516837063,12247.459560329862,-187500.02235174447,-187500.02235174447,-187500.02235174447,-187500.02235174447
$SILENCE,2136.3350315493385,-7828.743198960209,6617.993905305137,12234.875528201525,-187500.02235174447,-187500.02235174447,-187500.02235174447,-187500.02235174447
$SILENCE,2408.489872037157,-7775.858971578953,7194.110118640676,12173.74350711626,-187500.02235174447,-187500.02235174447,-187500.02235174447,-187500.02235174447
$SILENCE,2395.5705637419896,-7736.877529248897,7292.435442499572,12183.578274676594,-187500.02235174447,-187500.02235174447,-187500.02235174447,-187500.02235174447
$SILENCE,2149.8801886892547,-7776.484820423701,6785.944913142313,12238.09417940309,-187500.02235174447,-187500.02235174447,-187500.02235174447,-187500.02235174447
$SILENCE,2089.709292615568,-7828.005591393184,6543.406134057776,12242.586880038605,-187500.02235174447,-187500.02235174447,-187500.02235174447,-187500.02235174447
$SILENCE,2368.0332145730513,-7787.34776822898,7087.246428399852,12177.699765884849,-187500.02235174447,-187500.02235174447,-187500.02235174447,-187500.02235174447
$SILENCE,2418.235232619671,-7735.826997259498,7320.196309113063,12170.994242548257,-187500.02235174447,-187500.02235174447,-187500.02235174447,-187500.02235174447
$SILENCE,2196.6623898342123,-7766.58299763,6900.028216842201,12226.024237397223,-187500.02235174447,-187500.02235174447,-187500.02235174447,-187500.02235174447
$SILENCE,2072.40904240716,-7825.658658225377,6540.455703789677,12249.717086519848,-187500.02235174447,-187500.02235174447,-187500.02235174447,-187500.02235174447
$SILENCE,2322.480359373136,-7800.35648350197,6990.396319675007,12185.589931677572,-187500.02235174447,-187500.02235174447,-187500.02235174447,-187500.02235174447
$SILENCE,2439.022354963107,-7743.091314207472,7338.860015733245,12166.166265745911,-187500.02235174447,-187500.02235174447,-187500.02235174447,-187500.02235174447
$SILENCE,2238.9295385991977,-7755.764753313631,6990.373967930552,12215.56362099214,-187500.02235174447,-187500.02235174447,-187500.02235174447,-187500.02235174447
$SILENCE,2061.2331701795065,-7815.645076709399,6534.644250231297,12249.493569075295,-187500.02235174447,-187500.02235174447,-187500.02235174447,-187500.02235174447
$SILENCE,2270.669015725734,-7809.721864428743,6880.626902654994,12195.916437615924,-187500.02235174447,-187500.02235174447,-187500.02235174447,-187500.02235174447
$SILENCE,2443.492703854168,-7748.567491599023,7335.127274409208,12159.147817986945,-187500.02235174447,-187500.02235174447,-187500.02235174447,-187500.02235174447
$SILENCE,2296.0382456825073,-7753.0601922345395,7096.812975026724,12201.45967024084,-187500.02235174447,-187500.02235174447,-187500.02235174447,-187500.02235174447
$SILENCE,2077.549943631881,-7809.49834698419,6576.911398996282,12247.481912074318,-187500.02235174447,-187500.02235174447,-187500.02235174447,-187500.02235174447
$SILENCE,2227.1948727601616,-7823.021152379651,6766.498895466197,12203.448975497364,-187500.02235174447,-187500.02235174447,-187500.02235174447,-187500.02235174447
$SILENCE,2445.973747488707,-7758.15638997035,7300.124442592197,12157.918472041902,-187500.02235174447,-187500.02235174447,-187500.02235174447,-187500.02235174447
$SILENCE,2328.7835513095324,-7744.566529341523,7176.60870273217,12187.892161356469,-187500.02235174447,-187500.02235174447,-187500.02235174447,-187500.02235174447
não,2092.8161850948554,-7798.4342334788125,6641.7761614055835,12241.491644560296,-187500.02235174447,-187500.02235174447,-187500.02235174447,-187500.02235174447
não,2180.837354759855,-7824.898698913897,6681.361100835932,12217.441167526385,-187500.02235174447,-187500.02235174447,-187500.02235174447,-187500.02235174447
não,2431.489817081668,-7766.404183674358,7249.877721056667,12159.594852876051,-187500.02235174447,-187500.02235174447,-187500.02235174447,-187500.02235174447
não,2372.7941361420317,-7742.957203740741,7248.201340222519,12180.203161263844,-187500.02235174447,-187500.02235174447,-187500.02235174447,-187500.02235174447
não,2128.2437000565174,-7787.906561840363,6726.936307780303,12239.927022448424,-187500.02235174447,-187500.02235174447,-187500.02235174447,-187500.02235174447
não,2128.310755289883,-7828.743198960209,6602.750015586617,12227.007714153257,-187500.02235174447,-187500.02235174447,-187500.02235174447,-187500.02235174447
não,2398.275124821082,-7778.071794280028,7171.333691040718,12161.74062034376,-187500.02235174447,-187500.02235174447,-187500.02235174447,-187500.02235174447
não,2400.1973748442383,-7738.039819960573,7301.510250748426,12170.971890803801,-187500.02235174447,-187500.02235174447,-187500.02235174447,-187500.02235174447
não,2163.313587106894,-7774.339052955992,6821.148910659423,12228.371170565031,-187500.02235174447,-187500.02235174447,-187500.02235174447,-187500.02235174447
não,2090.4469001825933,-7826.284507070126,6552.436238817721,12234.652010756972,-187500.02235174447,-187500.02235174447,-187500.02235174447,-187500.02235174447
não,2358.7348888796437,-7790.700529897276,7076.584646294671,12169.36256520302,-187500.02235174447,-187500.02235174447,-187500.02235174447,-187500.02235174447
não,2422.1244361548947,-7739.29151765007,7334.6578877756465,12162.992318033257,-187500.02235174447,-187500.02235174447,-187500.02235174447,-187500.02235174447
não,2202.9432300261533,-7763.7443260841765,6924.257507831754,12220.235135583298,-187500.02235174447,-187500.02235174447,-187500.02235174447,-187500.02235174447
não,2071.671434840135,-7822.507062257178,6537.304107821478,12243.682115516916,-187500.02235174447,-187500.02235174447,-187500.02235174447,-187500.02235174447
não,2316.4453883702026,-7802.368140502947,6968.223389175343,12177.565655418117,-187500.02235174447,-187500.02235174447,-187500.02235174447,-187500.02235174447
não,2448.812419034531,-7745.907634008841,7346.213739659041,12152.665812094905,-187500.02235174447,-187500.02235174447,-187500.02235174447,-187500.02235174447
não,2260.2307510651053,-7760.570378371523,7025.399151492018,12203.404272008453,-187500.02235174447,-187500.02235174447,-187500.02235174447,-187500.02235174447
não,2066.150553959674,-7819.1543005888825,6545.686011992218,12241.066961415645,-187500.02235174447,-187500.02235174447,-187500.02235174447,-187500.02235174447
não,2260.6777859542117,-7812.158204574372,6849.714440073305,12188.0262718232,-187500.02235174447,-187500.02235174447,-187500.02235174447,-187500.02235174447
não,2450.3770411464025,-7750.221520688716,7325.650134760158,12150.296527182643,-187500.02235174447,-187500.02235174447,-187500.02235174447,-187500.02235174447
não,2303.637838797312,-7749.998003244163,7110.112262977632,12194.50827771524,-187500.02235174447,-187500.02235174447,-187500.02235174447,-187500.02235174447
não,2081.8191268228443,-7806.7714341606425,6589.741300313628,12242.028086427223,-187500.02235174447,-187500.02235174447,-187500.02235174447,-187500.02235174447
não,2217.4942156665584,-7823.982277391229,6753.4231249598415,12201.571428963118,-187500.02235174447,-187500.02235174447,-187500.02235174447,-187500.02235174447
não,2448.0524597230506,-7765.10778249595,7300.325608292295,12152.084666739067,-187500.02235174447,-187500.02235174447,-187500.02235174447,-187500.02235174447
não,2344.563882894979,-7747.494607865168,7198.200487875997,12182.304225242642,-187500.02235174447,-187500.02235174447,-187500.02235174447,-187500.02235174447
não,2100.5722404208473,-7798.054253823073,6654.762524934116,12236.730722991315,-187500.02235174447,-187500.02235174447,-187500.02235174447,-187500.02235174447
não,2159.4243835716707,-7829.16788210486,6650.336879531966,12211.719120945827,-187500.02235174447,-187500.02235174447,-187500.02235174447,-187500.02235174447
não,2419.6657442648107,-7767.164142985838,7232.845691781723,12154.1186754845,-187500.02235174447,-187500.02235174447,-187500.02235174447,-187500.02235174447
não,2376.7727466550764,-7735.402314114847,7265.05455554182,12176.381012961987,-187500.02235174447,-187500.02235174447,-187500.02235174447,-187500.02235174447
não,2132.4011245252045,-7783.212695504749,6747.611671401462,12234.51790029024,-187500.02235174447,-187500.02235174447,-187500.02235174447,-187500.02235174447
não,2123.6615924431794,-7835.627536252444,6591.104756725402,12227.767673464738,-187500.02235174447,-187500.02235174447,-187500.02235174447,-187500.02235174447
não,2399.7950434440427,-7788.912390340852,7156.045097833288,12162.589986633062,-187500.02235174447,-187500.02235174447,-187500.02235174447,-187500.02235174447
não,2420.045723920551,-7741.81726477352,7326.92418419411,12168.468495424808,-187500.02235174447,-187500.02235174447,-187500.02235174447,-187500.02235174447
não,2185.665331562201,-7775.300177967571,6849.446219139841,12226.672437986426,-187500.02235174447,-187500.02235174447,-187500.02235174447,-187500.02235174447
não,2091.877411827733,-7826.955059403785,6534.756008953573,12236.954240435869,-187500.02235174447,-187500.02235174447,-187500.02235174447,-187500.02235174447
não,2356.343252222926,-7790.946399086285,7052.891797172046,12174.570521661106,-187500.02235174447,-187500.02235174447,-187500.02235174447,-187500.02235174447
não,2432.942680471263,-7743.3148316520255,7340.603451800758,12161.02536452119,-187500.02235174447,-187500.02235174447,-187500.02235174447,-187500.02235174447
não,2218.0306575334857,-7769.399317431369,6940.239005117298,12212.79200467968,-187500.02235174447,-187500.02235174447,-187500.02235174447,-187500.02235174447
não,2073.727795330023,-7825.703361714288,6536.3429828099,12240.865795715546,-187500.02235174447,-187500.02235174447,-187500.02235174447,-187500.02235174447
não,2318.4123418822696,-7800.758814902165,6965.898807751991,12190.976702091302,-187500.02235174447,-187500.02235174447,-187500.02235174447,-187500.02235174447
não,2461.9552447742517,-7741.996078729163,7354.17096068513,12166.389783190463,-187500.02235174447,-187500.02235174447,-187500.02235174447,-187500.02235174447
não,2262.220056321628,-7761.665613849833,7038.96666037639,12201.102042329556,-187500.02235174447,-187500.02235174447,-187500.02235174447,-187500.02235174447
não,2067.3351964158055,-7819.1543005888825,6544.970756169648,12239.837615470602,-187500.02235174447,-187500.02235174447,-187500.02235174447,-187500.02235174447
não,2265.773983690022,-7817.790844177109,6818.533756558151,12189.814411379626,-187500.02235174447,-187500.02235174447,-187500.02235174447,-187500.02235174447
não,2463.0281285081064,-7754.736573068688,7323.839643459278,12145.245032935743,-187500.02235174447,-187500.02235174447,-187500.02235174447,-187500.02235174447
não,2323.463836129169,-7746.064096220029,7140.130655781109,12192.787193392182,-187500.02235174447,-187500.02235174447,-187500.02235174447,-187500.02235174447
não,2094.090234528808,-7803.619838192444,6607.063902266491,12243.011563183256,-187500.02235174447,-187500.02235174447,-187500.02235174447,-187500.02235174447
não,2203.211450959617,-7832.40888505088,6723.538842623097,12197.816335894626,-187500.02235174447,-187500.02235174447,-187500.02235174447,-187500.02235174447
não,2445.951395744252,-7771.0756982655175,7282.6453784281475,12153.202253961832,-187500.02235174447,-187500.02235174447,-187500.02235174447,-187500.02235174447
não,2361.819429614476,-7745.482950864191,7221.222784664963,12185.36641423302,-187500.02235174447,-187500.02235174447,-187500.02235174447,-187500.02235174447
não,2120.3758860082494,-7799.127137556928,6684.9820834376915,12236.350743335575,-187500.02235174447,-187500.02235174447,-187500.02235174447,-187500.02235174447
não,2162.7100900066007,-7837.706248486787,6646.246510296644,12218.491699515784,-187500.02235174447,-187500.02235174447,-187500.02235174447,-187500.02235174447
não,2442.553930587045,-7766.068907507528,7235.080866227254,12168.803771591636,-187500.02235174447,-187500.02235174447,-187500.02235174447,-187500.02235174447
não,2406.880546436375,-7734.374133869903,7291.25080004344,12176.872751340003,-187500.02235174447,-187500.02235174447,-187500.02235174447,-187500.02235174447
não,2143.219368841573,-7805.139756815405,6752.3055377370765,12213.686074457893,-187500.02235174447,-187500.02235174447,-187500.02235174447,-187500.02235174447
não,2118.699505174101,-7844.367068334469,6567.568369813964,12219.60928673855,-187500.02235174447,-187500.02235174447,-187500.02235174447,-187500.02235174447
não,2395.011770130607,-7788.711224640754,7134.945051067478,12158.566672631106,-187500.02235174447,-187500.02235174447,-187500.02235174447,-187500.02235174447
não,2429.656974036333,-7742.241947918171,7321.805634713845,12169.65313788094,-187500.02235174447,-187500.02235174447,-187500.02235174447,-187500.02235174447
não,2183.9665989835976,-7780.552837914567,6862.946672790847,12216.547097748173,-187500.02235174447,-187500.02235174447,-187500.02235174447,-187500.02235174447
não,2089.016388537453,-7821.188309334316,6551.430410317232,12241.513996304751,-187500.02235174447,-187500.02235174447,-187500.02235174447,-187500.02235174447
não,2335.198501968205,-7808.917201628352,7023.879232869057,12172.93884431587,-187500.02235174447,-187500.02235174447,-187500.02235174447,-187500.02235174447
não,2422.817340233009,-7759.6316051044,7331.752160996457,12157.940823786357,-187500.02235174447,-187500.02235174447,-187500.02235174447,-187500.02235174447
não,2218.8800238227873,-7767.946454041774,6955.482894835818,12205.684149942894,-187500.02235174447,-187500.02235174447,-187500.02235174447,-187500.02235174447
não,2058.2380364224955,-7831.425408294846,6520.808520413461,12243.413894583451,-187500.02235174447,-187500.02235174447,-187500.02235174447,-187500.02235174447
não,2280.9061146862646,-7824.764588447165,6896.4072342404415,12193.79302189267,-187500.02235174447,-187500.02235174447,-187500.02235174447,-187500.02235174447
não,2439.2011689187493,-7756.748230069666,7329.40522782865,12171.575387904095,-187500.02235174447,-187500.02235174447,-187500.02235174447,-187500.02235174447
não,2263.3599952888485,-7761.352689427458,7054.836398939658,12213.171984335422,-187500.02235174447,-187500.02235174447,-187500.02235174447,-187500.02235174447
não,2051.9571962305545,-7825.636306480922,6551.944500439704,12250.767618509248,-187500.02235174447,-187500.02235174447,-187500.02235174447,-187500.02235174447
não,2217.4718639221032,-7829.0784751270385,6792.292808567621,12205.304170287154,-187500.02235174447,-187500.02235174447,-187500.02235174447,-187500.02235174447
não,2425.007811189629,-7764.146657484372,7303.521907749404,12166.143914001455,-187500.02235174447,-187500.02235174447,-187500.02235174447,-187500.02235174447
não,2298.07225442794,-7756.837637047486,7137.3143359797405,12207.002902865757,-187500.02235174447,-187500.02235174447,-187500.02235174447,-187500.02235174447
não,2063.26717892494,-7812.426425507835,6604.7393208431395,12262.502284348284,-187500.02235174447,-187500.02235174447,-187500.02235174447,-187500.02235174447
não,2154.3952410692264,-7834.420542051857,6683.752737492649,12227.432397297907,-187500.02235174447,-187500.02235174447,-187500.02235174447,-187500.02235174447
não,2397.5375172540566,-7772.819134333031,7249.318927445284,12171.061297781624,-187500.02235174447,-187500.02235174447,-187500.02235174447,-187500.02235174447
não,2331.465760644169,-7749.908596266341,7219.792273019823,12196.65404518295,-187500.02235174447,-187500.02235174447,-187500.02235174447,-187500.02235174447
não,2078.131088987719,-7798.344826500992,6685.674987515806,12257.830769757125,-187500.02235174447,-187500.02235174447,-187500.02235174447,-187500.02235174447
não,2102.248621254995,-7838.890890942918,6612.048341280025,12242.51982480524,-187500.02235174447,-187500.02235174447,-187500.02235174447,-187500.02235174447
não,2350.8670748313757,-7782.363329215447,7168.718536939447,12175.755164117238,-187500.02235174447,-187500.02235174447,-187500.02235174447,-187500.02235174447
não,2333.6115281118787,-7746.600538086956,7253.565758891793,12194.50827771524,-187500.02235174447,-187500.02235174447,-187500.02235174447,-187500.02235174447
não,2088.055263525875,-7788.73357638521,6762.095601808501,12256.556720323173,-187500.02235174447,-187500.02235174447,-187500.02235174447,-187500.02235174447
não,2036.221568134018,-7838.443856053813,6534.443084531198,12258.993060468802,-187500.02235174447,-187500.02235174447,-187500.02235174447,-187500.02235174447
não,2307.236469654616,-7798.277771267626,7077.54577130625,12182.46068745383,-187500.02235174447,-187500.02235174447,-187500.02235174447,-187500.02235174447
não,2339.422981670258,-7751.115590466928,7295.072948345298,12171.128353014989,-187500.02235174447,-187500.02235174447,-187500.02235174447,-187500.02235174447
não,2099.834632853822,-7780.575189659023,6855.257672698221,12223.677304229415,-187500.02235174447,-187500.02235174447,-187500.02235174447,-187500.02235174447
não,1977.257666260918,-7836.678068241843,6493.673502644719,12240.84344397109,-187500.02235174447,-187500.02235174447,-187500.02235174447,-187500.02235174447
não,2229.7876751169774,-7811.800576663087,6964.602406573583,12177.073917040101,-187500.02235174447,-187500.02235174447,-187500.02235174447,-187500.02235174447
não,2326.9283565197416,-7759.788067315587,7311.859108431234,12162.187655232867,-187500.02235174447,-187500.02235174447,-187500.02235174447,-187500.02235174447
não,2110.898746359199,-7774.763736100643,6949.693793021893,12201.727891174305,-187500.02235174447,-187500.02235174447,-187500.02235174447,-187500.02235174447
não,1935.7281250629576,-7832.230071095237,6500.513136448042,12231.880394444514,-187500.02235174447,-187500.02235174447,-187500.02235174447,-187500.02235174447
não,2146.9744619100647,-7822.954097146285,6848.708611572816,12185.277007255198,-187500.02235174447,-187500.02235174447,-187500.02235174447,-187500.02235174447
não,2300.329780617926,-7761.732669083199,7289.596770953748,12152.68816383936,-187500.02235174447,-187500.02235174447,-187500.02235174447,-187500.02235174447
não,2123.929813376643,-7764.414878417836,7037.849073153624,12191.22257128031,-187500.02235174447,-187500.02235174447,-187500.02235174447,-187500.02235174447
não,1910.8059299952902,-7822.864690168463,6531.179729840724,12232.41683631144,-187500.02235174447,-187500.02235174447,-187500.02235174447,-187500.02235174447
não,2065.9717400040317,-7832.811216451075,6739.810912586559,12183.60062642105,-187500.02235174447,-187500.02235174447,-187500.02235174447,-187500.02235174447
não,2280.168507119239,-7763.118477239428,7265.970977064488,12150.07300973809,-187500.02235174447,-187500.02235174447,-187500.02235174447,-187500.02235174447
não,2157.7927062264334,-7751.8308462894975,7128.150120753065,12181.879542097991,-187500.02235174447,-187500.02235174447,-187500.02235174447,-187500.02235174447
não,1920.1266074331531,-7807.151413816383,6592.490564881631,12239.457635814862,-187500.02235174447,-187500.02235174447,-187500.02235174447,-187500.02235174447
não,2002.291620050862,-7833.057085640084,6634.7353619021615,12215.809490181147,-187500.02235174447,-187500.02235174447,-187500.02235174447,-187500.02235174447
não,2251.11123932734,-7774.160239000349,7205.107176912687,12156.800884819137,-187500.02235174447,-187500.02235174447,-187500.02235174447,-187500.02235174447
não,2186.8276222738773,-7749.282747421593,7200.23449662143,12172.089478026566,-187500.02235174447,-187500.02235174447,-187500.02235174447,-187500.02235174447
não,1935.2363866849407,-7793.270980509637,6673.649748998851,12230.47223454383,-187500.02235174447,-187500.02235174447,-187500.02235174447,-187500.02235174447
não,1943.4394769000385,-7829.681972227332,6557.06304991997,12232.439188055896,-187500.02235174447,-187500.02235174447,-187500.02235174447,-187500.02235174447
não,2217.4942156665584,-7779.099974524972,7127.613678886138,12172.40240244894,-187500.02235174447,-187500.02235174447,-187500.02235174447,-187500.02235174447
não,2225.473788437103,-7743.6277560744,7260.092468272743,12176.246902495253,-187500.02235174447,-187500.02235174447,-187500.02235174447,-187500.02235174447
não,1978.6658261616024,-7780.888114081396,6770.00811934568,12234.450845056874,-187500.02235174447,-187500.02235174447,-187500.02235174447,-187500.02235174447
não,1915.52214807536,-7826.709190214777,6512.158395309258,12247.168987651943,-187500.02235174447,-187500.02235174447,-187500.02235174447,-187500.02235174447
não,2188.638113574757,-7785.269055994637,7046.745067446836,12176.805696106638,-187500.02235174447,-187500.02235174447,-187500.02235174447,-187500.02235174447
não,2242.7516869010556,-7743.381886885391,7290.8708203877,12164.109905256022,-187500.02235174447,-187500.02235174447,-187500.02235174447,-187500.02235174447
não,2018.6083935032361,-7774.517866911634,6867.104097259534,12220.056321627657,-187500.02235174447,-187500.02235174447,-187500.02235174447,-187500.02235174447
não,1884.3861680491173,-7831.8947949284075,6478.966054793126,12222.403254795463,-187500.02235174447,-187500.02235174447,-187500.02235174447,-187500.02235174447
não,2134.926871648654,-7803.373969003435,6926.55973751065,12184.517047943718,-187500.02235174447,-187500.02235174447,-187500.02235174447,-187500.02235174447
não,2262.6447394662787,-7739.157407183338,7302.91841064911,12184.114716543523,-187500.02235174447,-187500.02235174447,-187500.02235174447,-187500.02235174447
não,2061.903722513166,-7758.715183581732,6971.933778754924,12211.495603501273,-187500.02235174447,-187500.02235174447,-187500.02235174447,-187500.02235174447
não,1879.0441011242988,-7817.232050565726,6507.352770251367,12248.957127208369,-187500.02235174447,-187500.02235174447,-187500.02235174447,-187500.02235174447
não,2084.166059990652,-7812.202908063282,6828.033247951656,12198.218667294821,-187500.02235174447,-187500.02235174447,-187500.02235174447,-187500.02235174447
não,2265.2375418230945,-7747.382849142891,7294.692968689557,12166.009803534724,-187500.02235174447,-187500.02235174447,-187500.02235174447,-187500.02235174447
não,2106.8530806127883,-7746.064096220029,7062.212474609909,12211.361493034541,-187500.02235174447,-187500.02235174447,-187500.02235174447,-187500.02235174447
não,1885.2355343384188,-7816.606201720978,6545.730715481129,12252.622813299038,-187500.02235174447,-187500.02235174447,-187500.02235174447,-187500.02235174447
não,2027.0573529073422,-7826.105693114483,6721.147205966378,12207.964027877335,-187500.02235174447,-187500.02235174447,-187500.02235174447,-187500.02235174447
não,2267.2268470796166,-7752.322584667514,7263.15465726312,12163.729925600283,-187500.02235174447,-187500.02235174447,-187500.02235174447,-187500.02235174447
não,2165.57111329688,-7743.7842182855875,7148.356097740662,12200.185620806888,-187500.02235174447,-187500.02235174447,-187500.02235174447,-187500.02235174447
não,1921.0430289558208,-7800.40118699088,6606.460405166198,12262.658746559471,-187500.02235174447,-187500.02235174447,-187500.02235174447,-187500.02235174447
não,1991.294561778851,-7825.1445681029045,6625.9287745867705,12229.444054298885,-187500.02235174447,-187500.02235174447,-187500.02235174447,-187500.02235174447
não,2250.574797460413,-7772.685023866299,7201.374435588651,12162.232358721776,-187500.02235174447,-187500.02235174447,-187500.02235174447,-187500.02235174447
não,2195.0083607445195,-7747.204035187249,7217.512395085382,12180.717251386315,-187500.02235174447,-187500.02235174447,-187500.02235174447,-187500.02235174447
não,1953.4977619049266,-7788.8676868519415,6710.261906416644,12245.917289962446,-187500.02235174447,-187500.02235174447,-187500.02235174447,-187500.02235174447
não,1956.0458607728317,-7824.764588447165,6584.175715944257,12241.513996304751,-187500.02235174447,-187500.02235174447,-187500.02235174447,-187500.02235174447
não,2217.337753455371,-7783.659730393855,7111.654533345049,12179.845533352558,-187500.02235174447,-187500.02235174447,-187500.02235174447,-187500.02235174447
não,2234.839169363877,-7741.169064184316,7281.751308649935,12181.857190353536,-187500.02235174447,-187500.02235174447,-187500.02235174447,-187500.02235174447
não,1960.873837575178,-7787.884210095908,6752.663165648361,12241.581051538116,-187500.02235174447,-187500.02235174447,-187500.02235174447,-187500.02235174447
não,1907.8554997271897,-7831.783036206131,6493.718206133629,12257.696659290394,-187500.02235174447,-187500.02235174447,-187500.02235174447,-187500.02235174447
não,2188.5487065969355,-7789.292369996592,7029.578927705161,12194.17300154841,-187500.02235174447,-187500.02235174447,-187500.02235174447,-187500.02235174447
não,2252.787620161488,-7740.587918828478,7295.58703846777,12172.156533259933,-187500.02235174447,-187500.02235174447,-187500.02235174447,-187500.02235174447
não,2032.7570477434456,-7766.515942396634,6889.835821370581,12225.376036808018,-187500.02235174447,-187500.02235174447,-187500.02235174447,-187500.02235174447
não,1895.5396885323155,-7826.97741114824,6491.304217732456,12261.965842481357,-187500.02235174447,-187500.02235174447,-187500.02235174447,-187500.02235174447
não,2137.609080983291,-7804.2456870371925,6916.099121105567,12196.966969605324,-187500.02235174447,-187500.02235174447,-187500.02235174447,-187500.02235174447
não,2276.279303584016,-7741.213767673227,7307.098186862253,12169.31786171411,-187500.02235174447,-187500.02235174447,-187500.02235174447,-187500.02235174447
não,2084.2107634795625,-7754.669517835322,6985.925970783946,12218.603458238062,-187500.02235174447,-187500.02235174447,-187500.02235174447,-187500.02235174447
não,1887.8506884396897,-7825.055161125084,6504.447043472176,12262.61404307056,-187500.02235174447,-187500.02235174447,-187500.02235174447,-187500.02235174447
não,2084.255466968473,-7817.813195921564,6804.675674995861,12219.56458324964,-187500.02235174447,-187500.02235174447,-187500.02235174447,-187500.02235174447
não,2273.64179773829,-7746.242910175671,7292.413090755116,12183.891199098969,-187500.02235174447,-187500.02235174447,-187500.02235174447,-187500.02235174447
não,2120.577051708347,-7747.2487386761595,7081.814954497213,12205.639446453983,-187500.02235174447,-187500.02235174447,-187500.02235174447,-187500.02235174447
não,1906.0673601707651,-7802.099919569483,6561.600454044396,12250.789970253703,-187500.02235174447,-187500.02235174447,-187500.02235174447,-187500.02235174447
não,2036.8027134898562,-7819.333114544525,6705.0539499585575,12214.714254702838,-187500.02235174447,-187500.02235174447,-187500.02235174447,-187500.02235174447
não,2270.02081513653,-7760.570378371523,7252.939910047044,12163.662870366916,-187500.02235174447,-187500.02235174447,-187500.02235174447,-187500.02235174447
não,2169.7508895100227,-7745.550006097556,7169.366737528651,12200.096213829067,-187500.02235174447,-187500.02235174447,-187500.02235174447,-187500.02235174447
não,1919.5454620773153,-7799.618875934944,6631.248489767134,12253.18160691042,-187500.02235174447,-187500.02235174447,-187500.02235174447,-187500.02235174447
não,1974.0166633148986,-7826.038637881117,6603.577030131463,12237.110702647054,-187500.02235174447,-187500.02235174447,-187500.02235174447,-187500.02235174447
não,2244.249253779561,-7768.2593784641485,7178.128621355131,12181.678376397895,-187500.02235174447,-187500.02235174447,-187500.02235174447,-187500.02235174447
não,2205.96071552762,-7733.547119325057,7226.676610312058,12185.232303766288,-187500.02235174447,-187500.02235174447,-187500.02235174447,-187500.02235174447
não,1961.678500375569,-7781.603369903966,6721.102502477468,12249.068885930645,-187500.02235174447,-187500.02235174447,-187500.02235174447,-187500.02235174447
não,1944.1100292336978,-7828.184405348827,6548.882311449327,12251.102894676078,-187500.02235174447,-187500.02235174447,-187500.02235174447,-187500.02235174447
não,2224.803236103444,-7781.759832115154,7107.653571087548,12189.993225335267,-187500.02235174447,-187500.02235174447,-187500.02235174447,-187500.02235174447
não,2240.382401988793,-7737.793950771565,7276.63275916967,12187.22160902281,-187500.02235174447,-187500.02235174447,-187500.02235174447,-187500.02235174447
não,1995.6978554365464,-7770.807477332053,6808.810747720093,12241.245775371288,-187500.02235174447,-187500.02235174447,-187500.02235174447,-187500.02235174447
não,1907.6543340270919,-7823.714056457765,6494.276999745011,12258.076638946133,-187500.02235174447,-187500.02235174447,-187500.02235174447,-187500.02235174447
não,2176.5905233133462,-7796.266114266648,7002.734482614337,12198.643350439472,-187500.02235174447,-187500.02235174447,-187500.02235174447,-187500.02235174447
não,2273.4182802937366,-7740.878491506397,7330.768684240424,12177.431544951385,-187500.02235174447,-187500.02235174447,-187500.02235174447,-187500.02235174447
não,2043.3294228708057,-7756.658823091844,6903.738606421782,12239.077656159123,-187500.02235174447,-187500.02235174447,-187500.02235174447,-187500.02235174447
não,1900.61353452367,-7820.137777344916,6484.755156607051,12278.684947333926,-187500.02235174447,-187500.02235174447,-187500.02235174447,-187500.02235174447
não,2132.982269881042,-7808.9395533728075,6881.811545111125,12219.341065805087,-187500.02235174447,-187500.02235174447,-187500.02235174447,-187500.02235174447
não,2281.017873408541,-7744.767695041621,7293.843602400256,12182.281873498187,-187500.02235174447,-187500.02235174447,-187500.02235174447,-187500.02235174447
não,2108.9764963360426,-7752.635509089889,7010.043503051223,12228.371170565031,-187500.02235174447,-187500.02235174447,-187500.02235174447,-187500.02235174447
não,1912.6611247850806,-7811.778224918631,6515.533508722009,12284.921084036958,-187500.02235174447,-187500.02235174447,-187500.02235174447,-187500.02235174447
não,2090.3351414603167,-7813.767530175153,6771.885665879926,12229.779330465715,-187500.02235174447,-187500.02235174447,-187500.02235174447,-187500.02235174447
não,2289.220963623639,-7744.611232830433,7275.470468457994,12178.660890896428,-187500.02235174447,-187500.02235174447,-187500.02235174447,-187500.02235174447
não,2151.6683282456793,-7737.995116471662,7096.745919793359,12204.857135398048,-187500.02235174447,-187500.02235174447,-187500.02235174447,-187500.02235174447
não,1927.1227034476644,-7800.244724779693,6571.390518115821,12263.597519826595,-187500.02235174447,-187500.02235174447,-187500.02235174447,-187500.02235174447
não,2042.54711181487,-7819.6236872224445,6679.550609535052,12235.881356702013,-187500.02235174447,-187500.02235174447,-187500.02235174447,-187500.02235174447
não,2282.02370190903,-7754.91538702433,7235.214976693986,12183.98060607679,-187500.02235174447,-187500.02235174447,-187500.02235174447,-187500.02235174447
não,2192.14733745424,-7738.375096127403,7177.480420765927,12207.584048221595,-187500.02235174447,-187500.02235174447,-187500.02235174447,-187500.02235174447
não,1946.0769827457648,-7782.698605382277,6645.821827151994,12269.297214662698,-187500.02235174447,-187500.02235174447,-187500.02235174447,-187500.02235174447
não,1986.4889367209598,-7819.131948844427,6590.814184047483,12252.689868532405,-187500.02235174447,-187500.02235174447,-187500.02235174447,-187500.02235174447
não,2260.54367548748,-7768.974634286718,7171.80307767428,12187.266312511721,-187500.02235174447,-187500.02235174447,-187500.02235174447,-187500.02235174447
não,2231.732276884589,-7736.0952181929615,7247.284918699851,12199.760937662237,-187500.02235174447,-187500.02235174447,-187500.02235174447,-187500.02235174447
não,1982.8679541192002,-7774.987253545196,6737.66514511885,12254.008621455267,-187500.02235174447,-187500.02235174447,-187500.02235174447,-187500.02235174447
não,1949.586206625248,-7821.948268645796,6528.676334461729,12256.891996490001,-187500.02235174447,-187500.02235174447,-187500.02235174447,-187500.02235174447
não,2226.367858215315,-7779.211733247249,7077.031681183777,12198.241019039277,-187500.02235174447,-187500.02235174447,-187500.02235174447,-187500.02235174447
não,2260.3872132762926,-7732.206014657738,7279.20320978203,12195.983492849291,-187500.02235174447,-187500.02235174447,-187500.02235174447,-187500.02235174447
não,2023.6598877501356,-7763.856084806453,6834.649364310428,12245.179682395421,-187500.02235174447,-187500.02235174447,-187500.02235174447,-187500.02235174447
não,1918.293764387818,-7821.5012337566895,6498.009741069048,12265.363307638563,-187500.02235174447,-187500.02235174447,-187500.02235174447,-187500.02235174447
não,2181.2843896489608,-7791.616951419945,6977.968749757857,12209.863926156037,-187500.02235174447,-187500.02235174447,-187500.02235174447,-187500.02235174447
não,2287.611638022857,-7729.635564045378,7306.271172317407,12198.665702183927,-187500.02235174447,-187500.02235174447,-187500.02235174447,-187500.02235174447
não,2078.578123876825,-7749.014526488129,6940.462522561851,12241.513996304751,-187500.02235174447,-187500.02235174447,-187500.02235174447,-187500.02235174447
não,1912.9516974629996,-7810.504175484679,6498.836755613895,12269.945415251901,-187500.02235174447,-187500.02235174447,-187500.02235174447,-187500.02235174447
não,2135.1056856042965,-7798.814213134553,6865.628882125483,12215.250696569765,-187500.02235174447,-187500.02235174447,-187500.02235174447,-187500.02235174447
não,2292.0596351694626,-7735.849349003953,7301.06321585932,12185.813449122126,-187500.02235174447,-187500.02235174447,-187500.02235174447,-187500.02235174447
não,2116.7996068954,-7744.34301189697,7033.132855073554,12226.426568797418,-187500.02235174447,-187500.02235174447,-187500.02235174447,-187500.02235174447
não,1910.582412550737,-7803.061044581062,6527.871671661338,12274.885150776525,-187500.02235174447,-187500.02235174447,-187500.02235174447,-187500.02235174447
não,2079.740414588501,-7810.906506884874,6756.57472092804,12233.892051445491,-187500.02235174447,-187500.02235174447,-187500.02235174447,-187500.02235174447
não,2295.6135625378565,-7746.689945064777,7276.67746265858,12193.234228281288,-187500.02235174447,-187500.02235174447,-187500.02235174447,-187500.02235174447
não,2174.4000523567265,-7735.089389692473,7125.937298051989,12213.395501779974,-187500.02235174447,-187500.02235174447,-187500.02235174447,-187500.02235174447
não,1941.7183925769798,-7788.241838007193,6591.752957314606,12270.347746652096,-187500.02235174447,-187500.02235174447,-187500.02235174447,-187500.02235174447
não,2033.964041944032,-7815.533317987123,6657.1541615908345,12235.903708446469,-187500.02235174447,-187500.02235174447,-187500.02235174447,-187500.02235174447
não,2286.02466416653,-7756.032974247096,7221.736874787435,12175.017556550212,-187500.02235174447,-187500.02235174447,-187500.02235174447,-187500.02235174447
não,2215.3931516877597,-7731.379000112892,7194.75831922988,12204.879487142503,-187500.02235174447,-187500.02235174447,-187500.02235174447,-187500.02235174447
não,1967.3781952116724,-7778.429422191313,6666.69835647325,12272.225293186342,-187500.02235174447,-187500.02235174447,-187500.02235174447,-187500.02235174447
não,1985.5054599649263,-7820.808329678575,6570.272930893056,12252.779275510225,-187500.02235174447,-187500.02235174447,-187500.02235174447,-187500.02235174447
não,2253.413469006237,-7767.119439496928,7143.572824427227,12179.309091485631,-187500.02235174447,-187500.02235174447,-187500.02235174447,-187500.02235174447
não,2245.657413680245,-7726.573375055001,7254.213959480997,12195.290588771175,-187500.02235174447,-187500.02235174447,-187500.02235174447,-187500.02235174447
não,2006.6055067307364,-7765.599520873967,6766.9235786108475,12260.401220369486,-187500.02235174447,-187500.02235174447,-187500.02235174447,-187500.02235174447
não,1952.1566572376082,-7815.421559264846,6525.010648371059,12267.889054762014,-187500.02235174447,-187500.02235174447,-187500.02235174447,-187500.02235174447
não,2230.6817448951897,-7776.194247745782,7057.5409600187495,12205.527687731706,-187500.02235174447,-187500.02235174447,-187500.02235174447,-187500.02235174447
não,2285.667036255245,-7725.656953532333,7289.596770953748,12203.337216775086,-187500.02235174447,-187500.02235174447,-187500.02235174447,-187500.02235174447
não,2057.5898358332915,-7754.647166090866,6859.5492076336395,12250.007659197767,-187500.02235174447,-187500.02235174447,-187500.02235174447,-187500.02235174447
não,1944.579415867259,-7815.823890665042,6492.690025888685,12257.204920912376,-187500.02235174447,-187500.02235174447,-187500.02235174447,-187500.02235174447
não,2203.7478928265446,-7793.002759576173,6950.856083733569,12189.613245679528,-187500.02235174447,-187500.02235174447,-187500.02235174447,-187500.02235174447
não,2319.462873871669,-7736.631660059889,7305.533564750382,12174.771687361204,-187500.02235174447,-187500.02235174447,-187500.02235174447,-187500.02235174447
não,2121.5605284643802,-7750.646203833367,6965.988214729812,12232.685057244904,-187500.02235174447,-187500.02235174447,-187500.02235174447,-187500.02235174447
não,1946.2557967014072,-7811.174727818338,6508.604467940863,12270.370098396552,-187500.02235174447,-187500.02235174447,-187500.02235174447,-187500.02235174447
$SILENCE,2151.9365491791427,-7804.871535881942,6844.931166759869,12216.055359370155,-187500.02235174447,-187500.02235174447,-187500.02235174447,-187500.02235174447
$SILENCE,2323.6426500848115,-7738.48685484968,7306.561744995326,12192.56367594763,-187500.02235174447,-187500.02235174447,-187500.02235174447,-187500.02235174447
$SILENCE,2155.1999038696176,-7735.491721092668,7067.889817701557,12239.815263726148,-187500.02235174447,-187500.02235174447,-187500.02235174447,-187500.02235174447
$SILENCE,1924.8204737687677,-7794.053291565573,6546.20010211469,12273.186418197922,-187500.02235174447,-187500.02235174447,-187500.02235174447,-187500.02235174447
$SILENCE,2069.480963883515,-7805.8326608935195,6734.558252639563,12221.620943739528,-187500.02235174447,-187500.02235174447,-187500.02235174447,-187500.02235174447
$SILENCE,2291.0538066689737,-7743.292479907571,7263.825209596778,12177.342137973565,-187500.02235174447,-187500.02235174447,-187500.02235174447,-187500.02235174447
$SILENCE,2186.4252908736817,-7728.987363456174,7145.807998872758,12220.503356516761,-187500.02235174447,-187500.02235174447,-187500.02235174447,-187500.02235174447
$SILENCE,1948.8262473137675,-7780.284616981104,6610.483719168154,12278.617892100561,-187500.02235174447,-187500.02235174447,-187500.02235174447,-187500.02235174447
$SILENCE,2025.649193006658,-7810.1688993178495,6637.484626470164,12248.063057430156,-187500.02235174447,-187500.02235174447,-187500.02235174447,-187500.02235174447
$SILENCE,2284.750614732577,-7753.931910268297,7209.488118825927,12192.228399780799,-187500.02235174447,-187500.02235174447,-187500.02235174447,-187500.02235174447
$SILENCE,2229.9441373281643,-7727.713314022221,7212.527956071849,12208.031083110702,-187500.02235174447,-187500.02235174447,-187500.02235174447,-187500.02235174447
$SILENCE,1983.9184861085996,-7772.461506421746,6689.6759497733065,12260.445923858397,-187500.02235174447,-187500.02235174447,-187500.02235174447,-187500.02235174447
$SILENCE,1990.9592856120214,-7811.867631896453,6564.528532568042,12255.305022633675,-187500.02235174447,-187500.02235174447,-187500.02235174447,-187500.02235174447
$SILENCE,2264.187009833695,-7766.49359065218,7134.69918187847,12193.524800959207,-187500.02235174447,-187500.02235174447,-187500.02235174447,-187500.02235174447
$SILENCE,2265.3045970564604,-7727.869776233409,7266.462715442505,12199.492716728773,-187500.02235174447,-187500.02235174447,-187500.02235174447,-187500.02235174447
$SILENCE,2030.320707597817,-7760.77154407162,6789.923523655359,12262.748153537292,-187500.02235174447,-187500.02235174447,-187500.02235174447,-187500.02235174447
$SILENCE,1954.4141834275943,-7813.87928889743,6514.326514521422,12268.514903606761,-187500.02235174447,-187500.02235174447,-187500.02235174447,-187500.02235174447
$SILENCE,2226.7478378710557,-7778.451773935769,7036.619727208582,12203.337216775086,-187500.02235174447,-187500.02235174447,-187500.02235174447,-187500.02235174447
$SILENCE,2293.378388092326,-7726.573375055001,7301.040864114865,12190.395556735464,-187500.02235174447,-187500.02235174447,-187500.02235174447,-187500.02235174447
$SILENCE,2076.2088389645623,-7745.885282264386,6889.902876603946,12251.974612709835,-187500.02235174447,-187500.02235174447,-187500.02235174447,-187500.02235174447
$SILENCE,1940.6678605875804,-7805.8326608935195,6499.663770158741,12276.114496721566,-187500.02235174447,-187500.02235174447,-187500.02235174447,-187500.02235174447
$SILENCE,2181.7537762825223,-7788.554762429567,6930.359534068052,12211.629713968005,-187500.02235174447,-187500.02235174447,-187500.02235174447,-187500.02235174447
$SILENCE,2308.823443510943,-7733.167139669316,7305.757082194935,12186.394594477964,-187500.02235174447,-187500.02235174447,-187500.02235174447,-187500.02235174447
$SILENCE,2118.5653947073693,-7746.3099654090365,6979.198095702898,12238.51886254774,-187500.02235174447,-187500.02235174447,-187500.02235174447,-187500.02235174447
$SILENCE,1936.1751599520637,-7803.888059125908,6507.084549317903,12273.991080998312,-187500.02235174447,-187500.02235174447,-187500.02235174447,-187500.02235174447
$SILENCE,2137.162046094185,-7790.856992108464,6820.411303092397,12225.241926341287,-187500.02235174447,-187500.02235174447,-187500.02235174447,-187500.02235174447
$SILENCE,2319.1275977048394,-7728.495625078157,7295.274114045395,12192.74248990327,-187500.02235174447,-187500.02235174447,-187500.02235174447,-187500.02235174447
$SILENCE,2167.247494131028,-7733.658878047333,7079.266855629308,12234.450845056874,-187500.02235174447,-187500.02235174447,-187500.02235174447,-187500.02235174447
$SILENCE,1945.8534653012116,-7790.2758467526255,6556.3701458418545,12287.223313715855,-187500.02235174447,-187500.02235174447,-187500.02235174447,-187500.02235174447
$SILENCE,2079.539248888403,-7807.106710327472,6714.084054718502,12239.055304414667,-187500.02235174447,-187500.02235174447,-187500.02235174447,-187500.02235174447
$SILENCE,2310.6786383007334,-7744.007735730141,7256.337375204251,12183.064184554123,-187500.02235174447,-187500.02235174447,-187500.02235174447,-187500.02235174447
$SILENCE,2209.313477195916,-7728.473273333701,7154.8604553771565,12216.591801237084,-187500.02235174447,-187500.02235174447,-187500.02235174447,-187500.02235174447
$SILENCE,1964.427764943572,-7776.7753931016205,6620.385541961854,12277.656767088982,-187500.02235174447,-187500.02235174447,-187500.02235174447,-187500.02235174447
$SILENCE,2026.9232424406105,-7806.7714341606425,6622.441902451743,12258.456618601873,-187500.02235174447,-187500.02235174447,-187500.02235174447,-187500.02235174447
$SILENCE,2290.182088635217,-7750.020354988618,7198.446357065005,12196.251713782754,-187500.02235174447,-187500.02235174447,-187500.02235174447,-187500.02235174447
$SILENCE,2246.216207291628,-7721.454825574735,7228.732970801947,12219.385769293996,-187500.02235174447,-187500.02235174447,-187500.02235174447,-187500.02235174447
$SILENCE,2006.15847184163,-7769.287558709092,6713.435854129298,12277.455601388885,-187500.02235174447,-187500.02235174447,-187500.02235174447,-187500.02235174447
$SILENCE,1989.3946635001498,-7814.482785997723,6548.77055272705,12262.792857026203,-187500.02235174447,-187500.02235174447,-187500.02235174447,-187500.02235174447
$SILENCE,2260.5213237430244,-7766.448887163268,7111.520422878316,12189.36737649052,-187500.02235174447,-187500.02235174447,-187500.02235174447,-187500.02235174447
$SILENCE,2277.8439256958873,-7722.728875008688,7272.207113767518,12198.553943461651,-187500.02235174447,-187500.02235174447,-187500.02235174447,-187500.02235174447
$SILENCE,2045.162265916141,-7754.781276557598,6804.1392331289335,12261.071772703144,-187500.02235174447,-187500.02235174447,-187500.02235174447,-187500.02235174447
$SILENCE,1960.225636985974,-7809.2301260507265,6505.631685928308,12273.544046109206,-187500.02235174447,-187500.02235174447,-187500.02235174447,-187500.02235174447
$SILENCE,2228.1559977717397,-7775.881323323408,7016.1008257986105,12211.674417456916,-187500.02235174447,-187500.02235174447,-187500.02235174447,-187500.02235174447
$SILENCE,2307.370580121348,-7723.131206408883,7303.320742049306,12199.380958006497,-187500.02235174447,-187500.02235174447,-187500.02235174447,-187500.02235174447
$SILENCE,2090.245734482495,-7747.025221231606,6905.146766322466,12254.61211855556,-187500.02235174447,-187500.02235174447,-187500.02235174447,-187500.02235174447
$SILENCE,1940.9807850099546,-7806.659675438366,6493.3829299668,12280.540142123717,-187500.02235174447,-187500.02235174447,-187500.02235174447,-187500.02235174447
$SILENCE,2176.0987849353296,-7789.582942674511,6905.169118066921,12221.710350717349,-187500.02235174447,-187500.02235174447,-187500.02235174447,-187500.02235174447
$SILENCE,2319.865205271865,-7726.461616332725,7306.315875806317,12200.632655695994,-187500.02235174447,-187500.02235174447,-187500.02235174447,-187500.02235174447
$SILENCE,2137.1396943497293,-7738.710372294233,7004.410863448485,12241.022257926734,-187500.02235174447,-187500.02235174447,-187500.02235174447,-187500.02235174447
$SILENCE,1944.8476368007227,-7797.204887533771,6515.734674422107,12279.400203156496,-187500.02235174447,-187500.02235174447,-187500.02235174447,-187500.02235174447
$SILENCE,2131.4399995136264,-7800.602352690978,6792.426919034353,12230.159310121455,-187500.02235174447,-187500.02235174447,-187500.02235174447,-187500.02235174447
$SILENCE,2327.1295222198396,-7737.05634320454,7285.439346485061,12189.657949168439,-187500.02235174447,-187500.02235174447,-187500.02235174447,-187500.02235174447
$SILENCE,2185.9112007512094,-7728.070941933506,7093.795489525258,12233.668534000939,-187500.02235174447,-187500.02235174447,-187500.02235174447,-187500.02235174447
$SILENCE,1956.649357873125,-7783.704433882765,6563.969738956659,12287.938569538424,-187500.02235174447,-187500.02235174447,-187500.02235174447,-187500.02235174447
$SILENCE,2078.7569378324674,-7804.044521337095,6688.558362550541,12244.151502150477,-187500.02235174447,-187500.02235174447,-187500.02235174447,-187500.02235174447
$SILENCE,2316.1548156922836,-7740.744381039665,7245.094447743231,12190.350853246553,-187500.02235174447,-187500.02235174447,-187500.02235174447,-187500.02235174447
$SILENCE,2222.2551372355388,-7721.410122085825,7176.429888776528,12217.284705315198,-187500.02235174447,-187500.02235174447,-187500.02235174447,-187500.02235174447
$SILENCE,1980.744538395946,-7772.036823277095,6643.631356195374,12276.963863010867,-187500.02235174447,-187500.02235174447,-187500.02235174447,-187500.02235174447
$SILENCE,2030.8571494647445,-7813.186384819315,6602.727663842162,12258.56837732415,-187500.02235174447,-187500.02235174447,-187500.02235174447,-187500.02235174447
$SILENCE,2300.0615596844627,-7760.302157438059,7179.335615555718,12197.570466705618,-187500.02235174447,-187500.02235174447,-187500.02235174447,-187500.02235174447
$SILENCE,2269.439669780692,-7723.399427342347,7237.696020328524,12212.903763401959,-187500.02235174447,-187500.02235174447,-187500.02235174447,-187500.02235174447
$SILENCE,2017.3790475581943,-7765.130134240406,6724.097636234479,12268.783124540225,-187500.02235174447,-187500.02235174447,-187500.02235174447,-187500.02235174447
$SILENCE,1988.6123524442141,-7811.912335385363,6530.799750184983,12268.939586751412,-187500.02235174447,-187500.02235174447,-187500.02235174447,-187500.02235174447
$SILENCE,2262.6447394662787,-7765.86774180743,7086.777041766291,12202.979588863802,-187500.02235174447,-187500.02235174447,-187500.02235174447,-187500.02235174447
$SILENCE,2294.563030548457,-7721.499529063646,7279.359671993217,12201.750242918759,-187500.02235174447,-187500.02235174447,-187500.02235174447,-187500.02235174447
$SILENCE,2062.417812635638,-7754.647166090866,6826.245108395232,12253.136903421511,-187500.02235174447,-187500.02235174447,-187500.02235174447,-187500.02235174447
$SILENCE,1968.3169684787952,-7807.710207427765,6501.474261459621,12276.226255443842,-187500.02235174447,-187500.02235174447,-187500.02235174447,-187500.02235174447
$SILENCE,2228.2677564940163,-7779.8822855809085,6991.089223753122,12215.049530869668,-187500.02235174447,-187500.02235174447,-187500.02235174447,-187500.02235174447
$SILENCE,2320.4463506277025,-7724.360552353925,7307.25464907344,12201.839649896581,-187500.02235174447,-187500.02235174447,-187500.02235174447,-187500.02235174447
$SILENCE,2111.2116707815735,-7744.34301189697,6928.4596357893515,12255.528540078229,-187500.02235174447,-187500.02235174447,-187500.02235174447,-187500.02235174447
$SILENCE,1949.2732822028736,-7804.648018437389,6492.533563677498,12291.738366095826,-187500.02235174447,-187500.02235174447,-187500.02235174447,-187500.02235174447
$SILENCE,2175.4282326016705,-7790.029977563618,6874.636635140972,12224.884298430003,-187500.02235174447,-187500.02235174447,-187500.02235174447,-187500.02235174447
$SILENCE,2334.9973362681076,-7727.802721000043,7302.4937275044595,12194.59768469306,-187500.02235174447,-187500.02235174447,-187500.02235174447,-187500.02235174447
$SILENCE,2158.418555071182,-7732.1613111688275,7024.616840436082,12239.345877092586,-187500.02235174447,-187500.02235174447,-187500.02235174447,-187500.02235174447
$SILENCE,1952.5366368933485,-7789.3370734855025,6524.518909993042,12284.496400892307,-187500.02235174447,-187500.02235174447,-187500.02235174447,-187500.02235174447
$SILENCE,2124.063923843375,-7795.774375888632,6767.929407111336,12240.798740482182,-187500.02235174447,-187500.02235174447,-187500.02235174447,-187500.02235174447
$SILENCE,2332.4045339112918,-7733.636526302877,7280.231390026974,12200.185620806888,-187500.02235174447,-187500.02235174447,-187500.02235174447,-187500.02235174447
$SILENCE,2199.8363375468657,-7728.8756047338975,7111.632181600593,12237.624792769528,-187500.02235174447,-187500.02235174447,-187500.02235174447,-187500.02235174447
$SILENCE,1965.5900556552479,-7783.927951327319,6574.519762339564,12286.843334060113,-187500.02235174447,-187500.02235174447,-187500.02235174447,-187500.02235174447
$SILENCE,2067.5587138603587,-7805.720902171243,6661.512751759619,12252.779275510225,-187500.02235174447,-187500.02235174447,-187500.02235174447,-187500.02235174447
$SILENCE,2317.115940703862,-7745.862930519931,7227.794197534824,12200.967931862824,-187500.02235174447,-187500.02235174447,-187500.02235174447,-187500.02235174447
$SILENCE,2240.2929950109715,-7720.314886607514,7190.243266849908,12226.717141475337,-187500.02235174447,-187500.02235174447,-187500.02235174447,-187500.02235174447
$SILENCE,1990.422843745094,-7768.996986031174,6657.109458101923,12278.48378163383,-187500.02235174447,-187500.02235174447,-187500.02235174447,-187500.02235174447
$SILENCE,2021.5588237713366,-7806.5926202050005,6585.11448921138,12264.893921005001,-187500.02235174447,-187500.02235174447,-187500.02235174447,-187500.02235174447
$SILENCE,2293.5795537924237,-7752.613157345433,7162.37064151414,12204.74537667577,-187500.02235174447,-187500.02235174447,-187500.02235174447,-187500.02235174447
$SILENCE,2274.893495427787,-7715.419854571803,7251.53175014636,12219.318714060631,-187500.02235174447,-187500.02235174447,-187500.02235174447,-187500.02235174447
$SILENCE,2029.7172104975236,-7758.268148692626,6752.52905518163,12280.80836305718,-187500.02235174447,-187500.02235174447,-187500.02235174447,-187500.02235174447
$SILENCE,1987.6735791770911,-7809.274829539637,6526.329401293922,12283.62468285855,-187500.02235174447,-187500.02235174447,-187500.02235174447,-187500.02235174447
$SILENCE,2260.297806298471,-7767.767640086132,7067.241617112353,12214.982475636301,-187500.02235174447,-187500.02235174447,-187500.02235174447,-187500.02235174447
$SILENCE,2300.4191875957476,-7717.81149122852,7283.137116806164,12213.462557013341,-187500.02235174447,-187500.02235174447,-187500.02235174447,-187500.02235174447
$SILENCE,2070.6209028507355,-7747.136979953883,6844.841759782048,12272.627624586537,-187500.02235174447,-187500.02235174447,-187500.02235174447,-187500.02235174447
$SILENCE,1954.2353694719518,-7802.949285858785,6491.594790410375,12286.776278826748,-187500.02235174447,-187500.02235174447,-187500.02235174447,-187500.02235174447
$SILENCE,2211.369837685804,-7776.574227401523,6961.294348394197,12210.288609300687,-187500.02235174447,-187500.02235174447,-187500.02235174447,-187500.02235174447
$SILENCE,2320.0663709719624,-7719.398465084847,7303.410149027128,12195.268237026721,-187500.02235174447,-187500.02235174447,-187500.02235174447,-187500.02235174447
$SILENCE,2116.9113656176764,-7739.649145561355,6949.246758132787,12250.253528386776,-187500.02235174447,-187500.02235174447,-187500.02235174447,-187500.02235174447
$SILENCE,1944.0206222558766,-7796.936666600307,6501.004874826059,12294.755851597292,-187500.02235174447,-187500.02235174447,-187500.02235174447,-187500.02235174447
$SILENCE,2158.329148093361,-7787.504230440168,6852.843684297048,12239.412932325951,-187500.02235174447,-187500.02235174447,-187500.02235174447,-187500.02235174447
$SILENCE,2327.442446642214,-7726.036933188073,7299.096262347253,12198.777460906203,-187500.02235174447,-187500.02235174447,-187500.02235174447,-187500.02235174447
$SILENCE,2160.609026027802,-7727.914479722319,7045.716887201892,12248.0407056857,-187500.02235174447,-187500.02235174447,-187500.02235174447,-187500.02235174447
$SILENCE,1949.3179856917843,-7784.01735830514,6536.38768629881,12298.19802024341,-187500.02235174447,-187500.02235174447,-187500.02235174447,-187500.02235174447
$SILENCE,2108.7306271470343,-7793.405090976369,6746.00234580068,12246.587842296105,-187500.02235174447,-187500.02235174447,-187500.02235174447,-187500.02235174447
$SILENCE,2324.693182074211,-7730.306116379037,7274.017605068399,12196.69874867186,-187500.02235174447,-187500.02235174447,-187500.02235174447,-187500.02235174447
$SILENCE,2205.871308549799,-7720.627811029889,7136.062638290244,12233.355609578564,-187500.02235174447,-187500.02235174447,-187500.02235174447,-187500.02235174447
$SILENCE,1973.1896487700521,-7776.060137279051,6597.095024239425,12292.207752729388,-187500.02235174447,-187500.02235174447,-187500.02235174447,-187500.02235174447
$SILENCE,2058.416850378138,-7804.8938876263965,6643.229024795178,12256.109685434067,-187500.02235174447,-187500.02235174447,-187500.02235174447,-187500.02235174447
$SILENCE,2313.629068568834,-7747.561663098534,7212.550307816304,12199.98445510679,-187500.02235174447,-187500.02235174447,-187500.02235174447,-187500.02235174447
$SILENCE,2249.479561982103,-7717.856194717431,7202.156746644587,12223.431435040407,-187500.02235174447,-187500.02235174447,-187500.02235174447,-187500.02235174447
$SILENCE,2001.2410880614625,-7764.437230162291,6676.823696711504,12283.602331114094,-187500.02235174447,-187500.02235174447,-187500.02235174447,-187500.02235174447
$SILENCE,2010.025323632398,-7808.4701667392455,6565.422602346254,12268.29138616221,-187500.02235174447,-187500.02235174447,-187500.02235174447,-187500.02235174447
$SILENCE,2288.729225245622,-7755.474180635712,7139.862434847646,12202.42079525242,-187500.02235174447,-187500.02235174447,-187500.02235174447,-187500.02235174447
$SILENCE,2285.1305943883176,-7714.548136538046,7260.137171761653,12213.954295391357,-187500.02235174447,-187500.02235174447,-187500.02235174447,-187500.02235174447
$SILENCE,2039.2837571243952,-7749.372154399414,6778.0770990940455,12279.444906645407,-187500.02235174447,-187500.02235174447,-187500.02235174447,-187500.02235174447
$SILENCE,1978.1740877835857,-7802.8375271365085,6524.161282081757,12286.932741037936,-187500.02235174447,-187500.02235174447,-187500.02235174447,-187500.02235174447
$SILENCE,2255.5592364739464,-7769.466372664735,7051.058954126711,12220.302190816665,-187500.02235174447,-187500.02235174447,-187500.02235174447,-187500.02235174447
$SILENCE,2314.366676135859,-7721.588936041468,7295.519983234404,12211.1826790789,-187500.02235174447,-187500.02235174447,-187500.02235174447,-187500.02235174447
$SILENCE,2081.9085338006657,-7743.918328752319,6871.865018828514,12260.28946164721,-187500.02235174447,-187500.02235174447,-187500.02235174447,-187500.02235174447
$SILENCE,1953.229540971463,-7795.103823554972,6494.232296256101,12279.400203156496,-187500.02235174447,-187500.02235174447,-187500.02235174447,-187500.02235174447
$SILENCE,2204.1949277156505,-7777.803573346565,6941.960089440357,12213.686074457893,-187500.02235174447,-187500.02235174447,-187500.02235174447,-187500.02235174447
$SILENCE,2324.9390512632194,-7720.784273241076,7311.30031481985,12207.293475543676,-187500.02235174447,-187500.02235174447,-187500.02235174447,-187500.02235174447
$SILENCE,2132.8258076698553,-7733.122436180406,6981.500325381795,12265.072734960644,-187500.02235174447,-187500.02235174447,-187500.02235174447,-187500.02235174447
$SILENCE,1952.5589886378038,-7792.242800264693,6510.86199413085,12295.538162653227,-187500.02235174447,-187500.02235174447,-187500.02235174447,-187500.02235174447
$SILENCE,2151.1095346342963,-7788.107727540461,6830.290774141643,12233.780292723215,-187500.02235174447,-187500.02235174447,-187500.02235174447,-187500.02235174447
$SILENCE,2328.895310031809,-7726.640430288367,7296.704625690535,12196.31876901612,-187500.02235174447,-187500.02235174447,-187500.02235174447,-187500.02235174447
$SILENCE,2176.635226802257,-7728.048590189051,7067.711003745914,12238.295345103186,-187500.02235174447,-187500.02235174447,-187500.02235174447,-187500.02235174447
$SILENCE,1961.320872464284,-7784.799669361076,6549.172884127246,12288.452659660896,-187500.02235174447,-187500.02235174447,-187500.02235174447,-187500.02235174447
$SILENCE,2100.08050204283,-7796.176707288827,6724.857595545959,12250.678211531427,-187500.02235174447,-187500.02235174447,-187500.02235174447,-187500.02235174447
$SILENCE,2327.2636326865713,-7732.094255935462,7263.713450874502,12203.717196430827,-187500.02235174447,-187500.02235174447,-187500.02235174447,-187500.02235174447
$SILENCE,2220.2658319790166,-7717.587973783967,7152.021783831333,12232.75211247827,-187500.02235174447,-187500.02235174447,-187500.02235174447,-187500.02235174447
$SILENCE,1980.4763174624823,-7773.199113988771,6612.562431402497,12285.546932881705,-187500.02235174447,-187500.02235174447,-187500.02235174447,-187500.02235174447
$SILENCE,2053.0077282199536,-7805.139756815405,6629.683867655262,12259.618909313549,-187500.02235174447,-187500.02235174447,-187500.02235174447,-187500.02235174447
$SILENCE,2314.433731369225,-7747.651070076356,7209.421063592561,12200.610303951538,-187500.02235174447,-187500.02235174447,-187500.02235174447,-187500.02235174447
$SILENCE,2258.286149297494,-7717.990305184163,7224.106159699698,12221.50918501725,-187500.02235174447,-187500.02235174447,-187500.02235174447,-187500.02235174447
$SILENCE,2009.7571026989344,-7760.615081860434,6701.745891779172,12279.444906645407,-187500.02235174447,-187500.02235174447,-187500.02235174447,-187500.02235174447
$SILENCE,2004.2809253073842,-7803.910410870363,6557.510084809075,12266.682060561427,-187500.02235174447,-187500.02235174447,-187500.02235174447,-187500.02235174447
$SILENCE,2281.062576897452,-7758.357555670447,7125.937298051989,12199.93975161788,-187500.02235174447,-187500.02235174447,-187500.02235174447,-187500.02235174447
$SILENCE,2292.5513735474797,-7715.643372016356,7274.8669713577,12212.747301190771,-187500.02235174447,-187500.02235174447,-187500.02235174447,-187500.02235174447
$SILENCE,2049.4538008515597,-7748.969822999218,6798.305427826099,12275.645110088004,-187500.02235174447,-187500.02235174447,-187500.02235174447,-187500.02235174447
$SILENCE,1972.0050063139208,-7802.97163760324,6515.354694766366,12285.43517415943,-187500.02235174447,-187500.02235174447,-187500.02235174447,-187500.02235174447
$SILENCE,2236.7837711314883,-7767.946454041774,7030.718866672381,12218.089368115589,-187500.02235174447,-187500.02235174447,-187500.02235174447,-187500.02235174447
$SILENCE,2305.5824405649237,-7717.990305184163,7302.404320526639,12213.864888413536,-187500.02235174447,-187500.02235174447,-187500.02235174447,-187500.02235174447
$SILENCE,2099.9240398316433,-7741.9066717513415,6898.553001708151,12264.558644838173,-187500.02235174447,-187500.02235174447,-187500.02235174447,-187500.02235174447
$SILENCE,1967.646416145136,-7798.948323601285,6500.893116103783,12283.244703202809,-187500.02235174447,-187500.02235174447,-187500.02235174447,-187500.02235174447
$SILENCE,2202.831471303877,-7779.345843713981,6922.201147341865,12221.017446639235,-187500.02235174447,-187500.02235174447,-187500.02235174447,-187500.02235174447
$SILENCE,2331.979850766641,-7721.09719766345,7312.507309020438,12201.437318496386,-187500.02235174447,-187500.02235174447,-187500.02235174447,-187500.02235174447
$SILENCE,2143.1746653526625,-7733.167139669316,6998.755872101292,12248.599499297083,-187500.02235174447,-187500.02235174447,-187500.02235174447,-187500.02235174447
$SILENCE,1953.6318723716586,-7793.226277020726,6515.95819186666,12281.47891539084,-187500.02235174447,-187500.02235174447,-187500.02235174447,-187500.02235174447
$SILENCE,2146.28155783195,-7792.421614220335,6811.314143099087,12225.644257741484,-187500.02235174447,-187500.02235174447,-187500.02235174447,-187500.02235174447
$SILENCE,2339.087705503429,-7728.585032055978,7296.30229429034,12188.138030545477,-187500.02235174447,-187500.02235174447,-187500.02235174447,-187500.02235174447
$SILENCE,2194.6730845776897,-7724.1817383982825,7089.615713312115,12231.589821766594,-187500.02235174447,-187500.02235174447,-187500.02235174447,-187500.02235174447
$SILENCE,1967.9146370785998,-7780.664596636844,6564.439125590221,12283.021185758256,-187500.02235174447,-187500.02235174447,-187500.02235174447,-187500.02235174447
$SILENCE,2095.9454293185986,-7800.803518391075,6706.395054625876,12244.41972308394,-187500.02235174447,-187500.02235174447,-187500.02235174447,-187500.02235174447
$SILENCE,2330.0352489990296,-7736.989287971174,7256.739706604446,12194.17300154841,-187500.02235174447,-187500.02235174447,-187500.02235174447,-187500.02235174447
$SILENCE,2233.229843763095,-7718.325581350992,7171.937188141012,12225.42074029693,-187500.02235174447,-187500.02235174447,-187500.02235174447,-187500.02235174447
$SILENCE,1993.909715880122,-7769.82400057602,6635.875300869382,12285.658691603981,-187500.02235174447,-187500.02235174447,-187500.02235174447,-187500.02235174447
$SILENCE,2042.8153327483337,-7801.183498046816,6613.523556414075,12260.244758158298,-187500.02235174447,-187500.02235174447,-187500.02235174447,-187500.02235174447
$SILENCE,2303.660190541767,-7745.348840397459,7189.975045916444,12192.384861991986,-187500.02235174447,-187500.02235174447,-187500.02235174447,-187500.02235174447
$SILENCE,2264.835210422899,-7717.587973783967,7234.3432586602285,12207.472289499317,-187500.02235174447,-187500.02235174447,-187500.02235174447,-187500.02235174447
$SILENCE,2021.8493964492557,-7757.910520781341,6723.80706355656,12270.347746652096,-187500.02235174447,-187500.02235174447,-187500.02235174447,-187500.02235174447
$SILENCE,1999.6764659495911,-7803.038692836606,6547.228282359634,12270.303043163187,-187500.02235174447,-187500.02235174447,-187500.02235174447,-187500.02235174447
$SILENCE,2270.5796087479125,-7757.776410314609,7106.580687353693,12207.65110345496,-187500.02235174447,-187500.02235174447,-187500.02235174447,-187500.02235174447
$SILENCE,2286.1587746332616,-7713.7881772265655,7280.052576071332,12209.640408711482,-187500.02235174447,-187500.02235174447,-187500.02235174447,-187500.02235174447
$SILENCE,2058.7968300338785,-7746.15350319785,6820.031323436657,12275.756868810282,-187500.02235174447,-187500.02235174447,-187500.02235174447,-187500.02235174447
$SILENCE,1969.5463144238372,-7803.105748069972,6505.09524406138,12286.843334060113,-187500.02235174447,-187500.02235174447,-187500.02235174447,-187500.02235174447
$SILENCE,2227.4854454380807,-7769.86870406493,7003.33797971463,12209.327484289108,-187500.02235174447,-187500.02235174447,-187500.02235174447,-187500.02235174447
$SILENCE,2315.305449402982,-7715.1963371272495,7309.378064796694,12195.335292260086,-187500.02235174447,-187500.02235174447,-187500.02235174447,-187500.02235174447
$SILENCE,2108.216537024562,-7738.285689149581,6925.1739293544215,12247.884243474513,-187500.02235174447,-187500.02235174447,-187500.02235174447,-187500.02235174447
$SILENCE,1955.6882328615468,-7795.9084863553635,6500.937819592693,12276.650938588493,-187500.02235174447,-187500.02235174447,-187500.02235174447,-187500.02235174447
$SILENCE,2184.123061194785,-7782.005701304162,6896.2954755181645,12218.759920449249,-187500.02235174447,-187500.02235174447,-187500.02235174447,-187500.02235174447
$SILENCE,2332.7398100781215,-7722.103026163939,7313.78135845439,12196.296417271664,-187500.02235174447,-187500.02235174447,-187500.02235174447,-187500.02235174447
$SILENCE,2153.098839890819,-7727.422741344302,7024.952116602912,12244.37501959503,-187500.02235174447,-187500.02235174447,-187500.02235174447,-187500.02235174447
$SILENCE,1956.0905642617422,-7787.1018990399725,6528.38576178381,12289.547895139205,-187500.02235174447,-187500.02235174447,-187500.02235174447,-187500.02235174447
$SILENCE,2134.0775053593525,-7791.125213041928,6789.968227144269,12248.33127836362,-187500.02235174447,-187500.02235174447,-187500.02235174447,-187500.02235174447
$SILENCE,2334.9749845236524,-7728.249755889149,7291.831945399278,12204.119527831022,-187500.02235174447,-187500.02235174447,-187500.02235174447,-187500.02235174447
$SILENCE,2200.506889880525,-7722.393598841858,7114.292039190775,12230.159310121455,-187500.02235174447,-187500.02235174447,-187500.02235174447,-187500.02235174447
$SILENCE,1979.425785473083,-7777.982387302207,6605.789852832539,12271.890017019514,-187500.02235174447,-187500.02235174447,-187500.02235174447,-187500.02235174447
$SILENCE,2083.3166937013502,-7795.2602857661595,6701.902353990359,12242.050438171678,-187500.02235174447,-187500.02235174447,-187500.02235174447,-187500.02235174447
$SILENCE,2326.391914652814,-7738.352744382948,7245.630889610159,12193.144821303466,-187500.02235174447,-187500.02235174447,-187500.02235174447,-187500.02235174447
$SILENCE,2246.9985183475637,-7713.855232459931,7200.525069299349,12220.659818727949,-187500.02235174447,-187500.02235174447,-187500.02235174447,-187500.02235174447
$SILENCE,1995.0720065917978,-7769.10874475345,6643.541949217552,12282.931778780436,-187500.02235174447,-187500.02235174447,-187500.02235174447,-187500.02235174447
$SILENCE,2034.455780322049,-7803.217506792249,6593.943428271226,12263.865740760059,-187500.02235174447,-187500.02235174447,-187500.02235174447,-187500.02235174447
$SILENCE,2294.5853822929125,-7748.8357125324865,7160.738964168902,12202.666664441427,-187500.02235174447,-187500.02235174447,-187500.02235174447,-187500.02235174447
$SILENCE,2277.218076851139,-7716.358627838926,7244.982689020955,12218.84932742707,-187500.02235174447,-187500.02235174447,-187500.02235174447,-187500.02235174447
$SILENCE,2035.0592774223421,-7756.144732969372,6742.202549243278,12277.902636277991,-187500.02235174447,-187500.02235174447,-187500.02235174447,-187500.02235174447
$SILENCE,1995.4296345030828,-7802.435195736313,6534.0631048754585,12277.52265662225,-187500.02235174447,-187500.02235174447,-187500.02235174447,-187500.02235174447
$SILENCE,2269.283207569505,-7759.788067315587,7088.073442944699,12217.061187870644,-187500.02235174447,-187500.02235174447,-187500.02235174447,-187500.02235174447
$SILENCE,2306.0965306873954,-7711.463595803213,7294.692968689557,12211.22738256781,-187500.02235174447,-187500.02235174447,-187500.02235174447,-187500.02235174447
$SILENCE,2079.9415802885987,-7742.621927573911,6848.663908083905,12261.85408375908,-187500.02235174447,-187500.02235174447,-187500.02235174447,-187500.02235174447
$SILENCE,1971.7814888693679,-7799.462413723757,6505.721092906129,12278.148505467,-187500.02235174447,-187500.02235174447,-187500.02235174447,-187500.02235174447
$SILENCE,2228.8712535943096,-7770.628663376411,6983.444927149407,12215.56362099214,-187500.02235174447,-187500.02235174447,-187500.02235174447,-187500.02235174447
$SILENCE,2327.8447780424094,-7712.514127792612,7315.010704399432,12201.88435338549,-187500.02235174447,-187500.02235174447,-187500.02235174447,-187500.02235174447
$SILENCE,2119.638278441224,-7733.301250136048,6949.224406388332,12254.880339489024,-187500.02235174447,-187500.02235174447,-187500.02235174447,-187500.02235174447
$SILENCE,1954.1459624941306,-7795.2602857661595,6508.850337129872,12288.922046294458,-187500.02235174447,-187500.02235174447,-187500.02235174447,-187500.02235174447
$SILENCE,2173.729500023067,-7784.978483316718,6875.664815385916,12233.959106678856,-187500.02235174447,-187500.02235174447,-187500.02235174447,-187500.02235174447
$SILENCE,2333.0974379894064,-7719.890203462864,7312.373198553705,12202.063167341134,-187500.02235174447,-187500.02235174447,-187500.02235174447,-187500.02235174447
$SILENCE,2165.1687818966843,-7724.159386653828,7045.806294179713,12245.269089373243,-187500.02235174447,-187500.02235174447,-187500.02235174447,-187500.02235174447
$SILENCE,1963.287825976351,-7784.330282727514,6537.617032243852,12287.558589882683,-187500.02235174447,-187500.02235174447,-187500.02235174447,-187500.02235174447
não,2128.1319413342408,-7794.656788665866,6766.230674532732,12242.743342249792,-187500.02235174447,-187500.02235174447,-187500.02235174447,-187500.02235174447
não,2336.6290136133453,-7725.701657021244,7284.813497640312,12201.012635351735,-187500.02235174447,-187500.02235174447,-187500.02235174447,-187500.02235174447
não,2210.1628434852178,-7717.00682842813,7130.74292310988,12236.551909035672,-187500.02235174447,-187500.02235174447,-187500.02235174447,-187500.02235174447
não,1977.5035354499264,-7772.237988977193,6597.698521339717,12298.421537687962,-187500.02235174447,-187500.02235174447,-187500.02235174447,-187500.02235174447
não,2077.7958128208893,-7798.613047434455,6670.788725708571,12265.989156483312,-187500.02235174447,-187500.02235174447,-187500.02235174447,-187500.02235174447
não,2328.045943742507,-7742.309003151537,7239.484159884949,12199.269199284221,-187500.02235174447,-187500.02235174447,-187500.02235174447,-187500.02235174447
não,2255.2016085626615,-7717.275049361593,7209.845746737212,12226.024237397223,-187500.02235174447,-187500.02235174447,-187500.02235174447,-187500.02235174447
não,2011.8581666777334,-7760.302157438059,6680.757603735638,12284.652863103494,-187500.02235174447,-187500.02235174447,-187500.02235174447,-187500.02235174447
não,2037.1379896566857,-7801.518774213645,6592.557620114997,12265.251548916287,-187500.02235174447,-187500.02235174447,-187500.02235174447,-187500.02235174447
não,2318.3899901378145,-7754.557759113045,7183.828316191235,12203.001940608257,-187500.02235174447,-187500.02235174447,-187500.02235174447,-187500.02235174447
não,2308.8681469998537,-7713.922287693297,7301.622009470703,12220.79392919468,-187500.02235174447,-187500.02235174447,-187500.02235174447,-187500.02235174447
não,2043.2623676374399,-7747.852235776453,6761.559159941574,12279.042575245212,-187500.02235174447,-187500.02235174447,-187500.02235174447,-187500.02235174447
não,2006.3596375417278,-7795.886134610908,6552.033907417525,12279.020223500756,-187500.02235174447,-187500.02235174447,-187500.02235174447,-187500.02235174447
não,2255.8051056629547,-7764.794858073576,7047.125047102577,12221.889164672992,-187500.02235174447,-187500.02235174447,-187500.02235174447,-187500.02235174447
não,2322.7485803065993,-7712.894107448353,7292.502497732938,12221.017446639235,-187500.02235174447,-187500.02235174447,-187500.02235174447,-187500.02235174447
não,2099.9240398316433,-7740.610270572934,6868.668719371405,12265.296252405198,-187500.02235174447,-187500.02235174447,-187500.02235174447,-187500.02235174447
não,1978.0623290613091,-7800.892925368897,6505.966962095137,12281.724784579848,-187500.02235174447,-187500.02235174447,-187500.02235174447,-187500.02235174447
não,2225.9655268151196,-7770.740422098687,6963.596578073094,12217.955257648857,-187500.02235174447,-187500.02235174447,-187500.02235174447,-187500.02235174447
não,2339.5123886480797,-7716.202165627738,7316.664733489125,12198.88921962848,-187500.02235174447,-187500.02235174447,-187500.02235174447,-187500.02235174447
não,2150.0366509004416,-7734.955279225741,6975.018319489756,12253.315717377152,-187500.02235174447,-187500.02235174447,-187500.02235174447,-187500.02235174447
não,1974.553105181826,-7795.752024144176,6517.2769447895225,12293.191229485421,-187500.02235174447,-187500.02235174447,-187500.02235174447,-187500.02235174447
não,2184.279523405972,-7784.799669361076,6859.92918728938,12238.675324758928,-187500.02235174447,-187500.02235174447,-187500.02235174447,-187500.02235174447
não,2351.9399585652304,-7722.952392453241,7314.764835210423,12200.31973127362,-187500.02235174447,-187500.02235174447,-187500.02235174447,-187500.02235174447
não,2192.4602618766144,-7725.344029109959,7076.606998039127,12249.001830697278,-187500.02235174447,-187500.02235174447,-187500.02235174447,-187500.02235174447
não,1984.5666866978036,-7781.513962926146,6564.9979192016035,12292.587732385127,-187500.02235174447,-187500.02235174447,-187500.02235174447,-187500.02235174447
não,2139.0172408839753,-7791.929875842318,6759.659261662872,12245.313792862153,-187500.02235174447,-187500.02235174447,-187500.02235174447,-187500.02235174447
não,2358.1313917793505,-7731.557814068534,7283.517096461904,12192.787193392182,-187500.02235174447,-187500.02235174447,-187500.02235174447,-187500.02235174447
não,2238.2813380099938,-7722.86298547542,7159.2637490348525,12221.464481528341,-187500.02235174447,-187500.02235174447,-187500.02235174447,-187500.02235174447
não,2006.6055067307364,-7770.271035465126,6633.17073979029,12292.677139362948,-187500.02235174447,-187500.02235174447,-187500.02235174447,-187500.02235174447
não,2084.836612324311,-7802.748120158687,6656.237740068167,12259.529502335728,-187500.02235174447,-187500.02235174447,-187500.02235174447,-187500.02235174447
não,2341.8146183269764,-7740.3196978950145,7220.3734183756615,12195.804678893648,-187500.02235174447,-187500.02235174447,-187500.02235174447,-187500.02235174447
não,2278.246257096083,-7715.598668527445,7221.736874787435,12219.1846035939,-187500.02235174447,-187500.02235174447,-187500.02235174447,-187500.02235174447
não,2033.2040826325517,-7759.139866726383,6707.713807548739,12271.174761196944,-187500.02235174447,-187500.02235174447,-187500.02235174447,-187500.02235174447
não,2039.2837571243952,-7802.859878880964,6577.7384135411285,12275.265130432264,-187500.02235174447,-187500.02235174447,-187500.02235174447,-187500.02235174447
não,2317.7417895486105,-7756.234139947193,7141.94114708199,12213.127280846511,-187500.02235174447,-187500.02235174447,-187500.02235174447,-187500.02235174447
não,2317.0712372149515,-7715.643372016356,7269.882532344167,12219.89985941647,-187500.02235174447,-187500.02235174447,-187500.02235174447,-187500.02235174447
não,2063.4906963694925,-7746.555834598045,6781.631026462439,12266.726764050338,-187500.02235174447,-187500.02235174447,-187500.02235174447,-187500.02235174447
não,1994.0885298357643,-7798.121309056439,6511.800767397973,12261.496455847795,-187500.02235174447,-187500.02235174447,-187500.02235174447,-187500.02235174447
não,2280.526135030524,-7764.571340629022,7056.959814662911,12220.056321627657,-187500.02235174447,-187500.02235174447,-187500.02235174447,-187500.02235174447
não,2354.9350923222414,-7705.003941655629,7341.855149490256,12213.41785352443,-187500.02235174447,-187500.02235174447,-187500.02235174447,-187500.02235174447
não,2100.125205531741,-7729.277936134093,6882.906780589436,12270.392450141007,-187500.02235174447,-187500.02235174447,-187500.02235174447,-187500.02235174447
não,1980.521020951393,-7787.660692651355,6525.882366404816,12303.383624957041,-187500.02235174447,-187500.02235174447,-187500.02235174447,-187500.02235174447
não,2201.5127183810137,-7766.605349374456,6912.724007692816,12241.648106771483,-187500.02235174447,-187500.02235174447,-187500.02235174447,-187500.02235174447
não,2334.9973362681076,-7713.899935948842,7288.322721519795,12224.347856563076,-187500.02235174447,-187500.02235174447,-187500.02235174447,-187500.02235174447
não,2150.0142991559865,-7728.361514611425,6982.662616093471,12291.738366095826,-187500.02235174447,-187500.02235174447,-187500.02235174447,-187500.02235174447
não,1956.068212517287,-7774.54021865609,6496.154546279257,12312.659598905993,-187500.02235174447,-187500.02235174447,-187500.02235174447,-187500.02235174447
não,2154.484648047048,-7777.691814624288,6812.051750666113,12284.116421236566,-187500.02235174447,-187500.02235174447,-187500.02235174447,-187500.02235174447
não,2330.526987377046,-7714.838709215965,7283.561799950815,12212.903763401959,-187500.02235174447,-187500.02235174447,-187500.02235174447,-187500.02235174447
não,2195.9471340116424,-7708.9154969353085,7093.415509869517,12267.129095450533,-187500.02235174447,-187500.02235174447,-187500.02235174447,-187500.02235174447
não,1978.4423087170494,-7769.622834875922,6568.484791336631,12328.998724102823,-187500.02235174447,-187500.02235174447,-187500.02235174447,-187500.02235174447
não,2107.7024469020903,-7790.9240473418295,6701.61178131244,12265.944452994401,-187500.02235174447,-187500.02235174447,-187500.02235174447,-187500.02235174447
não,2337.8807113028424,-7732.3401251244695,7245.6085378657035,12233.959106678856,-187500.02235174447,-187500.02235174447,-187500.02235174447,-187500.02235174447
não,2241.5670444449242,-7713.944639437752,7161.431868247017,12283.915255536469,-187500.02235174447,-187500.02235174447,-187500.02235174447,-187500.02235174447
não,1994.4908612359598,-7765.688927851788,6627.381637976366,12301.14845051151,-187500.02235174447,-187500.02235174447,-187500.02235174447,-187500.02235174447
não,2061.0096527349538,-7785.090242038995,6635.40591423582,12272.314700164165,-187500.02235174447,-187500.02235174447,-187500.02235174447,-187500.02235174447
não,2319.1275977048394,-7737.481026349191,7210.248078137408,12202.107870830045,-187500.02235174447,-187500.02235174447,-187500.02235174447,-187500.02235174447
não,2272.2559895820605,-7706.032121900574,7217.221822407463,12197.101080072056,-187500.02235174447,-187500.02235174447,-187500.02235174447,-187500.02235174447
não,2060.8531905237664,-7740.252642661649,6713.637019829395,12308.301008737208,-187500.02235174447,-187500.02235174447,-187500.02235174447,-187500.02235174447
não,2026.2750418514065,-7809.677160939832,6539.539282267008,12274.013432742768,-187500.02235174447,-187500.02235174447,-187500.02235174447,-187500.02235174447
não,2298.1616614057616,-7766.49359065218,7095.471870359406,12204.410100508941,-187500.02235174447,-187500.02235174447,-187500.02235174447,-187500.02235174447
não,2321.429827383736,-7711.977685925685,7264.585168908259,12220.570411750128,-187500.02235174447,-187500.02235174447,-187500.02235174447,-187500.02235174447
não,2066.8211062933333,-7749.595671843967,6800.004160404702,12274.19224669841,-187500.02235174447,-187500.02235174447,-187500.02235174447,-187500.02235174447
não,1994.6026199582363,-7789.471183952235,6528.564575739453,12318.62751467556,-187500.02235174447,-187500.02235174447,-187500.02235174447,-187500.02235174447
não,2240.427105477703,-7766.739459841187,7011.608125163094,12228.147653120477,-187500.02235174447,-187500.02235174447,-187500.02235174447,-187500.02235174447
não,2308.756388277577,-7715.531613294079,7296.30229429034,12216.345932048074,-187500.02235174447,-187500.02235174447,-187500.02235174447,-187500.02235174447
não,2106.1154730457633,-7725.031104687585,6916.590859483584,12289.123211994554,-187500.02235174447,-187500.02235174447,-187500.02235174447,-187500.02235174447
não,1939.6396803426362,-7808.447814994791,6477.0661565144255,12297.080433020645,-187500.02235174447,-187500.02235174447,-187500.02235174447,-187500.02235174447
não,2174.355348867816,-7797.227239278226,6882.795021867159,12232.573298522628,-187500.02235174447,-187500.02235174447,-187500.02235174447,-187500.02235174447
não,2319.8428535274093,-7726.707485521732,7290.44613724305,12203.493678986273,-187500.02235174447,-187500.02235174447,-187500.02235174447,-187500.02235174447
não,2135.217444326573,-7735.178796670294,6987.825869062647,12257.160217423465,-187500.02235174447,-187500.02235174447,-187500.02235174447,-187500.02235174447
não,1941.9195582770776,-7794.768547388143,6501.742482393084,12302.71307262338,-187500.02235174447,-187500.02235174447,-187500.02235174447,-187500.02235174447
não,2126.9696506225646,-7797.651922422877,6774.277302536643,12241.066961415645,-187500.02235174447,-187500.02235174447,-187500.02235174447,-187500.02235174447
não,2329.0741239874515,-7731.446055346258,7285.573456951793,12200.945580118369,-187500.02235174447,-187500.02235174447,-187500.02235174447,-187500.02235174447
não,2176.0093779575086,-7732.630697802389,7075.645873027548,12252.823978999137,-187500.02235174447,-187500.02235174447,-187500.02235174447,-187500.02235174447
não,1951.5755118817704,-7787.2807129956145,6542.422657301743,12299.986159799833,-187500.02235174447,-187500.02235174447,-187500.02235174447,-187500.02235174447
não,2074.0854232413085,-7808.73838767271,6672.532161776086,12261.585862825617,-187500.02235174447,-187500.02235174447,-187500.02235174447,-187500.02235174447
não,2309.8963272447977,-7751.249700933659,7224.173214933064,12203.001940608257,-187500.02235174447,-187500.02235174447,-187500.02235174447,-187500.02235174447
não,2218.991782545064,-7731.133130923883,7151.753562897869,12226.717141475337,-187500.02235174447,-187500.02235174447,-187500.02235174447,-187500.02235174447
não,1980.67748316258,-7780.284616981104,6625.369980975388,12285.725746837348,-187500.02235174447,-187500.02235174447,-187500.02235174447,-187500.02235174447
não,2028.9796029304987,-7814.9298208868295,6595.239829449633,12266.771467539247,-187500.02235174447,-187500.02235174447,-187500.02235174447,-187500.02235174447
não,2293.467795070147,-7763.207884217249,7172.920664897045,12202.979588863802,-187500.02235174447,-187500.02235174447,-187500.02235174447,-187500.02235174447
não,2258.241445808583,-7731.177834412794,7230.632869080648,12217.195298337378,-187500.02235174447,-187500.02235174447,-187500.02235174447,-187500.02235174447
não,2015.1885766015741,-7773.288520966593,6724.52231937913,12271.845313530603,-187500.02235174447,-187500.02235174447,-187500.02235174447,-187500.02235174447
não,1989.1711460555966,-7821.389475034413,6534.398381042288,12258.23310115732,-187500.02235174447,-187500.02235174447,-187500.02235174447,-187500.02235174447
não,2257.8838178972983,-7777.088317523995,7082.396099853051,12181.298396742153,-187500.02235174447,-187500.02235174447,-187500.02235174447,-187500.02235174447
não,2286.8516787113763,-7736.788122271076,7272.900017845634,12188.607417179039,-187500.02235174447,-187500.02235174447,-187500.02235174447,-187500.02235174447
não,2049.163228173641,-7768.371137186425,6823.048808938123,12242.296307360686,-187500.02235174447,-187500.02235174447,-187500.02235174447,-187500.02235174447
não,1946.680479846058,-7823.714056457765,6498.501479447064,12255.461484844862,-187500.02235174447,-187500.02235174447,-187500.02235174447,-187500.02235174447
não,2209.313477195916,-7796.824907878031,6987.9823312738345,12192.295455014164,-187500.02235174447,-187500.02235174447,-187500.02235174447,-187500.02235174447
não,2305.560088820468,-7743.203072929749,7301.6667129596135,12179.554960674639,-187500.02235174447,-187500.02235174447,-187500.02235174447,-187500.02235174447
não,2087.7199873590457,-7764.526637140112,6922.245850830776,12226.605382753061,-187500.02235174447,-187500.02235174447,-187500.02235174447,-187500.02235174447
não,1918.3384678767286,-7821.680047712332,6488.063214786436,12252.488702832306,-187500.02235174447,-187500.02235174447,-187500.02235174447,-187500.02235174447
não,2139.732496706545,-7810.839451651508,6872.759088606726,12191.289626513675,-187500.02235174447,-187500.02235174447,-187500.02235174447,-187500.02235174447
não,2295.0324171820184,-7745.415895630825,7303.58896298277,12164.825161078592,-187500.02235174447,-187500.02235174447,-187500.02235174447,-187500.02235174447
não,2122.3875430092266,-7750.7132590667325,7021.53229970125,12210.154498833956,-187500.02235174447,-187500.02235174447,-187500.02235174447,-187500.02235174447
não,1918.8972614881113,-7815.667428453855,6520.205023313168,12260.736496536316,-187500.02235174447,-187500.02235174447,-187500.02235174447,-187500.02235174447
não,2089.262257726462,-7823.803463435586,6766.990633844213,12206.533516232195,-187500.02235174447,-187500.02235174447,-187500.02235174447,-187500.02235174447
não,2295.568859048946,-7758.8716457929195,7279.851410371234,12158.03023076418,-187500.02235174447,-187500.02235174447,-187500.02235174447,-187500.02235174447
não,2164.207656885106,-7742.577224085001,7116.214289213931,12197.436356238886,-187500.02235174447,-187500.02235174447,-187500.02235174447,-187500.02235174447
não,1923.233499912441,-7795.103823554972,6575.950273984704,12251.192301653899,-187500.02235174447,-187500.02235174447,-187500.02235174447,-187500.02235174447
não,2030.2760041089064,-7818.103768599483,6667.391260551365,12214.84836516957,-187500.02235174447,-187500.02235174447,-187500.02235174447,-187500.02235174447
não,2273.8206116939323,-7757.955224270252,7227.123645201164,12158.074934253089,-187500.02235174447,-187500.02235174447,-187500.02235174447,-187500.02235174447
não,2196.3047619229274,-7741.683154306788,7182.710728968469,12186.931036344891,-187500.02235174447,-187500.02235174447,-187500.02235174447,-187500.02235174447
não,1950.8826078036557,-7793.293332254092,6650.940376632259,12239.32352534813,-187500.02235174447,-187500.02235174447,-187500.02235174447,-187500.02235174447
não,1983.136175052664,-7828.832605938031,6587.193201445723,12224.258449585253,-187500.02235174447,-187500.02235174447,-187500.02235174447,-187500.02235174447
não,2256.676823696712,-7770.0251662761175,7167.556246227771,12173.899969327447,-187500.02235174447,-187500.02235174447,-187500.02235174447,-187500.02235174447
não,2237.9460618431644,-7730.261412890127,7260.025413039376,12186.484001455785,-187500.02235174447,-187500.02235174447,-187500.02235174447,-187500.02235174447
não,1984.1420035531526,-7774.584922145001,6753.825456360038,12242.966859694347,-187500.02235174447,-187500.02235174447,-187500.02235174447,-187500.02235174447
não,1937.4492093860163,-7826.038637881117,6522.127273336324,12244.151502150477,-187500.02235174447,-187500.02235174447,-187500.02235174447,-187500.02235174447
não,2217.3601051998266,-7784.084413538506,7071.108468903121,12171.687146626371,-187500.02235174447,-187500.02235174447,-187500.02235174447,-187500.02235174447
não,2258.8225911644213,-7734.843520503465,7282.48891621696,12172.000071048746,-187500.02235174447,-187500.02235174447,-187500.02235174447,-187500.02235174447
não,2033.293489610373,-7765.219541218226,6842.628937080973,12228.728798476315,-187500.02235174447,-187500.02235174447,-187500.02235174447,-187500.02235174447
não,1920.0819039442426,-7820.808329678575,6495.6181044123305,12249.918252219946,-187500.02235174447,-187500.02235174447,-187500.02235174447,-187500.02235174447
não,2172.0978226778298,-7796.44492822229,6967.843409519603,12182.214818264822,-187500.02235174447,-187500.02235174447,-187500.02235174447,-187500.02235174447
não,2279.83323095241,-7744.097142707961,7306.986428139977,12168.334384958076,-187500.02235174447,-187500.02235174447,-187500.02235174447,-187500.02235174447
não,2076.1417837311965,-7759.743363826677,6951.4148773449515,12218.826975682614,-187500.02235174447,-187500.02235174447,-187500.02235174447,-187500.02235174447
não,1905.8885462151227,-7815.667428453855,6499.775528881018,12256.199092411887,-187500.02235174447,-187500.02235174447,-187500.02235174447,-187500.02235174447
não,2123.3039645318945,-7809.49834698419,6858.096344244045,12199.760937662237,-187500.02235174447,-187500.02235174447,-187500.02235174447,-187500.02235174447
não,2288.21513512315,-7744.700639808255,7301.890230404167,12174.391707705463,-187500.02235174447,-187500.02235174447,-187500.02235174447,-187500.02235174447
não,2121.538176719925,-7749.014526488129,7044.845169168136,12213.127280846511,-187500.02235174447,-187500.02235174447,-187500.02235174447,-187500.02235174447
não,1911.8341102402344,-7806.97259986074,6533.996049642093,12252.198130154387,-187500.02235174447,-187500.02235174447,-187500.02235174447,-187500.02235174447
não,2069.3692051612384,-7813.49930924169,6741.308479465066,12214.960123891846,-187500.02235174447,-187500.02235174447,-187500.02235174447,-187500.02235174447
não,2283.6777309987224,-7748.455732876746,7263.713450874502,12165.428658178886,-187500.02235174447,-187500.02235174447,-187500.02235174447,-187500.02235174447
não,2161.547799294925,-7740.744381039665,7128.150120753065,12191.647254424961,-187500.02235174447,-187500.02235174447,-187500.02235174447,-187500.02235174447
não,1928.1508836926084,-7797.227239278226,6598.59259111793,12246.56549055165,-187500.02235174447,-187500.02235174447,-187500.02235174447,-187500.02235174447
não,2023.5928325167697,-7820.338943045014,6653.466123755708,12219.452824527363,-187500.02235174447,-187500.02235174447,-187500.02235174447,-187500.02235174447
não,2278.3580158183595,-7761.844427805475,7221.200432920508,12168.043812280157,-187500.02235174447,-187500.02235174447,-187500.02235174447,-187500.02235174447
não,2211.727465597089,-7737.77159902711,7209.644581037114,12202.957237119346,-187500.02235174447,-187500.02235174447,-187500.02235174447,-187500.02235174447
não,1960.8291340862675,-7783.8161926050425,6681.94224619177,12259.462447102362,-187500.02235174447,-187500.02235174447,-187500.02235174447,-187500.02235174447
não,1968.518134178893,-7826.3739140479465,6568.641253547818,12246.319621362642,-187500.02235174447,-187500.02235174447,-187500.02235174447,-187500.02235174447
não,2244.986861346586,-7774.562570400545,7138.521330180327,12172.380050704485,-187500.02235174447,-187500.02235174447,-187500.02235174447,-187500.02235174447
não,2243.288128767983,-7732.541290824568,7256.404430437617,12188.696824156861,-187500.02235174447,-187500.02235174447,-187500.02235174447,-187500.02235174447
não,2004.973829385499,-7773.467334922235,6773.562046714073,12246.431380084918,-187500.02235174447,-187500.02235174447,-187500.02235174447,-187500.02235174447
não,1945.1605612230971,-7825.815120436564,6520.406189013266,12243.838577728102,-187500.02235174447,-187500.02235174447,-187500.02235174447,-187500.02235174447
não,2213.381494686782,-7786.788974617598,7047.281509313764,12173.45293443834,-187500.02235174447,-187500.02235174447,-187500.02235174447,-187500.02235174447
não,2266.6233499793234,-7736.274032148604,7289.596770953748,12168.714364613816,-187500.02235174447,-187500.02235174447,-187500.02235174447,-187500.02235174447
não,2043.552940315359,-7764.638395862388,6870.725079861293,12233.355609578564,-187500.02235174447,-187500.02235174447,-187500.02235174447,-187500.02235174447
não,1915.2762788863515,-7823.244669824204,6493.360578222344,12260.512979091762,-187500.02235174447,-187500.02235174447,-187500.02235174447,-187500.02235174447
não,2155.5798835253577,-7799.8423933794975,6935.433380059408,12192.451917225351,-187500.02235174447,-187500.02235174447,-187500.02235174447,-187500.02235174447
não,2245.4338962356924,-7747.516959609624,7277.303311503329,12155.45978015182,-187500.02235174447,-187500.02235174447,-187500.02235174447,-187500.02235174447
não,2071.291455184395,-7752.836674789986,6964.825924018136,12224.929001918914,-187500.02235174447,-187500.02235174447,-187500.02235174447,-187500.02235174447
não,1915.388037608628,-7803.3069137700695,6521.412017513754,12275.66746183246,-187500.02235174447,-187500.02235174447,-187500.02235174447,-187500.02235174447
não,2115.32439176135,-7804.335094015014,6840.080838213067,12216.211821581343,-187500.02235174447,-187500.02235174447,-187500.02235174447,-187500.02235174447
não,2293.087815414407,-7741.549043840057,7304.572439738803,12185.45582121084,-187500.02235174447,-187500.02235174447,-187500.02235174447,-187500.02235174447
não,2131.060019857886,-7744.879453763897,7069.901474702535,12230.338124077098,-187500.02235174447,-187500.02235174447,-187500.02235174447,-187500.02235174447
não,1908.61545903867,-7801.585829447011,6548.301166093489,12278.461429889374,-187500.02235174447,-187500.02235174447,-187500.02235174447,-187500.02235174447
não,2058.618016078236,-7811.845280151997,6722.264793189143,12232.841519456091,-187500.02235174447,-187500.02235174447,-187500.02235174447,-187500.02235174447
não,2277.598056506879,-7748.880416021397,7253.141075747142,12176.850399595547,-187500.02235174447,-187500.02235174447,-187500.02235174447,-187500.02235174447
não,2170.1979243991286,-7734.351782125447,7144.042211060788,12213.529612246706,-187500.02235174447,-187500.02235174447,-187500.02235174447,-187500.02235174447
não,1925.3345638912397,-7788.711224640754,6604.582858631952,12271.554740852684,-187500.02235174447,-187500.02235174447,-187500.02235174447,-187500.02235174447
não,2008.3712945427055,-7814.080454597528,6631.829635122971,12246.699601018383,-187500.02235174447,-187500.02235174447,-187500.02235174447,-187500.02235174447
não,2275.921675672731,-7759.452791148758,7212.125624671653,12194.374167248508,-187500.02235174447,-187500.02235174447,-187500.02235174447,-187500.02235174447
não,2215.4825586655807,-7733.949450725252,7220.23930790893,12216.636504725993,-187500.02235174447,-187500.02235174447,-187500.02235174447,-187500.02235174447
não,1966.2829597333623,-7777.44594543528,6695.710920776239,12272.538217608717,-187500.02235174447,-187500.02235174447,-187500.02235174447,-187500.02235174447
não,1962.1702387535859,-7819.824852922542,6554.894930707805,12263.776333782236,-187500.02235174447,-187500.02235174447,-187500.02235174447,-187500.02235174447
não,2229.1618262722286,-7772.260340721648,7117.22011771442,12201.973760363313,-187500.02235174447,-187500.02235174447,-187500.02235174447,-187500.02235174447
não,2239.5777391884017,-7729.546157067556,7263.489933429949,12209.03691161119,-187500.02235174447,-187500.02235174447,-187500.02235174447,-187500.02235174447
não,2005.0408846188648,-7767.477067408213,6792.158698100889,12260.065944202655,-187500.02235174447,-187500.02235174447,-187500.02235174447,-187500.02235174447
não,1930.9448517495218,-7817.232050565726,6509.230316785613,12272.627624586537,-187500.02235174447,-187500.02235174447,-187500.02235174447,-187500.02235174447
não,2198.048197990441,-7781.670425137333,7024.393322991529,12205.639446453983,-187500.02235174447,-187500.02235174447,-187500.02235174447,-187500.02235174447
não,2263.6952714556783,-7731.356648368436,7294.581209967281,12196.74345216077,-187500.02235174447,-187500.02235174447,-187500.02235174447,-187500.02235174447
não,2047.3303851283058,-7755.29536668007,6890.260504515231,12256.154388922978,-187500.02235174447,-187500.02235174447,-187500.02235174447,-187500.02235174447
não,1911.4094270955834,-7813.588716219511,6491.460679943643,12281.635377602028,-187500.02235174447,-187500.02235174447,-187500.02235174447,-187500.02235174447
não,2153.0094329129975,-7797.16018404486,6916.859080417047,12219.117548360533,-187500.02235174447,-187500.02235174447,-187500.02235174447,-187500.02235174447
não,2283.6777309987224,-7738.755075783143,7304.9524193945435,12192.74248990327,-187500.02235174447,-187500.02235174447,-187500.02235174447,-187500.02235174447
não,2097.353589219283,-7746.265261920126,6991.357444686586,12248.890071975002,-187500.02235174447,-187500.02235174447,-187500.02235174447,-187500.02235174447
não,1907.4084648380835,-7804.133928314916,6510.14673830828,12293.593560885616,-187500.02235174447,-187500.02235174447,-187500.02235174447,-187500.02235174447
não,2096.7947956079,-7804.111576570461,6803.289866839632,12237.42362706943,-187500.02235174447,-187500.02235174447,-187500.02235174447,-187500.02235174447
não,2285.2200013661386,-7741.05730546204,7287.898038375144,12202.331388274597,-187500.02235174447,-187500.02235174447,-187500.02235174447,-187500.02235174447
não,2140.157179851196,-7738.442151360769,7081.390271352562,12241.13401664901,-187500.02235174447,-187500.02235174447,-187500.02235174447,-187500.02235174447
não,1916.0585899422874,-7795.394396232891,6551.408058572777,12289.749060839304,-187500.02235174447,-187500.02235174447,-187500.02235174447,-187500.02235174447
não,2041.4742280810153,-7812.359370274469,6693.967484708725,12242.206900382866,-187500.02235174447,-187500.02235174447,-187500.02235174447,-187500.02235174447
não,2273.373576804826,-7751.853198033953,7247.731953588957,12186.819277622615,-187500.02235174447,-187500.02235174447,-187500.02235174447,-187500.02235174447
não,2182.67019780519,-7733.055380947039,7165.9916241159,12220.36924605003,-187500.02235174447,-187500.02235174447,-187500.02235174447,-187500.02235174447
não,1945.0488025008206,-7787.660692651355,6627.694562398739,12279.400203156496,-187500.02235174447,-187500.02235174447,-187500.02235174447,-187500.02235174447
não,1995.5637449698145,-7822.395303534902,6603.9793615316585,12255.774409267236,-187500.02235174447,-187500.02235174447,-187500.02235174447,-187500.02235174447
não,2251.0441840939743,-7763.006718517151,7175.8934469096,12194.1282980595,-187500.02235174447,-187500.02235174447,-187500.02235174447,-187500.02235174447
não,2210.989858030064,-7728.965011711719,7217.959429974489,12210.713292445338,-187500.02235174447,-187500.02235174447,-187500.02235174447,-187500.02235174447
não,1973.7484423814349,-7772.282692466104,6709.61370582744,12276.539179866217,-187500.02235174447,-187500.02235174447,-187500.02235174447,-187500.02235174447
não,1951.553160137315,-7818.506099999679,6535.0018781425815,12273.633453087026,-187500.02235174447,-187500.02235174447,-187500.02235174447,-187500.02235174447
não,2227.798369860455,-7773.579093644512,7093.3484546361515,12204.298341786665,-187500.02235174447,-187500.02235174447,-187500.02235174447,-187500.02235174447
não,2250.1948178046728,-7728.316811122515,7267.557950920815,12213.954295391357,-187500.02235174447,-187500.02235174447,-187500.02235174447,-187500.02235174447
não,2016.417922546616,-7760.883302793897,6807.91667794188,12272.515865864261,-187500.02235174447,-187500.02235174447,-187500.02235174447,-187500.02235174447
não,1922.004153967399,-7815.108634842472,6496.8474503573725,12281.098935735099,-187500.02235174447,-187500.02235174447,-187500.02235174447,-187500.02235174447
não,2182.7819565274667,-7783.771489116131,6996.297180211209,12208.813394166636,-187500.02235174447,-187500.02235174447,-187500.02235174447,-187500.02235174447
não,2268.8808761693094,-7733.569471069512,7290.781413409879,12199.157440561943,-187500.02235174447,-187500.02235174447,-187500.02235174447,-187500.02235174447
não,2060.897894012677,-7752.501398623157,6905.973780867313,12260.580034325129,-187500.02235174447,-187500.02235174447,-187500.02235174447,-187500.02235174447
não,1910.42595033955,-7810.794748162598,6489.739595620585,12288.34090093862,-187500.02235174447,-187500.02235174447,-187500.02235174447,-187500.02235174447
não,2133.630470470246,-7795.081471810517,6884.292588745665,12221.41977803943,-187500.02235174447,-187500.02235174447,-187500.02235174447,-187500.02235174447
não,2274.1335361163065,-7734.351782125447,7293.955361122533,12189.233266023788,-187500.02235174447,-187500.02235174447,-187500.02235174447,-187500.02235174447
não,2101.868641599255,-7740.252642661649,7000.588715146628,12240.552871293172,-187500.02235174447,-187500.02235174447,-187500.02235174447,-187500.02235174447
não,1908.257831127385,-7798.54599220109,6509.006799341059,12286.66452010447,-187500.02235174447,-187500.02235174447,-187500.02235174447,-187500.02235174447
não,2087.898801314688,-7802.0105125916625,6775.976035115246,12239.681153259417,-187500.02235174447,-187500.02235174447,-187500.02235174447,-187500.02235174447
não,2288.1033764008735,-7740.833788017487,7276.811573125312,12200.431489995897,-187500.02235174447,-187500.02235174447,-187500.02235174447,-187500.02235174447
não,2150.774258467467,-7735.067037948017,7093.840193014168,12239.658801514961,-187500.02235174447,-187500.02235174447,-187500.02235174447,-187500.02235174447
$SILENCE,1918.7631510213796,-7790.946399086285,6561.220474388657,12290.866648062069,-187500.02235174447,-187500.02235174447,-187500.02235174447,-187500.02235174447
$SILENCE,2031.6841640095909,-7811.800576663087,6670.542856519563,12258.478970346328,-187500.02235174447,-187500.02235174447,-187500.02235174447,-187500.02235174447
$SILENCE,2273.574742504924,-7750.579148600001,7229.425874880061,12204.857135398048,-187500.02235174447,-187500.02235174447,-187500.02235174447,-187500.02235174447
$SILENCE,2186.961732740609,-7728.428569844791,7172.875961408135,12228.773501965226,-187500.02235174447,-187500.02235174447,-187500.02235174447,-187500.02235174447
$SILENCE,1942.746572821924,-7780.910465825852,6636.322335758488,12273.991080998312,-187500.02235174447,-187500.02235174447,-187500.02235174447,-187500.02235174447
$SILENCE,1982.5103262079153,-7816.427387765335,6580.06299496448,12257.361383123563,-187500.02235174447,-187500.02235174447,-187500.02235174447,-187500.02235174447
$SILENCE,2246.663242180734,-7761.0397650050845,7156.201560044475,12196.095251571567,-187500.02235174447,-187500.02235174447,-187500.02235174447,-187500.02235174447
$SILENCE,2217.62832613329,-7725.835767487975,7232.041028981332,12211.964990134835,-187500.02235174447,-187500.02235174447,-187500.02235174447,-187500.02235174447
$SILENCE,1975.2460092599404,-7764.638395862388,6727.316287436043,12276.270958932753,-187500.02235174447,-187500.02235174447,-187500.02235174447,-187500.02235174447
$SILENCE,1942.8359797997452,-7809.967733617751,6519.869747146338,12284.608159614583,-187500.02235174447,-187500.02235174447,-187500.02235174447,-187500.02235174447
$SILENCE,2219.885852323276,-7767.477067408213,7069.655605513526,12217.150594848466,-187500.02235174447,-187500.02235174447,-187500.02235174447,-187500.02235174447
$SILENCE,2254.106373084351,-7725.791063999065,7268.988462565954,12206.757033676748,-187500.02235174447,-187500.02235174447,-187500.02235174447,-187500.02235174447
$SILENCE,2020.1730156151077,-7757.48583763669,6823.048808938123,12264.178665182431,-187500.02235174447,-187500.02235174447,-187500.02235174447,-187500.02235174447
$SILENCE,1915.7233137754577,-7811.778224918631,6487.884400830794,12285.9492642819,-187500.02235174447,-187500.02235174447,-187500.02235174447,-187500.02235174447
$SILENCE,2171.2708081329833,-7783.3468059714805,6965.719993796349,12222.336199562098,-187500.02235174447,-187500.02235174447,-187500.02235174447,-187500.02235174447
$SILENCE,2269.5514285029685,-7728.361514611425,7291.228448298985,12202.93488537489,-187500.02235174447,-187500.02235174447,-187500.02235174447,-187500.02235174447
$SILENCE,2066.8881615266996,-7745.572357842012,6925.196281098876,12254.008621455267,-187500.02235174447,-187500.02235174447,-187500.02235174447,-187500.02235174447
$SILENCE,1905.6426770261141,-7804.424500992835,6486.431537441199,12289.749060839304,-187500.02235174447,-187500.02235174447,-187500.02235174447,-187500.02235174447
$SILENCE,2126.9249471336543,-7795.573210188533,6854.229492453277,12230.874565944025,-187500.02235174447,-187500.02235174447,-187500.02235174447,-187500.02235174447
$SILENCE,2283.1859926207057,-7733.837692002976,7286.981616852477,12200.900876629457,-187500.02235174447,-187500.02235174447,-187500.02235174447,-187500.02235174447
$SILENCE,2109.155310291685,-7736.877529248897,7019.990029333834,12246.073752173634,-187500.02235174447,-187500.02235174447,-187500.02235174447,-187500.02235174447
$SILENCE,1898.3113048447735,-7796.40022473338,6511.510194720054,12290.061985261678,-187500.02235174447,-187500.02235174447,-187500.02235174447,-187500.02235174447
$SILENCE,2063.4459928805823,-7805.743253915698,6738.581566641518,12247.526615563229,-187500.02235174447,-187500.02235174447,-187500.02235174447,-187500.02235174447
$SILENCE,2274.826440194421,-7743.292479907571,7258.416087438594,12206.198240065365,-187500.02235174447,-187500.02235174447,-187500.02235174447,-187500.02235174447
$SILENCE,2150.886017189743,-7730.641392545866,7103.764367552325,12243.145673649988,-187500.02235174447,-187500.02235174447,-187500.02235174447,-187500.02235174447
$SILENCE,1914.5163195748712,-7785.827849606019,6568.9318262257375,12289.57024688366,-187500.02235174447,-187500.02235174447,-187500.02235174447,-187500.02235174447
$SILENCE,2020.485940037482,-7807.486689983212,6645.17362656279,12254.85798774457,-187500.02235174447,-187500.02235174447,-187500.02235174447,-187500.02235174447
$SILENCE,2270.981940148108,-7746.667593320321,7210.091615926221,12201.124394074011,-187500.02235174447,-187500.02235174447,-187500.02235174447,-187500.02235174447
$SILENCE,2198.316418923905,-7725.098159920951,7178.240380077408,12223.744359462782,-187500.02235174447,-187500.02235174447,-187500.02235174447,-187500.02235174447
$SILENCE,1956.068212517287,-7774.137887255894,6650.202769065234,12283.28940669172,-187500.02235174447,-187500.02235174447,-187500.02235174447,-187500.02235174447
$SILENCE,1980.0739860622868,-7813.298143541592,6561.309881366477,12269.677194318438,-187500.02235174447,-187500.02235174447,-187500.02235174447,-187500.02235174447
$SILENCE,2251.3124050274378,-7763.520808639623,7133.581594655704,12208.36635927753,-187500.02235174447,-187500.02235174447,-187500.02235174447,-187500.02235174447
$SILENCE,2234.0345065634856,-7727.713314022221,7232.868043526179,12219.542231505184,-187500.02235174447,-187500.02235174447,-187500.02235174447,-187500.02235174447
$SILENCE,1986.2430675319515,-7763.029070261607,6739.47563641973,12277.276787433242,-187500.02235174447,-187500.02235174447,-187500.02235174447,-187500.02235174447
$SILENCE,1930.9448517495218,-7813.253440052681,6496.959209079649,12279.780182812237,-187500.02235174447,-187500.02235174447,-187500.02235174447,-187500.02235174447
$SILENCE,2203.949058526642,-7773.400279688869,7038.206701064909,12213.864888413536,-187500.02235174447,-187500.02235174447,-187500.02235174447,-187500.02235174447
$SILENCE,2258.643777208779,-7723.511186064624,7272.475334700983,12213.216687824332,-187500.02235174447,-187500.02235174447,-187500.02235174447,-187500.02235174447
$SILENCE,2039.2390536354847,-7751.428514889302,6838.024477723179,12271.465333874863,-187500.02235174447,-187500.02235174447,-187500.02235174447,-187500.02235174447
$SILENCE,1925.8933575026224,-7809.431291750824,6472.864028556827,12292.632435874038,-187500.02235174447,-187500.02235174447,-187500.02235174447,-187500.02235174447
$SILENCE,2176.8810959912653,-7785.023186805629,6938.741438238792,12220.212783838842,-187500.02235174447,-187500.02235174447,-187500.02235174447,-187500.02235174447
$SILENCE,2301.0673881849516,-7725.858119232431,7322.185614369585,12202.644312696972,-187500.02235174447,-187500.02235174447,-187500.02235174447,-187500.02235174447
$SILENCE,2080.813298322356,-7740.833788017487,6933.354667825064,12261.831732014625,-187500.02235174447,-187500.02235174447,-187500.02235174447,-187500.02235174447
$SILENCE,1921.780636522846,-7800.714111413255,6498.188555024691,12289.659653861483,-187500.02235174447,-187500.02235174447,-187500.02235174447,-187500.02235174447
$SILENCE,2109.9152696031656,-7794.3215124990365,6812.431730321852,12236.41779856894,-187500.02235174447,-187500.02235174447,-187500.02235174447,-187500.02235174447
$SILENCE,2292.9090014587646,-7733.122436180406,7288.434480242072,12205.482984242795,-187500.02235174447,-187500.02235174447,-187500.02235174447,-187500.02235174447
$SILENCE,2127.997830867509,-7732.854215246942,7033.892814385035,12252.37694411003,-187500.02235174447,-187500.02235174447,-187500.02235174447,-187500.02235174447
$SILENCE,1929.290822659829,-7794.522678199134,6526.798787927483,12289.302025950197,-187500.02235174447,-187500.02235174447,-187500.02235174447,-187500.02235174447
$SILENCE,2074.644216852691,-7806.145585315894,6711.558307595052,12245.80553124017,-187500.02235174447,-187500.02235174447,-187500.02235174447,-187500.02235174447
$SILENCE,2280.9731699196304,-7747.0699247205175,7217.177118918553,12201.638484196483,-187500.02235174447,-187500.02235174447,-187500.02235174447,-187500.02235174447
$SILENCE,2171.5613808109024,-7732.563642569023,7106.044245486766,12237.870661958535,-187500.02235174447,-187500.02235174447,-187500.02235174447,-187500.02235174447
$SILENCE,1937.069229730276,-7784.151468771872,6576.263198407078,12292.85595331859,-187500.02235174447,-187500.02235174447,-187500.02235174447,-187500.02235174447
$SILENCE,2018.4966347809595,-7812.001742363184,6620.899632084326,12264.960976238368,-187500.02235174447,-187500.02235174447,-187500.02235174447,-187500.02235174447
$SILENCE,2264.1646580892393,-7752.277881178604,7187.203429603986,12203.963065619835,-187500.02235174447,-187500.02235174447,-187500.02235174447,-187500.02235174447
$SILENCE,2209.6934568516563,-7728.696790778255,7177.1674963435535,12219.251658827265,-187500.02235174447,-187500.02235174447,-187500.02235174447,-187500.02235174447
$SILENCE,1976.2518377604292,-7775.054308778562,6659.881074414382,12279.400203156496,-187500.02235174447,-187500.02235174447,-187500.02235174447,-187500.02235174447
$SILENCE,1994.1332333246748,-7817.0979400989945,6545.10486663638,12270.772429796747,-187500.02235174447,-187500.02235174447,-187500.02235174447,-187500.02235174447
$SILENCE,2261.0577656099517,-7767.812343575042,7115.923716536012,12207.382882521497,-187500.02235174447,-187500.02235174447,-187500.02235174447,-187500.02235174447
$SILENCE,2252.117067827829,-7725.411084343325,7240.825264552268,12211.964990134835,-187500.02235174447,-187500.02235174447,-187500.02235174447,-187500.02235174447
$SILENCE,2015.1215213682083,-7761.151523727361,6762.699098908794,12271.644147830504,-187500.02235174447,-187500.02235174447,-187500.02235174447,-187500.02235174447
$SILENCE,1947.9098257910998,-7811.018265607151,6495.729863134607,12276.270958932753,-187500.02235174447,-187500.02235174447,-187500.02235174447,-187500.02235174447
$SILENCE,2218.924727311698,-7772.617968632933,7021.4428927234285,12209.953333133857,-187500.02235174447,-187500.02235174447,-187500.02235174447,-187500.02235174447
$SILENCE,2282.984826920608,-7722.617116286411,7276.811573125312,12204.901838886957,-187500.02235174447,-187500.02235174447,-187500.02235174447,-187500.02235174447
$SILENCE,2063.9824347475096,-7749.7744857996095,6858.1410477329555,12261.563511081162,-187500.02235174447,-187500.02235174447,-187500.02235174447,-187500.02235174447
$SILENCE,1937.5162646193821,-7806.5926202050005,6476.7755838365065,12292.319511451664,-187500.02235174447,-187500.02235174447,-187500.02235174447,-187500.02235174447
$SILENCE,2173.304816878416,-7785.649035650377,6911.651123958961,12223.90082167397,-187500.02235174447,-187500.02235174447,-187500.02235174447,-187500.02235174447
$SILENCE,2294.78654799301,-7727.57920355549,7284.969959851499,12197.257542283243,-187500.02235174447,-187500.02235174447,-187500.02235174447,-187500.02235174447
$SILENCE,2113.446845227104,-7740.677325806299,6958.23215940382,12246.833711485115,-187500.02235174447,-187500.02235174447,-187500.02235174447,-187500.02235174447
$SILENCE,1928.3296976482509,-7799.127137556928,6486.118613018824,12287.469182904862,-187500.02235174447,-187500.02235174447,-187500.02235174447,-187500.02235174447
$SILENCE,2116.4643307285705,-7797.11548055595,6796.718453969772,12231.522766533228,-187500.02235174447,-187500.02235174447,-187500.02235174447,-187500.02235174447
$SILENCE,2296.1947078936946,-7735.759942026132,7273.458811457016,12190.50731545774,-187500.02235174447,-187500.02235174447,-187500.02235174447,-187500.02235174447
$SILENCE,2155.065793402886,-7734.776465270098,7061.92190193199,12240.619926526539,-187500.02235174447,-187500.02235174447,-187500.02235174447,-187500.02235174447
$SILENCE,1953.3412996937395,-7790.477012452724,6562.226302889145,12286.083374748634,-187500.02235174447,-187500.02235174447,-187500.02235174447,-187500.02235174447
$SILENCE,2069.9727022615316,-7802.524602714134,6700.024807456113,12248.152464407976,-187500.02235174447,-187500.02235174447,-187500.02235174447,-187500.02235174447
$SILENCE,2293.020760181041,-7746.712296809233,7231.996325492421,12197.324597516608,-187500.02235174447,-187500.02235174447,-187500.02235174447,-187500.02235174447
$SILENCE,2197.1317764677738,-7728.4062181003355,7141.337649981696,12227.141824619988,-187500.02235174447,-187500.02235174447,-187500.02235174447,-187500.02235174447
$SILENCE,1966.193552755541,-7784.151468771872,6597.027969006058,12280.00370025679,-187500.02235174447,-187500.02235174447,-187500.02235174447,-187500.02235174447
$SILENCE,2030.5889285312808,-7810.526527229134,6607.801509833516,12260.311813391663,-187500.02235174447,-187500.02235174447,-187500.02235174447,-187500.02235174447
$SILENCE,2274.312350071949,-7758.044631248073,7143.751638382869,12204.074824342111,-187500.02235174447,-187500.02235174447,-187500.02235174447,-187500.02235174447
$SILENCE,2239.3318699993933,-7728.093293677962,7189.349197071696,12217.619981482028,-187500.02235174447,-187500.02235174447,-187500.02235174447,-187500.02235174447
$SILENCE,1994.4685094915046,-7773.377927944413,6679.617664768418,12280.294272934709,-187500.02235174447,-187500.02235174447,-187500.02235174447,-187500.02235174447
$SILENCE,1971.714433636002,-7817.299105799092,6524.116578592847,12273.968729253857,-187500.02235174447,-187500.02235174447,-187500.02235174447,-187500.02235174447
$SILENCE,2240.5612159444354,-7768.795820331075,7089.123974934098,12207.159365076945,-187500.02235174447,-187500.02235174447,-187500.02235174447,-187500.02235174447
$SILENCE,2260.901303398765,-7725.656953532333,7249.676555356569,12207.628751710505,-187500.02235174447,-187500.02235174447,-187500.02235174447,-187500.02235174447
$SILENCE,2025.7609517289343,-7759.318680682026,6786.43665152033,12271.867665275058,-187500.02235174447,-187500.02235174447,-187500.02235174447,-187500.02235174447
$SILENCE,1941.2266541989632,-7811.241783051704,6491.930066577204,12285.546932881705,-187500.02235174447,-187500.02235174447,-187500.02235174447,-187500.02235174447
$SILENCE,2195.7459683115444,-7779.032919291606,6996.76656684477,12217.240001826287,-187500.02235174447,-187500.02235174447,-187500.02235174447,-187500.02235174447
$SILENCE,2269.5514285029685,-7726.685133777277,7287.607465697225,12214.401330280463,-187500.02235174447,-187500.02235174447,-187500.02235174447,-187500.02235174447
$SILENCE,2035.8192367338227,-7747.829884031998,6883.5549811786395,12262.502284348284,-187500.02235174447,-187500.02235174447,-187500.02235174447,-187500.02235174447
$SILENCE,1915.455092841994,-7810.101844084484,6472.953435534649,12278.796706056202,-187500.02235174447,-187500.02235174447,-187500.02235174447,-187500.02235174447
$SILENCE,2171.762546511,-7798.411881734358,6890.0146353262235,12222.805586195658,-187500.02235174447,-187500.02235174447,-187500.02235174447,-187500.02235174447
$SILENCE,2298.5639928059572,-7737.10104669345,7288.747404664446,12199.470364984318,-187500.02235174447,-187500.02235174447,-187500.02235174447,-187500.02235174447
$SILENCE,2119.70533367459,-7745.527654353101,6985.054252750189,12244.687944017405,-187500.02235174447,-187500.02235174447,-187500.02235174447,-187500.02235174447
$SILENCE,1941.5395786213373,-7803.910410870363,6499.529659692009,12284.474049147851,-187500.02235174447,-187500.02235174447,-187500.02235174447,-187500.02235174447
$SILENCE,2132.378772780749,-7805.0056463486735,6782.43568926283,12235.546080535183,-187500.02235174447,-187500.02235174447,-187500.02235174447,-187500.02235174447
$SILENCE,2320.7369233056215,-7739.716200794721,7278.10797430372,12199.179792306399,-187500.02235174447,-187500.02235174447,-187500.02235174447,-187500.02235174447
$SILENCE,2170.6896627771453,-7735.022334459107,7079.6691870295035,12243.123321905532,-187500.02235174447,-187500.02235174447,-187500.02235174447,-187500.02235174447
$SILENCE,1945.1605612230971,-7793.718015398743,6552.480942306632,12295.269941719764,-187500.02235174447,-187500.02235174447,-187500.02235174447,-187500.02235174447
$SILENCE,2066.798754548878,-7817.075588354539,6680.355272335443,12257.00375521228,-187500.02235174447,-187500.02235174447,-187500.02235174447,-187500.02235174447
$SILENCE,2298.5192893170465,-7754.53540736859,7234.1644447045865,12199.827992895604,-187500.02235174447,-187500.02235174447,-187500.02235174447,-187500.02235174447
$SILENCE,2219.0811895228853,-7736.318735637515,7166.528065982827,12230.136958377,-187500.02235174447,-187500.02235174447,-187500.02235174447,-187500.02235174447
$SILENCE,1973.3014074923287,-7787.660692651355,6632.500187456631,12289.927874794947,-187500.02235174447,-187500.02235174447,-187500.02235174447,-187500.02235174447
$SILENCE,2019.7930359593674,-7823.0882076130165,6596.960913772692,12269.587787340617,-187500.02235174447,-187500.02235174447,-187500.02235174447,-187500.02235174447
$SILENCE,2294.1606991482618,-7765.9124452963415,7192.679606995536,12213.954295391357,-187500.02235174447,-187500.02235174447,-187500.02235174447,-187500.02235174447
$SILENCE,2261.63891096579,-7729.747322767655,7265.255721241918,12234.204975867866,-187500.02235174447,-187500.02235174447,-187500.02235174447,-187500.02235174447
$SILENCE,1999.6541142051358,-7778.496477424679,6714.933421007803,12294.778203341748,-187500.02235174447,-187500.02235174447,-187500.02235174447,-187500.02235174447
$SILENCE,1989.9311053670772,-7822.037675623617,6551.363355083866,12284.965787525867,-187500.02235174447,-187500.02235174447,-187500.02235174447,-187500.02235174447
$SILENCE,2247.534960214491,-7781.2904454815925,7061.117239131599,12222.984400151301,-187500.02235174447,-187500.02235174447,-187500.02235174447,-187500.02235174447
$SILENCE,2280.056748396963,-7738.53155833859,7259.310157216806,12218.89403091598,-187500.02235174447,-187500.02235174447,-187500.02235174447,-187500.02235174447
$SILENCE,2048.269158395429,-7768.035861019595,6816.902079212914,12279.66842408996,-187500.02235174447,-187500.02235174447,-187500.02235174447,-187500.02235174447
$SILENCE,1949.5638548807926,-7822.372951790447,6494.835793356395,12294.666444619472,-187500.02235174447,-187500.02235174447,-187500.02235174447,-187500.02235174447
$SILENCE,2210.431064418681,-7793.852125865475,6985.076604494644,12230.56164152165,-187500.02235174447,-187500.02235174447,-187500.02235174447,-187500.02235174447
$SILENCE,2304.822481253443,-7736.654011804344,7299.096262347253,12221.79975769517,-187500.02235174447,-187500.02235174447,-187500.02235174447,-187500.02235174447
$SILENCE,2095.3642839627605,-7758.402259159358,6923.899879920469,12271.331223408131,-187500.02235174447,-187500.02235174447,-187500.02235174447,-187500.02235174447
$SILENCE,1937.4492093860163,-7819.601335477989,6492.466508444132,12295.314645208675,-187500.02235174447,-187500.02235174447,-187500.02235174447,-187500.02235174447
$SILENCE,2169.5273720654695,-7809.45364349528,6871.395632194953,12229.712275232348,-187500.02235174447,-187500.02235174447,-187500.02235174447,-187500.02235174447
$SILENCE,2326.347211163904,-7749.305099166048,7297.598695468748,12208.768690677725,-187500.02235174447,-187500.02235174447,-187500.02235174447,-187500.02235174447
$SILENCE,2153.2776538464614,-7756.524712625112,7022.180500290454,12259.775371524736,-187500.02235174447,-187500.02235174447,-187500.02235174447,-187500.02235174447
$SILENCE,1958.10222126272,-7816.606201720978,6519.087436090403,12294.53233415274,-187500.02235174447,-187500.02235174447,-187500.02235174447,-187500.02235174447
$SILENCE,2137.51967400547,-7823.3787802909355,6765.314253010065,12243.592708539094,-187500.02235174447,-187500.02235174447,-187500.02235174447,-187500.02235174447
$SILENCE,2337.9030630472976,-7757.642299847877,7277.415070225606,12205.952370876357,-187500.02235174447,-187500.02235174447,-187500.02235174447,-187500.02235174447
$SILENCE,2210.095788251852,-7745.997040986663,7113.129748479098,12243.391542838997,-187500.02235174447,-187500.02235174447,-187500.02235174447,-187500.02235174447
$SILENCE,1985.5278117093817,-7802.502250969679,6580.040643220025,12295.448755675407,-187500.02235174447,-187500.02235174447,-187500.02235174447,-187500.02235174447
$SILENCE,2075.001844763976,-7825.546899503101,6671.727498975694,12267.062040217166,-187500.02235174447,-187500.02235174447,-187500.02235174447,-187500.02235174447
$SILENCE,2302.1402719188063,-7763.0961254949725,7234.365610404684,12215.697731458871,-187500.02235174447,-187500.02235174447,-187500.02235174447,-187500.02235174447
$SILENCE,2227.4854454380807,-7741.325526395503,7191.6067232616815,12244.822054484137,-187500.02235174447,-187500.02235174447,-187500.02235174447,-187500.02235174447
$SILENCE,1988.9476286110437,-7791.728710142221,6676.84604845596,12298.466241176873,-187500.02235174447,-187500.02235174447,-187500.02235174447,-187500.02235174447
$SILENCE,2017.4013993026495,-7828.854957682486,6622.64306815184,12281.47891539084,-187500.02235174447,-187500.02235174447,-187500.02235174447,-187500.02235174447
$SILENCE,2285.354111832871,-7771.433326176802,7206.828261235745,12219.676341971915,-187500.02235174447,-187500.02235174447,-187500.02235174447,-187500.02235174447
$SILENCE,2264.522286000524,-7737.2128054157265,7296.145832079153,12232.640353755995,-187500.02235174447,-187500.02235174447,-187500.02235174447,-187500.02235174447
$SILENCE,2016.864957435722,-7777.647111135378,6796.517288269674,12293.280636463242,-187500.02235174447,-187500.02235174447,-187500.02235174447,-187500.02235174447
$SILENCE,1974.0837185482644,-7827.223280337248,6574.989148973125,12297.460412676384,-187500.02235174447,-187500.02235174447,-187500.02235174447,-187500.02235174447
$SILENCE,2246.1715038027173,-7787.370119973436,7113.956763023944,12231.522766533228,-187500.02235174447,-187500.02235174447,-187500.02235174447,-187500.02235174447
$SILENCE,2293.378388092326,-7739.738552539176,7333.629707530703,12229.242888598787,-187500.02235174447,-187500.02235174447,-187500.02235174447,-187500.02235174447
$SILENCE,2062.8201440358334,-7771.388622687891,6895.624923184505,12281.389508413018,-187500.02235174447,-187500.02235174447,-187500.02235174447,-187500.02235174447
$SILENCE,1954.9506252945216,-7827.73737045972,6542.646174746296,12300.723767366859,-187500.02235174447,-187500.02235174447,-187500.02235174447,-187500.02235174447
$SILENCE,2205.0666457494076,-7801.027035835628,7010.267020495775,12238.541214292194,-187500.02235174447,-187500.02235174447,-187500.02235174447,-187500.02235174447
$SILENCE,2303.660190541767,-7744.298308408059,7346.705478037057,12219.721045460827,-187500.02235174447,-187500.02235174447,-187500.02235174447,-187500.02235174447
$SILENCE,2108.3729992357494,-7761.956186527752,6988.675235351949,12272.024127486246,-187500.02235174447,-187500.02235174447,-187500.02235174447,-187500.02235174447
$SILENCE,1946.3675554236836,-7820.540108745112,6542.959099168671,12308.39041571503,-187500.02235174447,-187500.02235174447,-187500.02235174447,-187500.02235174447
$SILENCE,2155.5798835253577,-7810.392416762402,6898.396539496964,12248.532444063718,-187500.02235174447,-187500.02235174447,-187500.02235174447,-187500.02235174447
$SILENCE,2318.233527926627,-7749.506264866146,7343.5762338133145,12212.859059913048,-187500.02235174447,-187500.02235174447,-187500.02235174447,-187500.02235174447
$SILENCE,2158.060927159897,-7750.646203833367,7088.811050511725,12261.138827936511,-187500.02235174447,-187500.02235174447,-187500.02235174447,-187500.02235174447
$SILENCE,1950.0332415143541,-7807.821966150042,6577.805468774494,12308.47982269285,-187500.02235174447,-187500.02235174447,-187500.02235174447,-187500.02235174447
$SILENCE,2101.7568828769786,-7819.780149433631,6784.96143638628,12255.774409267236,-187500.02235174447,-187500.02235174447,-187500.02235174447,-187500.02235174447
$SILENCE,2314.947821491697,-7758.20109345926,7308.483995018482,12213.462557013341,-187500.02235174447,-187500.02235174447,-187500.02235174447,-187500.02235174447
$SILENCE,2196.371817156293,-7746.19820668676,7170.126696840131,12248.554795808173,-187500.02235174447,-187500.02235174447,-187500.02235174447,-187500.02235174447
$SILENCE,1961.3432242087395,-7801.0717393245395,6634.9141758578035,12299.29325572172,-187500.02235174447,-187500.02235174447,-187500.02235174447,-187500.02235174447
$SILENCE,2046.3916118611828,-7826.485672770224,6684.758565993138,12267.956109995379,-187500.02235174447,-187500.02235174447,-187500.02235174447,-187500.02235174447
$SILENCE,2293.9371817037086,-7766.270073207626,7255.935043804056,12214.803661680658,-187500.02235174447,-187500.02235174447,-187500.02235174447,-187500.02235174447
$SILENCE,2226.636079148779,-7742.465465362724,7241.898148286123,12236.149577635477,-187500.02235174447,-187500.02235174447,-187500.02235174447,-187500.02235174447
$SILENCE,1980.9680558404991,-7787.861858351453,6715.536918108096,12295.918142308969,-187500.02235174447,-187500.02235174447,-187500.02235174447,-187500.02235174447
$SILENCE,1996.8154426593117,-7827.826777437542,6607.957972044704,12283.825848558647,-187500.02235174447,-187500.02235174447,-187500.02235174447,-187500.02235174447
$SILENCE,2261.4824487546025,-7774.54021865609,7178.620359733148,12220.503356516761,-187500.02235174447,-187500.02235174447,-187500.02235174447,-187500.02235174447
$SILENCE,2252.497047483569,-7737.592785071467,7292.278980288384,12226.650086241973,-187500.02235174447,-187500.02235174447,-187500.02235174447,-187500.02235174447
$SILENCE,2014.518024267915,-7775.970730301229,6802.5522592726065,12282.48474389133,-187500.02235174447,-187500.02235174447,-187500.02235174447,-187500.02235174447
$SILENCE,1959.711546863502,-7828.8996611713965,6550.245767861101,12293.302988207697,-187500.02235174447,-187500.02235174447,-187500.02235174447,-187500.02235174447
$SILENCE,2228.983012316586,-7789.426480463324,7080.3173876187075,12230.852214199569,-187500.02235174447,-187500.02235174447,-187500.02235174447,-187500.02235174447
$SILENCE,2281.5543152754685,-7734.955279225741,7324.241974859474,12223.230269340309,-187500.02235174447,-187500.02235174447,-187500.02235174447,-187500.02235174447
$SILENCE,2062.3954608911827,-7761.330337683004,6905.996132611768,12280.741307823815,-187500.02235174447,-187500.02235174447,-187500.02235174447,-187500.02235174447
$SILENCE,1933.8505785287118,-7819.646038966899,6528.139892594802,12302.020168545267,-187500.02235174447,-187500.02235174447,-187500.02235174447,-187500.02235174447
$SILENCE,2176.121136679785,-7797.718977656243,6968.245740919798,12236.797778224682,-187500.02235174447,-187500.02235174447,-187500.02235174447,-187500.02235174447
$SILENCE,2292.4843183141134,-7740.878491506397,7332.512120307937,12216.256525070254,-187500.02235174447,-187500.02235174447,-187500.02235174447,-187500.02235174447
$SILENCE,2101.578068921336,-7754.669517835322,7000.141680257521,12265.743287294305,-187500.02235174447,-187500.02235174447,-187500.02235174447,-187500.02235174447
$SILENCE,1922.9876307234326,-7813.521660986145,6531.202081585179,12302.91423832348,-187500.02235174447,-187500.02235174447,-187500.02235174447,-187500.02235174447
$SILENCE,2121.739342420023,-7807.732559172221,6850.4520476403295,12245.939641706902,-187500.02235174447,-187500.02235174447,-187500.02235174447,-187500.02235174447
$SILENCE,2289.7350537461107,-7747.204035187249,7313.4684340320155,12210.378016278508,-187500.02235174447,-187500.02235174447,-187500.02235174447,-187500.02235174447
$SILENCE,2133.4963600035144,-7746.801703787054,7082.709024275426,12253.069848188145,-187500.02235174447,-187500.02235174447,-187500.02235174447,-187500.02235174447
$SILENCE,1922.071209200765,-7802.569306203045,6565.355547112888,12303.160107512487,-187500.02235174447,-187500.02235174447,-187500.02235174447,-187500.02235174447
$SILENCE,2064.4741731255262,-7815.30980054257,6742.627232387928,12257.942528479402,-187500.02235174447,-187500.02235174447,-187500.02235174447,-187500.02235174447
$SILENCE,2290.539716546502,-7752.38963990088,7281.4160324831055,12207.964027877335,-187500.02235174447,-187500.02235174447,-187500.02235174447,-187500.02235174447
$SILENCE,2184.48068910607,-7738.106875193939,7168.405612517073,12243.682115516916,-187500.02235174447,-187500.02235174447,-187500.02235174447,-187500.02235174447
$SILENCE,1945.2946716898289,-7790.499364197179,6628.856853110416,12299.472069677362,-187500.02235174447,-187500.02235174447,-187500.02235174447,-187500.02235174447
$SILENCE,2015.099169623753,-7820.830681423031,6642.066734083502,12272.582921097628,-187500.02235174447,-187500.02235174447,-187500.02235174447,-187500.02235174447
$SILENCE,2267.785640690999,-7763.587863872989,7212.3267903717515,12213.730777946805,-187500.02235174447,-187500.02235174447,-187500.02235174447,-187500.02235174447
$SILENCE,2216.600145888346,-7734.083561191984,7228.174177190564,12234.09321714559,-187500.02235174447,-187500.02235174447,-187500.02235174447,-187500.02235174447
$SILENCE,1976.1400790381526,-7777.7141663687435,6713.547612851574,12293.504153907796,-187500.02235174447,-187500.02235174447,-187500.02235174447,-187500.02235174447
$SILENCE,1968.8310586012674,-7820.361294789469,6567.367204113866,12280.987177012823,-187500.02235174447,-187500.02235174447,-187500.02235174447,-187500.02235174447
$SILENCE,2235.867349608821,-7769.891055809386,7127.412513186039,12215.116586103033,-187500.02235174447,-187500.02235174447,-187500.02235174447,-187500.02235174447
$SILENCE,2245.29978576896,-7730.2837646345815,7272.140058534153,12223.766711207238,-187500.02235174447,-187500.02235174447,-187500.02235174447,-187500.02235174447
$SILENCE,2013.422788789605,-7766.046555763073,6802.328741828053,12286.642168360017,-187500.02235174447,-187500.02235174447,-187500.02235174447,-187500.02235174447
$SILENCE,1938.0750582307649,-7817.008533121173,6521.389665769299,12298.466241176873,-187500.02235174447,-187500.02235174447,-187500.02235174447,-187500.02235174447
$SILENCE,2202.67500909269,-7782.1174600264385,7035.077456841166,12235.166100879444,-187500.02235174447,-187500.02235174447,-187500.02235174447,-187500.02235174447
$SILENCE,2275.698158228178,-7730.887261734875,7303.8348321717785,12226.650086241973,-187500.02235174447,-187500.02235174447,-187500.02235174447,-187500.02235174447
$SILENCE,2055.3099578988504,-7755.4071254023465,6898.307132519142,12275.399240898996,-187500.02235174447,-187500.02235174447,-187500.02235174447,-187500.02235174447
$SILENCE,1916.326810875751,-7812.515832485657,6498.456775958154,12299.0026830438,-187500.02235174447,-187500.02235174447,-187500.02235174447,-187500.02235174447
$SILENCE,2149.276691588961,-7794.0309398211175,6917.775501939715,12233.623830512028,-187500.02235174447,-187500.02235174447,-187500.02235174447,-187500.02235174447
$SILENCE,2279.7438239745884,-7734.307078636537,7306.092358361764,12209.70746394485,-187500.02235174447,-187500.02235174447,-187500.02235174447,-187500.02235174447
$SILENCE,2098.2923624864056,-7744.521825852612,6995.3807586885405,12263.083429704122,-187500.02235174447,-187500.02235174447,-187500.02235174447,-187500.02235174447
$SILENCE,1909.3083631167847,-7807.0620068385615,6511.599601697874,12301.416671444973,-187500.02235174447,-187500.02235174447,-187500.02235174447,-187500.02235174447
$SILENCE,2093.88906882871,-7809.096015583995,6800.272381338165,12248.264223130254,-187500.02235174447,-187500.02235174447,-187500.02235174447,-187500.02235174447
$SILENCE,2283.2083443651613,-7740.230290917193,7286.176954052085,12216.524746003717,-187500.02235174447,-187500.02235174447,-187500.02235174447,-187500.02235174447
$SILENCE,2141.431229285148,-7737.190453671272,7083.111355675621,12257.607252312571,-187500.02235174447,-187500.02235174447,-187500.02235174447,-187500.02235174447
$SILENCE,1922.3170783897733,-7794.54502994359,6556.928939453237,12307.608104659093,-187500.02235174447,-187500.02235174447,-187500.02235174447,-187500.02235174447
$SILENCE,2051.3089956413505,-7812.158204574372,6700.404787111854,12268.961938495868,-187500.02235174447,-187500.02235174447,-187500.02235174447,-187500.02235174447
$SILENCE,2281.8672396978427,-7752.479046878701,7250.212997223497,12216.122414603522,-187500.02235174447,-187500.02235174447,-187500.02235174447,-187500.02235174447
$SILENCE,2186.022959473486,-7734.731761781188,7165.27636829333,12245.626717284527,-187500.02235174447,-187500.02235174447,-187500.02235174447,-187500.02235174447
$SILENCE,1947.1051629907088,-7787.124250784427,6628.02983856557,12301.640188889527,-187500.02235174447,-187500.02235174447,-187500.02235174447,-187500.02235174447
$SILENCE,2003.2303933179849,-7817.544974988101,6605.611038876897,12278.349671167098,-187500.02235174447,-187500.02235174447,-187500.02235174447,-187500.02235174447
$SILENCE,2261.348338287871,-7758.670480092822,7180.766127200857,12213.887240157992,-187500.02235174447,-187500.02235174447,-187500.02235174447,-187500.02235174447
$SILENCE,2217.985954044575,-7729.926136723297,7226.073113211765,12229.622868254528,-187500.02235174447,-187500.02235174447,-187500.02235174447,-187500.02235174447
$SILENCE,1968.3169684787952,-7775.367233200936,6714.016999485136,12287.603293371594,-187500.02235174447,-187500.02235174447,-187500.02235174447,-187500.02235174447
$SILENCE,1954.3694799386835,-7821.255364567682,6536.812369443461,12289.190267227921,-187500.02235174447,-187500.02235174447,-187500.02235174447,-187500.02235174447
$SILENCE,2225.026753547997,-7771.276863965615,7098.2211349274085,12224.79489145218,-187500.02235174447,-187500.02235174447,-187500.02235174447,-187500.02235174447
$SILENCE,2255.2016085626615,-7718.973781940196,7279.985520837966,12233.512071789752,-187500.02235174447,-187500.02235174447,-187500.02235174447,-187500.02235174447
$SILENCE,2022.0505621493535,-7756.368250413925,6809.660114009394,12290.888999806524,-187500.02235174447,-187500.02235174447,-187500.02235174447,-187500.02235174447
$SILENCE,1922.3394301342287,-7825.077512869539,6487.817345597428,12290.799592828704,-187500.02235174447,-187500.02235174447,-187500.02235174447,-187500.02235174447
$SILENCE,2187.609933329813,-7787.817154862542,6994.397281932507,12228.147653120477,-187500.02235174447,-187500.02235174447,-187500.02235174447,-187500.02235174447
$SILENCE,2281.755480975566,-7730.619040801412,7306.427634528593,12217.977609393312,-187500.02235174447,-187500.02235174447,-187500.02235174447,-187500.02235174447
$SILENCE,2068.9892255054983,-7748.478084621202,6918.960144395846,12277.835581044625,-187500.02235174447,-187500.02235174447,-187500.02235174447,-187500.02235174447
$SILENCE,1910.2471363839074,-7805.363274259958,6506.436348728699,12308.703340137405,-187500.02235174447,-187500.02235174447,-187500.02235174447,-187500.02235174447
não,2126.053229099897,-7804.491556226201,6869.316919960609,12231.99215316679,-187500.02235174447,-187500.02235174447,-187500.02235174447,-187500.02235174447
não,2271.4289750372145,-7742.577224085001,7274.352881235228,12202.331388274597,-187500.02235174447,-187500.02235174447,-187500.02235174447,-187500.02235174447
não,2100.4604816985707,-7749.327450910503,6992.944418542912,12257.42843835693,-187500.02235174447,-187500.02235174447,-187500.02235174447,-187500.02235174447
não,1907.4755200714494,-7805.5420882156,6500.580191681408,12311.519659938773,-187500.02235174447,-187500.02235174447,-187500.02235174447,-187500.02235174447
não,2088.3011327148834,-7806.5926202050005,6776.557180471084,12261.339993636608,-187500.02235174447,-187500.02235174447,-187500.02235174447,-187500.02235174447
não,2291.634952024812,-7739.224462416704,7288.859163386723,12227.521804275728,-187500.02235174447,-187500.02235174447,-187500.02235174447,-187500.02235174447
não,2148.583787510847,-7730.2837646345815,7076.048204427744,12257.42843835693,-187500.02235174447,-187500.02235174447,-187500.02235174447,-187500.02235174447
não,1929.9837267379437,-7772.550913399567,6553.978509185137,12319.521584453772,-187500.02235174447,-187500.02235174447,-187500.02235174447,-187500.02235174447
não,2016.484977779982,-7817.343809288002,6653.197902822245,12263.977499482335,-187500.02235174447,-187500.02235174447,-187500.02235174447,-187500.02235174447
não,2241.5223409560135,-7768.304081953059,7216.5512700738045,12206.42175750992,-187500.02235174447,-187500.02235174447,-187500.02235174447,-187500.02235174447
não,2176.121136679785,-7729.859081489931,7166.773935171836,12258.456618601873,-187500.02235174447,-187500.02235174447,-187500.02235174447,-187500.02235174447
não,1924.2840319018403,-7790.2758467526255,6599.35255042941,12304.501212179806,-187500.02235174447,-187500.02235174447,-187500.02235174447,-187500.02235174447
não,1964.6959858770356,-7828.519681515656,6557.845360975905,12294.733499852837,-187500.02235174447,-187500.02235174447,-187500.02235174447,-187500.02235174447
não,2236.761419387033,-7768.885227308897,7150.658327419559,12235.434321812907,-187500.02235174447,-187500.02235174447,-187500.02235174447,-187500.02235174447
não,2219.6176313898127,-7723.041799431062,7228.129473701653,12255.416781355952,-187500.02235174447,-187500.02235174447,-187500.02235174447,-187500.02235174447
não,1992.0545210903313,-7742.398410129358,6732.971278783236,12312.257267505798,-187500.02235174447,-187500.02235174447,-187500.02235174447,-187500.02235174447
não,1938.81266579779,-7815.130986586927,6519.646229701785,12285.502229392796,-187500.02235174447,-187500.02235174447,-187500.02235174447,-187500.02235174447
não,2194.114290966307,-7806.525564971634,7057.138628618554,12209.372187778019,-187500.02235174447,-187500.02235174447,-187500.02235174447,-187500.02235174447
não,2235.0179833195193,-7743.404238629847,7251.487046657449,12232.506243289263,-187500.02235174447,-187500.02235174447,-187500.02235174447,-187500.02235174447
não,2015.1885766015741,-7752.970785256718,6808.676637253361,12293.951188796902,-187500.02235174447,-187500.02235174447,-187500.02235174447,-187500.02235174447
não,1885.4814035274273,-7836.812178708575,6462.045784240459,12277.992043255812,-187500.02235174447,-187500.02235174447,-187500.02235174447,-187500.02235174447
não,2135.195092582118,-7811.442948751802,6922.938754908891,12217.105891359555,-187500.02235174447,-187500.02235174447,-187500.02235174447,-187500.02235174447
não,2244.4280677352035,-7742.8454450184645,7270.977767822477,12215.250696569765,-187500.02235174447,-187500.02235174447,-187500.02235174447,-187500.02235174447
não,2047.1068676837526,-7758.581073115,6917.529632750707,12262.502284348284,-187500.02235174447,-187500.02235174447,-187500.02235174447,-187500.02235174447
não,1862.973196860933,-7839.248518854203,6449.908787001227,12272.605272842084,-187500.02235174447,-187500.02235174447,-187500.02235174447,-187500.02235174447
não,2094.7831386069224,-7816.606201720978,6845.199387693333,12234.428493312418,-187500.02235174447,-187500.02235174447,-187500.02235174447,-187500.02235174447
não,2267.338605801893,-7742.867796762919,7279.5384859488595,12201.906705129946,-187500.02235174447,-187500.02235174447,-187500.02235174447,-187500.02235174447
não,2085.283647213417,-7756.792933558576,7010.356427473596,12236.060170657656,-187500.02235174447,-187500.02235174447,-187500.02235174447,-187500.02235174447
não,1865.3424817731957,-7837.460379297779,6477.446136170165,12265.0950867051,-187500.02235174447,-187500.02235174447,-187500.02235174447,-187500.02235174447
não,2026.5656145293256,-7846.244614868715,6705.456281358753,12215.98830413679,-187500.02235174447,-187500.02235174447,-187500.02235174447,-187500.02235174447
não,2251.848846894365,-7768.9075790533525,7234.745590060425,12187.422774722907,-187500.02235174447,-187500.02235174447,-187500.02235174447,-187500.02235174447
não,2126.433208755637,-7756.3458986694695,7076.428184083484,12209.774519178214,-187500.02235174447,-187500.02235174447,-187500.02235174447,-187500.02235174447
não,1901.395845579606,-7806.369102760447,6544.501369536087,12268.783124540225,-187500.02235174447,-187500.02235174447,-187500.02235174447,-187500.02235174447
não,1987.4947652214487,-7848.949175947807,6607.980323789159,12232.394484566985,-187500.02235174447,-187500.02235174447,-187500.02235174447,-187500.02235174447
não,2230.1005995393516,-7794.992064832696,7172.965368385955,12173.609396649528,-187500.02235174447,-187500.02235174447,-187500.02235174447,-187500.02235174447
não,2167.3592528533045,-7762.023241761118,7159.621376946137,12206.667626698927,-187500.02235174447,-187500.02235174447,-187500.02235174447,-187500.02235174447
não,1925.0216394688655,-7804.200983548282,6647.9452428752475,12272.538217608717,-187500.02235174447,-187500.02235174447,-187500.02235174447,-187500.02235174447
não,1940.9360815210441,-7841.997783422206,6545.082514891925,12255.416781355952,-187500.02235174447,-187500.02235174447,-187500.02235174447,-187500.02235174447
não,2195.991837500553,-7801.697588169288,7095.650684315048,12168.222626235798,-187500.02235174447,-187500.02235174447,-187500.02235174447,-187500.02235174447
não,2193.1308142102735,-7765.644224362877,7206.180060646541,12183.354757232042,-187500.02235174447,-187500.02235174447,-187500.02235174447,-187500.02235174447
não,1955.8446950727339,-7800.110614312961,6721.124854221923,12246.744304507292,-187500.02235174447,-187500.02235174447,-187500.02235174447,-187500.02235174447
não,1899.585354278726,-7850.737315504231,6481.022415283015,12250.275880131232,-187500.02235174447,-187500.02235174447,-187500.02235174447,-187500.02235174447
não,2169.5944272988354,-7810.0571405955725,7019.095959555621,12177.900931584947,-187500.02235174447,-187500.02235174447,-187500.02235174447,-187500.02235174447
não,2216.242517977061,-7760.838599304986,7250.905901301611,12175.710460628326,-187500.02235174447,-187500.02235174447,-187500.02235174447,-187500.02235174447
não,1992.7250734239906,-7790.812288619553,6822.266497882188,12238.742379992293,-187500.02235174447,-187500.02235174447,-187500.02235174447,-187500.02235174447
não,1876.496002256394,-7848.9715276922625,6461.285824928978,12263.32929889313,-187500.02235174447,-187500.02235174447,-187500.02235174447,-187500.02235174447
não,2127.2378715560285,-7823.401132035391,6914.51214724924,12202.040815596678,-187500.02235174447,-187500.02235174447,-187500.02235174447,-187500.02235174447
não,2229.340640227871,-7761.956186527752,7259.310157216806,12167.93205355788,-187500.02235174447,-187500.02235174447,-187500.02235174447,-187500.02235174447
não,2034.612242533236,-7777.982387302207,6916.099121105567,12209.886277900492,-187500.02235174447,-187500.02235174447,-187500.02235174447,-187500.02235174447
não,1866.5718277182375,-7844.2776613566475,6459.408278394732,12247.258394629765,-187500.02235174447,-187500.02235174447,-187500.02235174447,-187500.02235174447
não,2077.5275918874254,-7838.555614776089,6798.193669103822,12198.397481250464,-187500.02235174447,-187500.02235174447,-187500.02235174447,-187500.02235174447
não,2250.3512800158596,-7776.082489023506,7250.503569901415,12167.082687268578,-187500.02235174447,-187500.02235174447,-187500.02235174447,-187500.02235174447
não,2086.1330135027188,-7775.322529712025,7011.474014696362,12203.359568519541,-187500.02235174447,-187500.02235174447,-187500.02235174447,-187500.02235174447
não,1869.3434440306955,-7835.605184507988,6499.976694581115,12243.27978411672,-187500.02235174447,-187500.02235174447,-187500.02235174447,-187500.02235174447
não,2028.5996232747584,-7847.496312558212,6701.075339445512,12205.37122552052,-187500.02235174447,-187500.02235174447,-187500.02235174447,-187500.02235174447
não,2247.9372916146867,-7786.9901403176955,7233.71740981548,12154.74452432925,-187500.02235174447,-187500.02235174447,-187500.02235174447,-187500.02235174447
não,2129.093066345819,-7776.082489023506,7105.194879197465,12179.823181608102,-187500.02235174447,-187500.02235174447,-187500.02235174447,-187500.02235174447
não,1889.32590357374,-7829.525510016145,6569.602378559396,12231.299249088675,-187500.02235174447,-187500.02235174447,-187500.02235174447,-187500.02235174447
não,1971.289750491351,-7854.64887078391,6602.548849886519,12199.917399873424,-187500.02235174447,-187500.02235174447,-187500.02235174447,-187500.02235174447
não,2223.9091663252316,-7795.282637510614,7171.736022440913,12138.07012296559,-187500.02235174447,-187500.02235174447,-187500.02235174447,-187500.02235174447
não,2161.994834184031,-7774.2496459781705,7175.647577720592,12160.824198821092,-187500.02235174447,-187500.02235174447,-187500.02235174447,-187500.02235174447
não,1913.845767241212,-7818.64021046641,6653.711992944717,12214.200164580365,-187500.02235174447,-187500.02235174447,-187500.02235174447,-187500.02235174447
não,1916.3491626202062,-7859.566254564078,6526.5529187384755,12198.039853339178,-187500.02235174447,-187500.02235174447,-187500.02235174447,-187500.02235174447
não,2190.828584531377,-7812.426425507835,7099.830460528191,12146.228509691777,-187500.02235174447,-187500.02235174447,-187500.02235174447,-187500.02235174447
não,2186.604104829324,-7771.858009321453,7229.4705783689715,12155.750352829738,-187500.02235174447,-187500.02235174447,-187500.02235174447,-187500.02235174447
não,1942.8806832886557,-7807.218469049749,6744.1471510108895,12215.451862269863,-187500.02235174447,-187500.02235174447,-187500.02235174447,-187500.02235174447
não,1875.5795807337263,-7857.934577218841,6477.7143571036295,12215.876545414514,-187500.02235174447,-187500.02235174447,-187500.02235174447,-187500.02235174447
não,2142.5935199968244,-7822.372951790447,7000.186383746432,12146.966117258802,-187500.02235174447,-187500.02235174447,-187500.02235174447,-187500.02235174447
não,2210.34165744086,-7766.046555763073,7262.886436329656,12147.21198644781,-187500.02235174447,-187500.02235174447,-187500.02235174447,-187500.02235174447
não,1985.6619221761134,-7791.840468864498,6850.295585429142,12199.895048128968,-187500.02235174447,-187500.02235174447,-187500.02235174447,-187500.02235174447
não,1853.9207403565338,-7853.039545183128,6464.772697064006,12222.202089095366,-187500.02235174447,-187500.02235174447,-187500.02235174447,-187500.02235174447
não,2095.543097918403,-7831.961850161773,6900.162327308933,12157.985527275268,-187500.02235174447,-187500.02235174447,-187500.02235174447,-187500.02235174447
não,2215.661372621223,-7775.143715756383,7273.570570179292,12131.610468818006,-187500.02235174447,-187500.02235174447,-187500.02235174447,-187500.02235174447
não,2028.6666785081243,-7787.034843806607,6955.259377391265,12194.552981204151,-187500.02235174447,-187500.02235174447,-187500.02235174447,-187500.02235174447
não,1845.5388361857936,-7842.578928778044,6483.145831006269,12233.534423534205,-187500.02235174447,-187500.02235174447,-187500.02235174447,-187500.02235174447
não,2034.612242533236,-7843.942385189818,6786.280189309143,12171.1730565039,-187500.02235174447,-187500.02235174447,-187500.02235174447,-187500.02235174447
não,2219.4388174341702,-7781.759832115154,7259.176046750074,12125.888422237447,-187500.02235174447,-187500.02235174447,-187500.02235174447,-187500.02235174447
não,2076.678225598124,-7771.746250599176,7050.813084937702,12175.352832717042,-187500.02235174447,-187500.02235174447,-187500.02235174447,-187500.02235174447
não,1862.9508451164777,-7826.552728003589,6534.845415931394,12235.680191001915,-187500.02235174447,-187500.02235174447,-187500.02235174447,-187500.02235174447
não,1996.5919252147587,-7843.383591578436,6691.41938584082,12190.686129413383,-187500.02235174447,-187500.02235174447,-187500.02235174447,-187500.02235174447
não,2220.1987767456503,-7779.278788480615,7232.018677236877,12142.384009645464,-187500.02235174447,-187500.02235174447,-187500.02235174447,-187500.02235174447
não,2112.8209963823556,-7763.140828983883,7130.452350431961,12173.162361760422,-187500.02235174447,-187500.02235174447,-187500.02235174447,-187500.02235174447
não,1876.2277813229302,-7814.885117397919,6595.977437016659,12226.247754841776,-187500.02235174447,-187500.02235174447,-187500.02235174447,-187500.02235174447
não,1947.2169217129854,-7845.395248579413,6597.206782961701,12208.254600555254,-187500.02235174447,-187500.02235174447,-187500.02235174447,-187500.02235174447
não,2208.6429248622567,-7787.370119973436,7170.640786962604,12147.994297503747,-187500.02235174447,-187500.02235174447,-187500.02235174447,-187500.02235174447
não,2156.8092294703997,-7755.049497491062,7195.875906452645,12163.662870366916,-187500.02235174447,-187500.02235174447,-187500.02235174447,-187500.02235174447
não,1915.7233137754577,-7802.390492247402,6684.624455526407,12224.70548447436,-187500.02235174447,-187500.02235174447,-187500.02235174447,-187500.02235174447
não,1901.8652322131672,-7845.50700730169,6527.67050596124,12216.70355995936,-187500.02235174447,-187500.02235174447,-187500.02235174447,-187500.02235174447
não,2174.958845968109,-7796.869611366941,7101.730358806892,12151.794094061148,-187500.02235174447,-187500.02235174447,-187500.02235174447,-187500.02235174447
não,2191.0521019759303,-7751.897901522863,7284.902904618133,12158.656079608927,-187500.02235174447,-187500.02235174447,-187500.02235174447,-187500.02235174447
não,1931.9283285055553,-7789.851163607975,6772.645625191406,12222.89499317348,-187500.02235174447,-187500.02235174447,-187500.02235174447,-187500.02235174447
não,1877.7253482014357,-7839.1144083874715,6502.770662638029,12226.94065891989,-187500.02235174447,-187500.02235174447,-187500.02235174447,-187500.02235174447
não,2128.4672175010705,-7810.459471995769,6968.513961853262,12159.93012904288,-187500.02235174447,-187500.02235174447,-187500.02235174447,-187500.02235174447
não,2219.1035412673405,-7756.949395769763,7285.39464299615,12143.099265468034,-187500.02235174447,-187500.02235174447,-187500.02235174447,-187500.02235174447
não,1992.3003902793398,-7778.9435123137855,6863.97485303579,12210.445071511875,-187500.02235174447,-187500.02235174447,-187500.02235174447,-187500.02235174447
não,1869.2763887973297,-7832.475940284246,6494.835793356395,12241.826920727126,-187500.02235174447,-187500.02235174447,-187500.02235174447,-187500.02235174447
não,2081.6850163561126,-7812.918163885852,6872.960254306824,12188.920341601413,-187500.02235174447,-187500.02235174447,-187500.02235174447,-187500.02235174447
não,2229.608861161335,-7758.961052770741,7281.77366039439,12157.31497494161,-187500.02235174447,-187500.02235174447,-187500.02235174447,-187500.02235174447
não,2036.9815274454986,-7772.707375610755,6966.3234908966415,12203.247809797265,-187500.02235174447,-187500.02235174447,-187500.02235174447,-187500.02235174447
não,1849.1151152986426,-7831.783036206131,6489.359615964844,12241.335182349108,-187500.02235174447,-187500.02235174447,-187500.02235174447,-187500.02235174447
não,2034.2099111330406,-7830.911318172374,6764.509590209675,12189.970873590813,-187500.02235174447,-187500.02235174447,-187500.02235174447,-187500.02235174447
não,2228.1783495161953,-7768.594654630978,7253.6551658696135,12145.133274213467,-187500.02235174447,-187500.02235174447,-187500.02235174447,-187500.02235174447
não,2088.03291178142,-7762.291462694581,7065.386422322563,12189.389728234975,-187500.02235174447,-187500.02235174447,-187500.02235174447,-187500.02235174447
não,1866.9741591184331,-7819.020190122151,6540.366296811855,12240.508167804262,-187500.02235174447,-187500.02235174447,-187500.02235174447,-187500.02235174447
não,1996.6366287036692,-7838.667373498366,6666.050155884047,12196.855210883048,-187500.02235174447,-187500.02235174447,-187500.02235174447,-187500.02235174447
não,2234.7050588971447,-7773.06500352204,7224.62024982217,12147.480207381273,-187500.02235174447,-187500.02235174447,-187500.02235174447,-187500.02235174447
não,2136.245624571517,-7759.855122548953,7149.116057052142,12185.36641423302,-187500.02235174447,-187500.02235174447,-187500.02235174447,-187500.02235174447
não,1888.6329994956257,-7810.97356211824,6617.256297738111,12236.797778224682,-187500.02235174447,-187500.02235174447,-187500.02235174447,-187500.02235174447
não,1935.2140349404856,-7845.149379390405,6579.526553097553,12202.733719674794,-187500.02235174447,-187500.02235174447,-187500.02235174447,-187500.02235174447
não,2203.345561426349,-7788.152431029372,7151.060658819754,12147.502559125729,-187500.02235174447,-187500.02235174447,-187500.02235174447,-187500.02235174447
não,2169.9744069545754,-7755.25066319116,7210.873926982156,12169.630786136484,-187500.02235174447,-187500.02235174447,-187500.02235174447,-187500.02235174447
não,1927.6367935701364,-7796.780204389121,6708.160842437845,12229.354647321064,-187500.02235174447,-187500.02235174447,-187500.02235174447,-187500.02235174447
não,1903.653371769592,-7839.69555374331,6522.663715203252,12228.505281031763,-187500.02235174447,-187500.02235174447,-187500.02235174447,-187500.02235174447
não,2177.484593091559,-7797.562515445056,7072.851904970635,12163.774629089194,-187500.02235174447,-187500.02235174447,-187500.02235174447,-187500.02235174447
não,2204.731369582578,-7754.311889924037,7258.259625227407,12167.082687268578,-187500.02235174447,-187500.02235174447,-187500.02235174447,-187500.02235174447
não,1965.2771312328734,-7787.459526951257,6805.636800007439,12225.398388552474,-187500.02235174447,-187500.02235174447,-187500.02235174447,-187500.02235174447
não,1863.7555079168687,-7843.115370644971,6475.881514058294,12228.70644673186,-187500.02235174447,-187500.02235174447,-187500.02235174447,-187500.02235174447
não,2131.4399995136264,-7810.660637695866,6965.250607162787,12163.26053896672,-187500.02235174447,-187500.02235174447,-187500.02235174447,-187500.02235174447
não,2227.44074194917,-7757.1058579809505,7281.43838422756,12160.399515676441,-187500.02235174447,-187500.02235174447,-187500.02235174447,-187500.02235174447
não,2019.904794681644,-7776.641282634889,6915.070940860623,12219.36341754954,-187500.02235174447,-187500.02235174447,-187500.02235174447,-187500.02235174447
não,1877.4124237790613,-7831.380704805935,6516.516985478042,12238.18358638091,-187500.02235174447,-187500.02235174447,-187500.02235174447,-187500.02235174447
não,2081.6626646116574,-7818.774320933142,6857.157570976922,12189.255617768244,-187500.02235174447,-187500.02235174447,-187500.02235174447,-187500.02235174447
não,2245.7915241469773,-7760.168046971327,7299.208021069529,12159.348983687041,-187500.02235174447,-187500.02235174447,-187500.02235174447,-187500.02235174447
não,2056.427545121616,-7767.275901708115,6995.067834266167,12205.818260409626,-187500.02235174447,-187500.02235174447,-187500.02235174447,-187500.02235174447
não,1866.5047724848716,-7827.245632081704,6508.984447596604,12248.264223130254,-187500.02235174447,-187500.02235174447,-187500.02235174447,-187500.02235174447
não,2039.0602396798422,-7829.033771638128,6746.672898134339,12200.297379529165,-187500.02235174447,-187500.02235174447,-187500.02235174447,-187500.02235174447
não,2238.7283728991,-7768.371137186425,7233.538595859837,12159.997184276246,-187500.02235174447,-187500.02235174447,-187500.02235174447,-187500.02235174447
não,2111.6810574151345,-7761.017413260629,7080.630312041082,12195.357644004542,-187500.02235174447,-187500.02235174447,-187500.02235174447,-187500.02235174447
não,1881.4133860365614,-7817.0979400989945,6555.319613852455,12250.342935364597,-187500.02235174447,-187500.02235174447,-187500.02235174447,-187500.02235174447
não,1994.9602478695213,-7838.846187454008,6649.55456847603,12223.56554550714,-187500.02235174447,-187500.02235174447,-187500.02235174447,-187500.02235174447
não,2240.382401988793,-7775.300177967571,7212.080921182743,12168.200274491344,-187500.02235174447,-187500.02235174447,-187500.02235174447,-187500.02235174447
não,2159.37968008276,-7754.602462601956,7171.423098018539,12188.763879390226,-187500.02235174447,-187500.02235174447,-187500.02235174447,-187500.02235174447
não,1915.455092841994,-7805.810309149064,6639.719800915695,12246.587842296105,-187500.02235174447,-187500.02235174447,-187500.02235174447,-187500.02235174447
não,1947.485142646449,-7845.0376206681285,6564.77440175705,12232.081560144612,-187500.02235174447,-187500.02235174447,-187500.02235174447,-187500.02235174447
não,2220.019962790008,-7792.466317709246,7139.996545314378,12171.061297781624,-187500.02235174447,-187500.02235174447,-187500.02235174447,-187500.02235174447
não,2194.516622366503,-7755.854160291453,7222.787406776835,12177.543303673661,-187500.02235174447,-187500.02235174447,-187500.02235174447,-187500.02235174447
não,1951.396697926128,-7794.433271221313,6726.153996724367,12233.646182256483,-187500.02235174447,-187500.02235174447,-187500.02235174447,-187500.02235174447
não,1918.5396335768264,-7841.371934577458,6507.2410115290895,12234.1379206345,-187500.02235174447,-187500.02235174447,-187500.02235174447,-187500.02235174447
não,2191.4991368650362,-7800.244724779693,7048.421448280985,12166.278024468187,-187500.02235174447,-187500.02235174447,-187500.02235174447,-187500.02235174447
não,2232.0899047958737,-7753.395468401369,7265.076907286276,12168.714364613816,-187500.02235174447,-187500.02235174447,-187500.02235174447,-187500.02235174447
não,2002.8280619177895,-7785.202000761271,6829.30729738561,12224.817243196636,-187500.02235174447,-187500.02235174447,-187500.02235174447,-187500.02235174447
não,1888.8341651957232,-7841.237824110726,6476.37325243631,12240.530519548718,-187500.02235174447,-187500.02235174447,-187500.02235174447,-187500.02235174447
não,2145.633357242746,-7815.332152287025,6945.268147619742,12182.55009443165,-187500.02235174447,-187500.02235174447,-187500.02235174447,-187500.02235174447
não,2248.3843265037926,-7757.038802747585,7288.166259308608,12176.31395772862,-187500.02235174447,-187500.02235174447,-187500.02235174447,-187500.02235174447
não,2046.6821845391019,-7771.433326176802,6933.0417434026895,12217.932905904401,-187500.02235174447,-187500.02235174447,-187500.02235174447,-187500.02235174447
não,1879.4464325244944,-7830.240765838715,6479.077813515403,12246.789007996204,-187500.02235174447,-187500.02235174447,-187500.02235174447,-187500.02235174447
não,2096.9512578190875,-7821.478882012235,6832.615355564994,12194.262408526232,-187500.02235174447,-187500.02235174447,-187500.02235174447,-187500.02235174447
não,2268.9479314026753,-7762.693794094777,7279.694948160047,12157.985527275268,-187500.02235174447,-187500.02235174447,-187500.02235174447,-187500.02235174447
não,2107.5012812019922,-7769.622834875922,7026.695552670426,12199.64917893996,-187500.02235174447,-187500.02235174447,-187500.02235174447,-187500.02235174447
não,1903.6757235140471,-7829.458454782779,6514.728845921618,12242.743342249792,-187500.02235174447,-187500.02235174447,-187500.02235174447,-187500.02235174447
não,2065.278835925917,-7839.337925832025,6718.04031348709,12188.607417179039,-187500.02235174447,-187500.02235174447,-187500.02235174447,-187500.02235174447
não,2281.6884257422003,-7778.407070446858,7240.646450596625,12135.432617119863,-187500.02235174447,-187500.02235174447,-187500.02235174447,-187500.02235174447
não,2166.28636911945,-7766.873570307919,7107.854736787646,12178.482076940785,-187500.02235174447,-187500.02235174447,-187500.02235174447,-187500.02235174447
não,1933.3141366617845,-7813.476957497234,6579.861829264382,12245.112627162056,-187500.02235174447,-187500.02235174447,-187500.02235174447,-187500.02235174447
não,2020.5529952708478,-7840.79078922162,6631.561414189508,12219.65399022746,-187500.02235174447,-187500.02235174447,-187500.02235174447,-187500.02235174447
não,2265.5951697343794,-7782.564494915545,7194.8924296966115,12160.578329632084,-187500.02235174447,-187500.02235174447,-187500.02235174447,-187500.02235174447
não,2194.382511899771,-7759.139866726383,7182.75543245738,12186.215780522321,-187500.02235174447,-187500.02235174447,-187500.02235174447,-187500.02235174447
não,1945.6075961122033,-7805.318570771047,6657.1541615908345,12235.210804368355,-187500.02235174447,-187500.02235174447,-187500.02235174447,-187500.02235174447
não,1956.3587851952059,-7840.969603177262,6549.86578820536,12223.297324573676,-187500.02235174447,-187500.02235174447,-187500.02235174447,-187500.02235174447
não,2228.1559977717397,-7789.292369996592,7121.019914271822,12163.774629089194,-187500.02235174447,-187500.02235174447,-187500.02235174447,-187500.02235174447
não,2220.243480234561,-7754.580110857501,7237.159578461597,12174.972853061301,-187500.02235174447,-187500.02235174447,-187500.02235174447,-187500.02235174447
não,1980.5433726958481,-7793.315683998548,6752.707869137272,12225.644257741484,-187500.02235174447,-187500.02235174447,-187500.02235174447,-187500.02235174447
não,1920.5959940667146,-7844.612937523478,6495.483993945599,12228.952315920867,-187500.02235174447,-187500.02235174447,-187500.02235174447,-187500.02235174447
não,2197.355293912327,-7808.581925461523,7027.097884070621,12164.713402356316,-187500.02235174447,-187500.02235174447,-187500.02235174447,-187500.02235174447
não,2264.410527278248,-7757.48583763669,7277.124497547687,12159.036059264668,-187500.02235174447,-187500.02235174447,-187500.02235174447,-187500.02235174447
não,2046.3469083722723,-7782.676253637822,6859.1692279779,12212.859059913048,-187500.02235174447,-187500.02235174447,-187500.02235174447,-187500.02235174447
não,1919.4337033550387,-7840.701382243798,6479.56955189342,12235.970763679834,-187500.02235174447,-187500.02235174447,-187500.02235174447,-187500.02235174447
não,2165.057023174408,-7815.443911009302,6921.396484541475,12177.65506239594,-187500.02235174447,-187500.02235174447,-187500.02235174447,-187500.02235174447
não,2283.7447862320887,-7758.804590559554,7285.305236018328,12159.661908109416,-187500.02235174447,-187500.02235174447,-187500.02235174447,-187500.02235174447
não,2087.965856548054,-7773.9590733002515,6955.259377391265,12202.376091763508,-187500.02235174447,-187500.02235174447,-187500.02235174447,-187500.02235174447
não,1903.653371769592,-7835.985164163729,6491.348921221366,12231.165138621944,-187500.02235174447,-187500.02235174447,-187500.02235174447,-187500.02235174447
não,2111.032856825931,-7832.163015861871,6812.230564621755,12178.482076940785,-187500.02235174447,-187500.02235174447,-187500.02235174447,-187500.02235174447
não,2290.0256264240297,-7766.694756352277,7277.213904525507,12143.859224779515,-187500.02235174447,-187500.02235174447,-187500.02235174447,-187500.02235174447
não,2137.0055838829976,-7766.270073207626,7049.449628525928,12187.556885189639,-187500.02235174447,-187500.02235174447,-187500.02235174447,-187500.02235174447
não,1922.2723749008626,-7824.585774491522,6532.364372296855,12235.546080535183,-187500.02235174447,-187500.02235174447,-187500.02235174447,-187500.02235174447
não,2065.7035190705683,-7841.014306666173,6706.260944159144,12189.233266023788,-187500.02235174447,-187500.02235174447,-187500.02235174447,-187500.02235174447
não,2287.9692659341417,-7776.931855312808,7239.931194774055,12139.321820655086,-187500.02235174447,-187500.02235174447,-187500.02235174447,-187500.02235174447
não,2183.407805372215,-7761.10682023845,7133.760408611347,12176.246902495253,-187500.02235174447,-187500.02235174447,-187500.02235174447,-187500.02235174447
não,1947.775715324368,-7817.477919754734,6604.02406502057,12229.958144421356,-187500.02235174447,-187500.02235174447,-187500.02235174447,-187500.02235174447
não,2017.222585347007,-7848.345678847513,6616.608097148907,12201.124394074011,-187500.02235174447,-187500.02235174447,-187500.02235174447,-187500.02235174447
não,2274.982902405608,-7785.693739139288,7186.287008081318,12142.16049220091,-187500.02235174447,-187500.02235174447,-187500.02235174447,-187500.02235174447
não,2223.171558758206,-7757.418782403324,7202.313208855773,12169.384916947474,-187500.02235174447,-187500.02235174447,-187500.02235174447,-187500.02235174447
não,1983.449099475038,-7803.351617258981,6688.960693950737,12221.643295483982,-187500.02235174447,-187500.02235174447,-187500.02235174447,-187500.02235174447
não,1982.353863996728,-7845.819931724064,6547.205930615179,12206.131184832,-187500.02235174447,-187500.02235174447,-187500.02235174447,-187500.02235174447
não,2263.203533077661,-7797.87543986743,7111.118091478121,12140.931146255869,-187500.02235174447,-187500.02235174447,-187500.02235174447,-187500.02235174447
não,2272.725376215622,-7756.882340536397,7258.237273482951,12148.933070770869,-187500.02235174447,-187500.02235174447,-187500.02235174447,-187500.02235174447
não,2031.0136116759315,-7793.405090976369,6787.800107932104,12209.103966844556,-187500.02235174447,-187500.02235174447,-187500.02235174447,-187500.02235174447
não,1957.5210759068818,-7845.059972412583,6502.86006961585,12220.101025116566,-187500.02235174447,-187500.02235174447,-187500.02235174447,-187500.02235174447
não,2221.2269569905948,-7808.40311150588,7011.585773418638,12147.390800403453,-187500.02235174447,-187500.02235174447,-187500.02235174447,-187500.02235174447
não,2290.1597368907615,-7757.44113414778,7286.691044174558,12136.840777020549,-187500.02235174447,-187500.02235174447,-187500.02235174447,-187500.02235174447
não,2075.940618031099,-7782.005701304162,6889.657007414939,12197.70457717235,-187500.02235174447,-187500.02235174447,-187500.02235174447,-187500.02235174447
não,1935.258738429396,-7842.780094478142,6487.884400830794,12226.314810075142,-187500.02235174447,-187500.02235174447,-187500.02235174447,-187500.02235174447
não,2178.7809942699664,-7828.005591393184,6904.610324455539,12155.303317940632,-187500.02235174447,-187500.02235174447,-187500.02235174447,-187500.02235174447
não,2314.053751713485,-7770.762773843143,7295.341169278761,12127.1624716714,-187500.02235174447,-187500.02235174447,-187500.02235174447,-187500.02235174447
não,2131.2388338135283,-7775.076660523017,6987.647055107004,12175.799867606149,-187500.02235174447,-187500.02235174447,-187500.02235174447,-187500.02235174447
não,1946.7475350794239,-7834.129969373938,6518.126311078824,12211.674417456916,-187500.02235174447,-187500.02235174447,-187500.02235174447,-187500.02235174447
$SILENCE,2138.8160751838777,-7833.660582740376,6806.285000596643,12165.652175623438,-187500.02235174447,-187500.02235174447,-187500.02235174447,-187500.02235174447
$SILENCE,2332.27042344456,-7769.511076153645,7288.859163386723,12128.30241063862,-187500.02235174447,-187500.02235174447,-187500.02235174447,-187500.02235174447
$SILENCE,2190.1133287088073,-7769.488724409191,7088.945160978456,12169.720193114304,-187500.02235174447,-187500.02235174447,-187500.02235174447,-187500.02235174447
$SILENCE,1964.4054131991165,-7828.922012915852,6563.008613945081,12217.865850671036,-187500.02235174447,-187500.02235174447,-187500.02235174447,-187500.02235174447
$SILENCE,2092.4585571835705,-7848.5021410587005,6700.8294702565045,12173.184713504877,-187500.02235174447,-187500.02235174447,-187500.02235174447,-187500.02235174447
$SILENCE,2330.526987377046,-7787.146602528883,7246.971994277477,12121.060445435101,-187500.02235174447,-187500.02235174447,-187500.02235174447,-187500.02235174447
$SILENCE,2238.1919310321728,-7770.159276742849,7165.7234031824355,12146.250861436232,-187500.02235174447,-187500.02235174447,-187500.02235174447,-187500.02235174447
$SILENCE,1993.194460057552,-7822.037675623617,6630.913213600304,12197.190487049877,-187500.02235174447,-187500.02235174447,-187500.02235174447,-187500.02235174447
$SILENCE,2051.64427180818,-7855.185312650838,6614.752902359117,12183.622978165506,-187500.02235174447,-187500.02235174447,-187500.02235174447,-187500.02235174447
$SILENCE,2315.5066151030796,-7799.68593116831,7191.47261279495,12128.034189705157,-187500.02235174447,-187500.02235174447,-187500.02235174447,-187500.02235174447
$SILENCE,2276.7486902175774,-7768.1476197418715,7239.461808140494,12144.127445712978,-187500.02235174447,-187500.02235174447,-187500.02235174447,-187500.02235174447
$SILENCE,2031.0583151648423,-7808.224297550238,6729.193833970289,12203.918362130924,-187500.02235174447,-187500.02235174447,-187500.02235174447,-187500.02235174447
$SILENCE,2011.4334835330826,-7856.816989996075,6551.430410317232,12191.60255093605,-187500.02235174447,-187500.02235174447,-187500.02235174447,-187500.02235174447
$SILENCE,2287.5445827894905,-7813.946344130796,7109.4864141328835,12121.574535557573,-187500.02235174447,-187500.02235174447,-187500.02235174447,-187500.02235174447
$SILENCE,2320.535757605524,-7769.622834875922,7290.222619798496,12129.956439728314,-187500.02235174447,-187500.02235174447,-187500.02235174447,-187500.02235174447
$SILENCE,2085.9541995470763,-7803.6421899369,6830.044904952634,12181.879542097991,-187500.02235174447,-187500.02235174447,-187500.02235174447,-187500.02235174447
$SILENCE,1995.161413569619,-7860.437972597835,6518.416883756743,12193.480097470296,-187500.02235174447,-187500.02235174447,-187500.02235174447,-187500.02235174447
$SILENCE,2261.0801173544073,-7832.945326917807,7013.686837397438,12125.195518159333,-187500.02235174447,-187500.02235174447,-187500.02235174447,-187500.02235174447
$SILENCE,2348.2519207301048,-7779.949340814274,7314.004875898943,12110.085738907545,-187500.02235174447,-187500.02235174447,-187500.02235174447,-187500.02235174447
$SILENCE,2137.854950172299,-7799.752986401676,6932.639412002494,12168.043812280157,-187500.02235174447,-187500.02235174447,-187500.02235174447,-187500.02235174447
$SILENCE,1988.545297210848,-7857.755763263198,6516.628744200319,12205.013597609235,-187500.02235174447,-187500.02235174447,-187500.02235174447,-187500.02235174447
$SILENCE,2212.5768318863907,-7844.009440423184,6911.6734757034155,12143.658059079416,-187500.02235174447,-187500.02235174447,-187500.02235174447,-187500.02235174447
$SILENCE,2357.885522590342,-7781.201038503771,7329.382876084194,12122.848584991525,-187500.02235174447,-187500.02235174447,-187500.02235174447,-187500.02235174447
$SILENCE,2177.9986832140307,-7784.509096683157,7039.480750498861,12172.469457682308,-187500.02235174447,-187500.02235174447,-187500.02235174447,-187500.02235174447
$SILENCE,1985.0807768202756,-7846.043449168617,6548.2117591156675,12217.977609393312,-187500.02235174447,-187500.02235174447,-187500.02235174447,-187500.02235174447
$SILENCE,2165.7275755080673,-7851.184350393338,6806.150890129911,12172.178885004389,-187500.02235174447,-187500.02235174447,-187500.02235174447,-187500.02235174447
$SILENCE,2364.9933773271296,-7789.560590930056,7305.198288583552,12128.749445527726,-187500.02235174447,-187500.02235174447,-187500.02235174447,-187500.02235174447
$SILENCE,2224.311497725427,-7781.782183859609,7119.544699137771,12164.780457589683,-187500.02235174447,-187500.02235174447,-187500.02235174447,-187500.02235174447
$SILENCE,1996.7707391704012,-7838.130931631438,6589.54013461353,12217.821147182125,-187500.02235174447,-187500.02235174447,-187500.02235174447,-187500.02235174447
$SILENCE,2107.4118742241712,-7859.230978397248,6696.8955632323705,12185.567579933117,-187500.02235174447,-187500.02235174447,-187500.02235174447,-187500.02235174447
$SILENCE,2346.173208495761,-7796.44492822229,7257.209093238008,12136.63961132045,-187500.02235174447,-187500.02235174447,-187500.02235174447,-187500.02235174447
$SILENCE,2265.3940040342814,-7777.267131479637,7207.834089736234,12167.619129135506,-187500.02235174447,-187500.02235174447,-187500.02235174447,-187500.02235174447
$SILENCE,2023.0787423942975,-7826.8433006815085,6675.661405999828,12224.996057152279,-187500.02235174447,-187500.02235174447,-187500.02235174447,-187500.02235174447
$SILENCE,2058.1709811891296,-7859.923882475363,6616.45163493772,12208.545173233173,-187500.02235174447,-187500.02235174447,-187500.02235174447,-187500.02235174447
$SILENCE,2321.183958194728,-7804.983294604218,7190.645598250103,12147.234338192266,-187500.02235174447,-187500.02235174447,-187500.02235174447,-187500.02235174447
$SILENCE,2296.8652602273537,-7772.103878510461,7264.33929971925,12154.945690029346,-187500.02235174447,-187500.02235174447,-187500.02235174447,-187500.02235174447
$SILENCE,2053.164190431141,-7815.555669731578,6762.028546575135,12204.588914464584,-187500.02235174447,-187500.02235174447,-187500.02235174447,-187500.02235174447
$SILENCE,2016.4402742910713,-7863.433106354846,6551.25159636159,12209.729815689305,-187500.02235174447,-187500.02235174447,-187500.02235174447,-187500.02235174447
$SILENCE,2285.1752978772283,-7821.389475034413,7096.857678515635,12144.373314901986,-187500.02235174447,-187500.02235174447,-187500.02235174447,-187500.02235174447
$SILENCE,2325.140216963317,-7774.562570400545,7306.092358361764,12142.629878834472,-187500.02235174447,-187500.02235174447,-187500.02235174447,-187500.02235174447
$SILENCE,2102.8297666108333,-7803.798652148087,6870.45685892783,12202.063167341134,-187500.02235174447,-187500.02235174447,-187500.02235174447,-187500.02235174447
$SILENCE,1994.8261374027895,-7860.41562085338,6529.413942028755,12221.285667572698,-187500.02235174447,-187500.02235174447,-187500.02235174447,-187500.02235174447
$SILENCE,2254.5757597179127,-7838.2873938426255,7005.953133815901,12152.554053372629,-187500.02235174447,-187500.02235174447,-187500.02235174447,-187500.02235174447
$SILENCE,2345.0556212729957,-7783.838544349497,7326.678315005102,12135.410265375409,-187500.02235174447,-187500.02235174447,-187500.02235174447,-187500.02235174447
$SILENCE,2138.257281572495,-7797.562515445056,6962.18841817241,12190.79788813566,-187500.02235174447,-187500.02235174447,-187500.02235174447,-187500.02235174447
$SILENCE,1983.8737826196889,-7854.112428916983,6529.05631411747,12224.437263540896,-187500.02235174447,-187500.02235174447,-187500.02235174447,-187500.02235174447
$SILENCE,2208.441759162159,-7841.260175855181,6896.250772029254,12157.247919708243,-187500.02235174447,-187500.02235174447,-187500.02235174447,-187500.02235174447
$SILENCE,2363.115830792884,-7782.139811770894,7329.919317951121,12124.077930936568,-187500.02235174447,-187500.02235174447,-187500.02235174447,-187500.02235174447
$SILENCE,2190.0909769643517,-7786.8113263620535,7065.297015344741,12168.222626235798,-187500.02235174447,-187500.02235174447,-187500.02235174447,-187500.02235174447
$SILENCE,1995.2061170585296,-7849.4409143258235,6562.673337778251,12216.435339025897,-187500.02235174447,-187500.02235174447,-187500.02235174447,-187500.02235174447
$SILENCE,2162.1065929063075,-7859.36508886398,6786.570761987062,12170.726021614793,-187500.02235174447,-187500.02235174447,-187500.02235174447,-187500.02235174447
$SILENCE,2362.7805546260543,-7796.422576477836,7299.833869914279,12126.961305971303,-187500.02235174447,-187500.02235174447,-187500.02235174447,-187500.02235174447
$SILENCE,2238.2813380099938,-7784.374986216425,7155.866283877645,12166.590948890562,-187500.02235174447,-187500.02235174447,-187500.02235174447,-187500.02235174447
$SILENCE,2001.576364228292,-7838.779132220642,6623.246565252133,12227.70061823137,-187500.02235174447,-187500.02235174447,-187500.02235174447,-187500.02235174447
$SILENCE,2093.8443653398,-7864.260120899692,6686.278484616099,12190.194391035366,-187500.02235174447,-187500.02235174447,-187500.02235174447,-187500.02235174447
$SILENCE,2347.6707753742667,-7806.056178338073,7248.536616389349,12125.262573392698,-187500.02235174447,-187500.02235174447,-187500.02235174447,-187500.02235174447
$SILENCE,2284.661207754756,-7782.072756537528,7223.435607366038,12146.049695736134,-187500.02235174447,-187500.02235174447,-187500.02235174447,-187500.02235174447
$SILENCE,2037.3168036123282,-7825.1445681029045,6697.94609522177,12207.628751710505,-187500.02235174447,-187500.02235174447,-187500.02235174447,-187500.02235174447
$SILENCE,2054.5276468429147,-7863.813086010586,6605.767501088083,12197.168135305421,-187500.02235174447,-187500.02235174447,-187500.02235174447,-187500.02235174447
$SILENCE,2323.307373917982,-7812.06879759655,7175.021728875844,12134.40443687492,-187500.02235174447,-187500.02235174447,-187500.02235174447,-187500.02235174447
$SILENCE,2314.009048224574,-7777.200076246271,7275.291654502351,12144.26155617971,-187500.02235174447,-187500.02235174447,-187500.02235174447,-187500.02235174447
$SILENCE,2071.1126412287526,-7817.232050565726,6786.414299775875,12203.516030730729,-187500.02235174447,-187500.02235174447,-187500.02235174447,-187500.02235174447
$SILENCE,2018.2284138474959,-7865.891798244929,6546.401267814787,12209.0816151001,-187500.02235174447,-187500.02235174447,-187500.02235174447,-187500.02235174447
$SILENCE,2295.0324171820184,-7824.921050658352,7084.83243999868,12143.903928268424,-187500.02235174447,-187500.02235174447,-187500.02235174447,-187500.02235174447
$SILENCE,2342.0604875159847,-7776.976558801718,7318.4528730455495,12144.395666646442,-187500.02235174447,-187500.02235174447,-187500.02235174447,-187500.02235174447
$SILENCE,2114.050342327397,-7805.5420882156,6887.757109136237,12201.057338840645,-187500.02235174447,-187500.02235174447,-187500.02235174447,-187500.02235174447
$SILENCE,1996.7707391704012,-7863.634272054944,6525.234165815612,12219.698693716371,-187500.02235174447,-187500.02235174447,-187500.02235174447,-187500.02235174447
$SILENCE,2244.986861346586,-7837.929765931341,6979.600427103094,12160.466570909808,-187500.02235174447,-187500.02235174447,-187500.02235174447,-187500.02235174447
$SILENCE,2355.1362580223395,-7781.11163152595,7333.853224975255,12142.83104453457,-187500.02235174447,-187500.02235174447,-187500.02235174447,-187500.02235174447
$SILENCE,2165.2358371300506,-7798.478936967724,6997.392415689518,12195.156478304443,-187500.02235174447,-187500.02235174447,-187500.02235174447,-187500.02235174447
$SILENCE,1997.5977537152476,-7856.101734173505,6536.678258976729,12232.170967122433,-187500.02235174447,-187500.02235174447,-187500.02235174447,-187500.02235174447
$SILENCE,2202.183270714673,-7850.580853293044,6865.628882125483,12170.413097192419,-187500.02235174447,-187500.02235174447,-187500.02235174447,-187500.02235174447
$SILENCE,2381.6230752018782,-7786.699567639776,7338.278870377407,12133.35390488552,-187500.02235174447,-187500.02235174447,-187500.02235174447,-187500.02235174447
$SILENCE,2204.86548004931,-7788.174782773827,7075.288245116263,12177.40919320693,-187500.02235174447,-187500.02235174447,-187500.02235174447,-187500.02235174447
$SILENCE,1992.2780385348844,-7845.819931724064,6564.0591459344805,12226.56067926415,-187500.02235174447,-187500.02235174447,-187500.02235174447,-187500.02235174447
$SILENCE,2139.084296117341,-7857.509894074189,6764.978976843236,12187.556885189639,-187500.02235174447,-187500.02235174447,-187500.02235174447,-187500.02235174447
$SILENCE,2354.8903888333307,-7792.511021198156,7299.453890258538,12147.256689936721,-187500.02235174447,-187500.02235174447,-187500.02235174447,-187500.02235174447
$SILENCE,2246.5514834584574,-7781.558666415056,7173.591217230704,12173.207065249333,-187500.02235174447,-187500.02235174447,-187500.02235174447,-187500.02235174447
$SILENCE,2014.6521347346468,-7837.125103130949,6634.131864801868,12220.70452221686,-187500.02235174447,-187500.02235174447,-187500.02235174447,-187500.02235174447
$SILENCE,2098.7841008644227,-7864.88596974444,6667.681833229284,12193.524800959207,-187500.02235174447,-187500.02235174447,-187500.02235174447,-187500.02235174447
$SILENCE,2360.210104013694,-7803.977466103729,7242.278127941862,12142.898099767935,-187500.02235174447,-187500.02235174447,-187500.02235174447,-187500.02235174447
$SILENCE,2289.913867701753,-7781.893942581885,7247.642546611136,12164.221663978298,-187500.02235174447,-187500.02235174447,-187500.02235174447,-187500.02235174447
$SILENCE,2033.5840622882918,-7827.513853015167,6727.606860113962,12224.79489145218,-187500.02235174447,-187500.02235174447,-187500.02235174447,-187500.02235174447
$SILENCE,2043.2847193818952,-7865.847094756019,6600.224268463167,12218.04466462668,-187500.02235174447,-187500.02235174447,-187500.02235174447,-187500.02235174447
$SILENCE,2322.726228562144,-7815.823890665042,7167.220970060942,12151.056486494123,-187500.02235174447,-187500.02235174447,-187500.02235174447,-187500.02235174447
$SILENCE,2329.8117315544764,-7777.915332068841,7298.649227458147,12151.078838238578,-187500.02235174447,-187500.02235174447,-187500.02235174447,-187500.02235174447
$SILENCE,2088.904629815177,-7813.253440052681,6826.44627409533,12216.07771111461,-187500.02235174447,-187500.02235174447,-187500.02235174447,-187500.02235174447
$SILENCE,1991.0933960787531,-7865.891798244929,6562.047488933503,12238.451807314374,-187500.02235174447,-187500.02235174447,-187500.02235174447,-187500.02235174447
$SILENCE,2245.0762683244075,-7829.749027460698,7073.6789195154815,12171.396573948452,-187500.02235174447,-187500.02235174447,-187500.02235174447,-187500.02235174447
$SILENCE,2346.0390980290294,-7777.870628579931,7337.07187617682,12154.02926850668,-187500.02235174447,-187500.02235174447,-187500.02235174447,-187500.02235174447
$SILENCE,2126.8578919002885,-7801.295256769092,6927.073827633122,12211.205030823354,-187500.02235174447,-187500.02235174447,-187500.02235174447,-187500.02235174447
$SILENCE,1983.292637263851,-7858.672184785865,6534.778360698028,12236.998943924778,-187500.02235174447,-187500.02235174447,-187500.02235174447,-187500.02235174447
$SILENCE,2236.3143844979268,-7839.561443276578,6968.3798513865295,12177.811524607127,-187500.02235174447,-187500.02235174447,-187500.02235174447,-187500.02235174447
$SILENCE,2361.864133103387,-7780.172858258827,7354.416829874138,12168.468495424808,-187500.02235174447,-187500.02235174447,-187500.02235174447,-187500.02235174447
$SILENCE,2148.986118911042,-7793.360387487458,7022.2028520349095,12218.089368115589,-187500.02235174447,-187500.02235174447,-187500.02235174447,-187500.02235174447
$SILENCE,1979.0011023284321,-7853.441876583323,6546.557730025975,12246.923118462935,-187500.02235174447,-187500.02235174447,-187500.02235174447,-187500.02235174447
$SILENCE,2210.7216370966003,-7853.039545183128,6856.889350043458,12186.372242733509,-187500.02235174447,-187500.02235174447,-187500.02235174447,-187500.02235174447
$SILENCE,2373.263522775593,-7788.979445574218,7338.50238782196,12154.811579562614,-187500.02235174447,-187500.02235174447,-187500.02235174447,-187500.02235174447
$SILENCE,2184.435985617159,-7782.698605382277,7131.860510332645,12214.46838551383,-187500.02235174447,-187500.02235174447,-187500.02235174447,-187500.02235174447
$SILENCE,1956.9622822954993,-7839.784960721131,6593.697559082218,12261.988194225813,-187500.02235174447,-187500.02235174447,-187500.02235174447,-187500.02235174447
$SILENCE,2138.3243368058606,-7861.354394120503,6743.498950421686,12206.22059180982,-187500.02235174447,-187500.02235174447,-187500.02235174447,-187500.02235174447
$SILENCE,2368.5249529510684,-7799.8423933794975,7292.68131168858,12156.64442260795,-187500.02235174447,-187500.02235174447,-187500.02235174447,-187500.02235174447
$SILENCE,2274.245294838583,-7784.442041449791,7200.972104188455,12195.31294051563,-187500.02235174447,-187500.02235174447,-187500.02235174447,-187500.02235174447
$SILENCE,2041.6530420366578,-7838.823835709552,6667.279501829088,12251.929909220924,-187500.02235174447,-187500.02235174447,-187500.02235174447,-187500.02235174447
$SILENCE,2101.958048577076,-7869.535132591144,6663.502057016141,12234.048513656679,-187500.02235174447,-187500.02235174447,-187500.02235174447,-187500.02235174447
$SILENCE,2345.212083484183,-7807.732559172221,7242.255776197408,12183.287701998675,-187500.02235174447,-187500.02235174447,-187500.02235174447,-187500.02235174447
$SILENCE,2281.509611786558,-7776.708337868255,7273.950549835033,12199.872696384513,-187500.02235174447,-187500.02235174447,-187500.02235174447,-187500.02235174447
$SILENCE,2046.3916118611828,-7823.3787802909355,6752.216130759255,12248.890071975002,-187500.02235174447,-187500.02235174447,-187500.02235174447,-187500.02235174447
$SILENCE,2054.415888120638,-7870.026870969162,6593.988131760137,12248.264223130254,-187500.02235174447,-187500.02235174447,-187500.02235174447,-187500.02235174447
$SILENCE,2326.3248594194483,-7821.814158179064,7160.2025223019755,12196.408175993942,-187500.02235174447,-187500.02235174447,-187500.02235174447,-187500.02235174447
$SILENCE,2334.3267839344485,-7779.479954180712,7318.385817812183,12198.308074272642,-187500.02235174447,-187500.02235174447,-187500.02235174447,-187500.02235174447
$SILENCE,2096.6830368856236,-7813.87928889743,6853.804809308625,12247.168987651943,-187500.02235174447,-187500.02235174447,-187500.02235174447,-187500.02235174447
$SILENCE,1996.8154426593117,-7862.427277854357,6550.7375062391175,12268.023165228746,-187500.02235174447,-187500.02235174447,-187500.02235174447,-187500.02235174447
$SILENCE,2246.216207291628,-7829.301992571592,7059.217340852898,12202.84547839707,-187500.02235174447,-187500.02235174447,-187500.02235174447,-187500.02235174447
$SILENCE,2335.533778135035,-7777.267131479637,7348.203044915563,12190.909646857936,-187500.02235174447,-187500.02235174447,-187500.02235174447,-187500.02235174447
$SILENCE,2149.5002090335142,-7802.97163760324,6950.118476166544,12247.23604288531,-187500.02235174447,-187500.02235174447,-187500.02235174447,-187500.02235174447
$SILENCE,2020.1730156151077,-7864.707155788798,6538.91343342226,12282.462392146874,-187500.02235174447,-187500.02235174447,-187500.02235174447,-187500.02235174447
$SILENCE,2240.8517886223544,-7845.015268923673,6941.870682462536,12217.441167526385,-187500.02235174447,-187500.02235174447,-187500.02235174447,-187500.02235174447
$SILENCE,2380.818412401487,-7784.464393194246,7351.064068205842,12194.240056781777,-187500.02235174447,-187500.02235174447,-187500.02235174447,-187500.02235174447
$SILENCE,2195.6342095892683,-7790.499364197179,7055.618709995593,12241.961031193858,-187500.02235174447,-187500.02235174447,-187500.02235174447,-187500.02235174447
$SILENCE,1994.8931926361554,-7852.9054347163965,6562.874503478349,12271.398278641496,-187500.02235174447,-187500.02235174447,-187500.02235174447,-187500.02235174447
$SILENCE,2185.5535728399245,-7855.989975451229,6835.699896299827,12217.463519270841,-187500.02235174447,-187500.02235174447,-187500.02235174447,-187500.02235174447
$SILENCE,2372.4812117196575,-7791.728710142221,7330.746332495968,12180.65019615295,-187500.02235174447,-187500.02235174447,-187500.02235174447,-187500.02235174447
$SILENCE,2239.6224426773124,-7788.39830021838,7140.130655781109,12226.515975775239,-187500.02235174447,-187500.02235174447,-187500.02235174447,-187500.02235174447
$SILENCE,2032.3323645987946,-7842.288356100125,6611.534251157553,12285.591636370616,-187500.02235174447,-187500.02235174447,-187500.02235174447,-187500.02235174447
$SILENCE,2145.409839798193,-7860.885007486941,6728.635040358907,12245.939641706902,-187500.02235174447,-187500.02235174447,-187500.02235174447,-187500.02235174447
$SILENCE,2377.6891681777442,-7799.149489301382,7284.992311595955,12185.142896788466,-187500.02235174447,-187500.02235174447,-187500.02235174447,-187500.02235174447
$SILENCE,2288.729225245622,-7785.49257343919,7215.6124968066815,12203.158402819445,-187500.02235174447,-187500.02235174447,-187500.02235174447,-187500.02235174447
$SILENCE,2047.3303851283058,-7836.588661264022,6680.243513613166,12259.551854080184,-187500.02235174447,-187500.02235174447,-187500.02235174447,-187500.02235174447
$SILENCE,2095.31958047385,-7872.776135537164,6636.299984014033,12254.52271157774,-187500.02235174447,-187500.02235174447,-187500.02235174447,-187500.02235174447
$SILENCE,2357.729060379155,-7817.433216265824,7213.600839805704,12191.781364891693,-187500.02235174447,-187500.02235174447,-187500.02235174447,-187500.02235174447
$SILENCE,2326.056638485985,-7779.547009414078,7276.878628358678,12199.157440561943,-187500.02235174447,-187500.02235174447,-187500.02235174447,-187500.02235174447
$SILENCE,2089.016388537453,-7820.137777344916,6775.90897988188,12272.962900753368,-187500.02235174447,-187500.02235174447,-187500.02235174447,-187500.02235174447
$SILENCE,2060.4061556346605,-7867.501123845712,6581.2029339317005,12269.900711762992,-187500.02235174447,-187500.02235174447,-187500.02235174447,-187500.02235174447
$SILENCE,2325.9448797637083,-7822.55176574609,7135.973231312422,12200.498545229262,-187500.02235174447,-187500.02235174447,-187500.02235174447,-187500.02235174447
$SILENCE,2351.828199842954,-7779.390547202891,7324.35373358175,12193.524800959207,-187500.02235174447,-187500.02235174447,-187500.02235174447,-187500.02235174447
$SILENCE,2130.61298496878,-7810.8170999070535,6868.154629248933,12242.51982480524,-187500.02235174447,-187500.02235174447,-187500.02235174447,-187500.02235174447
$SILENCE,2041.5189315699258,-7865.780039522653,6535.426561287232,12265.050383216188,-187500.02235174447,-187500.02235174447,-187500.02235174447,-187500.02235174447
$SILENCE,2292.238449125105,-7841.014306666173,7019.990029333834,12205.147708075967,-187500.02235174447,-187500.02235174447,-187500.02235174447,-187500.02235174447
$SILENCE,2382.383034513359,-7783.011529804651,7342.50335007946,12192.27310326971,-187500.02235174447,-187500.02235174447,-187500.02235174447,-187500.02235174447
$SILENCE,2175.897619235232,-7799.328303257025,6969.4303833759295,12240.888147460002,-187500.02235174447,-187500.02235174447,-187500.02235174447,-187500.02235174447
$SILENCE,2023.481073794493,-7856.682879529343,6533.839587430905,12279.444906645407,-187500.02235174447,-187500.02235174447,-187500.02235174447,-187500.02235174447
$SILENCE,2251.9829573610973,-7846.021097424162,6915.361513538542,12220.168080349933,-187500.02235174447,-187500.02235174447,-187500.02235174447,-187500.02235174447
$SILENCE,2403.6842469792664,-7784.352634471969,7342.682164035102,12191.669606169417,-187500.02235174447,-187500.02235174447,-187500.02235174447,-187500.02235174447
$SILENCE,2233.118085040818,-7790.521715941634,7066.30284384523,12230.51693803274,-187500.02235174447,-187500.02235174447,-187500.02235174447,-187500.02235174447
$SILENCE,2035.707478011546,-7849.731487003743,6561.309881366477,12266.257377416776,-187500.02235174447,-187500.02235174447,-187500.02235174447,-187500.02235174447
$SILENCE,2194.449567133137,-7856.548769062611,6794.639741735428,12213.864888413536,-187500.02235174447,-187500.02235174447,-187500.02235174447,-187500.02235174447
$SILENCE,2397.313999809504,-7798.344826500992,7307.96990489601,12159.997184276246,-187500.02235174447,-187500.02235174447,-187500.02235174447,-187500.02235174447
$SILENCE,2272.9041901712644,-7792.086338053506,7144.5339494388045,12199.671530684416,-187500.02235174447,-187500.02235174447,-187500.02235174447,-187500.02235174447
$SILENCE,2049.587911318292,-7839.516739787668,6609.701408112217,12263.485761104317,-187500.02235174447,-187500.02235174447,-187500.02235174447,-187500.02235174447
$SILENCE,2152.0036044125086,-7854.760629506187,6695.04036844258,12234.450845056874,-187500.02235174447,-187500.02235174447,-187500.02235174447,-187500.02235174447
$SILENCE,2391.1896218287498,-7796.601390433478,7258.326680460773,12181.723079886804,-187500.02235174447,-187500.02235174447,-187500.02235174447,-187500.02235174447
$SILENCE,2314.925469747242,-7776.440116934791,7222.653296310103,12211.674417456916,-187500.02235174447,-187500.02235174447,-187500.02235174447,-187500.02235174447
$SILENCE,2085.060129768864,-7825.993934392207,6709.948981994269,12265.743287294305,-187500.02235174447,-187500.02235174447,-187500.02235174447,-187500.02235174447
$SILENCE,2116.1067028172856,-7860.907359231396,6639.920966615792,12244.978516695324,-187500.02235174447,-187500.02235174447,-187500.02235174447,-187500.02235174447
$SILENCE,2365.105136049406,-7810.459471995769,7176.2287230764305,12176.068088539612,-187500.02235174447,-187500.02235174447,-187500.02235174447,-187500.02235174447
$SILENCE,2362.266464503582,-7769.667538364833,7295.967018123511,12181.83483860908,-187500.02235174447,-187500.02235174447,-187500.02235174447,-187500.02235174447
$SILENCE,2108.641220169213,-7814.058102853072,6765.493066965708,12245.313792862153,-187500.02235174447,-187500.02235174447,-187500.02235174447,-187500.02235174447
$SILENCE,2071.8726005402327,-7859.812123753086,6557.733602253628,12256.780237767725,-187500.02235174447,-187500.02235174447,-187500.02235174447,-187500.02235174447
$SILENCE,2317.2276994261383,-7824.384608791424,7067.599245023638,12195.581161449094,-187500.02235174447,-187500.02235174447,-187500.02235174447,-187500.02235174447
$SILENCE,2367.407365728303,-7778.742346613687,7301.733768192979,12182.661853153928,-187500.02235174447,-187500.02235174447,-187500.02235174447,-187500.02235174447
$SILENCE,2152.227121857062,-7809.051312095084,6874.413117696419,12224.683132729904,-187500.02235174447,-187500.02235174447,-187500.02235174447,-187500.02235174447
$SILENCE,2034.9922221889763,-7859.879178986452,6510.683180175207,12242.206900382866,-187500.02235174447,-187500.02235174447,-187500.02235174447,-187500.02235174447
$SILENCE,2287.365768833848,-7828.989068149218,6977.991101502312,12188.138030545477,-187500.02235174447,-187500.02235174447,-187500.02235174447,-187500.02235174447
$SILENCE,2398.208069587716,-7772.863837821942,7326.3206870938175,12171.664794881915,-187500.02235174447,-187500.02235174447,-187500.02235174447,-187500.02235174447
$SILENCE,2202.1385672257625,-7791.8628206089525,6972.067889221656,12222.336199562098,-187500.02235174447,-187500.02235174447,-187500.02235174447,-187500.02235174447
$SILENCE,2036.6686030231242,-7854.447705083812,6516.941668622693,12262.479932603828,-187500.02235174447,-187500.02235174447,-187500.02235174447,-187500.02235174447
$SILENCE,2235.4873699530804,-7841.416638066368,6863.818390824604,12201.772594663214,-187500.02235174447,-187500.02235174447,-187500.02235174447,-187500.02235174447
$SILENCE,2396.8669649203975,-7779.010567547151,7315.189518355074,12169.541379158662,-187500.02235174447,-187500.02235174447,-187500.02235174447,-187500.02235174447
$SILENCE,2245.411544491237,-7783.011529804651,7064.201779866431,12208.969856377824,-187500.02235174447,-187500.02235174447,-187500.02235174447,-187500.02235174447
$SILENCE,2038.0767629238087,-7843.540053789623,6546.937709681715,12245.492606817796,-187500.02235174447,-187500.02235174447,-187500.02235174447,-187500.02235174447
$SILENCE,2193.801366543933,-7858.448667341312,6760.039241318613,12203.046644097167,-187500.02235174447,-187500.02235174447,-187500.02235174447,-187500.02235174447
$SILENCE,2414.591898273456,-7796.668445666844,7302.3149135488175,12162.679393610882,-187500.02235174447,-187500.02235174447,-187500.02235174447,-187500.02235174447
$SILENCE,2293.4230915812363,-7779.8822855809085,7150.032478574811,12205.37122552052,-187500.02235174447,-187500.02235174447,-187500.02235174447,-187500.02235174447
$SILENCE,2054.505295098459,-7831.470111783757,6606.97449528867,12265.296252405198,-187500.02235174447,-187500.02235174447,-187500.02235174447,-187500.02235174447
$SILENCE,2135.887996660232,-7857.442838840823,6649.688678942762,12230.47223454383,-187500.02235174447,-187500.02235174447,-187500.02235174447,-187500.02235174447
$SILENCE,2387.8145084159983,-7797.562515445056,7228.017714979376,12172.625919893495,-187500.02235174447,-187500.02235174447,-187500.02235174447,-187500.02235174447
$SILENCE,2330.4152286547696,-7771.612140132444,7221.356895131696,12193.234228281288,-187500.02235174447,-187500.02235174447,-187500.02235174447,-187500.02235174447
$SILENCE,2089.9775135490318,-7818.796672677598,6691.218220140722,12252.086371432111,-187500.02235174447,-187500.02235174447,-187500.02235174447,-187500.02235174447
$SILENCE,2094.7607868624673,-7861.957891220795,6577.783117030039,12242.162196893954,-187500.02235174447,-187500.02235174447,-187500.02235174447,-187500.02235174447
$SILENCE,2357.729060379155,-7813.8122336640645,7155.486304221905,12172.000071048746,-187500.02235174447,-187500.02235174447,-187500.02235174447,-187500.02235174447
$SILENCE,2359.248979002116,-7772.953244799763,7284.277055773385,12176.291605984165,-187500.02235174447,-187500.02235174447,-187500.02235174447,-187500.02235174447
$SILENCE,2125.8520633997996,-7807.576096961034,6800.384140060442,12234.428493312418,-187500.02235174447,-187500.02235174447,-187500.02235174447,-187500.02235174447
$SILENCE,2070.5314958729145,-7861.801429009609,6534.264270575556,12240.821092226637,-187500.02235174447,-187500.02235174447,-187500.02235174447,-187500.02235174447
$SILENCE,2335.846702557409,-7826.865652425963,7059.820837953191,12173.519989671708,-187500.02235174447,-187500.02235174447,-187500.02235174447,-187500.02235174447
$SILENCE,2392.173098584783,-7779.792878603087,7315.033056143887,12160.444219165352,-187500.02235174447,-187500.02235174447,-187500.02235174447,-187500.02235174447
$SILENCE,2177.19402041364,-7804.558611459567,6900.5199552202175,12205.259466798243,-187500.02235174447,-187500.02235174447,-187500.02235174447,-187500.02235174447
$SILENCE,2052.7171555420346,-7861.153228420405,6520.875575646827,12224.929001918914,-187500.02235174447,-187500.02235174447,-187500.02235174447,-187500.02235174447
$SILENCE,2289.824460723932,-7841.573100277556,6956.533426825217,12158.857245309026,-187500.02235174447,-187500.02235174447,-187500.02235174447,-187500.02235174447
$SILENCE,2407.841671447953,-7780.888114081396,7328.757027239446,12140.707628811317,-187500.02235174447,-187500.02235174447,-187500.02235174447,-187500.02235174447
$SILENCE,2227.708962882634,-7794.701492154777,7008.635343150538,12200.252676040254,-187500.02235174447,-187500.02235174447,-187500.02235174447,-187500.02235174447
$SILENCE,2055.3770131322162,-7857.88987372993,6541.305070078978,12233.534423534205,-187500.02235174447,-187500.02235174447,-187500.02235174447,-187500.02235174447
$SILENCE,2251.1335910717953,-7855.565292306578,6858.185751221866,12173.229416993789,-187500.02235174447,-187500.02235174447,-187500.02235174447,-187500.02235174447
$SILENCE,2421.6103460324225,-7791.907524097864,7325.180748126597,12137.0642944651,-187500.02235174447,-187500.02235174447,-187500.02235174447,-187500.02235174447
$SILENCE,2270.5796087479125,-7791.236971764204,7097.192954682464,12171.843608837558,-187500.02235174447,-187500.02235174447,-187500.02235174447,-187500.02235174447
$SILENCE,2057.679242811113,-7848.613899780978,6576.866695507371,12218.1340716045,-187500.02235174447,-187500.02235174447,-187500.02235174447,-187500.02235174447
$SILENCE,2190.962694998109,-7862.1814086653485,6748.505741179674,12179.063222296623,-187500.02235174447,-187500.02235174447,-187500.02235174447,-187500.02235174447
$SILENCE,2410.725046482688,-7800.3117800130585,7289.2838465313735,12133.063332207601,-187500.02235174447,-187500.02235174447,-187500.02235174447,-187500.02235174447
$SILENCE,2314.8807662583313,-7788.73357638521,7188.9468656715,12163.417001177908,-187500.02235174447,-187500.02235174447,-187500.02235174447,-187500.02235174447
$SILENCE,2080.768594833445,-7840.656678754888,6655.947167390248,12214.915420402935,-187500.02235174447,-187500.02235174447,-187500.02235174447,-187500.02235174447
$SILENCE,2144.7839909534446,-7870.69742330282,6660.663385470318,12181.968949075814,-187500.02235174447,-187500.02235174447,-187500.02235174447,-187500.02235174447
$SILENCE,2402.3431423119478,-7812.851108652486,7233.71740981548,12122.759178013705,-187500.02235174447,-187500.02235174447,-187500.02235174447,-187500.02235174447
$SILENCE,2358.46666794618,-7785.49257343919,7254.191607736541,12141.601698589528,-187500.02235174447,-187500.02235174447,-187500.02235174447,-187500.02235174447
$SILENCE,2114.385618494227,-7831.73833271722,6737.1063515074675,12205.482984242795,-187500.02235174447,-187500.02235174447,-187500.02235174447,-187500.02235174447
$SILENCE,2115.8161301393666,-7877.537057106145,6592.06588173698,12196.207010293843,-187500.02235174447,-187500.02235174447,-187500.02235174447,-187500.02235174447
$SILENCE,2385.9369618817523,-7833.705286229288,7151.08301056421,12113.282038364654,-187500.02235174447,-187500.02235174447,-187500.02235174447,-187500.02235174447
$SILENCE,2393.849479418931,-7793.15922178736,7293.77654716689,12110.711587752294,-187500.02235174447,-187500.02235174447,-187500.02235174447,-187500.02235174447
$SILENCE,2178.9821599700645,-7826.217451836759,6838.225643423277,12180.851361853047,-187500.02235174447,-187500.02235174447,-187500.02235174447,-187500.02235174447
$SILENCE,2112.6868859156234,-7877.89468501743,6555.2525586190895,12197.637521938983,-187500.02235174447,-187500.02235174447,-187500.02235174447,-187500.02235174447
$SILENCE,2372.615322186389,-7845.775228235153,7062.056012398722,12131.54341358464,-187500.02235174447,-187500.02235174447,-187500.02235174447,-187500.02235174447
não,2429.969898458707,-7792.421614220335,7337.7647802549345,12120.188727401344,-187500.02235174447,-187500.02235174447,-187500.02235174447,-187500.02235174447
não,2203.189099215162,-7814.59454472,6940.976612684323,12180.337271730576,-187500.02235174447,-187500.02235174447,-187500.02235174447,-187500.02235174447
não,2057.9251120001213,-7870.406850624901,6535.58302349842,12212.143804090478,-187500.02235174447,-187500.02235174447,-187500.02235174447,-187500.02235174447
não,2295.457100326669,-7851.0278881821505,6952.152484911977,12145.468550380296,-187500.02235174447,-187500.02235174447,-187500.02235174447,-187500.02235174447
não,2428.047648435551,-7791.6840066533105,7346.817236759333,12119.853451234514,-187500.02235174447,-187500.02235174447,-187500.02235174447,-187500.02235174447
não,2241.8352653783877,-7804.044521337095,7038.96666037639,12172.514161171219,-187500.02235174447,-187500.02235174447,-187500.02235174447,-187500.02235174447
não,2047.6656612951354,-7865.2883011446365,6552.883273706827,12208.142841832978,-187500.02235174447,-187500.02235174447,-187500.02235174447,-187500.02235174447
não,2236.5826054313907,-7866.450591856313,6838.136236445455,12153.381067917475,-187500.02235174447,-187500.02235174447,-187500.02235174447,-187500.02235174447
não,2418.2575843641266,-7801.541125958101,7322.185614369585,12109.951628440813,-187500.02235174447,-187500.02235174447,-187500.02235174447,-187500.02235174447
não,2275.6758064837227,-7800.0212073351395,7115.811957813735,12136.371390386987,-187500.02235174447,-187500.02235174447,-187500.02235174447,-187500.02235174447
não,2060.1602864456518,-7854.179484150349,6593.630503848852,12188.98739683478,-187500.02235174447,-187500.02235174447,-187500.02235174447,-187500.02235174447
não,2186.1347181957626,-7869.915112246885,6734.915880550848,12169.675489625393,-187500.02235174447,-187500.02235174447,-187500.02235174447,-187500.02235174447
não,2421.878566965886,-7806.25734403817,7290.49084073196,12128.25770714971,-187500.02235174447,-187500.02235174447,-187500.02235174447,-187500.02235174447
não,2331.55516762199,-7789.11355604095,7214.405502606095,12140.774684044682,-187500.02235174447,-187500.02235174447,-187500.02235174447,-187500.02235174447
não,2083.6966733570903,-7843.495350300712,6675.437888555275,12185.925207844402,-187500.02235174447,-187500.02235174447,-187500.02235174447,-187500.02235174447
não,2128.400162267704,-7878.520533862178,6644.547777718041,12176.962158317823,-187500.02235174447,-187500.02235174447,-187500.02235174447,-187500.02235174447
não,2394.6541422193222,-7821.367123289958,7226.2966306563185,12118.110015167,-187500.02235174447,-187500.02235174447,-187500.02235174447,-187500.02235174447
não,2350.80001959801,-7788.554762429567,7273.995253323943,12133.935050241358,-187500.02235174447,-187500.02235174447,-187500.02235174447,-187500.02235174447
não,2121.247604042006,-7834.711114729776,6763.190837286811,12193.234228281288,-187500.02235174447,-187500.02235174447,-187500.02235174447,-187500.02235174447
não,2110.6975806591013,-7875.883028016452,6582.991073488125,12177.40919320693,-187500.02235174447,-187500.02235174447,-187500.02235174447,-187500.02235174447
não,2373.6435024313337,-7831.805387950586,7134.945051067478,12107.49293655073,-187500.02235174447,-187500.02235174447,-187500.02235174447,-187500.02235174447
não,2390.0720346059843,-7786.9901403176955,7310.227431085996,12106.129480138956,-187500.02235174447,-187500.02235174447,-187500.02235174447,-187500.02235174447
não,2161.547799294925,-7819.847204666997,6857.001108765735,12164.69105061186,-187500.02235174447,-187500.02235174447,-187500.02235174447,-187500.02235174447
não,2071.1126412287526,-7875.883028016452,6544.523721280542,12190.46261196883,-187500.02235174447,-187500.02235174447,-187500.02235174447,-187500.02235174447
não,2320.848682027898,-7846.8034084800975,7033.624593451571,12128.078893194068,-187500.02235174447,-187500.02235174447,-187500.02235174447,-187500.02235174447
não,2400.1526713553276,-7791.818117120042,7335.820178487323,12109.01285517369,-187500.02235174447,-187500.02235174447,-187500.02235174447,-187500.02235174447
não,2208.598221373346,-7815.242745309204,6962.434287361418,12159.438390664864,-187500.02235174447,-187500.02235174447,-187500.02235174447,-187500.02235174447
não,2064.6529870811687,-7869.624539568966,6540.9921456566035,12190.373204991009,-187500.02235174447,-187500.02235174447,-187500.02235174447,-187500.02235174447
não,2290.115033401851,-7856.593472551522,6931.298307335175,12136.281983409166,-187500.02235174447,-187500.02235174447,-187500.02235174447,-187500.02235174447
não,2428.3829246023806,-7799.238896279204,7345.498483836471,12105.30246559411,-187500.02235174447,-187500.02235174447,-187500.02235174447,-187500.02235174447
não,2257.928521386209,-7806.950248116285,7063.888855444057,12154.275137695688,-187500.02235174447,-187500.02235174447,-187500.02235174447,-187500.02235174447
não,2064.6976905700794,-7864.148362177416,6568.261273892078,12195.31294051563,-187500.02235174447,-187500.02235174447,-187500.02235174447,-187500.02235174447
não,2231.732276884589,-7870.093926202528,6812.811709977593,12132.63864906295,-187500.02235174447,-187500.02235174447,-187500.02235174447,-187500.02235174447
não,2425.007811189629,-7810.727692929232,7311.188556097574,12085.811744429082,-187500.02235174447,-187500.02235174447,-187500.02235174447,-187500.02235174447
não,2304.531908575524,-7808.559573717067,7148.490208207394,12129.956439728314,-187500.02235174447,-187500.02235174447,-187500.02235174447,-187500.02235174447
não,2083.5625628903585,-7857.800466752108,6622.419550707287,12182.572446176106,-187500.02235174447,-187500.02235174447,-187500.02235174447,-187500.02235174447
não,2188.951037997131,-7878.185257695349,6716.430987886309,12145.580309102574,-187500.02235174447,-187500.02235174447,-187500.02235174447,-187500.02235174447
não,2425.3207356120033,-7819.780149433631,7276.923331847589,12086.884628162936,-187500.02235174447,-187500.02235174447,-187500.02235174447,-187500.02235174447
não,2345.7708770955655,-7796.936666600307,7229.202357435508,12113.706721509305,-187500.02235174447,-187500.02235174447,-187500.02235174447,-187500.02235174447
não,2104.4390922116154,-7848.368030591969,6695.152127164856,12166.568597146106,-187500.02235174447,-187500.02235174447,-187500.02235174447,-187500.02235174447
não,2139.7548484510003,-7887.729452577764,6628.946260088237,12146.340268414053,-187500.02235174447,-187500.02235174447,-187500.02235174447,-187500.02235174447
não,2397.8727934208864,-7837.102751386494,7207.85644148069,12088.739822952726,-187500.02235174447,-187500.02235174447,-187500.02235174447,-187500.02235174447
não,2387.9933223716407,-7802.21167829176,7295.743500678957,12108.96815168478,-187500.02235174447,-187500.02235174447,-187500.02235174447,-187500.02235174447
não,2147.9802904105536,-7842.377763077947,6795.243238835721,12161.919434299403,-187500.02235174447,-187500.02235174447,-187500.02235174447,-187500.02235174447
não,2100.7957578654,-7886.790679310642,6579.861829264382,12162.992318033257,-187500.02235174447,-187500.02235174447,-187500.02235174447,-187500.02235174447
não,2367.6755866617664,-7842.958908433785,7120.751693338358,12103.827250460059,-187500.02235174447,-187500.02235174447,-187500.02235174447,-187500.02235174447
não,2408.9592586707186,-7793.87447760993,7335.373143598216,12100.228619602754,-187500.02235174447,-187500.02235174447,-187500.02235174447,-187500.02235174447
não,2188.1687269411955,-7810.839451651508,6903.068054088123,12160.98066103228,-187500.02235174447,-187500.02235174447,-187500.02235174447,-187500.02235174447
não,2068.5645423608476,-7879.705176318309,6536.298279320989,12164.288719211665,-187500.02235174447,-187500.02235174447,-187500.02235174447,-187500.02235174447
não,2309.5163475890577,-7873.491391359734,6982.4614503933735,12085.565875240074,-187500.02235174447,-187500.02235174447,-187500.02235174447,-187500.02235174447
não,2426.7959507460537,-7807.576096961034,7344.5150070804375,12086.191724084822,-187500.02235174447,-187500.02235174447,-187500.02235174447,-187500.02235174447
não,2228.088942538374,-7816.941477887807,6984.093127738611,12150.02830624918,-187500.02235174447,-187500.02235174447,-187500.02235174447,-187500.02235174447
não,2057.9474637445765,-7875.346586149524,6540.232186345123,12183.779440376693,-187500.02235174447,-187500.02235174447,-187500.02235174447,-187500.02235174447
não,2276.59222800639,-7853.821856239064,6908.857155902047,12132.661000807406,-187500.02235174447,-187500.02235174447,-187500.02235174447,-187500.02235174447
não,2454.310948170537,-7790.0970327969835,7385.038719777909,12113.840831976036,-187500.02235174447,-187500.02235174447,-187500.02235174447,-187500.02235174447
não,2262.8459051663763,-7823.1999663352935,7062.011308909811,12117.260648877698,-187500.02235174447,-187500.02235174447,-187500.02235174447,-187500.02235174447
não,2043.3741263597165,-7881.292150174636,6522.350790780877,12158.857245309026,-187500.02235174447,-187500.02235174447,-187500.02235174447,-187500.02235174447
não,2216.667201121712,-7882.946179264329,6787.196610831811,12146.966117258802,-187500.02235174447,-187500.02235174447,-187500.02235174447,-187500.02235174447
não,2435.5801863169895,-7802.502250969679,7300.236201314474,12098.954570168802,-187500.02235174447,-187500.02235174447,-187500.02235174447,-187500.02235174447
não,2301.5814783074234,-7805.698550426788,7124.372675940118,12116.903020966414,-187500.02235174447,-187500.02235174447,-187500.02235174447,-187500.02235174447
não,2059.31092015635,-7865.5565220781,6593.831669548949,12162.791152333159,-187500.02235174447,-187500.02235174447,-187500.02235174447,-187500.02235174447
não,2179.3621396258045,-7855.632347539944,6693.878077730904,12176.93980657337,-187500.02235174447,-187500.02235174447,-187500.02235174447,-187500.02235174447
não,2404.600668501934,-7818.483748255223,7240.489988385438,12112.410320330897,-187500.02235174447,-187500.02235174447,-187500.02235174447,-187500.02235174447
não,2302.922582974742,-7831.514815272667,7192.18786861752,12101.815593459081,-187500.02235174447,-187500.02235174447,-187500.02235174447,-187500.02235174447
não,2077.4381849096044,-7856.526417318156,6684.579752037496,12181.723079886804,-187500.02235174447,-187500.02235174447,-187500.02235174447,-187500.02235174447
não,2114.2068045385845,-7888.020025255683,6609.947277301226,12209.551001733662,-187500.02235174447,-187500.02235174447,-187500.02235174447,-187500.02235174447
não,2377.6221129443784,-7830.643097238911,7151.977080342422,12113.460852320297,-187500.02235174447,-187500.02235174447,-187500.02235174447,-187500.02235174447
não,2356.99145281213,-7800.758814902165,7248.201340222519,12110.219849374278,-187500.02235174447,-187500.02235174447,-187500.02235174447,-187500.02235174447
não,2112.217499282062,-7848.300975358603,6761.737973897216,12168.468495424808,-187500.02235174447,-187500.02235174447,-187500.02235174447,-187500.02235174447
não,2061.613149835247,-7892.780946824664,6519.24389830159,12186.685167155883,-187500.02235174447,-187500.02235174447,-187500.02235174447,-187500.02235174447
não,2326.280155930538,-7853.039545183128,7054.948157661934,12119.182898900855,-187500.02235174447,-187500.02235174447,-187500.02235174447,-187500.02235174447
não,2387.0321973600626,-7797.450756722779,7304.907715905633,12121.954515213314,-187500.02235174447,-187500.02235174447,-187500.02235174447,-187500.02235174447
não,2159.4020318272155,-7839.025001409651,6881.252751499743,12173.385879204974,-187500.02235174447,-187500.02235174447,-187500.02235174447,-187500.02235174447
não,2031.0806669092974,-7898.190068982848,6513.633610443308,12189.255617768244,-187500.02235174447,-187500.02235174447,-187500.02235174447,-187500.02235174447
não,2282.470736798136,-7867.41171686789,6958.612139059561,12137.198404931833,-187500.02235174447,-187500.02235174447,-187500.02235174447,-187500.02235174447
não,2393.3577410409143,-7810.884155140419,7314.004875898943,12107.738805739738,-187500.02235174447,-187500.02235174447,-187500.02235174447,-187500.02235174447
não,2198.9422677686534,-7820.003666878184,6982.550857371195,12152.039963250156,-187500.02235174447,-187500.02235174447,-187500.02235174447,-187500.02235174447
não,2024.4198470616159,-7873.5584465931,6538.309936321966,12195.022367837711,-187500.02235174447,-187500.02235174447,-187500.02235174447,-187500.02235174447
não,2198.383474157271,-7898.190068982848,6827.988544462746,12125.799015259627,-187500.02235174447,-187500.02235174447,-187500.02235174447,-187500.02235174447
não,2379.857287389909,-7831.6489257394,7286.10989881872,12103.53667778214,-187500.02235174447,-187500.02235174447,-187500.02235174447,-187500.02235174447
não,2244.7856956464884,-7822.372951790447,7077.948102706445,12160.444219165352,-187500.02235174447,-187500.02235174447,-187500.02235174447,-187500.02235174447
não,2027.2808703518954,-7873.491391359734,6553.933805696226,12192.183696291888,-187500.02235174447,-187500.02235174447,-187500.02235174447,-187500.02235174447
não,2160.7207847500786,-7889.495240389734,6729.596165370484,12145.848530036037,-187500.02235174447,-187500.02235174447,-187500.02235174447,-187500.02235174447
não,2376.728043166166,-7830.576042005545,7267.692061387546,12106.330645839054,-187500.02235174447,-187500.02235174447,-187500.02235174447,-187500.02235174447
não,2271.9430651596863,-7819.578983733533,7157.073278078232,12150.587099860562,-187500.02235174447,-187500.02235174447,-187500.02235174447,-187500.02235174447
não,2037.674431523613,-7868.149324434916,6621.950164073725,12200.610303951538,-187500.02235174447,-187500.02235174447,-187500.02235174447,-187500.02235174447
não,2107.613039924269,-7895.105528248016,6637.752847403628,12162.388820932963,-187500.02235174447,-187500.02235174447,-187500.02235174447,-187500.02235174447
não,2355.762106867088,-7838.1756351203485,7201.419139077561,12107.336474339543,-187500.02235174447,-187500.02235174447,-187500.02235174447,-187500.02235174447
não,2316.9371267482197,-7813.87928889743,7219.7252177864575,12131.386951373453,-187500.02235174447,-187500.02235174447,-187500.02235174447,-187500.02235174447
não,2078.93575178811,-7860.348565620014,6703.869307502426,12181.968949075814,-187500.02235174447,-187500.02235174447,-187500.02235174447,-187500.02235174447
não,2074.21953370804,-7902.235734729259,6569.982358215137,12169.161399502922,-187500.02235174447,-187500.02235174447,-187500.02235174447,-187500.02235174447
não,2346.575539895957,-7854.201835894804,7138.878958091612,12109.72811099626,-187500.02235174447,-187500.02235174447,-187500.02235174447,-187500.02235174447
não,2356.1197347783727,-7814.371027275447,7277.683291159069,12122.379198357965,-187500.02235174447,-187500.02235174447,-187500.02235174447,-187500.02235174447
não,2115.5479092059027,-7850.133818403938,6796.58434350304,12178.347966474053,-187500.02235174447,-187500.02235174447,-187500.02235174447,-187500.02235174447
não,2033.964041944032,-7906.124938264483,6519.445064001688,12176.31395772862,-187500.02235174447,-187500.02235174447,-187500.02235174447,-187500.02235174447
não,2302.341437618904,-7869.244559913226,7044.44283776794,12112.96911394228,-187500.02235174447,-187500.02235174447,-187500.02235174447,-187500.02235174447
não,2372.950598353219,-7812.471128996745,7314.4072072991385,12104.117823137978,-187500.02235174447,-187500.02235174447,-187500.02235174447,-187500.02235174447
não,2156.2951393479275,-7836.923937430852,6909.706522191349,12158.320803442099,-187500.02235174447,-187500.02235174447,-187500.02235174447,-187500.02235174447
não,2024.3080883393395,-7899.03943527215,6518.126311078824,12176.559826917628,-187500.02235174447,-187500.02235174447,-187500.02235174447,-187500.02235174447
não,2254.5757597179127,-7885.807202554608,6944.262319119253,12113.34909359802,-187500.02235174447,-187500.02235174447,-187500.02235174447,-187500.02235174447
não,2379.6784734342664,-7827.580908248533,7328.131178394697,12093.277227077155,-187500.02235174447,-187500.02235174447,-187500.02235174447,-187500.02235174447
não,2196.14829971174,-7837.818007209064,7013.15039553051,12134.560899086107,-187500.02235174447,-187500.02235174447,-187500.02235174447,-187500.02235174447
não,2012.7298847114903,-7895.329045692569,6536.924128165738,12176.872751340003,-187500.02235174447,-187500.02235174447,-187500.02235174447,-187500.02235174447
não,2194.1366427107623,-7893.160926480405,6826.692143284338,12118.422939589374,-187500.02235174447,-187500.02235174447,-187500.02235174447,-187500.02235174447
não,2376.1021943214173,-7829.905489671885,7308.662808974124,12081.587264727028,-187500.02235174447,-187500.02235174447,-187500.02235174447,-187500.02235174447
não,2229.0724192944076,-7829.681972227332,7104.703140819448,12120.278134379165,-187500.02235174447,-187500.02235174447,-187500.02235174447,-187500.02235174447
não,2005.7114369525239,-7889.517592134189,6582.097003709913,12172.26829198221,-187500.02235174447,-187500.02235174447,-187500.02235174447,-187500.02235174447
não,2133.272842558961,-7903.778005096675,6732.14426423839,12137.913660754402,-187500.02235174447,-187500.02235174447,-187500.02235174447,-187500.02235174447
não,2357.080859789951,-7841.416638066368,7274.598750424237,12084.492991506218,-187500.02235174447,-187500.02235174447,-187500.02235174447,-187500.02235174447
não,2257.7720591750217,-7823.714056457765,7184.476516780439,12108.521116795673,-187500.02235174447,-187500.02235174447,-187500.02235174447,-187500.02235174447
não,2025.4927307954706,-7870.965644236285,6655.947167390248,12166.03215527918,-187500.02235174447,-187500.02235174447,-187500.02235174447,-187500.02235174447
não,2079.3380831883055,-7901.028740528673,6640.8373881384605,12145.669716080394,-187500.02235174447,-187500.02235174447,-187500.02235174447,-187500.02235174447
não,2335.0196880125627,-7845.819931724064,7213.2655636388745,12082.68250020534,-187500.02235174447,-187500.02235174447,-187500.02235174447,-187500.02235174447
não,2297.1334811608176,-7815.756835431676,7254.213959480997,12103.648436504416,-187500.02235174447,-187500.02235174447,-187500.02235174447,-187500.02235174447
não,2053.7229840425234,-7857.800466752108,6744.1918544998,12160.488922654262,-187500.02235174447,-187500.02235174447,-187500.02235174447,-187500.02235174447
não,2036.936823956588,-7904.493260919245,6577.984282730136,12152.732867328272,-187500.02235174447,-187500.02235174447,-187500.02235174447,-187500.02235174447
não,2305.515385331558,-7853.464228327779,7134.475664433917,12092.696081721317,-187500.02235174447,-187500.02235174447,-187500.02235174447,-187500.02235174447
não,2324.670830329756,-7813.119329585949,7303.745425193957,12092.15963985439,-187500.02235174447,-187500.02235174447,-187500.02235174447,-187500.02235174447
não,2094.1125862732633,-7845.283489857136,6844.126503959478,12154.588062118062,-187500.02235174447,-187500.02235174447,-187500.02235174447,-187500.02235174447
não,2002.8727654067,-7897.787737582653,6537.281756077023,12162.388820932963,-187500.02235174447,-187500.02235174447,-187500.02235174447,-187500.02235174447
não,2261.30363479896,-7868.84222851303,7037.20087256442,12107.649398761916,-187500.02235174447,-187500.02235174447,-187500.02235174447,-187500.02235174447
não,2341.7028596047,-7814.549841231089,7329.427579573105,12103.693139993327,-187500.02235174447,-187500.02235174447,-187500.02235174447,-187500.02235174447
não,2136.580900738347,-7831.112483872472,6947.771542998737,12148.64249809295,-187500.02235174447,-187500.02235174447,-187500.02235174447,-187500.02235174447
não,1995.1837653140744,-7885.159001965404,6536.499445021087,12175.397536205952,-187500.02235174447,-187500.02235174447,-187500.02235174447,-187500.02235174447
não,2221.2269569905948,-7869.624539568966,6930.873624190524,12117.283000622154,-187500.02235174447,-187500.02235174447,-187500.02235174447,-187500.02235174447
não,2362.825258114965,-7809.2301260507265,7335.998992442965,12084.358881039487,-187500.02235174447,-187500.02235174447,-187500.02235174447,-187500.02235174447
não,2183.38545362776,-7823.065855868561,7043.057029611711,12129.97879147277,-187500.02235174447,-187500.02235174447,-187500.02235174447,-187500.02235174447
não,1992.9485908685435,-7881.381557152457,6555.297262108,12185.522876444207,-187500.02235174447,-187500.02235174447,-187500.02235174447,-187500.02235174447
não,2167.538066808947,-7882.99088275324,6817.773797246671,12141.556995100618,-187500.02235174447,-187500.02235174447,-187500.02235174447,-187500.02235174447
não,2358.2207987571715,-7823.915222157863,7315.167166610619,12092.919599165869,-187500.02235174447,-187500.02235174447,-187500.02235174447,-187500.02235174447
não,2224.8479395923546,-7812.806405163576,7130.094722520676,12130.738750784249,-187500.02235174447,-187500.02235174447,-187500.02235174447,-187500.02235174447
não,2003.2974485513507,-7871.591493081033,6600.626599863363,12182.125411287,-187500.02235174447,-187500.02235174447,-187500.02235174447,-187500.02235174447
não,2110.809339381378,-7892.89270554694,6713.547612851574,12145.78147480267,-187500.02235174447,-187500.02235174447,-187500.02235174447,-187500.02235174447
não,2344.921510806264,-7831.403056550391,7267.557950920815,12090.684424720339,-187500.02235174447,-187500.02235174447,-187500.02235174447,-187500.02235174447
não,2274.2005913496723,-7806.25734403817,7210.002208948399,12125.039055948146,-187500.02235174447,-187500.02235174447,-187500.02235174447,-187500.02235174447
não,2032.801751232356,-7854.626519039455,6675.974330422203,12178.593835663061,-187500.02235174447,-187500.02235174447,-187500.02235174447,-187500.02235174447
não,2072.74431857399,-7891.3504351795245,6625.302925742022,12161.382992432475,-187500.02235174447,-187500.02235174447,-187500.02235174447,-187500.02235174447
não,2331.689278088722,-7835.605184507988,7203.542554800815,12109.146965640422,-187500.02235174447,-187500.02235174447,-187500.02235174447,-187500.02235174447
não,2304.4201498532475,-7804.35744575947,7271.782430622868,12124.033227447657,-187500.02235174447,-187500.02235174447,-187500.02235174447,-187500.02235174447
não,2066.9775685045206,-7845.819931724064,6766.945930355303,12177.699765884849,-187500.02235174447,-187500.02235174447,-187500.02235174447,-187500.02235174447
não,2037.026230934409,-7888.8917432894405,6568.753012270095,12177.856228096036,-187500.02235174447,-187500.02235174447,-187500.02235174447,-187500.02235174447
não,2303.660190541767,-7846.490484057723,7117.6448008590705,12115.852488977014,-187500.02235174447,-187500.02235174447,-187500.02235174447,-187500.02235174447
não,2335.0643915014734,-7802.882230625419,7314.921297421611,12112.007988930702,-187500.02235174447,-187500.02235174447,-187500.02235174447,-187500.02235174447
não,2114.251508027495,-7831.179539105838,6868.847533327047,12171.195408248355,-187500.02235174447,-187500.02235174447,-187500.02235174447,-187500.02235174447
não,2012.3946085446607,-7884.264932187192,6532.699648463685,12191.893123613969,-187500.02235174447,-187500.02235174447,-187500.02235174447,-187500.02235174447
não,2260.7671929320327,-7858.873350485963,7014.558555431195,12126.111939682001,-187500.02235174447,-187500.02235174447,-187500.02235174447,-187500.02235174447
não,2355.382127211348,-7805.810309149064,7336.200158143063,12105.347169083021,-187500.02235174447,-187500.02235174447,-187500.02235174447,-187500.02235174447
não,2152.6294532572574,-7826.26215532567,6966.815229274658,12153.850454551037,-187500.02235174447,-187500.02235174447,-187500.02235174447,-187500.02235174447
não,1998.7600444269235,-7881.694481574832,6535.784189198517,12190.619074180016,-187500.02235174447,-187500.02235174447,-187500.02235174447,-187500.02235174447
não,2215.2590412210275,-7868.194027923826,6905.593801211572,12138.83008227707,-187500.02235174447,-187500.02235174447,-187500.02235174447,-187500.02235174447
não,2371.654197174811,-7809.051312095084,7335.64136453168,12114.489032565241,-187500.02235174447,-187500.02235174447,-187500.02235174447,-187500.02235174447
não,2206.631267861279,-7815.175690075838,7064.693518244448,12147.88253878147,-187500.02235174447,-187500.02235174447,-187500.02235174447,-187500.02235174447
não,2004.6385532186691,-7874.0948884600275,6558.806485987483,12181.253693253244,-187500.02235174447,-187500.02235174447,-187500.02235174447,-187500.02235174447
não,2170.1085174213076,-7878.788754795642,6793.008064390191,12143.725114312783,-187500.02235174447,-187500.02235174447,-187500.02235174447,-187500.02235174447
não,2370.1789820407607,-7815.086283098017,7308.908678163133,12107.224715617265,-187500.02235174447,-187500.02235174447,-187500.02235174447,-187500.02235174447
não,2249.9936521045747,-7809.207774306271,7153.4522954764725,12142.78634104566,-187500.02235174447,-187500.02235174447,-187500.02235174447,-187500.02235174447
não,2017.4908062804707,-7861.60026330951,6620.162024517301,12189.36737649052,-187500.02235174447,-187500.02235174447,-187500.02235174447,-187500.02235174447
não,2110.094083558808,-7886.522458377178,6694.414519597831,12155.012745262713,-187500.02235174447,-187500.02235174447,-187500.02235174447,-187500.02235174447
não,2356.6785283897557,-7823.982277391229,7259.131343261164,12098.127555623956,-187500.02235174447,-187500.02235174447,-187500.02235174447,-187500.02235174447
não,2287.857507211865,-7799.618875934944,7226.229575422952,12126.715436782293,-187500.02235174447,-187500.02235174447,-187500.02235174447,-187500.02235174447
não,2045.5869490607918,-7851.139646904427,6695.80032775406,12187.668643911917,-187500.02235174447,-187500.02235174447,-187500.02235174447,-187500.02235174447
não,2063.200123691574,-7891.328083435069,6609.16496624529,12164.422829678397,-187500.02235174447,-187500.02235174447,-187500.02235174447,-187500.02235174447
não,2329.4541036431915,-7837.88506244243,7184.320054569252,12101.010930658691,-187500.02235174447,-187500.02235174447,-187500.02235174447,-187500.02235174447
não,2319.55228084949,-7801.921105613841,7283.874724373189,12129.531756583663,-187500.02235174447,-187500.02235174447,-187500.02235174447,-187500.02235174447
não,2083.897839057188,-7840.880196199441,6794.684445224339,12184.2264752658,-187500.02235174447,-187500.02235174447,-187500.02235174447,-187500.02235174447
não,2032.6899925100795,-7891.193972968337,6557.465381320165,12176.69393738436,-187500.02235174447,-187500.02235174447,-187500.02235174447,-187500.02235174447
não,2304.4872050866134,-7846.065800913072,7098.936390749978,12112.365616841988,-187500.02235174447,-187500.02235174447,-187500.02235174447,-187500.02235174447
não,2352.6105108988895,-7796.154355544371,7326.767721982923,12107.828212717559,-187500.02235174447,-187500.02235174447,-187500.02235174447,-187500.02235174447
não,2129.8530256572994,-7828.586736749022,6893.568562694617,12164.176960489389,-187500.02235174447,-187500.02235174447,-187500.02235174447,-187500.02235174447
não,2014.0262858898982,-7886.410699654902,6532.140854852302,12190.261446268732,-187500.02235174447,-187500.02235174447,-187500.02235174447,-187500.02235174447
não,2254.419297506726,-7861.264987142681,6988.116441740566,12128.034189705157,-187500.02235174447,-187500.02235174447,-187500.02235174447,-187500.02235174447
não,2358.913702835286,-7807.598448705488,7338.725905266512,12106.06242490559,-187500.02235174447,-187500.02235174447,-187500.02235174447,-187500.02235174447
não,2158.9773486825643,-7822.9093936573745,6986.350653928596,12159.438390664864,-187500.02235174447,-187500.02235174447,-187500.02235174447,-187500.02235174447
não,1998.000085115443,-7878.386423395446,6534.95717465367,12189.099155557056,-187500.02235174447,-187500.02235174447,-187500.02235174447,-187500.02235174447
não,2207.1677097282063,-7868.305786646103,6878.347024720553,12125.419035603885,-187500.02235174447,-187500.02235174447,-187500.02235174447,-187500.02235174447
não,2372.7047291642107,-7808.157242316872,7330.612222029236,12099.088680635534,-187500.02235174447,-187500.02235174447,-187500.02235174447,-187500.02235174447
não,2216.600145888346,-7810.727692929232,7090.554486579238,12155.12450398499,-187500.02235174447,-187500.02235174447,-187500.02235174447,-187500.02235174447
não,2010.0700271213088,-7869.4010221244125,6576.911398996282,12200.722062673816,-187500.02235174447,-187500.02235174447,-187500.02235174447,-187500.02235174447
não,2159.8267149718663,-7883.03558624215,6772.399756002397,12152.129370227978,-187500.02235174447,-187500.02235174447,-187500.02235174447,-187500.02235174447
não,2371.989473341641,-7820.182480833827,7297.598695468748,12103.424919059864,-187500.02235174447,-187500.02235174447,-187500.02235174447,-187500.02235174447
não,2257.280320797005,-7809.028960350628,7167.578597972227,12138.047771221134,-187500.02235174447,-187500.02235174447,-187500.02235174447,-187500.02235174447
não,2035.3722018447165,-7856.884045229441,6643.921928873293,12199.783289406692,-187500.02235174447,-187500.02235174447,-187500.02235174447,-187500.02235174447
não,2112.5304237044365,-7880.46513562979,6680.8693624579155,12164.735754100771,-187500.02235174447,-187500.02235174447,-187500.02235174447,-187500.02235174447
não,2356.1644382672835,-7826.217451836759,7245.72029658798,12108.610523773496,-187500.02235174447,-187500.02235174447,-187500.02235174447,-187500.02235174447
não,2296.4852805716137,-7801.295256769092,7237.9195377730775,12129.97879147277,-187500.02235174447,-187500.02235174447,-187500.02235174447,-187500.02235174447
não,2058.282739911406,-7846.289318357625,6711.200679683767,12189.657949168439,-187500.02235174447,-187500.02235174447,-187500.02235174447,-187500.02235174447
não,2071.7831935624117,-7886.298940932625,6593.1164137263795,12180.538437430674,-187500.02235174447,-187500.02235174447,-187500.02235174447,-187500.02235174447
não,2345.882635817842,-7837.974469420251,7167.243321805397,12125.575497815073,-187500.02235174447,-187500.02235174447,-187500.02235174447,-187500.02235174447
não,2337.6124903693785,-7800.624704435433,7288.389776753161,12129.576460072572,-187500.02235174447,-187500.02235174447,-187500.02235174447,-187500.02235174447
não,2101.958048577076,-7831.984201906229,6807.804919219604,12180.2255130083,-187500.02235174447,-187500.02235174447,-187500.02235174447,-187500.02235174447
não,2038.5237978129148,-7880.8451152855305,6549.530512038531,12197.79398415017,-187500.02235174447,-187500.02235174447,-187500.02235174447,-187500.02235174447
não,2306.565917320957,-7846.9822224357395,7080.563256807716,12143.702762568328,-187500.02235174447,-187500.02235174447,-187500.02235174447,-187500.02235174447
não,2368.144973295328,-7800.222373035237,7333.674411019613,12126.201346659822,-187500.02235174447,-187500.02235174447,-187500.02235174447,-187500.02235174447
não,2149.1649328666845,-7826.664486725866,6913.305153048654,12173.855265838536,-187500.02235174447,-187500.02235174447,-187500.02235174447,-187500.02235174447
não,2020.485940037482,-7882.700310075321,6527.111712349858,12196.586989949583,-187500.02235174447,-187500.02235174447,-187500.02235174447,-187500.02235174447
não,2263.6952714556783,-7860.147399919916,6964.2671304067535,12136.97488748728,-187500.02235174447,-187500.02235174447,-187500.02235174447,-187500.02235174447
$SILENCE,2386.294589793037,-7799.73063465722,7340.134065167197,12124.2120414033,-187500.02235174447,-187500.02235174447,-187500.02235174447,-187500.02235174447
$SILENCE,2193.153165954729,-7812.448777252291,7013.597430419616,12165.898044812448,-187500.02235174447,-187500.02235174447,-187500.02235174447,-187500.02235174447
$SILENCE,2011.1429108551636,-7868.752821535209,6541.617994501352,12196.005844593745,-187500.02235174447,-187500.02235174447,-187500.02235174447,-187500.02235174447
$SILENCE,2202.965581770609,-7868.12697269046,6851.92726277438,12144.909756768913,-187500.02235174447,-187500.02235174447,-187500.02235174447,-187500.02235174447
$SILENCE,2385.7804996705654,-7808.090187083506,7327.281812105395,12114.377273842963,-187500.02235174447,-187500.02235174447,-187500.02235174447,-187500.02235174447
$SILENCE,2240.2929950109715,-7807.173765560838,7110.224021699909,12164.31107095612,-187500.02235174447,-187500.02235174447,-187500.02235174447,-187500.02235174447
$SILENCE,2038.2332251349958,-7863.142533676927,6614.663495381295,12202.733719674794,-187500.02235174447,-187500.02235174447,-187500.02235174447,-187500.02235174447
$SILENCE,2159.1338108937516,-7877.626464083966,6754.719526138249,12160.623033120995,-187500.02235174447,-187500.02235174447,-187500.02235174447,-187500.02235174447
$SILENCE,2381.6007234574226,-7819.936611644818,7283.852372628734,12107.202363872811,-187500.02235174447,-187500.02235174447,-187500.02235174447,-187500.02235174447
$SILENCE,2285.085890899407,-7797.674274167332,7198.491060553916,12147.815483548104,-187500.02235174447,-187500.02235174447,-187500.02235174447,-187500.02235174447
$SILENCE,2046.1233909277191,-7852.816027738575,6652.616757466407,12206.645274954471,-187500.02235174447,-187500.02235174447,-187500.02235174447,-187500.02235174447
$SILENCE,2109.9152696031656,-7879.168734451382,6666.720708217706,12178.482076940785,-187500.02235174447,-187500.02235174447,-187500.02235174447,-187500.02235174447
$SILENCE,2356.4550109452025,-7827.424446037347,7214.137281672631,12117.528869811162,-187500.02235174447,-187500.02235174447,-187500.02235174447,-187500.02235174447
$SILENCE,2326.011934997074,-7797.093128811494,7266.619177653692,12138.181881687866,-187500.02235174447,-187500.02235174447,-187500.02235174447,-187500.02235174447
$SILENCE,2072.766670318445,-7844.03179216764,6712.318266906532,12197.682225427894,-187500.02235174447,-187500.02235174447,-187500.02235174447,-187500.02235174447
$SILENCE,2069.2797981834174,-7890.344606679036,6569.021233203559,12188.31684450112,-187500.02235174447,-187500.02235174447,-187500.02235174447,-187500.02235174447
$SILENCE,2338.3277461919483,-7845.752876490698,7134.922699323023,12123.742654769738,-187500.02235174447,-187500.02235174447,-187500.02235174447,-187500.02235174447
$SILENCE,2359.8748278468643,-7794.299160754581,7301.487899003971,12122.490957080241,-187500.02235174447,-187500.02235174447,-187500.02235174447,-187500.02235174447
$SILENCE,2133.921043148165,-7827.379742548435,6841.511349858207,12181.11958278651,-187500.02235174447,-187500.02235174447,-187500.02235174447,-187500.02235174447
$SILENCE,2050.6831467966017,-7885.851906043519,6545.48484629212,12196.98932134978,-187500.02235174447,-187500.02235174447,-187500.02235174447,-187500.02235174447
$SILENCE,2304.464853342158,-7854.671222528365,7048.197930836432,12135.253803164222,-187500.02235174447,-187500.02235174447,-187500.02235174447,-187500.02235174447
$SILENCE,2380.8631158903977,-7803.7763004036315,7333.115617408231,12123.563840814095,-187500.02235174447,-187500.02235174447,-187500.02235174447,-187500.02235174447
$SILENCE,2173.9753692120757,-7821.680047712332,6943.703525507871,12177.520951929208,-187500.02235174447,-187500.02235174447,-187500.02235174447,-187500.02235174447
$SILENCE,2024.933937184088,-7880.621597840977,6532.409075785766,12200.833821396092,-187500.02235174447,-187500.02235174447,-187500.02235174447,-187500.02235174447
$SILENCE,2245.322137513416,-7862.4719813432675,6936.975650426823,12132.25866940721,-187500.02235174447,-187500.02235174447,-187500.02235174447,-187500.02235174447
$SILENCE,2393.469499763191,-7801.2505532801815,7341.8775012347105,12111.896230208426,-187500.02235174447,-187500.02235174447,-187500.02235174447,-187500.02235174447
$SILENCE,2229.4971024390584,-7812.471128996745,7047.192102335943,12162.724097099794,-187500.02235174447,-187500.02235174447,-187500.02235174447,-187500.02235174447
$SILENCE,2046.4363153500935,-7874.988958238239,6564.372070356855,12204.767728420225,-187500.02235174447,-187500.02235174447,-187500.02235174447,-187500.02235174447
$SILENCE,2219.3941139452595,-7874.452516371312,6835.811655022104,12157.583195875073,-187500.02235174447,-187500.02235174447,-187500.02235174447,-187500.02235174447
$SILENCE,2406.2994010805373,-7810.97356211824,7327.9076609501435,12118.914677967392,-187500.02235174447,-187500.02235174447,-187500.02235174447,-187500.02235174447
$SILENCE,2269.1043936138626,-7805.430329493324,7135.772065612325,12150.274175438188,-187500.02235174447,-187500.02235174447,-187500.02235174447,-187500.02235174447
$SILENCE,2053.857094509255,-7861.5555598206,6612.718893613684,12196.117603316023,-187500.02235174447,-187500.02235174447,-187500.02235174447,-187500.02235174447
$SILENCE,2173.1036511783186,-7880.308673418603,6735.5193776511405,12161.852379066037,-187500.02235174447,-187500.02235174447,-187500.02235174447,-187500.02235174447
$SILENCE,2409.1604243708166,-7821.680047712332,7288.68034943108,12107.559991784095,-187500.02235174447,-187500.02235174447,-187500.02235174447,-187500.02235174447
$SILENCE,2325.1625687077726,-7800.848221879986,7222.161557932086,12130.381122872965,-187500.02235174447,-187500.02235174447,-187500.02235174447,-187500.02235174447
$SILENCE,2094.6937316291014,-7850.804370737597,6705.478633103208,12183.242998509766,-187500.02235174447,-187500.02235174447,-187500.02235174447,-187500.02235174447
$SILENCE,2140.514807762481,-7885.538981621145,6675.169667621812,12165.652175623438,-187500.02235174447,-187500.02235174447,-187500.02235174447,-187500.02235174447
$SILENCE,2399.4150637883026,-7833.437065295824,7219.367589875173,12102.307331837099,-187500.02235174447,-187500.02235174447,-187500.02235174447,-187500.02235174447
$SILENCE,2373.5093919646015,-7799.954152101774,7295.184707067574,12111.762119741694,-187500.02235174447,-187500.02235174447,-187500.02235174447,-187500.02235174447
$SILENCE,2129.8530256572994,-7849.9103009593855,6762.185008786322,12176.895103084458,-187500.02235174447,-187500.02235174447,-187500.02235174447,-187500.02235174447
$SILENCE,2132.646993714213,-7890.881048545963,6616.116358770891,12170.1225245145,-187500.02235174447,-187500.02235174447,-187500.02235174447,-187500.02235174447
$SILENCE,2394.9894183861516,-7852.704269016299,7136.420266201529,12103.894305693426,-187500.02235174447,-187500.02235174447,-187500.02235174447,-187500.02235174447
$SILENCE,2439.782314274587,-7805.6538469378775,7357.45666712006,12103.246105104221,-187500.02235174447,-187500.02235174447,-187500.02235174447,-187500.02235174447
$SILENCE,2191.4991368650362,-7842.154245633394,6861.449105912341,12167.485018668775,-187500.02235174447,-187500.02235174447,-187500.02235174447,-187500.02235174447
$SILENCE,2106.964839335065,-7900.671112617388,6547.116523637357,12183.019481065212,-187500.02235174447,-187500.02235174447,-187500.02235174447,-187500.02235174447
$SILENCE,2361.215932514183,-7865.042431955628,7043.347602289629,12120.166375656889,-187500.02235174447,-187500.02235174447,-187500.02235174447,-187500.02235174447
$SILENCE,2448.6336050788886,-7808.201945805782,7361.234111933007,12112.902058708914,-187500.02235174447,-187500.02235174447,-187500.02235174447,-187500.02235174447
$SILENCE,2242.8410938788766,-7825.88217566993,6992.877363309546,12162.813504077614,-187500.02235174447,-187500.02235174447,-187500.02235174447,-187500.02235174447
$SILENCE,2086.4012344361827,-7882.1415164639375,6567.166038413768,12196.609341694038,-187500.02235174447,-187500.02235174447,-187500.02235174447,-187500.02235174447
$SILENCE,2303.9954667085967,-7867.076440701061,6947.3021563651755,12134.046808963634,-187500.02235174447,-187500.02235174447,-187500.02235174447,-187500.02235174447
$SILENCE,2450.7346690576874,-7807.844317894497,7368.051393991876,12095.44534628932,-187500.02235174447,-187500.02235174447,-187500.02235174447,-187500.02235174447
$SILENCE,2283.1859926207057,-7816.1591668318715,7093.303751147241,12140.864091022504,-187500.02235174447,-187500.02235174447,-187500.02235174447,-187500.02235174447
$SILENCE,2083.6519698681795,-7874.787792538142,6595.150422471813,12189.74735614626,-187500.02235174447,-187500.02235174447,-187500.02235174447,-187500.02235174447
$SILENCE,2250.0383555934854,-7882.588551353044,6839.745562046238,12145.513253869207,-187500.02235174447,-187500.02235174447,-187500.02235174447,-187500.02235174447
$SILENCE,2455.584997604489,-7823.579945991033,7347.934823982099,12100.273323091666,-187500.02235174447,-187500.02235174447,-187500.02235174447,-187500.02235174447
$SILENCE,2326.3248594194483,-7814.125158086438,7184.364758058162,12139.992372988747,-187500.02235174447,-187500.02235174447,-187500.02235174447,-187500.02235174447
$SILENCE,2101.2651444989615,-7870.585664580544,6650.828617909982,12191.647254424961,-187500.02235174447,-187500.02235174447,-187500.02235174447,-187500.02235174447
$SILENCE,2212.062741763919,-7896.714853848798,6737.352220696476,12153.917509784402,-187500.02235174447,-187500.02235174447,-187500.02235174447,-187500.02235174447
$SILENCE,2461.3293959295033,-7833.459417040279,7305.578268239292,12103.402567315408,-187500.02235174447,-187500.02235174447,-187500.02235174447,-187500.02235174447
$SILENCE,2384.5735054699785,-7812.4040737633795,7264.361651463706,12135.343210142042,-187500.02235174447,-187500.02235174447,-187500.02235174447,-187500.02235174447
$SILENCE,2142.8840926747434,-7860.79560050912,6734.37943868392,12192.943655603369,-187500.02235174447,-187500.02235174447,-187500.02235174447,-187500.02235174447
$SILENCE,2166.7557557530113,-7896.580743382066,6659.702260458739,12161.74062034376,-187500.02235174447,-187500.02235174447,-187500.02235174447,-187500.02235174447
$SILENCE,2429.3440496139588,-7847.183388135838,7234.991459249432,12095.467698033775,-187500.02235174447,-187500.02235174447,-187500.02235174447,-187500.02235174447
$SILENCE,2416.2235756186933,-7814.59454472,7326.991239427476,12120.769872757182,-187500.02235174447,-187500.02235174447,-187500.02235174447,-187500.02235174447
$SILENCE,2183.787785027955,-7853.307766116592,6833.442370109841,12179.420850207907,-187500.02235174447,-187500.02235174447,-187500.02235174447,-187500.02235174447
$SILENCE,2140.4924560180257,-7899.195897483337,6606.527460399564,12179.532608930185,-187500.02235174447,-187500.02235174447,-187500.02235174447,-187500.02235174447
$SILENCE,2413.3849040728696,-7858.2475016412145,7155.933339111011,12110.800994730114,-187500.02235174447,-187500.02235174447,-187500.02235174447,-187500.02235174447
$SILENCE,2463.229294208204,-7808.604277205977,7402.9201153421545,12105.458927805297,-187500.02235174447,-187500.02235174447,-187500.02235174447,-187500.02235174447
$SILENCE,2219.4388174341702,-7840.433161310335,6924.257507831754,12171.21775999281,-187500.02235174447,-187500.02235174447,-187500.02235174447,-187500.02235174447
$SILENCE,2124.890938388221,-7895.999598026228,6605.2087074767005,12188.450954967851,-187500.02235174447,-187500.02235174447,-187500.02235174447,-187500.02235174447
$SILENCE,2355.113906277884,-7868.216379668282,7035.278622541264,12128.704742038815,-187500.02235174447,-187500.02235174447,-187500.02235174447,-187500.02235174447
$SILENCE,2478.8308118380087,-7816.270925554148,7412.553717202391,12109.01285517369,-187500.02235174447,-187500.02235174447,-187500.02235174447,-187500.02235174447
$SILENCE,2266.6233499793234,-7834.465245540768,7029.824796894169,12169.36256520302,-187500.02235174447,-187500.02235174447,-187500.02235174447,-187500.02235174447
$SILENCE,2102.98622882202,-7894.569086381089,6572.888084994327,12202.621960952516,-187500.02235174447,-187500.02235174447,-187500.02235174447,-187500.02235174447
$SILENCE,2308.242298155105,-7888.0647287445945,6925.933888665902,12150.49769288274,-187500.02235174447,-187500.02235174447,-187500.02235174447,-187500.02235174447
$SILENCE,2466.716166343232,-7827.089169870516,7372.499391138482,12122.78152975816,-187500.02235174447,-187500.02235174447,-187500.02235174447,-187500.02235174447
$SILENCE,2310.343362133904,-7823.825815180042,7125.400856185062,12169.206102991833,-187500.02235174447,-187500.02235174447,-187500.02235174447,-187500.02235174447
$SILENCE,2103.1650427776626,-7879.481658873757,6613.568259902985,12215.250696569765,-187500.02235174447,-187500.02235174447,-187500.02235174447,-187500.02235174447
$SILENCE,2253.0334893504964,-7887.438879899845,6824.2110996497995,12172.290643726665,-187500.02235174447,-187500.02235174447,-187500.02235174447,-187500.02235174447
$SILENCE,2466.045614009573,-7825.010457636173,7353.12042869573,12130.269364150688,-187500.02235174447,-187500.02235174447,-187500.02235174447,-187500.02235174447
$SILENCE,2354.443353944225,-7815.443911009302,7219.680514297547,12173.005899549235,-187500.02235174447,-187500.02235174447,-187500.02235174447,-187500.02235174447
$SILENCE,2123.7286476765453,-7870.473905858267,6681.94224619177,12224.79489145218,-187500.02235174447,-187500.02235174447,-187500.02235174447,-187500.02235174447
$SILENCE,2202.5856021148684,-7897.452461415824,6728.791502570093,12191.60255093605,-187500.02235174447,-187500.02235174447,-187500.02235174447,-187500.02235174447
$SILENCE,2449.840599279475,-7838.197986864804,7299.3197797918065,12135.074989208579,-187500.02235174447,-187500.02235174447,-187500.02235174447,-187500.02235174447
$SILENCE,2387.881563649364,-7814.21456506426,7289.7532331649345,12158.901948797937,-187500.02235174447,-187500.02235174447,-187500.02235174447,-187500.02235174447
$SILENCE,2146.7285927210564,-7860.3038621311025,6761.089773308012,12209.573353478117,-187500.02235174447,-187500.02235174447,-187500.02235174447,-187500.02235174447
$SILENCE,2158.3962033267267,-7898.860621316508,6645.464199240709,12195.581161449094,-187500.02235174447,-187500.02235174447,-187500.02235174447,-187500.02235174447
$SILENCE,2421.05155242104,-7852.324289360558,7214.271392139362,12129.799977517127,-187500.02235174447,-187500.02235174447,-187500.02235174447,-187500.02235174447
$SILENCE,2422.817340233009,-7814.616896464455,7337.585966299292,12139.791207288648,-187500.02235174447,-187500.02235174447,-187500.02235174447,-187500.02235174447
$SILENCE,2194.851898533332,-7850.357335848491,6855.97292852079,12201.325559774108,-187500.02235174447,-187500.02235174447,-187500.02235174447,-187500.02235174447
$SILENCE,2136.5585489938917,-7904.2697434746915,6601.051283008013,12211.517955245728,-187500.02235174447,-187500.02235174447,-187500.02235174447,-187500.02235174447
$SILENCE,2396.5540404980234,-7867.858751756997,7128.865376575634,12142.227547434277,-187500.02235174447,-187500.02235174447,-187500.02235174447,-187500.02235174447
$SILENCE,2448.499494612157,-7809.5430504731,7375.583931873314,12135.142044441944,-187500.02235174447,-187500.02235174447,-187500.02235174447,-187500.02235174447
$SILENCE,2234.0345065634856,-7833.370010062458,6956.846351247591,12189.03210032369,-187500.02235174447,-187500.02235174447,-187500.02235174447,-187500.02235174447
$SILENCE,2114.050342327397,-7897.072481760083,6581.337044398433,12210.109795345044,-187500.02235174447,-187500.02235174447,-187500.02235174447,-187500.02235174447
$SILENCE,2350.241225986627,-7887.662397344398,7023.163977046487,12137.533681098663,-187500.02235174447,-187500.02235174447,-187500.02235174447,-187500.02235174447
$SILENCE,2476.9979687926734,-7819.064893611061,7420.913269628677,12118.691160522838,-187500.02235174447,-187500.02235174447,-187500.02235174447,-187500.02235174447
$SILENCE,2261.191876076684,-7828.027943137639,7048.82377968118,12172.871789082503,-187500.02235174447,-187500.02235174447,-187500.02235174447,-187500.02235174447
$SILENCE,2104.8190718673554,-7886.924789777374,6604.180527231757,12210.266257556232,-187500.02235174447,-187500.02235174447,-187500.02235174447,-187500.02235174447
$SILENCE,2293.736016003611,-7878.587589095544,6904.230344799798,12158.477265653286,-187500.02235174447,-187500.02235174447,-187500.02235174447,-187500.02235174447
$SILENCE,2481.9377043172963,-7824.384608791424,7386.558638400869,12121.127500668466,-187500.02235174447,-187500.02235174447,-187500.02235174447,-187500.02235174447
$SILENCE,2317.831196526432,-7827.290335570614,7144.802170372269,12164.35577444503,-187500.02235174447,-187500.02235174447,-187500.02235174447,-187500.02235174447
$SILENCE,2097.3312374748275,-7887.461231644301,6604.985190032147,12213.976647135813,-187500.02235174447,-187500.02235174447,-187500.02235174447,-187500.02235174447
$SILENCE,2242.1928932896726,-7897.519516649189,6790.616427733473,12178.07974554059,-187500.02235174447,-187500.02235174447,-187500.02235174447,-187500.02235174447
$SILENCE,2467.1632012323385,-7831.313649572569,7334.747294753468,12128.63768680545,-187500.02235174447,-187500.02235174447,-187500.02235174447,-187500.02235174447
$SILENCE,2363.540513937535,-7821.16595758986,7227.347162645718,12158.477265653286,-187500.02235174447,-187500.02235174447,-187500.02235174447,-187500.02235174447
$SILENCE,2126.6343744557353,-7872.105583203505,6687.910161961337,12207.852269155059,-187500.02235174447,-187500.02235174447,-187500.02235174447,-187500.02235174447
$SILENCE,2202.4738433925922,-7901.22990622877,6705.098653447468,12181.052527553145,-187500.02235174447,-187500.02235174447,-187500.02235174447,-187500.02235174447
$SILENCE,2460.3459191734696,-7848.859768969985,7276.945683592044,12127.83302400506,-187500.02235174447,-187500.02235174447,-187500.02235174447,-187500.02235174447
$SILENCE,2406.589973758456,-7820.651867467388,7293.620084955703,12143.076913723578,-187500.02235174447,-187500.02235174447,-187500.02235174447,-187500.02235174447
$SILENCE,2162.799496984422,-7861.086173187038,6778.233561305233,12195.31294051563,-187500.02235174447,-187500.02235174447,-187500.02235174447,-187500.02235174447
$SILENCE,2153.098839890819,-7903.576839396577,6633.349553745932,12189.099155557056,-187500.02235174447,-187500.02235174447,-187500.02235174447,-187500.02235174447
$SILENCE,2423.733761755677,-7857.0181556961725,7197.775804731346,12127.631858304961,-187500.02235174447,-187500.02235174447,-187500.02235174447,-187500.02235174447
$SILENCE,2437.43538110678,-7819.064893611061,7343.687992535591,12133.823291519082,-187500.02235174447,-187500.02235174447,-187500.02235174447,-187500.02235174447
$SILENCE,2208.9782010290864,-7848.010402680684,6869.763954849715,12192.496620714262,-187500.02235174447,-187500.02235174447,-187500.02235174447,-187500.02235174447
$SILENCE,2134.4351332706374,-7899.2182492277925,6585.673282822762,12205.594742965073,-187500.02235174447,-187500.02235174447,-187500.02235174447,-187500.02235174447
$SILENCE,2393.2683340630933,-7867.41171686789,7096.254181415342,12139.634745077461,-187500.02235174447,-187500.02235174447,-187500.02235174447,-187500.02235174447
$SILENCE,2461.597616862967,-7815.600373220489,7371.404155660171,12133.108035696512,-187500.02235174447,-187500.02235174447,-187500.02235174447,-187500.02235174447
$SILENCE,2243.086963067885,-7839.673201998855,6968.916293253457,12180.717251386315,-187500.02235174447,-187500.02235174447,-187500.02235174447,-187500.02235174447
$SILENCE,2102.1368625327186,-7892.624484613477,6568.529494825541,12215.585972736595,-187500.02235174447,-187500.02235174447,-187500.02235174447,-187500.02235174447
$SILENCE,2335.533778135035,-7874.988958238239,6986.618874862061,12159.55014938714,-187500.02235174447,-187500.02235174447,-187500.02235174447,-187500.02235174447
$SILENCE,2469.353672188958,-7816.829719165531,7378.534362141414,12141.244070678244,-187500.02235174447,-187500.02235174447,-187500.02235174447,-187500.02235174447
$SILENCE,2288.5504112899794,-7824.943402402807,7067.308672345719,12182.88537059848,-187500.02235174447,-187500.02235174447,-187500.02235174447,-187500.02235174447
$SILENCE,2094.246696739995,-7885.829554299064,6582.58874208793,12212.657894212949,-187500.02235174447,-187500.02235174447,-187500.02235174447,-187500.02235174447
$SILENCE,2277.866277440343,-7886.745975821731,6870.210989738821,12163.64051862246,-187500.02235174447,-187500.02235174447,-187500.02235174447,-187500.02235174447
$SILENCE,2485.4245764523243,-7817.947306388296,7385.530458155926,12132.169262429388,-187500.02235174447,-187500.02235174447,-187500.02235174447,-187500.02235174447
$SILENCE,2332.4492374002025,-7815.890945898408,7165.678699693525,12178.973815318801,-187500.02235174447,-187500.02235174447,-187500.02235174447,-187500.02235174447
$SILENCE,2111.859871370777,-7874.027833226662,6638.64691718184,12222.358551306552,-187500.02235174447,-187500.02235174447,-187500.02235174447,-187500.02235174447
$SILENCE,2231.7099251401337,-7884.488449631745,6777.518305482663,12185.880504355491,-187500.02235174447,-187500.02235174447,-187500.02235174447,-187500.02235174447
$SILENCE,2454.422706892813,-7830.508986772179,7313.088454376275,12135.723189797782,-187500.02235174447,-187500.02235174447,-187500.02235174447,-187500.02235174447
$SILENCE,2358.0866882904397,-7806.994951605196,7230.543462102826,12168.93788205837,-187500.02235174447,-187500.02235174447,-187500.02235174447,-187500.02235174447
$SILENCE,2128.8471971568106,-7862.695498787821,6684.736214248684,12226.583031008606,-187500.02235174447,-187500.02235174447,-187500.02235174447,-187500.02235174447
$SILENCE,2194.6730845776897,-7897.005426526717,6672.599217009451,12207.382882521497,-187500.02235174447,-187500.02235174447,-187500.02235174447,-187500.02235174447
$SILENCE,2447.0242794781066,-7845.149379390405,7250.369459434683,12149.73773357126,-187500.02235174447,-187500.02235174447,-187500.02235174447,-187500.02235174447
$SILENCE,2402.656066734322,-7810.571230718045,7299.006855369432,12159.25957670922,-187500.02235174447,-187500.02235174447,-187500.02235174447,-187500.02235174447
$SILENCE,2163.827677229366,-7848.233920125237,6786.794279431615,12209.215725566832,-187500.02235174447,-187500.02235174447,-187500.02235174447,-187500.02235174447
$SILENCE,2142.057078129897,-7890.99280726824,6606.1474807438235,12205.818260409626,-187500.02235174447,-187500.02235174447,-187500.02235174447,-187500.02235174447
$SILENCE,2408.9145551818083,-7840.008478165684,7177.435717277017,12133.488015352252,-187500.02235174447,-187500.02235174447,-187500.02235174447,-187500.02235174447
$SILENCE,2431.847444992953,-7797.674274167332,7356.339079897294,12126.536622826652,-187500.02235174447,-187500.02235174447,-187500.02235174447,-187500.02235174447
$SILENCE,2207.9500207841425,-7827.446797781801,6941.6695167624375,12187.802754378648,-187500.02235174447,-187500.02235174447,-187500.02235174447,-187500.02235174447
$SILENCE,2115.4585022280817,-7883.348510664525,6589.964817758181,12225.711312974849,-187500.02235174447,-187500.02235174447,-187500.02235174447,-187500.02235174447
$SILENCE,2360.858304602898,-7861.980242965251,7056.1328001180655,12180.158457774933,-187500.02235174447,-187500.02235174447,-187500.02235174447,-187500.02235174447
$SILENCE,2441.4810468531905,-7809.677160939832,7350.102943194264,12170.658966381427,-187500.02235174447,-187500.02235174447,-187500.02235174447,-187500.02235174447
$SILENCE,2239.3542217438485,-7824.541071002612,6968.581017086628,12211.070920356622,-187500.02235174447,-187500.02235174447,-187500.02235174447,-187500.02235174447
$SILENCE,2093.866717084255,-7887.662397344398,6541.349773567888,12219.98926639429,-187500.02235174447,-187500.02235174447,-187500.02235174447,-187500.02235174447
$SILENCE,2325.788417552521,-7876.195952438826,6961.964900727857,12164.780457589683,-187500.02235174447,-187500.02235174447,-187500.02235174447,-187500.02235174447
$SILENCE,2472.6393786238887,-7821.367123289958,7388.74910935749,12167.55207390214,-187500.02235174447,-187500.02235174447,-187500.02235174447,-187500.02235174447
$SILENCE,2290.495013057591,-7830.0172483941615,7081.9714167084,12220.346894305576,-187500.02235174447,-187500.02235174447,-187500.02235174447,-187500.02235174447
$SILENCE,2088.4352431816155,-7884.667263587387,6574.2738931505555,12253.919214477446,-187500.02235174447,-187500.02235174447,-187500.02235174447,-187500.02235174447
$SILENCE,2258.576721975413,-7887.863563044497,6830.44723635283,12202.018463852224,-187500.02235174447,-187500.02235174447,-187500.02235174447,-187500.02235174447
$SILENCE,2456.657881338344,-7819.668390711355,7336.624841287714,12149.268346937699,-187500.02235174447,-187500.02235174447,-187500.02235174447,-187500.02235174447
$SILENCE,2326.8836530308313,-7810.951210373785,7163.979967114922,12191.982530591791,-187500.02235174447,-187500.02235174447,-187500.02235174447,-187500.02235174447
$SILENCE,2106.2719352569507,-7863.723679032765,6644.436018995764,12263.597519826595,-187500.02235174447,-187500.02235174447,-187500.02235174447,-187500.02235174447
$SILENCE,2209.7828638294773,-7880.755708307709,6738.089828263501,12212.79200467968,-187500.02235174447,-187500.02235174447,-187500.02235174447,-187500.02235174447
$SILENCE,2444.632642821389,-7826.0833413700275,7281.550142949837,12149.871844037993,-187500.02235174447,-187500.02235174447,-187500.02235174447,-187500.02235174447
$SILENCE,2368.6814151622552,-7801.138794557905,7232.823340037267,12175.129315272488,-187500.02235174447,-187500.02235174447,-187500.02235174447,-187500.02235174447
$SILENCE,2140.3359938068384,-7856.548769062611,6731.04902876008,12240.396409081986,-187500.02235174447,-187500.02235174447,-187500.02235174447,-187500.02235174447
$SILENCE,2173.2377616450503,-7890.970455523784,6675.192019366267,12224.236097840798,-187500.02235174447,-187500.02235174447,-187500.02235174447,-187500.02235174447
$SILENCE,2421.8338634769757,-7836.611013008477,7211.410368849083,12164.758105845227,-187500.02235174447,-187500.02235174447,-187500.02235174447,-187500.02235174447
$SILENCE,2412.043799405551,-7797.87543986743,7314.273096832407,12173.944672816358,-187500.02235174447,-187500.02235174447,-187500.02235174447,-187500.02235174447
$SILENCE,2156.183380625651,-7840.500216543701,6766.588302444017,12231.70158048887,-187500.02235174447,-187500.02235174447,-187500.02235174447,-187500.02235174447
$SILENCE,2129.316583790372,-7881.806240297108,6567.233093647134,12233.579127023117,-187500.02235174447,-187500.02235174447,-187500.02235174447,-187500.02235174447
$SILENCE,2395.8387846754536,-7842.98126017824,7121.60105962766,12172.290643726665,-187500.02235174447,-187500.02235174447,-187500.02235174447,-187500.02235174447
$SILENCE,2434.9319857277856,-7803.68689342581,7334.54612905337,12177.923283329403,-187500.02235174447,-187500.02235174447,-187500.02235174447,-187500.02235174447
$SILENCE,2216.242517977061,-7836.678068241843,6894.149708050455,12237.490682302796,-187500.02235174447,-187500.02235174447,-187500.02235174447,-187500.02235174447
$SILENCE,2109.6470486697017,-7895.731377092765,6543.9872794136145,12251.706391776372,-187500.02235174447,-187500.02235174447,-187500.02235174447,-187500.02235174447
$SILENCE,2360.7465458806214,-7860.259158642192,7013.15039553051,12182.661853153928,-187500.02235174447,-187500.02235174447,-187500.02235174447,-187500.02235174447
$SILENCE,2457.4401923942796,-7789.672349652333,7345.409076858649,12161.382992432475,-187500.02235174447,-187500.02235174447,-187500.02235174447,-187500.02235174447
$SILENCE,2261.63891096579,-7814.035751108618,6989.077566752144,12212.970818635324,-187500.02235174447,-187500.02235174447,-187500.02235174447,-187500.02235174447
$SILENCE,2101.801586365889,-7878.60994084,6544.903700936282,12252.689868532405,-187500.02235174447,-187500.02235174447,-187500.02235174447,-187500.02235174447
$SILENCE,2311.4833011011247,-7872.731432048254,6907.784272168193,12198.41983299492,-187500.02235174447,-187500.02235174447,-187500.02235174447,-187500.02235174447
$SILENCE,2465.017433764629,-7809.8783266399305,7347.152512926164,12171.55303615964,-187500.02235174447,-187500.02235174447,-187500.02235174447,-187500.02235174447
$SILENCE,2309.0022574665854,-7812.381722018925,7087.3581871221295,12228.929964176414,-187500.02235174447,-187500.02235174447,-187500.02235174447,-187500.02235174447
$SILENCE,2108.283592257928,-7866.070612200572,6582.63344557684,12278.170857211455,-187500.02235174447,-187500.02235174447,-187500.02235174447,-187500.02235174447
$SILENCE,2258.375556275315,-7877.738222806242,6798.126613870456,12217.619981482028,-187500.02235174447,-187500.02235174447,-187500.02235174447,-187500.02235174447
$SILENCE,2460.234160451193,-7813.745178430699,7314.362503810228,12166.143914001455,-187500.02235174447,-187500.02235174447,-187500.02235174447,-187500.02235174447
$SILENCE,2342.015784027074,-7795.483803210713,7168.070336350243,12197.212838794332,-187500.02235174447,-187500.02235174447,-187500.02235174447,-187500.02235174447
$SILENCE,2118.297173773906,-7852.324289360558,6631.181434533767,12245.984345195813,-187500.02235174447,-187500.02235174447,-187500.02235174447,-187500.02235174447
$SILENCE,2205.6477911052457,-7882.32033041958,6691.642903285373,12218.379940793508,-187500.02235174447,-187500.02235174447,-187500.02235174447,-187500.02235174447
$SILENCE,2449.9970614906624,-7823.69170471331,7263.8028578523235,12172.558864660128,-187500.02235174447,-187500.02235174447,-187500.02235174447,-187500.02235174447
$SILENCE,2383.3218077804813,-7800.40118699088,7241.071133741276,12198.956274861846,-187500.02235174447,-187500.02235174447,-187500.02235174447,-187500.02235174447
$SILENCE,2146.192150854129,-7842.936556689329,6711.692418061783,12254.478008088829,-187500.02235174447,-187500.02235174447,-187500.02235174447,-187500.02235174447
$SILENCE,2164.6546917742126,-7884.801374054119,6613.255335480611,12244.933813206413,-187500.02235174447,-187500.02235174447,-187500.02235174447,-187500.02235174447
$SILENCE,2423.5102443111236,-7836.342792075014,7183.895371424601,12181.991300820267,-187500.02235174447,-187500.02235174447,-187500.02235174447,-187500.02235174447
$SILENCE,2415.9330029407743,-7791.058157808561,7299.4985937474485,12190.820239880115,-187500.02235174447,-187500.02235174447,-187500.02235174447,-187500.02235174447
$SILENCE,2183.0054739720194,-7826.664486725866,6811.11297739899,12242.028086427223,-187500.02235174447,-187500.02235174447,-187500.02235174447,-187500.02235174447
$SILENCE,2131.730572191545,-7885.8966095324295,6562.58393080043,12244.062095172656,-187500.02235174447,-187500.02235174447,-187500.02235174447,-187500.02235174447
$SILENCE,2401.4043690448248,-7845.350545090502,7103.78671929678,12176.895103084458,-187500.02235174447,-187500.02235174447,-187500.02235174447,-187500.02235174447
$SILENCE,2461.10587848495,-7790.387605474903,7366.6432340911915,12170.03311753668,-187500.02235174447,-187500.02235174447,-187500.02235174447,-187500.02235174447
$SILENCE,2223.0374482914744,-7818.260230810671,6900.184679053388,12233.80264446767,-187500.02235174447,-187500.02235174447,-187500.02235174447,-187500.02235174447
$SILENCE,2120.6217551972577,-7877.849981528519,6555.811352230472,12249.560624308662,-187500.02235174447,-187500.02235174447,-187500.02235174447,-187500.02235174447
$SILENCE,2344.5191794060684,-7860.370917364468,6966.345842641097,12193.36833874802,-187500.02235174447,-187500.02235174447,-187500.02235174447,-187500.02235174447
$SILENCE,2461.0611749960394,-7804.44685273729,7330.008724928943,12169.049640780646,-187500.02235174447,-187500.02235174447,-187500.02235174447,-187500.02235174447
$SILENCE,2269.1714488472285,-7817.008533121173,6997.101843011599,12220.592763494584,-187500.02235174447,-187500.02235174447,-187500.02235174447,-187500.02235174447
$SILENCE,2104.3720369782495,-7871.256216914203,6544.322555580445,12260.80355176968,-187500.02235174447,-187500.02235174447,-187500.02235174447,-187500.02235174447
não,2304.4425015977026,-7866.852923256508,6874.860152585525,12201.392615007475,-187500.02235174447,-187500.02235174447,-187500.02235174447,-187500.02235174447
não,2470.4489076672685,-7805.586791704512,7335.037867431387,12169.764896603216,-187500.02235174447,-187500.02235174447,-187500.02235174447,-187500.02235174447
não,2319.17230119375,-7805.027998093128,7100.433957628484,12213.015522124235,-187500.02235174447,-187500.02235174447,-187500.02235174447,-187500.02235174447
não,2108.350647491294,-7862.561388321089,6584.1310124553465,12258.166045923954,-187500.02235174447,-187500.02235174447,-187500.02235174447,-187500.02235174447
não,2248.4290299927034,-7875.056013471605,6767.884703622425,12217.530574504206,-187500.02235174447,-187500.02235174447,-187500.02235174447,-187500.02235174447
não,2468.034919266095,-7811.845280151997,7302.985465882477,12172.60356814904,-187500.02235174447,-187500.02235174447,-187500.02235174447,-187500.02235174447
não,2359.338385979937,-7797.897791611886,7182.598970246193,12199.962103362335,-187500.02235174447,-187500.02235174447,-187500.02235174447,-187500.02235174447
não,2127.3272785338495,-7852.07842017155,6647.587614963963,12251.505226076273,-187500.02235174447,-187500.02235174447,-187500.02235174447,-187500.02235174447
não,2204.9101835382203,-7879.191086195838,6673.582693765485,12228.147653120477,-187500.02235174447,-187500.02235174447,-187500.02235174447,-187500.02235174447
não,2452.9251400143075,-7820.294239556103,7243.239252953441,12170.16722800341,-187500.02235174447,-187500.02235174447,-187500.02235174447,-187500.02235174447
não,2392.2178020736937,-7793.338035743003,7252.470523413483,12191.110812558034,-187500.02235174447,-187500.02235174447,-187500.02235174447,-187500.02235174447
não,2155.468124803081,-7839.337925832025,6731.876043304926,12244.553833550674,-187500.02235174447,-187500.02235174447,-187500.02235174447,-187500.02235174447
não,2157.3009678484163,-7881.850943786019,6598.2796666955555,12235.300211346175,-187500.02235174447,-187500.02235174447,-187500.02235174447,-187500.02235174447
não,2424.851348978442,-7832.095960628505,7166.908045638567,12175.419887950407,-187500.02235174447,-187500.02235174447,-187500.02235174447,-187500.02235174447
não,2431.7133345262214,-7793.315683998548,7306.807614184334,12185.254655510744,-187500.02235174447,-187500.02235174447,-187500.02235174447,-187500.02235174447
não,2202.630305603779,-7825.546899503101,6833.73294278776,12243.637412028005,-187500.02235174447,-187500.02235174447,-187500.02235174447,-187500.02235174447
não,2128.8919006457213,-7879.124030962472,6555.409020830277,12249.404162097475,-187500.02235174447,-187500.02235174447,-187500.02235174447,-187500.02235174447
não,2385.04289210354,-7845.797579979609,7067.554541534727,12177.699765884849,-187500.02235174447,-187500.02235174447,-187500.02235174447,-187500.02235174447
não,2454.355651659447,-7794.3215124990365,7332.73563775249,12169.31786171411,-187500.02235174447,-187500.02235174447,-187500.02235174447,-187500.02235174447
não,2245.4785997246026,-7816.606201720978,6929.823092201125,12230.740455477293,-187500.02235174447,-187500.02235174447,-187500.02235174447,-187500.02235174447
não,2114.5644324498694,-7877.045318728128,6542.2214916016455,12257.540197079206,-187500.02235174447,-187500.02235174447,-187500.02235174447,-187500.02235174447
não,2347.2907957185266,-7857.576949307555,6972.850200277591,12198.486888228284,-187500.02235174447,-187500.02235174447,-187500.02235174447,-187500.02235174447
não,2474.651035624866,-7800.088262568505,7351.6228618172245,12171.374222203996,-187500.02235174447,-187500.02235174447,-187500.02235174447,-187500.02235174447
não,2290.2267921241278,-7813.141681330405,7024.236860780342,12210.020388367224,-187500.02235174447,-187500.02235174447,-187500.02235174447,-187500.02235174447
não,2106.0707695568526,-7870.429202369357,6546.714192237162,12251.684040031916,-187500.02235174447,-187500.02235174447,-187500.02235174447,-187500.02235174447
não,2296.1947078936946,-7867.836400012541,6848.64155633945,12202.957237119346,-187500.02235174447,-187500.02235174447,-187500.02235174447,-187500.02235174447
não,2477.333244959503,-7801.742291658198,7330.858091218244,12165.629823878984,-187500.02235174447,-187500.02235174447,-187500.02235174447,-187500.02235174447
não,2333.1644932227723,-7800.557649202067,7120.729341593903,12204.0301208532,-187500.02235174447,-187500.02235174447,-187500.02235174447,-187500.02235174447
não,2112.128092304241,-7859.0074609526955,6599.710178340695,12255.886167989513,-187500.02235174447,-187500.02235174447,-187500.02235174447,-187500.02235174447
não,2241.343527000371,-7873.513743104189,6747.678726634828,12217.0835396151,-187500.02235174447,-187500.02235174447,-187500.02235174447,-187500.02235174447
não,2471.946474545774,-7808.716035928254,7289.127384320186,12164.735754100771,-187500.02235174447,-187500.02235174447,-187500.02235174447,-187500.02235174447
não,2378.0691478334843,-7794.299160754581,7196.255886108385,12192.384861991986,-187500.02235174447,-187500.02235174447,-187500.02235174447,-187500.02235174447
não,2137.1396943497293,-7852.100771916005,6664.485533772175,12245.961993451358,-187500.02235174447,-187500.02235174447,-187500.02235174447,-187500.02235174447
não,2199.702227080134,-7875.883028016452,6652.393240021854,12227.767673464738,-187500.02235174447,-187500.02235174447,-187500.02235174447,-187500.02235174447
não,2458.647186594866,-7816.02505636514,7228.174177190564,12174.145838516455,-187500.02235174447,-187500.02235174447,-187500.02235174447,-187500.02235174447
não,2416.983534930174,-7792.086338053506,7267.088564287254,12189.255617768244,-187500.02235174447,-187500.02235174447,-187500.02235174447,-187500.02235174447
não,2175.584694812858,-7836.1192746304605,6743.029563788124,12238.496510803285,-187500.02235174447,-187500.02235174447,-187500.02235174447,-187500.02235174447
não,2159.8490667163214,-7881.582722852555,6584.689806066729,12238.138882891999,-187500.02235174447,-187500.02235174447,-187500.02235174447,-187500.02235174447
não,2428.4276280912914,-7835.158149618883,7154.458123976961,12174.749335616749,-187500.02235174447,-187500.02235174447,-187500.02235174447,-187500.02235174447
não,2444.6102910769337,-7791.34873048648,7322.990277169976,12186.148725288955,-187500.02235174447,-187500.02235174447,-187500.02235174447,-187500.02235174447
não,2227.5748524159017,-7811.800576663087,6873.0720130291,12254.679173788927,-187500.02235174447,-187500.02235174447,-187500.02235174447,-187500.02235174447
não,2148.2038078551063,-7852.525455060656,6555.520779552553,12255.461484844862,-187500.02235174447,-187500.02235174447,-187500.02235174447,-187500.02235174447
não,2362.557037181501,-7862.494333087723,7002.712130869882,12150.587099860562,-187500.02235174447,-187500.02235174447,-187500.02235174447,-187500.02235174447
não,2467.051442510062,-7801.921105613841,7326.3206870938175,12160.801847076636,-187500.02235174447,-187500.02235174447,-187500.02235174447,-187500.02235174447
não,2271.250161081572,-7818.617858721956,6946.765714498248,12221.531536761706,-187500.02235174447,-187500.02235174447,-187500.02235174447,-187500.02235174447
não,2125.18151106614,-7872.194990181326,6521.501424491576,12246.878414974024,-187500.02235174447,-187500.02235174447,-187500.02235174447,-187500.02235174447
não,2354.666871388778,-7855.453533584301,6937.377981827019,12193.524800959207,-187500.02235174447,-187500.02235174447,-187500.02235174447,-187500.02235174447
não,2503.0824545720166,-7787.437175206802,7382.088289509808,12179.1749810189,-187500.02235174447,-187500.02235174447,-187500.02235174447,-187500.02235174447
não,2310.2316034116275,-7818.662562210866,7047.974413391878,12207.069958099122,-187500.02235174447,-187500.02235174447,-187500.02235174447,-187500.02235174447
não,2114.050342327397,-7887.528286877667,6531.313840307455,12241.782217238215,-187500.02235174447,-187500.02235174447,-187500.02235174447,-187500.02235174447
não,2298.318123616949,-7880.1969146963265,6802.172279616867,12199.515068473229,-187500.02235174447,-187500.02235174447,-187500.02235174447,-187500.02235174447
não,2499.1932510367933,-7809.610105706466,7318.184652112085,12166.300376212643,-187500.02235174447,-187500.02235174447,-187500.02235174447,-187500.02235174447
não,2367.5414761950346,-7807.285524283115,7147.193807028986,12204.678321442405,-187500.02235174447,-187500.02235174447,-187500.02235174447,-187500.02235174447
não,2144.6275287422573,-7860.683841786843,6604.471099909676,12258.61308081306,-187500.02235174447,-187500.02235174447,-187500.02235174447,-187500.02235174447
não,2260.2307510651053,-7877.827629784064,6718.643810587384,12225.107815874555,-187500.02235174447,-187500.02235174447,-187500.02235174447,-187500.02235174447
não,2490.9231055883297,-7819.020190122151,7284.120593562197,12171.284815226176,-187500.02235174447,-187500.02235174447,-187500.02235174447,-187500.02235174447
não,2414.3907325733585,-7805.11740507095,7225.71548530048,12203.024292352711,-187500.02235174447,-187500.02235174447,-187500.02235174447,-187500.02235174447
não,2163.023014428975,-7864.2377691552365,6668.575903007496,12246.52078706274,-187500.02235174447,-187500.02235174447,-187500.02235174447,-187500.02235174447
não,2206.9665440281087,-7889.852868301019,6625.325277486477,12230.852214199569,-187500.02235174447,-187500.02235174447,-187500.02235174447,-187500.02235174447
não,2468.817230322031,-7839.919071187863,7216.037179951332,12168.26732972471,-187500.02235174447,-187500.02235174447,-187500.02235174447,-187500.02235174447
não,2452.053421980551,-7804.737425415209,7294.044768100353,12192.049585825156,-187500.02235174447,-187500.02235174447,-187500.02235174447,-187500.02235174447
não,2211.995686530553,-7842.198949122304,6768.510552467174,12245.671420773439,-187500.02235174447,-187500.02235174447,-187500.02235174447,-187500.02235174447
não,2172.2095814001063,-7889.741109578742,6562.91920696726,12239.99407768179,-187500.02235174447,-187500.02235174447,-187500.02235174447,-187500.02235174447
não,2425.723067012199,-7860.214455153282,7108.301771676752,12162.388820932963,-187500.02235174447,-187500.02235174447,-187500.02235174447,-187500.02235174447
não,2469.264265211137,-7808.984256861718,7335.820178487323,12178.88440834098,-187500.02235174447,-187500.02235174447,-187500.02235174447,-187500.02235174447
não,2254.3298905289043,-7832.207719350782,6895.200240039854,12245.157330650965,-187500.02235174447,-187500.02235174447,-187500.02235174447,-187500.02235174447
não,2144.6275287422573,-7897.5642201381,6537.639383988308,12238.429455569918,-187500.02235174447,-187500.02235174447,-187500.02235174447,-187500.02235174447
não,2387.1886595712494,-7877.872333272974,6999.851107579602,12162.947614544346,-187500.02235174447,-187500.02235174447,-187500.02235174447,-187500.02235174447
não,2482.2059252507597,-7815.399207520391,7327.706495250046,12156.800884819137,-187500.02235174447,-187500.02235174447,-187500.02235174447,-187500.02235174447
não,2280.3920245637923,-7832.565347262067,6968.066926964156,12206.533516232195,-187500.02235174447,-187500.02235174447,-187500.02235174447,-187500.02235174447
não,2116.6878481731237,-7894.546734636633,6532.878462419327,12240.284650359708,-187500.02235174447,-187500.02235174447,-187500.02235174447,-187500.02235174447
não,2334.6397083568227,-7885.60603685451,6903.582144210594,12184.986434577278,-187500.02235174447,-187500.02235174447,-187500.02235174447,-187500.02235174447
não,2507.4410447408018,-7817.321457543548,7369.79483005939,12154.789227818159,-187500.02235174447,-187500.02235174447,-187500.02235174447,-187500.02235174447
não,2318.8146732824653,-7822.998800635195,7067.420431067995,12203.247809797265,-187500.02235174447,-187500.02235174447,-187500.02235174447,-187500.02235174447
não,2111.2340225260286,-7884.756670565209,6566.696651780207,12238.60826952556,-187500.02235174447,-187500.02235174447,-187500.02235174447,-187500.02235174447
não,2269.8643529253427,-7892.669188102387,6792.270456823166,12199.22449579531,-187500.02235174447,-187500.02235174447,-187500.02235174447,-187500.02235174447
não,2493.9852945787065,-7830.173710605349,7314.720131721513,12158.969004031302,-187500.02235174447,-187500.02235174447,-187500.02235174447,-187500.02235174447
não,2369.821354129476,-7816.717960443254,7161.230702546919,12201.034987096189,-187500.02235174447,-187500.02235174447,-187500.02235174447,-187500.02235174447
não,2119.1018365742966,-7877.849981528519,6602.101814997413,12253.18160691042,-187500.02235174447,-187500.02235174447,-187500.02235174447,-187500.02235174447
não,2214.5214336540025,-7899.978208539273,6677.985987423181,12215.764786692238,-187500.02235174447,-187500.02235174447,-187500.02235174447,-187500.02235174447
não,2458.53542787259,-7838.242690353715,7240.199415707519,12157.985527275268,-187500.02235174447,-187500.02235174447,-187500.02235174447,-187500.02235174447
não,2391.7037119512215,-7815.958001131774,7220.9545637315,12188.897989856958,-187500.02235174447,-187500.02235174447,-187500.02235174447,-187500.02235174447
não,2147.868531688277,-7864.304824388603,6698.549592322063,12244.911461461958,-187500.02235174447,-187500.02235174447,-187500.02235174447,-187500.02235174447
não,2161.8160202283884,-7900.693464361842,6608.360303444899,12223.923173418425,-187500.02235174447,-187500.02235174447,-187500.02235174447,-187500.02235174447
não,2418.3693430864028,-7848.79271373662,7174.082955608721,12161.874730810492,-187500.02235174447,-187500.02235174447,-187500.02235174447,-187500.02235174447
não,2402.946639412241,-7814.818062164553,7269.167276521597,12173.475286182796,-187500.02235174447,-187500.02235174447,-187500.02235174447,-187500.02235174447
não,2163.917084207187,-7854.112428916983,6783.039186363124,12229.220536854333,-187500.02235174447,-187500.02235174447,-187500.02235174447,-187500.02235174447
não,2108.864737613766,-7902.146327751438,6546.445971303699,12230.092254888088,-187500.02235174447,-187500.02235174447,-187500.02235174447,-187500.02235174447
não,2379.3208455229815,-7863.254292399203,7084.11718417611,12169.586082647573,-187500.02235174447,-187500.02235174447,-187500.02235174447,-187500.02235174447
não,2432.0486106930507,-7816.449739509791,7311.568535753315,12165.585120390073,-187500.02235174447,-187500.02235174447,-187500.02235174447,-187500.02235174447
não,2206.228936461084,-7844.322364845559,6880.045757299156,12217.41881578193,-187500.02235174447,-187500.02235174447,-187500.02235174447,-187500.02235174447
não,2089.9775135490318,-7907.644856887443,6524.6753722042295,12233.959106678856,-187500.02235174447,-187500.02235174447,-187500.02235174447,-187500.02235174447
não,2350.3082812199928,-7884.287283931647,6985.4565841503845,12165.227492478787,-187500.02235174447,-187500.02235174447,-187500.02235174447,-187500.02235174447
não,2467.2079047212487,-7827.089169870516,7333.272079619418,12141.959326500813,-187500.02235174447,-187500.02235174447,-187500.02235174447,-187500.02235174447
não,2269.394966291781,-7845.395248579413,6987.647055107004,12186.394594477964,-187500.02235174447,-187500.02235174447,-187500.02235174447,-187500.02235174447
não,2096.995961307998,-7903.107452763016,6531.738523452106,12209.618056967027,-187500.02235174447,-187500.02235174447,-187500.02235174447,-187500.02235174447
não,2303.593135308401,-7900.291132961647,6870.658024627927,12155.035097007169,-187500.02235174447,-187500.02235174447,-187500.02235174447,-187500.02235174447
não,2476.3497682034695,-7837.236861853226,7332.378009841205,12136.796073531637,-187500.02235174447,-187500.02235174447,-187500.02235174447,-187500.02235174447
não,2308.398760366292,-7831.2465943392035,7088.632236556082,12183.444164209863,-187500.02235174447,-187500.02235174447,-187500.02235174447,-187500.02235174447
não,2077.326426187328,-7890.4116619124015,6568.507143081087,12223.051455384668,-187500.02235174447,-187500.02235174447,-187500.02235174447,-187500.02235174447
não,2221.517529668514,-7907.309580720614,6765.873046621447,12170.726021614793,-187500.02235174447,-187500.02235174447,-187500.02235174447,-187500.02235174447
não,2442.8221515205087,-7841.2825275996365,7318.095245134265,12109.973980185268,-187500.02235174447,-187500.02235174447,-187500.02235174447,-187500.02235174447
não,2315.5066151030796,-7828.184405348827,7182.531915012827,12147.033172492167,-187500.02235174447,-187500.02235174447,-187500.02235174447,-187500.02235174447
não,2072.36433891825,-7880.755708307709,6638.535158459564,12205.50533598725,-187500.02235174447,-187500.02235174447,-187500.02235174447,-187500.02235174447
não,2150.0813543893523,-7898.9276765498735,6687.731348005695,12175.88927458397,-187500.02235174447,-187500.02235174447,-187500.02235174447,-187500.02235174447
não,2389.5132409946013,-7847.541016047123,7228.554156846304,12112.097395908522,-187500.02235174447,-187500.02235174447,-187500.02235174447,-187500.02235174447
não,2341.7699148380657,-7816.449739509791,7253.252834469418,12138.338343899053,-187500.02235174447,-187500.02235174447,-187500.02235174447,-187500.02235174447
não,2082.6014378787804,-7868.998690724217,6697.722577777216,12196.542286460673,-187500.02235174447,-187500.02235174447,-187500.02235174447,-187500.02235174447
não,2095.31958047385,-7912.8975168344405,6588.467250879676,12175.1740187614,-187500.02235174447,-187500.02235174447,-187500.02235174447,-187500.02235174447
não,2363.8981418488197,-7862.31551913208,7157.319147267241,12106.487108050242,-187500.02235174447,-187500.02235174447,-187500.02235174447,-187500.02235174447
não,2360.3218627359706,-7821.92591690134,7289.417956998105,12120.2110791458,-187500.02235174447,-187500.02235174447,-187500.02235174447,-187500.02235174447
não,2118.23011854054,-7851.944309704818,6816.946782701824,12193.502449214751,-187500.02235174447,-187500.02235174447,-187500.02235174447,-187500.02235174447
não,2049.7443735294787,-7900.581705639566,6551.162189383768,12194.84355388207,-187500.02235174447,-187500.02235174447,-187500.02235174447,-187500.02235174447
não,2312.8691092573536,-7870.384498880447,7065.967567678401,12105.816555716581,-187500.02235174447,-187500.02235174447,-187500.02235174447,-187500.02235174447
não,2379.2537902896156,-7821.12125410095,7324.085512648287,12099.468660291275,-187500.02235174447,-187500.02235174447,-187500.02235174447,-187500.02235174447
não,2167.448659831126,-7844.143550889916,6915.741493194282,12165.495713412252,-187500.02235174447,-187500.02235174447,-187500.02235174447,-187500.02235174447
não,2038.479094324004,-7900.0452637726385,6534.733657209117,12192.451917225351,-187500.02235174447,-187500.02235174447,-187500.02235174447,-187500.02235174447
não,2278.1344983738063,-7878.364071650991,6969.653900820483,12130.090550195046,-187500.02235174447,-187500.02235174447,-187500.02235174447,-187500.02235174447
não,2402.365494056403,-7819.578983733533,7341.721039023524,12108.25289586221,-187500.02235174447,-187500.02235174447,-187500.02235174447,-187500.02235174447
não,2214.2308609760835,-7831.872443183952,7017.844261866125,12153.381067917475,-187500.02235174447,-187500.02235174447,-187500.02235174447,-187500.02235174447
não,2026.8338354627892,-7891.931580535363,6541.707401479173,12189.635597423983,-187500.02235174447,-187500.02235174447,-187500.02235174447,-187500.02235174447
não,2215.7731313434997,-7894.70319684782,6840.214948679799,12134.046808963634,-187500.02235174447,-187500.02235174447,-187500.02235174447,-187500.02235174447
não,2402.946639412241,-7833.079437384539,7316.038884644376,12099.82628820256,-187500.02235174447,-187500.02235174447,-187500.02235174447,-187500.02235174447
não,2271.4513267816696,-7820.540108745112,7115.364922924629,12146.027343991678,-187500.02235174447,-187500.02235174447,-187500.02235174447,-187500.02235174447
não,2054.751164287468,-7878.386423395446,6596.089195738936,12191.84842012506,-187500.02235174447,-187500.02235174447,-187500.02235174447,-187500.02235174447
não,2183.832488516866,-7900.022912028184,6749.690383635805,12150.005954504724,-187500.02235174447,-187500.02235174447,-187500.02235174447,-187500.02235174447
não,2406.6793807362774,-7831.425408294846,7290.8708203877,12102.217924859277,-187500.02235174447,-187500.02235174447,-187500.02235174447,-187500.02235174447
não,2306.3423998764038,-7819.131948844427,7194.579505274237,12131.141082184444,-187500.02235174447,-187500.02235174447,-187500.02235174447,-187500.02235174447
não,2062.3060539133617,-7876.575932094566,6651.74503943265,12180.94076883087,-187500.02235174447,-187500.02235174447,-187500.02235174447,-187500.02235174447
não,2126.410857011182,-7904.426205685879,6650.247472554144,12161.539454643662,-187500.02235174447,-187500.02235174447,-187500.02235174447,-187500.02235174447
não,2400.1526713553276,-7845.2164346237705,7252.939910047044,12113.259686620198,-187500.02235174447,-187500.02235174447,-187500.02235174447,-187500.02235174447
não,2357.0585080454957,-7810.839451651508,7293.329512277784,12138.87478576598,-187500.02235174447,-187500.02235174447,-187500.02235174447,-187500.02235174447
não,2095.766615362956,-7860.348565620014,6735.899357306881,12191.781364891693,-187500.02235174447,-187500.02235174447,-187500.02235174447,-187500.02235174447
não,2099.3652462202604,-7902.123976006982,6600.514841141086,12174.123486772,-187500.02235174447,-187500.02235174447,-187500.02235174447,-187500.02235174447
não,2353.0351940435403,-7860.974414464762,7126.429036430006,12108.051730162113,-187500.02235174447,-187500.02235174447,-187500.02235174447,-187500.02235174447
não,2383.1876973137496,-7809.096015583995,7322.833814958789,12116.657151777406,-187500.02235174447,-187500.02235174447,-187500.02235174447,-187500.02235174447
não,2133.228139070051,-7848.636251525432,6815.739788501238,12177.252730995742,-187500.02235174447,-187500.02235174447,-187500.02235174447,-187500.02235174447
não,2058.2380364224955,-7901.498127162234,6526.217642571645,12191.066109069123,-187500.02235174447,-187500.02235174447,-187500.02235174447,-187500.02235174447
não,2316.9371267482197,-7870.853885514008,7035.77036091928,12124.435558847852,-187500.02235174447,-187500.02235174447,-187500.02235174447,-187500.02235174447
não,2393.335389296459,-7821.948268645796,7322.833814958789,12115.740730254738,-187500.02235174447,-187500.02235174447,-187500.02235174447,-187500.02235174447
não,2190.7615292980113,-7838.063876398072,6932.125321880022,12171.1730565039,-187500.02235174447,-187500.02235174447,-187500.02235174447,-187500.02235174447
não,2049.610263062747,-7892.512725891201,6526.5529187384755,12191.60255093605,-187500.02235174447,-187500.02235174447,-187500.02235174447,-187500.02235174447
não,2280.3920245637923,-7876.84415302803,6935.3886765704965,12132.057503707112,-187500.02235174447,-187500.02235174447,-187500.02235174447,-187500.02235174447
não,2420.7386279986654,-7816.650905209888,7339.709382022546,12114.645494776429,-187500.02235174447,-187500.02235174447,-187500.02235174447,-187500.02235174447
não,2236.2696810090165,-7824.40696053588,7037.849073153624,12158.566672631106,-187500.02235174447,-187500.02235174447,-187500.02235174447,-187500.02235174447
não,2036.3109751118393,-7887.1259554774715,6542.981450913126,12189.03210032369,-187500.02235174447,-187500.02235174447,-187500.02235174447,-187500.02235174447
não,2222.277488979994,-7892.535077635655,6818.466701324785,12141.221718933788,-187500.02235174447,-187500.02235174447,-187500.02235174447,-187500.02235174447
não,2419.2187093757047,-7832.252422839692,7315.368332310717,12109.884573207448,-187500.02235174447,-187500.02235174447,-187500.02235174447,-187500.02235174447
não,2288.3268938454266,-7819.333114544525,7132.866338833134,12162.366469188508,-187500.02235174447,-187500.02235174447,-187500.02235174447,-187500.02235174447
não,2055.801696276867,-7872.552618092611,6601.87829755286,12212.724949446316,-187500.02235174447,-187500.02235174447,-187500.02235174447,-187500.02235174447
não,2171.986063955553,-7891.775118324175,6721.348371666476,12163.88638781147,-187500.02235174447,-187500.02235174447,-187500.02235174447,-187500.02235174447
não,2403.9971714016406,-7836.342792075014,7268.072041043287,12091.980825898747,-187500.02235174447,-187500.02235174447,-187500.02235174447,-187500.02235174447
não,2312.7126470461667,-7813.745178430699,7193.3725110736505,12126.380160615465,-187500.02235174447,-187500.02235174447,-187500.02235174447,-187500.02235174447
não,2075.0688999973418,-7859.812123753086,6666.921873917803,12189.970873590813,-187500.02235174447,-187500.02235174447,-187500.02235174447,-187500.02235174447
não,2126.6120227112797,-7894.837307314552,6634.355382246421,12178.16915251841,-187500.02235174447,-187500.02235174447,-187500.02235174447,-187500.02235174447
não,2388.6415229608447,-7842.936556689329,7205.7553775018905,12105.548334783118,-187500.02235174447,-187500.02235174447,-187500.02235174447,-187500.02235174447
não,2356.1867900117386,-7812.337018530014,7258.281976971863,12116.053654677113,-187500.02235174447,-187500.02235174447,-187500.02235174447,-187500.02235174447
não,2116.1067028172856,-7856.884045229441,6753.2443110041995,12177.36448971802,-187500.02235174447,-187500.02235174447,-187500.02235174447,-187500.02235174447
não,2093.0397025394086,-7900.782871339664,6568.194218658712,12184.807620621637,-187500.02235174447,-187500.02235174447,-187500.02235174447,-187500.02235174447
não,2366.2897785055375,-7859.342737119525,7123.679771862004,12119.87580297897,-187500.02235174447,-187500.02235174447,-187500.02235174447,-187500.02235174447
não,2395.5482119975345,-7814.415730764357,7312.931992165089,12121.708646024304,-187500.02235174447,-187500.02235174447,-187500.02235174447,-187500.02235174447
não,2165.414651085693,-7841.50604504419,6868.042870526657,12181.767783375715,-187500.02235174447,-187500.02235174447,-187500.02235174447,-187500.02235174447
não,2076.4547081535707,-7896.1113567485045,6571.2787593935445,12199.045681839667,-187500.02235174447,-187500.02235174447,-187500.02235174447,-187500.02235174447
não,2306.856489998876,-7871.32327214757,7003.6509041370045,12139.478282866274,-187500.02235174447,-187500.02235174447,-187500.02235174447,-187500.02235174447
não,2421.0962559099503,-7813.611067963966,7348.9183007381325,12119.54052681214,-187500.02235174447,-187500.02235174447,-187500.02235174447,-187500.02235174447
não,2200.0375032469638,-7836.387495563924,6940.775446984226,12177.431544951385,-187500.02235174447,-187500.02235174447,-187500.02235174447,-187500.02235174447
não,2051.286643896895,-7894.9937695257395,6516.9863721116035,12213.84253666908,-187500.02235174447,-187500.02235174447,-187500.02235174447,-187500.02235174447
não,2278.9391611741976,-7880.308673418603,6907.113719834533,12159.147817986945,-187500.02235174447,-187500.02235174447,-187500.02235174447,-187500.02235174447
não,2426.818302490509,-7819.333114544525,7330.344001095772,12125.329628626065,-187500.02235174447,-187500.02235174447,-187500.02235174447,-187500.02235174447
não,2251.6923846831783,-7826.3739140479465,7051.662451227004,12161.31593719911,-187500.02235174447,-187500.02235174447,-187500.02235174447,-187500.02235174447
não,2057.053393966364,-7883.75084206472,6559.030003432036,12211.786176179192,-187500.02235174447,-187500.02235174447,-187500.02235174447,-187500.02235174447
não,2229.5865094168794,-7886.500106632723,6799.825346449059,12159.63955636496,-187500.02235174447,-187500.02235174447,-187500.02235174447,-187500.02235174447
não,2432.0039072041404,-7821.12125410095,7308.931029907589,12108.655227262405,-187500.02235174447,-187500.02235174447,-187500.02235174447,-187500.02235174447
não,2307.6388010548117,-7815.980352876229,7147.372620984629,12143.903928268424,-187500.02235174447,-187500.02235174447,-187500.02235174447,-187500.02235174447
não,2073.7501470744787,-7871.882065758952,6617.680980882762,12197.36930100552,-187500.02235174447,-187500.02235174447,-187500.02235174447,-187500.02235174447
não,2175.182363412662,-7896.1113567485045,6704.875136002915,12173.31882397161,-187500.02235174447,-187500.02235174447,-187500.02235174447,-187500.02235174447
não,2422.6385262773665,-7834.688762985321,7263.355822963217,12127.251878649222,-187500.02235174447,-187500.02235174447,-187500.02235174447,-187500.02235174447
não,2344.0274410280517,-7815.019227864651,7219.322886386262,12148.508387626218,-187500.02235174447,-187500.02235174447,-187500.02235174447,-187500.02235174447
não,2102.360379977272,-7861.466152842779,6689.9665224512255,12202.353740019053,-187500.02235174447,-187500.02235174447,-187500.02235174447,-187500.02235174447
não,2127.997830867509,-7899.754691094719,6615.69167562624,12184.293530499164,-187500.02235174447,-187500.02235174447,-187500.02235174447,-187500.02235174447
não,2403.3713225568918,-7843.897681700908,7197.440528564517,12127.743617027238,-187500.02235174447,-187500.02235174447,-187500.02235174447,-187500.02235174447
não,2390.429662517269,-7803.932762614819,7288.68034943108,12145.602660847027,-187500.02235174447,-187500.02235174447,-187500.02235174447,-187500.02235174447
não,2146.7285927210564,-7842.936556689329,6795.578515002551,12203.583085964096,-187500.02235174447,-187500.02235174447,-187500.02235174447,-187500.02235174447
não,2096.772443863445,-7893.071519502583,6569.423564603754,12200.900876629457,-187500.02235174447,-187500.02235174447,-187500.02235174447,-187500.02235174447
não,2365.7756883830652,-7854.246539383715,7103.898478019057,12132.705704296315,-187500.02235174447,-187500.02235174447,-187500.02235174447,-187500.02235174447
não,2406.2770493360817,-7807.173765560838,7316.7541404669455,12134.69500955284,-187500.02235174447,-187500.02235174447,-187500.02235174447,-187500.02235174447
não,2184.033654216964,-7838.510911287179,6880.828068355092,12188.98739683478,-187500.02235174447,-187500.02235174447,-187500.02235174447,-187500.02235174447
não,2073.8842575412104,-7891.864525301997,6531.783226941017,12201.482021985295,-187500.02235174447,-187500.02235174447,-187500.02235174447,-187500.02235174447
não,2332.98567926713,-7865.623577311466,7000.320494213163,12140.327649155575,-187500.02235174447,-187500.02235174447,-187500.02235174447,-187500.02235174447
não,2443.716221298721,-7808.514870228157,7344.73852452499,12127.698913538326,-187500.02235174447,-187500.02235174447,-187500.02235174447,-187500.02235174447
não,2231.6875733956786,-7829.301992571592,6982.57320911565,12173.095306527055,-187500.02235174447,-187500.02235174447,-187500.02235174447,-187500.02235174447
não,2061.032004479409,-7889.785813067653,6529.972735640137,12210.623885467516,-187500.02235174447,-187500.02235174447,-187500.02235174447,-187500.02235174447
não,2284.057710654463,-7871.703251803309,6889.165269036922,12160.77949533218,-187500.02235174447,-187500.02235174447,-187500.02235174447,-187500.02235174447
não,2465.419765164824,-7806.21264054926,7370.845362048789,12113.170279642378,-187500.02235174447,-187500.02235174447,-187500.02235174447,-187500.02235174447
não,2286.8069752224656,-7812.292315041103,7092.208515668931,12158.365506931008,-187500.02235174447,-187500.02235174447,-187500.02235174447,-187500.02235174447
não,2072.833725551811,-7876.5088768612,6557.197160386701,12210.735644189794,-187500.02235174447,-187500.02235174447,-187500.02235174447,-187500.02235174447
não,2238.6836694101894,-7887.148307221927,6775.506648481685,12167.373259946497,-187500.02235174447,-187500.02235174447,-187500.02235174447,-187500.02235174447
não,2453.81920979252,-7826.3739140479465,7301.912582148622,12118.110015167,-187500.02235174447,-187500.02235174447,-187500.02235174447,-187500.02235174447
não,2335.51142639058,-7812.091149341006,7163.935263626011,12151.570576616596,-187500.02235174447,-187500.02235174447,-187500.02235174447,-187500.02235174447
não,2097.219478752551,-7865.847094756019,6628.78979787705,12197.972798105813,-187500.02235174447,-187500.02235174447,-187500.02235174447,-187500.02235174447
não,2188.325189152383,-7894.926714292374,6680.735251991183,12170.703669870338,-187500.02235174447,-187500.02235174447,-187500.02235174447,-187500.02235174447
não,2447.136038200383,-7832.766512962165,7253.565758891793,12115.181936643356,-187500.02235174447,-187500.02235174447,-187500.02235174447,-187500.02235174447
não,2376.1245460658724,-7803.463375981257,7238.366572662184,12134.225622919277,-187500.02235174447,-187500.02235174447,-187500.02235174447,-187500.02235174447
não,2133.0046216254977,-7851.005536437695,6719.247307687678,12195.469402726818,-187500.02235174447,-187500.02235174447,-187500.02235174447,-187500.02235174447
não,2147.510903776992,-7893.004464269217,6608.986152289647,12188.696824156861,-187500.02235174447,-187500.02235174447,-187500.02235174447,-187500.02235174447
não,2417.0729419079953,-7846.199911379804,7176.966330643455,12124.502614081219,-187500.02235174447,-187500.02235174447,-187500.02235174447,-187500.02235174447
não,2409.495700537646,-7806.302047527081,7292.994236110954,12131.811634518104,-187500.02235174447,-187500.02235174447,-187500.02235174447,-187500.02235174447
não,2169.773241254478,-7840.276699099148,6810.1295006429555,12197.346949261064,-187500.02235174447,-187500.02235174447,-187500.02235174447,-187500.02235174447
não,2112.5527754488917,-7894.837307314552,6558.784134243028,12205.46063249834,-187500.02235174447,-187500.02235174447,-187500.02235174447,-187500.02235174447
não,2376.2810082770598,-7864.573045322067,7082.954893464434,12120.524003568175,-187500.02235174447,-187500.02235174447,-187500.02235174447,-187500.02235174447
não,2435.468427594713,-7803.932762614819,7327.684143505591,12104.92248593837,-187500.02235174447,-187500.02235174447,-187500.02235174447,-187500.02235174447
$SILENCE,2216.3989801882485,-7825.233975080726,6907.001961112257,12167.060335524124,-187500.02235174447,-187500.02235174447,-187500.02235174447,-187500.02235174447
$SILENCE,2090.4245484381377,-7889.137612478449,6527.0223053720365,12192.697786414361,-187500.02235174447,-187500.02235174447,-187500.02235174447,-187500.02235174447
$SILENCE,2342.596929382912,-7866.338833134036,6978.393432902508,12135.410265375409,-187500.02235174447,-187500.02235174447,-187500.02235174447,-187500.02235174447
$SILENCE,2471.29827395657,-7810.682989440321,7348.761838526945,12120.814576246094,-187500.02235174447,-187500.02235174447,-187500.02235174447,-187500.02235174447
$SILENCE,2279.341492574393,-7821.814158179064,7017.911317099491,12173.184713504877,-187500.02235174447,-187500.02235174447,-187500.02235174447,-187500.02235174447
$SILENCE,2092.257391483473,-7884.5108013762,6547.228282359634,12193.390690492475,-187500.02235174447,-187500.02235174447,-187500.02235174447,-187500.02235174447
$SILENCE,2294.2277543816276,-7881.582722852555,6864.466591413808,12132.057503707112,-187500.02235174447,-187500.02235174447,-187500.02235174447,-187500.02235174447
$SILENCE,2477.1544310038607,-7815.667428453855,7335.462550576038,12105.883610949948,-187500.02235174447,-187500.02235174447,-187500.02235174447,-187500.02235174447
$SILENCE,2327.688315831222,-7817.232050565726,7111.341608922674,12154.431599906875,-187500.02235174447,-187500.02235174447,-187500.02235174447,-187500.02235174447
$SILENCE,2116.1961097951066,-7878.811106540097,6591.462384636687,12200.27502778471,-187500.02235174447,-187500.02235174447,-187500.02235174447,-187500.02235174447
$SILENCE,2247.154980558751,-7898.771214338686,6758.742840140205,12156.219739463299,-187500.02235174447,-187500.02235174447,-187500.02235174447,-187500.02235174447
$SILENCE,2466.8726285544194,-7831.134835616927,7299.54329723636,12103.044939404124,-187500.02235174447,-187500.02235174447,-187500.02235174447,-187500.02235174447
$SILENCE,2375.588104198945,-7807.285524283115,7200.256848365885,12141.601698589528,-187500.02235174447,-187500.02235174447,-187500.02235174447,-187500.02235174447
$SILENCE,2145.409839798193,-7862.539036576633,6668.173571607301,12201.727891174305,-187500.02235174447,-187500.02235174447,-187500.02235174447,-187500.02235174447
$SILENCE,2219.7517418565444,-7897.139536993449,6679.125926390401,12173.497637927252,-187500.02235174447,-187500.02235174447,-187500.02235174447,-187500.02235174447
$SILENCE,2475.500401914168,-7841.237824110726,7248.693078600536,12102.083814392545,-187500.02235174447,-187500.02235174447,-187500.02235174447,-187500.02235174447
$SILENCE,2427.24298563516,-7812.649942952388,7271.6706719005915,12121.082797179557,-187500.02235174447,-187500.02235174447,-187500.02235174447,-187500.02235174447
$SILENCE,2186.4252908736817,-7856.593472551522,6752.171427270345,12185.008786321734,-187500.02235174447,-187500.02235174447,-187500.02235174447,-187500.02235174447
$SILENCE,2182.089052449352,-7902.079272518072,6603.219402220178,12175.1740187614,-187500.02235174447,-187500.02235174447,-187500.02235174447,-187500.02235174447
$SILENCE,2458.557779617045,-7859.767420264176,7177.748641699392,12113.662018020394,-187500.02235174447,-187500.02235174447,-187500.02235174447,-187500.02235174447
$SILENCE,2463.475163397213,-7814.482785997723,7325.6724865046135,12122.1109774245,-187500.02235174447,-187500.02235174447,-187500.02235174447,-187500.02235174447
$SILENCE,2227.664259393723,-7848.5021410587005,6851.301413929631,12180.560789175128,-187500.02235174447,-187500.02235174447,-187500.02235174447,-187500.02235174447
$SILENCE,2146.4380200431374,-7904.13563300796,6556.236035375123,12185.008786321734,-187500.02235174447,-187500.02235174447,-187500.02235174447,-187500.02235174447
$SILENCE,2409.6745144932884,-7868.909283746396,7071.376689836585,12121.440425090841,-187500.02235174447,-187500.02235174447,-187500.02235174447,-187500.02235174447
$SILENCE,2486.1621840193493,-7817.0979400989945,7357.613129331247,12116.63480003295,-187500.02235174447,-187500.02235174447,-187500.02235174447,-187500.02235174447
$SILENCE,2277.9333326737087,-7834.93463217433,6958.768601270748,12164.445181422852,-187500.02235174447,-187500.02235174447,-187500.02235174447,-187500.02235174447
$SILENCE,2148.248511344017,-7891.439842157346,6559.3652795988655,12187.579236934094,-187500.02235174447,-187500.02235174447,-187500.02235174447,-187500.02235174447
$SILENCE,2383.411214758303,-7879.883990273952,6978.795764302703,12129.084721694557,-187500.02235174447,-187500.02235174447,-187500.02235174447,-187500.02235174447
$SILENCE,2509.0280185971283,-7818.662562210866,7368.118449225241,12104.207230115799,-187500.02235174447,-187500.02235174447,-187500.02235174447,-187500.02235174447
$SILENCE,2331.8010368109985,-7829.592565249511,7061.117239131599,12153.381067917475,-187500.02235174447,-187500.02235174447,-187500.02235174447,-187500.02235174447
$SILENCE,2149.120229377774,-7891.305731690613,6576.687881551729,12193.837725381582,-187500.02235174447,-187500.02235174447,-187500.02235174447,-187500.02235174447
$SILENCE,2343.0886677609287,-7894.725548592276,6870.188637994366,12141.199367189332,-187500.02235174447,-187500.02235174447,-187500.02235174447,-187500.02235174447
$SILENCE,2530.910376418874,-7832.6547542398885,7355.936748497099,12096.317064323077,-187500.02235174447,-187500.02235174447,-187500.02235174447,-187500.02235174447
$SILENCE,2385.266409548093,-7825.83747218102,7151.015955330844,12135.49967235323,-187500.02235174447,-187500.02235174447,-187500.02235174447,-187500.02235174447
$SILENCE,2162.66538651769,-7880.621597840977,6624.028876308069,12190.440260224374,-187500.02235174447,-187500.02235174447,-187500.02235174447,-187500.02235174447
$SILENCE,2286.9410856891973,-7899.061787016605,6758.944005840302,12156.845588308048,-187500.02235174447,-187500.02235174447,-187500.02235174447,-187500.02235174447
$SILENCE,2514.1465680773936,-7837.572138020056,7308.5957537407585,12111.53860229714,-187500.02235174447,-187500.02235174447,-187500.02235174447,-187500.02235174447
$SILENCE,2419.978668687185,-7822.462358768268,7231.750456303413,12148.396628903942,-187500.02235174447,-187500.02235174447,-187500.02235174447,-187500.02235174447
$SILENCE,2174.4894593345475,-7869.535132591144,6690.525316062608,12192.65308292545,-187500.02235174447,-187500.02235174447,-187500.02235174447,-187500.02235174447
$SILENCE,2229.608861161335,-7901.162850995404,6669.671138485806,12177.856228096036,-187500.02235174447,-187500.02235174447,-187500.02235174447,-187500.02235174447
$SILENCE,2503.3059720165697,-7845.618766023966,7246.457904155005,12119.942858212336,-187500.02235174447,-187500.02235174447,-187500.02235174447,-187500.02235174447
$SILENCE,2467.2079047212487,-7815.779187176131,7294.536506478371,12134.605602575017,-187500.02235174447,-187500.02235174447,-187500.02235174447,-187500.02235174447
$SILENCE,2221.405770946237,-7858.605129552499,6786.123727097956,12196.095251571567,-187500.02235174447,-187500.02235174447,-187500.02235174447,-187500.02235174447
$SILENCE,2196.6847415786674,-7901.207554484315,6603.957009787204,12191.446088724862,-187500.02235174447,-187500.02235174447,-187500.02235174447,-187500.02235174447
$SILENCE,2468.7725268331205,-7861.197931909315,7157.6767751785255,12128.056541449612,-187500.02235174447,-187500.02235174447,-187500.02235174447,-187500.02235174447
$SILENCE,2491.236030010704,-7821.635344223421,7333.808521486345,12126.223698404277,-187500.02235174447,-187500.02235174447,-187500.02235174447,-187500.02235174447
$SILENCE,2260.7448411875775,-7849.083286414539,6881.744489877759,12187.154553789444,-187500.02235174447,-187500.02235174447,-187500.02235174447,-187500.02235174447
$SILENCE,2167.091031919841,-7905.744958608742,6565.802582001995,12201.616132452027,-187500.02235174447,-187500.02235174447,-187500.02235174447,-187500.02235174447
$SILENCE,2425.9018809678414,-7872.418507625879,7059.954948419923,12135.49967235323,-187500.02235174447,-187500.02235174447,-187500.02235174447,-187500.02235174447
$SILENCE,2512.3807802654246,-7816.226222065237,7368.74429806999,12130.716399039793,-187500.02235174447,-187500.02235174447,-187500.02235174447,-187500.02235174447
$SILENCE,2313.6961238022,-7836.812178708575,6987.110613240077,12187.623940423005,-187500.02235174447,-187500.02235174447,-187500.02235174447,-187500.02235174447
$SILENCE,2163.5594562959022,-7897.0501300156275,6559.409983087777,12203.65014119746,-187500.02235174447,-187500.02235174447,-187500.02235174447,-187500.02235174447
$SILENCE,2391.815470673498,-7886.589513610544,6951.750153511782,12139.83591077756,-187500.02235174447,-187500.02235174447,-187500.02235174447,-187500.02235174447
$SILENCE,2540.07459164555,-7827.066818126062,7369.504257381471,12107.805860973103,-187500.02235174447,-187500.02235174447,-187500.02235174447,-187500.02235174447
$SILENCE,2361.7076708921995,-7832.878271684441,7082.463155086417,12153.224605706288,-187500.02235174447,-187500.02235174447,-187500.02235174447,-187500.02235174447
$SILENCE,2164.9452644521316,-7894.882010803463,6585.8968002673155,12201.347911518564,-187500.02235174447,-187500.02235174447,-187500.02235174447,-187500.02235174447
$SILENCE,2346.620243384867,-7897.787737582653,6838.918547501391,12157.560844130618,-187500.02235174447,-187500.02235174447,-187500.02235174447,-187500.02235174447
$SILENCE,2556.3466616090136,-7833.7723414626535,7349.052411204864,12116.903020966414,-187500.02235174447,-187500.02235174447,-187500.02235174447,-187500.02235174447
$SILENCE,2422.2138431327157,-7828.273812326648,7178.083917866221,12155.750352829738,-187500.02235174447,-187500.02235174447,-187500.02235174447,-187500.02235174447
$SILENCE,2199.5904683578574,-7881.448612385823,6648.615795208907,12216.32358030362,-187500.02235174447,-187500.02235174447,-187500.02235174447,-187500.02235174447
$SILENCE,2318.188824437717,-7904.627371385976,6746.449380689786,12183.287701998675,-187500.02235174447,-187500.02235174447,-187500.02235174447,-187500.02235174447
$SILENCE,2554.714984263776,-7845.641117768421,7304.572439738803,12127.631858304961,-187500.02235174447,-187500.02235174447,-187500.02235174447,-187500.02235174447
$SILENCE,2461.0164715071287,-7823.781111691131,7252.157598991108,12157.046754008146,-187500.02235174447,-187500.02235174447,-187500.02235174447,-187500.02235174447
$SILENCE,2219.192948245162,-7872.776135537164,6726.981011269214,12209.349836033563,-187500.02235174447,-187500.02235174447,-187500.02235174447,-187500.02235174447
$SILENCE,2264.9469691451754,-7910.684694133365,6665.3125483170215,12182.639501409472,-187500.02235174447,-187500.02235174447,-187500.02235174447,-187500.02235174447
$SILENCE,2537.302975333092,-7858.694536530321,7234.946755760522,12114.578439543062,-187500.02235174447,-187500.02235174447,-187500.02235174447,-187500.02235174447
$SILENCE,2513.677181443832,-7825.368085547458,7315.882422433188,12133.063332207601,-187500.02235174447,-187500.02235174447,-187500.02235174447,-187500.02235174447
$SILENCE,2270.1772773477173,-7864.505990088701,6820.008971692201,12194.08359457059,-187500.02235174447,-187500.02235174447,-187500.02235174447,-187500.02235174447
$SILENCE,2225.764361115022,-7913.165737767904,6604.962838287693,12195.491754471273,-187500.02235174447,-187500.02235174447,-187500.02235174447,-187500.02235174447
$SILENCE,2494.9687713347403,-7874.765440793686,7144.466894205439,12127.676561793873,-187500.02235174447,-187500.02235174447,-187500.02235174447,-187500.02235174447
$SILENCE,2536.878292188441,-7826.955059403785,7354.841513018789,12131.185785673355,-187500.02235174447,-187500.02235174447,-187500.02235174447,-187500.02235174447
$SILENCE,2305.113053931362,-7852.07842017155,6913.886298404491,12194.396518992964,-187500.02235174447,-187500.02235174447,-187500.02235174447,-187500.02235174447
$SILENCE,2187.2970089074383,-7901.98986554025,6563.209779645179,12218.670513471427,-187500.02235174447,-187500.02235174447,-187500.02235174447,-187500.02235174447
$SILENCE,2452.00871849164,-7879.571065851577,7039.68191619896,12147.368448658997,-187500.02235174447,-187500.02235174447,-187500.02235174447,-187500.02235174447
$SILENCE,2564.5050483352006,-7832.07360888405,7382.021234276443,12121.239259390744,-187500.02235174447,-187500.02235174447,-187500.02235174447,-187500.02235174447
$SILENCE,2358.8019441130095,-7850.491446315223,7020.6158781785825,12170.256634981231,-187500.02235174447,-187500.02235174447,-187500.02235174447,-187500.02235174447
$SILENCE,2190.6497705757347,-7907.913077820907,6571.502276838098,12205.41592900943,-187500.02235174447,-187500.02235174447,-187500.02235174447,-187500.02235174447
$SILENCE,2409.272183093093,-7897.184240482359,6933.175853869421,12154.051620251133,-187500.02235174447,-187500.02235174447,-187500.02235174447,-187500.02235174447
$SILENCE,2560.3476238665135,-7833.191196106815,7368.319614925339,12119.719340767782,-187500.02235174447,-187500.02235174447,-187500.02235174447,-187500.02235174447
$SILENCE,2393.849479418931,-7837.929765931341,7107.3182949207185,12159.147817986945,-187500.02235174447,-187500.02235174447,-187500.02235174447,-187500.02235174447
$SILENCE,2190.605067086824,-7896.066653259594,6605.633390621351,12208.925152888913,-187500.02235174447,-187500.02235174447,-187500.02235174447,-187500.02235174447
$SILENCE,2347.55901665199,-7905.052054530627,6820.835986237048,12165.071030267602,-187500.02235174447,-187500.02235174447,-187500.02235174447,-187500.02235174447
$SILENCE,2559.3194436215695,-7843.517702045167,7339.9328994671,12119.652285534417,-187500.02235174447,-187500.02235174447,-187500.02235174447,-187500.02235174447
$SILENCE,2445.1243811994054,-7831.850091439497,7196.144127386109,12163.64051862246,-187500.02235174447,-187500.02235174447,-187500.02235174447,-187500.02235174447
$SILENCE,2207.7041515951337,-7884.555504865111,6658.69643195825,12214.84836516957,-187500.02235174447,-187500.02235174447,-187500.02235174447,-187500.02235174447
$SILENCE,2295.50180381558,-7908.9636098103065,6724.499967634674,12180.471382197307,-187500.02235174447,-187500.02235174447,-187500.02235174447,-187500.02235174447
$SILENCE,2542.712097491276,-7848.815065481075,7287.294541274851,12122.200384402322,-187500.02235174447,-187500.02235174447,-187500.02235174447,-187500.02235174447
$SILENCE,2479.233143238204,-7827.335039059525,7259.131343261164,12136.63961132045,-187500.02235174447,-187500.02235174447,-187500.02235174447,-187500.02235174447
$SILENCE,2239.1977595326616,-7874.631330326954,6732.725409594227,12190.41790847992,-187500.02235174447,-187500.02235174447,-187500.02235174447,-187500.02235174447
$SILENCE,2252.698213183667,-7914.171566268393,6639.451579982231,12182.684204898384,-187500.02235174447,-187500.02235174447,-187500.02235174447,-187500.02235174447
$SILENCE,2522.5508239925894,-7860.728545275753,7212.818528749768,12125.709608281804,-187500.02235174447,-187500.02235174447,-187500.02235174447,-187500.02235174447
$SILENCE,2504.2447452836927,-7823.758759946676,7327.930012694599,12138.606564832517,-187500.02235174447,-187500.02235174447,-187500.02235174447,-187500.02235174447
$SILENCE,2261.7730214325215,-7862.27081564317,6843.277137670177,12193.74831840376,-187500.02235174447,-187500.02235174447,-187500.02235174447,-187500.02235174447
$SILENCE,2202.2279742035835,-7915.110339535516,6581.2029339317005,12196.184658549388,-187500.02235174447,-187500.02235174447,-187500.02235174447,-187500.02235174447
$SILENCE,2475.29923621407,-7875.659510571899,7115.253164202352,12134.82912001957,-187500.02235174447,-187500.02235174447,-187500.02235174447,-187500.02235174447
$SILENCE,2541.013364912673,-7828.676143726843,7356.6073008307585,12131.454006606818,-187500.02235174447,-187500.02235174447,-187500.02235174447,-187500.02235174447
$SILENCE,2320.513405861069,-7853.93361496134,6931.410066057452,12183.332405487587,-187500.02235174447,-187500.02235174447,-187500.02235174447,-187500.02235174447
$SILENCE,2188.5487065969355,-7909.365941210502,6561.801619744494,12198.93392311739,-187500.02235174447,-187500.02235174447,-187500.02235174447,-187500.02235174447
$SILENCE,2430.551043814545,-7887.841211300041,7015.631439165049,12137.488977609752,-187500.02235174447,-187500.02235174447,-187500.02235174447,-187500.02235174447
$SILENCE,2547.6071295269885,-7829.056123382584,7371.135934726708,12123.094454180535,-187500.02235174447,-187500.02235174447,-187500.02235174447,-187500.02235174447
$SILENCE,2352.074069031962,-7841.684858999832,7032.7081719289035,12181.588969420072,-187500.02235174447,-187500.02235174447,-187500.02235174447,-187500.02235174447
$SILENCE,2179.7197675370894,-7899.441766672346,6581.739375798628,12216.301228559165,-187500.02235174447,-187500.02235174447,-187500.02235174447,-187500.02235174447
$SILENCE,2381.42190950178,-7894.591438125544,6907.180775067899,12152.710515583816,-187500.02235174447,-187500.02235174447,-187500.02235174447,-187500.02235174447
$SILENCE,2549.5740830390555,-7831.6489257394,7354.17096068513,12116.813613988592,-187500.02235174447,-187500.02235174447,-187500.02235174447,-187500.02235174447
$SILENCE,2398.2304213321713,-7835.560481019078,7118.5835741261935,12158.767838331205,-187500.02235174447,-187500.02235174447,-187500.02235174447,-187500.02235174447
$SILENCE,2185.732386795567,-7893.652664858421,6594.412814904787,12195.245885282266,-187500.02235174447,-187500.02235174447,-187500.02235174447,-187500.02235174447
$SILENCE,2326.749542564099,-7908.851851088029,6779.10527933899,12148.418980648397,-187500.02235174447,-187500.02235174447,-187500.02235174447,-187500.02235174447
$SILENCE,2539.269928845159,-7842.623632266955,7311.4120735421275,12106.73297723925,-187500.02235174447,-187500.02235174447,-187500.02235174447,-187500.02235174447
$SILENCE,2428.8299594914865,-7825.12221635845,7195.451223307994,12145.513253869207,-187500.02235174447,-187500.02235174447,-187500.02235174447,-187500.02235174447
$SILENCE,2189.57688684188,-7879.124030962472,6657.377679035388,12194.84355388207,-187500.02235174447,-187500.02235174447,-187500.02235174447,-187500.02235174447
$SILENCE,2260.3648615318375,-7908.740092365753,6684.870324715415,12168.826123336092,-187500.02235174447,-187500.02235174447,-187500.02235174447,-187500.02235174447
$SILENCE,2519.555690235578,-7850.98318469324,7272.162410278608,12115.561916299095,-187500.02235174447,-187500.02235174447,-187500.02235174447,-187500.02235174447
$SILENCE,2467.5431808880785,-7821.076550612039,7275.358709735717,12126.469567593285,-187500.02235174447,-187500.02235174447,-187500.02235174447,-187500.02235174447
$SILENCE,2230.3911722172707,-7869.982167480251,6744.482427177719,12183.287701998675,-187500.02235174447,-187500.02235174447,-187500.02235174447,-187500.02235174447
$SILENCE,2222.635116891279,-7910.8411563445525,6612.808300591505,12177.74446937376,-187500.02235174447,-187500.02235174447,-187500.02235174447,-187500.02235174447
$SILENCE,2484.4634514407458,-7862.159056920894,7184.767089458357,12113.192631386833,-187500.02235174447,-187500.02235174447,-187500.02235174447,-187500.02235174447
$SILENCE,2504.7364836617094,-7827.044466381606,7331.998030185465,12120.099320423524,-187500.02235174447,-187500.02235174447,-187500.02235174447,-187500.02235174447
$SILENCE,2266.7798121905103,-7860.974414464762,6855.034155253667,12172.737678615771,-187500.02235174447,-187500.02235174447,-187500.02235174447,-187500.02235174447
$SILENCE,2195.3659886558044,-7904.895592319441,6592.44586139272,12176.470419939807,-187500.02235174447,-187500.02235174447,-187500.02235174447,-187500.02235174447
$SILENCE,2436.2283869061935,-7875.771269294175,7059.4185065529955,12110.868049963481,-187500.02235174447,-187500.02235174447,-187500.02235174447,-187500.02235174447
$SILENCE,2516.6946669452986,-7822.730579701732,7359.401268887672,12096.25000908971,-187500.02235174447,-187500.02235174447,-187500.02235174447,-187500.02235174447
$SILENCE,2281.6437222532895,-7848.546844547612,6919.965972896335,12159.97483253179,-187500.02235174447,-187500.02235174447,-187500.02235174447,-187500.02235174447
$SILENCE,2165.9510929526205,-7902.727473107276,6565.064974434969,12182.013652564723,-187500.02235174447,-187500.02235174447,-187500.02235174447,-187500.02235174447
$SILENCE,2379.3208455229815,-7884.9578362653065,6952.934795967913,12123.988523958746,-187500.02235174447,-187500.02235174447,-187500.02235174447,-187500.02235174447
$SILENCE,2522.9308036483294,-7826.709190214777,7356.830818275312,12095.691215478328,-187500.02235174447,-187500.02235174447,-187500.02235174447,-187500.02235174447
$SILENCE,2321.4521791281913,-7834.375838562947,7020.347657245119,12149.60362310453,-187500.02235174447,-187500.02235174447,-187500.02235174447,-187500.02235174447
$SILENCE,2139.151351350707,-7900.402891683923,6531.760875196562,12185.902856099947,-187500.02235174447,-187500.02235174447,-187500.02235174447,-187500.02235174447
$SILENCE,2333.1644932227723,-7896.491336404245,6837.532739345163,12134.315029897098,-187500.02235174447,-187500.02235174447,-187500.02235174447,-187500.02235174447
$SILENCE,2520.2262425692375,-7834.085265885028,7324.241974859474,12095.892381178426,-187500.02235174447,-187500.02235174447,-187500.02235174447,-187500.02235174447
$SILENCE,2371.855362874909,-7830.687800727821,7120.483472404894,12134.270326408188,-187500.02235174447,-187500.02235174447,-187500.02235174447,-187500.02235174447
$SILENCE,2159.6255492717683,-7889.495240389734,6599.754881829605,12179.465553696818,-187500.02235174447,-187500.02235174447,-187500.02235174447,-187500.02235174447
$SILENCE,2298.4522340836807,-7910.32706622208,6740.8614445759595,12134.583250830561,-187500.02235174447,-187500.02235174447,-187500.02235174447,-187500.02235174447
$SILENCE,2531.223300841248,-7846.065800913072,7288.6356459421695,12081.520209493663,-187500.02235174447,-187500.02235174447,-187500.02235174447,-187500.02235174447
$SILENCE,2433.3450118714586,-7825.949230903296,7200.636828021626,12106.509459794695,-187500.02235174447,-187500.02235174447,-187500.02235174447,-187500.02235174447
$SILENCE,2194.0025322440306,-7883.594379853533,6670.1852286082785,12165.182788989878,-187500.02235174447,-187500.02235174447,-187500.02235174447,-187500.02235174447
$SILENCE,2248.8090096484434,-7915.870298846996,6652.79557142205,12143.747466057237,-187500.02235174447,-187500.02235174447,-187500.02235174447,-187500.02235174447
$SILENCE,2507.128120318427,-7857.509894074189,7227.257755667896,12088.896285163913,-187500.02235174447,-187500.02235174447,-187500.02235174447,-187500.02235174447
$SILENCE,2465.397413420369,-7824.049332624595,7276.968035336499,12109.30342785161,-187500.02235174447,-187500.02235174447,-187500.02235174447,-187500.02235174447
$SILENCE,2214.6555441207342,-7864.327176133058,6757.871122106448,12157.69495459735,-187500.02235174447,-187500.02235174447,-187500.02235174447,-187500.02235174447
$SILENCE,2188.638113574757,-7907.913077820907,6578.364262385877,12145.043867235645,-187500.02235174447,-187500.02235174447,-187500.02235174447,-187500.02235174447
$SILENCE,2462.4469831522683,-7863.991899966229,7141.427056959517,12082.101354849501,-187500.02235174447,-187500.02235174447,-187500.02235174447,-187500.02235174447
$SILENCE,2485.1340037744053,-7822.171786090349,7316.374160811206,12087.599883985506,-187500.02235174447,-187500.02235174447,-187500.02235174447,-187500.02235174447
$SILENCE,2252.474695739114,-7854.335946361536,6849.669736584394,12142.205195689821,-187500.02235174447,-187500.02235174447,-187500.02235174447,-187500.02235174447
$SILENCE,2168.5885987983465,-7908.360112710013,6545.842474203405,12152.755219072727,-187500.02235174447,-187500.02235174447,-187500.02235174447,-187500.02235174447
$SILENCE,2439.044706707562,-7878.565237351088,7052.623576238582,12091.645549731917,-187500.02235174447,-187500.02235174447,-187500.02235174447,-187500.02235174447
$SILENCE,2513.207794810271,-7823.915222157863,7346.996050714976,12076.267549546666,-187500.02235174447,-187500.02235174447,-187500.02235174447,-187500.02235174447
$SILENCE,2306.878841743331,-7849.4409143258235,6963.887150751013,12122.334494869054,-187500.02235174447,-187500.02235174447,-187500.02235174447,-187500.02235174447
$SILENCE,2171.740194766545,-7905.99082779775,6575.235018162134,12144.216852690799,-187500.02235174447,-187500.02235174447,-187500.02235174447,-187500.02235174447
$SILENCE,2371.274217519071,-7888.645874100433,6927.207938099854,12087.19755258531,-187500.02235174447,-187500.02235174447,-187500.02235174447,-187500.02235174447
$SILENCE,2532.586757253022,-7829.458454782779,7362.441106133593,12061.090715061513,-187500.02235174447,-187500.02235174447,-187500.02235174447,-187500.02235174447
$SILENCE,2347.8048858409984,-7838.779132220642,7056.021041395788,12114.936067454348,-187500.02235174447,-187500.02235174447,-187500.02235174447,-187500.02235174447
$SILENCE,2161.704261506112,-7902.0345690291615,6576.352605384899,12151.101189983034,-187500.02235174447,-187500.02235174447,-187500.02235174447,-187500.02235174447
$SILENCE,2322.9273942622417,-7903.263914974203,6815.851547223515,12105.525983038662,-187500.02235174447,-187500.02235174447,-187500.02235174447,-187500.02235174447
$SILENCE,2513.073684343539,-7840.947251432807,7295.408224512127,12061.493046461708,-187500.02235174447,-187500.02235174447,-187500.02235174447,-187500.02235174447
$SILENCE,2387.523935738079,-7832.07360888405,7137.537853424294,12097.836982946037,-187500.02235174447,-187500.02235174447,-187500.02235174447,-187500.02235174447
$SILENCE,2164.252360374017,-7887.9529700223175,6614.909364570304,12147.524910870185,-187500.02235174447,-187500.02235174447,-187500.02235174447,-187500.02235174447
$SILENCE,2271.8760099263204,-7908.985961554762,6720.409598399353,12109.415186573886,-187500.02235174447,-187500.02235174447,-187500.02235174447,-187500.02235174447
$SILENCE,2515.7558936781757,-7850.737315504231,7276.409241725117,12052.932328335326,-187500.02235174447,-187500.02235174447,-187500.02235174447,-187500.02235174447
$SILENCE,2438.374154373903,-7830.106655371983,7217.177118918553,12087.91280840788,-187500.02235174447,-187500.02235174447,-187500.02235174447,-187500.02235174447
$SILENCE,2191.0968054648406,-7879.03462398465,6688.401900339353,12147.83783529256,-187500.02235174447,-187500.02235174447,-187500.02235174447,-187500.02235174447
$SILENCE,2229.273584994505,-7914.9538773243285,6634.511844457608,12122.82623324707,-187500.02235174447,-187500.02235174447,-187500.02235174447,-187500.02235174447
$SILENCE,2502.6354196829107,-7860.035641197639,7214.204336905997,12062.610633684473,-187500.02235174447,-187500.02235174447,-187500.02235174447,-187500.02235174447
$SILENCE,2473.0864135129946,-7825.368085547458,7282.466564472505,12075.552293724097,-187500.02235174447,-187500.02235174447,-187500.02235174447,-187500.02235174447
$SILENCE,2237.0296403204966,-7866.964681978784,6780.53579098413,12135.633782819961,-187500.02235174447,-187500.02235174447,-187500.02235174447,-187500.02235174447
$SILENCE,2198.025846245986,-7915.177394768882,6573.916265239271,12131.20813741781,-187500.02235174447,-187500.02235174447,-187500.02235174447,-187500.02235174447
$SILENCE,2468.1466779883717,-7873.5584465931,7124.618545129126,12064.599938940995,-187500.02235174447,-187500.02235174447,-187500.02235174447,-187500.02235174447
$SILENCE,2502.903640616374,-7827.402094292891,7329.002896428454,12065.873988374948,-187500.02235174447,-187500.02235174447,-187500.02235174447,-187500.02235174447
$SILENCE,2275.8099169504544,-7858.515722574678,6881.6774346443935,12120.524003568175,-187500.02235174447,-187500.02235174447,-187500.02235174447,-187500.02235174447
$SILENCE,2179.764471026,-7916.250278502736,6550.134009138824,12139.366524143998,-187500.02235174447,-187500.02235174447,-187500.02235174447,-187500.02235174447
$SILENCE,2436.5413113285676,-7887.08125198856,7035.5244917302725,12079.57560772605,-187500.02235174447,-187500.02235174447,-187500.02235174447,-187500.02235174447
$SILENCE,2530.6645072298656,-7829.301992571592,7352.36046938425,12062.565930195562,-187500.02235174447,-187500.02235174447,-187500.02235174447,-187500.02235174447
$SILENCE,2333.1644932227723,-7848.055106169594,6979.980406758834,12116.008951188202,-187500.02235174447,-187500.02235174447,-187500.02235174447,-187500.02235174447
$SILENCE,2173.5283343229694,-7908.427167943379,6543.182616613223,12149.35775391552,-187500.02235174447,-187500.02235174447,-187500.02235174447,-187500.02235174447
$SILENCE,2397.403406787325,-7898.570048638589,6912.724007692816,12087.86810491897,-187500.02235174447,-187500.02235174447,-187500.02235174447,-187500.02235174447
$SILENCE,2544.254367858692,-7835.828701952541,7347.018402459432,12055.323964992043,-187500.02235174447,-187500.02235174447,-187500.02235174447,-187500.02235174447
$SILENCE,2370.1789820407607,-7839.1144083874715,7080.87618123009,12102.486145792742,-187500.02235174447,-187500.02235174447,-187500.02235174447,-187500.02235174447
$SILENCE,2175.696453535134,-7898.882973060963,6580.688843809229,12148.866015537504,-187500.02235174447,-187500.02235174447,-187500.02235174447,-187500.02235174447
$SILENCE,2358.533723179546,-7907.354284209524,6813.437558822341,12108.074081906567,-187500.02235174447,-187500.02235174447,-187500.02235174447,-187500.02235174447
$SILENCE,2588.13084222446,-7842.98126017824,7353.07572520682,12060.1966452833,-187500.02235174447,-187500.02235174447,-187500.02235174447,-187500.02235174447
$SILENCE,2448.0524597230506,-7831.537167017123,7190.131508127632,12099.289846335632,-187500.02235174447,-187500.02235174447,-187500.02235174447,-187500.02235174447
$SILENCE,2210.9675062856086,-7888.489411889245,6646.0006411076365,12153.716344084305,-187500.02235174447,-187500.02235174447,-187500.02235174447,-187500.02235174447
$SILENCE,2315.8418912699094,-7908.181298754371,6718.464996631742,12128.235355405255,-187500.02235174447,-187500.02235174447,-187500.02235174447,-187500.02235174447
$SILENCE,2556.3466616090136,-7853.88891147243,7252.604633880214,12080.96141588228,-187500.02235174447,-187500.02235174447,-187500.02235174447,-187500.02235174447
$SILENCE,2486.564515419545,-7829.279640827137,7240.601747107715,12106.889439450437,-187500.02235174447,-187500.02235174447,-187500.02235174447,-187500.02235174447
$SILENCE,2236.2696810090165,-7874.832496027053,6719.113197220945,12167.641480879962,-187500.02235174447,-187500.02235174447,-187500.02235174447,-187500.02235174447
$SILENCE,2277.240428595594,-7916.585554669566,6630.399123477831,12152.062314994611,-187500.02235174447,-187500.02235174447,-187500.02235174447,-187500.02235174447
$SILENCE,2548.9035307053964,-7862.963719721284,7199.832165221234,12088.136325852434,-187500.02235174447,-187500.02235174447,-187500.02235174447,-187500.02235174447
$SILENCE,2543.941443436318,-7827.759722204176,7305.4218060281055,12105.63774176094,-187500.02235174447,-187500.02235174447,-187500.02235174447,-187500.02235174447
$SILENCE,2300.396835851292,-7865.377708122458,6816.25387862371,12162.768800588705,-187500.02235174447,-187500.02235174447,-187500.02235174447,-187500.02235174447
$SILENCE,2249.188989304184,-7913.724531379286,6582.409928132288,12172.40240244894,-187500.02235174447,-187500.02235174447,-187500.02235174447,-187500.02235174447
$SILENCE,2520.40505652488,-7874.027833226662,7116.929545036501,12108.92344819587,-187500.02235174447,-187500.02235174447,-187500.02235174447,-187500.02235174447
$SILENCE,2567.8578100034965,-7826.731541959231,7341.318707623328,12108.431709817853,-187500.02235174447,-187500.02235174447,-187500.02235174447,-187500.02235174447
$SILENCE,2346.46378117368,-7854.403001594902,6919.161310095944,12178.102097285046,-187500.02235174447,-187500.02235174447,-187500.02235174447,-187500.02235174447
$SILENCE,2229.050067549952,-7908.047188287639,6552.995032429103,12203.694844686372,-187500.02235174447,-187500.02235174447,-187500.02235174447,-187500.02235174447
$SILENCE,2479.1213845159277,-7883.236751942248,7004.164994259477,12139.455931121818,-187500.02235174447,-187500.02235174447,-187500.02235174447,-187500.02235174447
não,2587.236772446248,-7825.725713458743,7349.924129238621,12124.010875703201,-187500.02235174447,-187500.02235174447,-187500.02235174447,-187500.02235174447
não,2395.1235288528837,-7842.020135166662,7008.5235844282615,12173.184713504877,-187500.02235174447,-187500.02235174447,-187500.02235174447,-187500.02235174447
não,2225.183215759184,-7898.681807360865,6550.469285305654,12211.60736222355,-187500.02235174447,-187500.02235174447,-187500.02235174447,-187500.02235174447
não,2428.3829246023806,-7890.635179356955,6885.36547247952,12157.672602852894,-187500.02235174447,-187500.02235174447,-187500.02235174447,-187500.02235174447
não,2597.5409266401443,-7828.765550704665,7339.843492489278,12123.943820469836,-187500.02235174447,-187500.02235174447,-187500.02235174447,-187500.02235174447
não,2437.8600642514307,-7829.234937338226,7098.601114583149,12169.02728903619,-187500.02235174447,-187500.02235174447,-187500.02235174447,-187500.02235174447
não,2224.177387258695,-7887.416528155391,6583.035776977036,12211.048568612166,-187500.02235174447,-187500.02235174447,-187500.02235174447,-187500.02235174447
não,2376.1916012992383,-7901.811051584608,6781.161639828878,12170.16722800341,-187500.02235174447,-187500.02235174447,-187500.02235174447,-187500.02235174447
não,2599.8655080634962,-7839.740257232221,7314.742483465968,12123.787358258649,-187500.02235174447,-187500.02235174447,-187500.02235174447,-187500.02235174447
não,2485.648093896877,-7824.094036113505,7189.080976138232,12155.728001085283,-187500.02235174447,-187500.02235174447,-187500.02235174447,-187500.02235174447
não,2247.8031811479545,-7878.0287954841615,6656.79653367955,12211.830879668103,-187500.02235174447,-187500.02235174447,-187500.02235174447,-187500.02235174447
não,2321.340420405915,-7905.834365586564,6685.362063093432,12184.673510154906,-187500.02235174447,-187500.02235174447,-187500.02235174447,-187500.02235174447
não,2581.380615398957,-7847.541016047123,7254.504532158916,12125.776663515171,-187500.02235174447,-187500.02235174447,-187500.02235174447,-187500.02235174447
não,2529.88219617393,-7822.685876212821,7256.136209504153,12147.569614359096,-187500.02235174447,-187500.02235174447,-187500.02235174447,-187500.02235174447
não,2286.5611060334572,-7868.171676179371,6748.57279641304,12201.571428963118,-187500.02235174447,-187500.02235174447,-187500.02235174447,-187500.02235174447
não,2289.7797572350214,-7905.521441164189,6635.249452024634,12192.116641058523,-187500.02235174447,-187500.02235174447,-187500.02235174447,-187500.02235174447
não,2542.3768213244466,-7861.980242965251,7151.2841762643075,12135.052637464123,-187500.02235174447,-187500.02235174447,-187500.02235174447,-187500.02235174447
não,2556.301958120103,-7822.372951790447,7302.82900367129,12146.07204748059,-187500.02235174447,-187500.02235174447,-187500.02235174447,-187500.02235174447
não,2319.6863913162224,-7856.3699551069685,6831.1624921754,12202.554905719151,-187500.02235174447,-187500.02235174447,-187500.02235174447,-187500.02235174447
não,2246.0373933359856,-7909.18712725486,6558.381802842832,12205.50533598725,-187500.02235174447,-187500.02235174447,-187500.02235174447,-187500.02235174447
não,2511.0843790870167,-7873.290225659636,7088.028739455788,12142.763989301204,-187500.02235174447,-187500.02235174447,-187500.02235174447,-187500.02235174447
não,2579.9054002649073,-7821.702399456787,7347.465437348537,12138.964192743802,-187500.02235174447,-187500.02235174447,-187500.02235174447,-187500.02235174447
não,2362.3558714814035,-7846.334021846536,6936.930946937913,12196.542286460673,-187500.02235174447,-187500.02235174447,-187500.02235174447,-187500.02235174447
não,2227.6866111381783,-7901.051092273127,6541.416828801254,12215.585972736595,-187500.02235174447,-187500.02235174447,-187500.02235174447,-187500.02235174447
não,2472.8628960684414,-7887.75180432222,6976.940569512913,12149.044829493145,-187500.02235174447,-187500.02235174447,-187500.02235174447,-187500.02235174447
não,2602.5030139092223,-7828.676143726843,7359.065992720842,12128.458872849807,-187500.02235174447,-187500.02235174447,-187500.02235174447,-187500.02235174447
não,2413.273145350593,-7838.488559542723,7037.446741753429,12182.594797920561,-187500.02235174447,-187500.02235174447,-187500.02235174447,-187500.02235174447
não,2221.2940122239606,-7897.22894397127,6561.86867497786,12218.871679171525,-187500.02235174447,-187500.02235174447,-187500.02235174447,-187500.02235174447
não,2420.0233721760956,-7893.60796136951,6878.704652631838,12169.65313788094,-187500.02235174447,-187500.02235174447,-187500.02235174447,-187500.02235174447
não,2611.1084355245157,-7828.430274537835,7363.134010211708,12140.819387533593,-187500.02235174447,-187500.02235174447,-187500.02235174447,-187500.02235174447
não,2442.7774480315984,-7831.827739695042,7123.500957906361,12166.076858768089,-187500.02235174447,-187500.02235174447,-187500.02235174447,-187500.02235174447
não,2218.254174978039,-7889.249371200725,6612.115396513391,12206.153536576456,-187500.02235174447,-187500.02235174447,-187500.02235174447,-187500.02235174447
não,2362.489981948135,-7906.4378626868565,6755.837113361015,12170.480152425785,-187500.02235174447,-187500.02235174447,-187500.02235174447,-187500.02235174447
não,2599.7090458523094,-7849.418562581368,7290.759061665423,12117.975904700268,-187500.02235174447,-187500.02235174447,-187500.02235174447,-187500.02235174447
não,2494.8346608680085,-7833.5488240181,7210.583354304237,12152.330535928075,-187500.02235174447,-187500.02235174447,-187500.02235174447,-187500.02235174447
não,2260.2307510651053,-7881.269798430181,6698.795461511071,12211.294437801176,-187500.02235174447,-187500.02235174447,-187500.02235174447,-187500.02235174447
não,2317.987658737619,-7911.623467400488,6662.809152938027,12178.817353107615,-187500.02235174447,-187500.02235174447,-187500.02235174447,-187500.02235174447
não,2571.4117373718905,-7845.641117768421,7224.284973655341,12126.87189899348,-187500.02235174447,-187500.02235174447,-187500.02235174447,-187500.02235174447
não,2534.106675875983,-7811.30883828507,7275.179895780075,12150.363582416008,-187500.02235174447,-187500.02235174447,-187500.02235174447,-187500.02235174447
não,2274.9381989166977,-7881.046280985628,6749.33275572452,12183.51121944323,-187500.02235174447,-187500.02235174447,-187500.02235174447,-187500.02235174447
não,2270.0655186254407,-7926.465025718811,6598.21261146219,12183.064184554123,-187500.02235174447,-187500.02235174447,-187500.02235174447,-187500.02235174447
não,2549.082344661039,-7878.006443739706,7177.838048677212,12121.775701257671,-187500.02235174447,-187500.02235174447,-187500.02235174447,-187500.02235174447
não,2574.004539728706,-7828.273812326648,7359.468324121038,12123.765006514193,-187500.02235174447,-187500.02235174447,-187500.02235174447,-187500.02235174447
não,2318.6805628157335,-7865.847094756019,6848.328631917076,12179.644367652461,-187500.02235174447,-187500.02235174447,-187500.02235174447,-187500.02235174447
não,2256.721527185622,-7915.490319191256,6599.665474851785,12202.21962955232,-187500.02235174447,-187500.02235174447,-187500.02235174447,-187500.02235174447
não,2492.197155022282,-7888.7129293337985,7029.53422421625,12123.273268136176,-187500.02235174447,-187500.02235174447,-187500.02235174447,-187500.02235174447
não,2578.8548682755077,-7840.723733988254,7317.871727689711,12102.44144230383,-187500.02235174447,-187500.02235174447,-187500.02235174447,-187500.02235174447
não,2376.2810082770598,-7861.533208076145,6954.454714590874,12164.825161078592,-187500.02235174447,-187500.02235174447,-187500.02235174447,-187500.02235174447
não,2235.82264611991,-7918.418397714901,6548.39057307131,12198.486888228284,-187500.02235174447,-187500.02235174447,-187500.02235174447,-187500.02235174447
não,2463.4081081638465,-7905.409682441913,6952.599519801083,12137.600736332028,-187500.02235174447,-187500.02235174447,-187500.02235174447,-187500.02235174447
não,2607.2192319892924,-7846.043449168617,7368.207856203063,12110.957456941302,-187500.02235174447,-187500.02235174447,-187500.02235174447,-187500.02235174447
não,2423.8008169890427,-7855.095905673016,7079.35626260713,12156.30914644112,-187500.02235174447,-187500.02235174447,-187500.02235174447,-187500.02235174447
não,2215.5943173878572,-7913.61277265701,6564.2379598901225,12191.155516046943,-187500.02235174447,-187500.02235174447,-187500.02235174447,-187500.02235174447
não,2391.6143049734005,-7910.572935411088,6818.913736213892,12138.87478576598,-187500.02235174447,-187500.02235174447,-187500.02235174447,-187500.02235174447
não,2593.4729091492786,-7846.535187546634,7326.92418419411,12115.561916299095,-187500.02235174447,-187500.02235174447,-187500.02235174447,-187500.02235174447
não,2457.4401923942796,-7845.998745679706,7148.624318674126,12161.762972088216,-187500.02235174447,-187500.02235174447,-187500.02235174447,-187500.02235174447
não,2231.1958350176615,-7900.380539939469,6620.921983828782,12209.573353478117,-187500.02235174447,-187500.02235174447,-187500.02235174447,-187500.02235174447
não,2342.373411938359,-7916.227926758281,6733.552424139074,12174.257597238731,-187500.02235174447,-187500.02235174447,-187500.02235174447,-187500.02235174447
não,2581.6041328435103,-7852.368992849469,7289.373253509195,12126.044884448635,-187500.02235174447,-187500.02235174447,-187500.02235174447,-187500.02235174447
não,2498.4332917253128,-7835.35931531898,7227.95065974601,12155.616242363007,-187500.02235174447,-187500.02235174447,-187500.02235174447,-187500.02235174447
não,2253.3240620284155,-7889.741109578742,6693.207525397244,12207.025254610213,-187500.02235174447,-187500.02235174447,-187500.02235174447,-187500.02235174447
não,2296.373521849337,-7924.85570011803,6649.152237075835,12189.099155557056,-187500.02235174447,-187500.02235174447,-187500.02235174447,-187500.02235174447
não,2561.9569494672955,-7868.484600601745,7224.486139355438,12129.308239139109,-187500.02235174447,-187500.02235174447,-187500.02235174447,-187500.02235174447
não,2523.6684112153544,-7835.716943230265,7285.484049973971,12145.334439913564,-187500.02235174447,-187500.02235174447,-187500.02235174447,-187500.02235174447
não,2279.207382107661,-7877.470001872779,6784.24618056371,12204.477155742306,-187500.02235174447,-187500.02235174447,-187500.02235174447,-187500.02235174447
não,2252.7205649281223,-7923.291078006158,6582.54403859902,12202.040815596678,-187500.02235174447,-187500.02235174447,-187500.02235174447,-187500.02235174447
não,2530.7539142076866,-7880.912170518896,7136.308507479252,12137.131349698468,-187500.02235174447,-187500.02235174447,-187500.02235174447,-187500.02235174447
não,2561.3311006225467,-7835.9404606748185,7333.987335441988,12137.220756676288,-187500.02235174447,-187500.02235174447,-187500.02235174447,-187500.02235174447
não,2315.685429058722,-7865.869446500475,6880.917475332913,12193.167173047921,-187500.02235174447,-187500.02235174447,-187500.02235174447,-187500.02235174447
não,2203.949058526642,-7921.94997333884,6544.881349191827,12213.619019224529,-187500.02235174447,-187500.02235174447,-187500.02235174447,-187500.02235174447
não,2468.5713611330225,-7890.635179356955,7026.472035225873,12152.062314994611,-187500.02235174447,-187500.02235174447,-187500.02235174447,-187500.02235174447
não,2569.5341908376445,-7835.158149618883,7346.727829781513,12136.840777020549,-187500.02235174447,-187500.02235174447,-187500.02235174447,-187500.02235174447
não,2366.6027029279117,-7854.112428916983,6983.087299238122,12188.562713690128,-187500.02235174447,-187500.02235174447,-187500.02235174447,-187500.02235174447
não,2222.791579102466,-7909.164775510404,6584.846268277916,12219.56458324964,-187500.02235174447,-187500.02235174447,-187500.02235174447,-187500.02235174447
não,2418.3916948308583,-7898.346531194035,6917.0155426282345,12171.865960582014,-187500.02235174447,-187500.02235174447,-187500.02235174447,-187500.02235174447
não,2564.974434968762,-7841.126065388449,7332.757989496946,12133.510367096707,-187500.02235174447,-187500.02235174447,-187500.02235174447,-187500.02235174447
não,2392.3295607959703,-7848.390382336424,7054.568178006194,12177.386841462476,-187500.02235174447,-187500.02235174447,-187500.02235174447,-187500.02235174447
não,2186.358235640316,-7908.605981899022,6558.515913309564,12229.354647321064,-187500.02235174447,-187500.02235174447,-187500.02235174447,-187500.02235174447
não,2348.2966242190155,-7914.99858081324,6790.996407389213,12182.058356053634,-187500.02235174447,-187500.02235174447,-187500.02235174447,-187500.02235174447
não,2559.4759058327563,-7850.625556781955,7306.8746694177,12142.78634104566,-187500.02235174447,-187500.02235174447,-187500.02235174447,-187500.02235174447
não,2424.9631077007184,-7837.125103130949,7151.641804175592,12186.059318311134,-187500.02235174447,-187500.02235174447,-187500.02235174447,-187500.02235174447
não,2186.5370495959583,-7889.986978767751,6620.854928595416,12234.696714245882,-187500.02235174447,-187500.02235174447,-187500.02235174447,-187500.02235174447
não,2280.9508181751753,-7916.026761058183,6698.32607487751,12198.710405672839,-187500.02235174447,-187500.02235174447,-187500.02235174447,-187500.02235174447
não,2521.522643747645,-7858.7168882747765,7252.694040858036,12142.428713134375,-187500.02235174447,-187500.02235174447,-187500.02235174447,-187500.02235174447
não,2439.491741596668,-7836.990992664218,7213.980819461444,12157.516140641706,-187500.02235174447,-187500.02235174447,-187500.02235174447,-187500.02235174447
não,2185.1735931841845,-7883.437917642345,6685.250304371155,12218.335237304598,-187500.02235174447,-187500.02235174447,-187500.02235174447,-187500.02235174447
não,2212.733294097578,-7922.732284394776,6610.818995334983,12203.337216775086,-187500.02235174447,-187500.02235174447,-187500.02235174447,-187500.02235174447
não,2489.850221854475,-7872.887894259441,7186.287008081318,12138.383047387964,-187500.02235174447,-187500.02235174447,-187500.02235174447,-187500.02235174447
não,2463.810439564042,-7837.661544997877,7273.056480056821,12140.528814855674,-187500.02235174447,-187500.02235174447,-187500.02235174447,-187500.02235174447
não,2214.7896545874664,-7878.408775139902,6777.808878160582,12195.067071326623,-187500.02235174447,-187500.02235174447,-187500.02235174447,-187500.02235174447
não,2164.3417673518384,-7925.638011173965,6548.614090515864,12200.27502778471,-187500.02235174447,-187500.02235174447,-187500.02235174447,-187500.02235174447
não,2427.24298563516,-7883.303807175614,7082.798431253247,12137.0642944651,-187500.02235174447,-187500.02235174447,-187500.02235174447,-187500.02235174447
não,2463.072831997017,-7837.460379297779,7302.426672271094,12131.655172306917,-187500.02235174447,-187500.02235174447,-187500.02235174447,-187500.02235174447
não,2231.017021062019,-7868.194027923826,6872.133239761978,12180.2255130083,-187500.02235174447,-187500.02235174447,-187500.02235174447,-187500.02235174447
não,2114.318563260861,-7926.845005374552,6513.9912383545925,12193.323635259108,-187500.02235174447,-187500.02235174447,-187500.02235174447,-187500.02235174447
não,2365.6192261718784,-7903.219211485292,6972.671386321948,12130.850509506525,-187500.02235174447,-187500.02235174447,-187500.02235174447,-187500.02235174447
não,2463.519866886123,-7844.322364845559,7311.501480519949,12109.035206918146,-187500.02235174447,-187500.02235174447,-187500.02235174447,-187500.02235174447
não,2253.569931217424,-7856.951100462807,6959.640319304504,12170.681318125882,-187500.02235174447,-187500.02235174447,-187500.02235174447,-187500.02235174447
não,2081.550905889381,-7918.3513424815355,6513.745369165585,12211.1826790789,-187500.02235174447,-187500.02235174447,-187500.02235174447,-187500.02235174447
não,2288.6174665233452,-7910.349417966536,6859.705669844827,12148.68720158186,-187500.02235174447,-187500.02235174447,-187500.02235174447,-187500.02235174447
não,2450.8017242910537,-7845.88698695743,7308.998085140955,12107.358826083997,-187500.02235174447,-187500.02235174447,-187500.02235174447,-187500.02235174447
não,2281.666073997745,-7847.608071280489,7063.307710088219,12145.021515491191,-187500.02235174447,-187500.02235174447,-187500.02235174447,-187500.02235174447
não,2060.294396912384,-7906.527269664678,6546.1553986257795,12188.205085778844,-187500.02235174447,-187500.02235174447,-187500.02235174447,-187500.02235174447
não,2216.1978144881505,-7917.278458747681,6743.297784721588,12150.944727771846,-187500.02235174447,-187500.02235174447,-187500.02235174447,-187500.02235174447
não,2429.7463810141544,-7855.78880975113,7265.6804043865695,12105.973017927769,-187500.02235174447,-187500.02235174447,-187500.02235174447,-187500.02235174447
não,2312.5114813460686,-7842.578928778044,7138.901309836067,12135.1643961864,-187500.02235174447,-187500.02235174447,-187500.02235174447,-187500.02235174447
não,2069.3692051612384,-7897.363054438002,6610.483719168154,12185.41111772193,-187500.02235174447,-187500.02235174447,-187500.02235174447,-187500.02235174447
não,2152.8753224462657,-7925.012162329217,6650.493341743153,12157.560844130618,-187500.02235174447,-187500.02235174447,-187500.02235174447,-187500.02235174447
não,2406.0088284026183,-7861.868484242975,7216.148938673608,12107.202363872811,-187500.02235174447,-187500.02235174447,-187500.02235174447,-187500.02235174447
não,2343.2227782276605,-7836.901585686396,7210.404540348594,12134.940878741847,-187500.02235174447,-187500.02235174447,-187500.02235174447,-187500.02235174447
não,2094.090234528808,-7886.947141521829,6686.814926483027,12193.122469559012,-187500.02235174447,-187500.02235174447,-187500.02235174447,-187500.02235174447
não,2097.487699686015,-7926.733246652276,6569.132991925835,12171.061297781624,-187500.02235174447,-187500.02235174447,-187500.02235174447,-187500.02235174447
não,2376.213953043694,-7877.22413268377,7142.343478482185,12107.180012128356,-187500.02235174447,-187500.02235174447,-187500.02235174447,-187500.02235174447
não,2375.9680838546856,-7838.533263031633,7269.6143114107035,12118.06531167809,-187500.02235174447,-187500.02235174447,-187500.02235174447,-187500.02235174447
não,2132.9152146476763,-7874.765440793686,6791.197573089311,12180.896065341958,-187500.02235174447,-187500.02235174447,-187500.02235174447,-187500.02235174447
não,2069.45861213906,-7926.8673571190075,6521.657886702763,12187.60158867855,-187500.02235174447,-187500.02235174447,-187500.02235174447,-187500.02235174447
não,2338.372449680859,-7887.170658966382,7044.018154623289,12118.44529133383,-187500.02235174447,-187500.02235174447,-187500.02235174447,-187500.02235174447
não,2397.917496909797,-7839.248518854203,7301.6667129596135,12108.476413306764,-187500.02235174447,-187500.02235174447,-187500.02235174447,-187500.02235174447
não,2172.611912800302,-7861.644966798422,6886.661873657928,12178.415021707418,-187500.02235174447,-187500.02235174447,-187500.02235174447,-187500.02235174447
não,2041.6306902922024,-7916.585554669566,6505.676389417218,12202.621960952516,-187500.02235174447,-187500.02235174447,-187500.02235174447,-187500.02235174447
não,2280.123803630329,-7891.819821813086,6942.764752240748,12130.247012406233,-187500.02235174447,-187500.02235174447,-187500.02235174447,-187500.02235174447
não,2404.2877440795596,-7835.135797874427,7311.21090784203,12108.565820284584,-187500.02235174447,-187500.02235174447,-187500.02235174447,-187500.02235174447
não,2219.930555812187,-7853.263062627681,6979.421613147451,12157.449085408341,-187500.02235174447,-187500.02235174447,-187500.02235174447,-187500.02235174447
não,2028.4431610635713,-7913.009275556717,6513.767720910039,12198.017501594722,-187500.02235174447,-187500.02235174447,-187500.02235174447,-187500.02235174447
não,2222.791579102466,-7908.784795854664,6822.221794393277,12144.30625966862,-187500.02235174447,-187500.02235174447,-187500.02235174447,-187500.02235174447
não,2405.9417731692524,-7849.239748625726,7292.636608199669,12113.416148831386,-187500.02235174447,-187500.02235174447,-187500.02235174447,-187500.02235174447
não,2259.2025708201613,-7842.690687500321,7074.841210227158,12157.02440226369,-187500.02235174447,-187500.02235174447,-187500.02235174447,-187500.02235174447
não,2037.4062105901494,-7900.402891683923,6554.626709774341,12197.659873683438,-187500.02235174447,-187500.02235174447,-187500.02235174447,-187500.02235174447
não,2173.617741300791,-7916.607906414021,6719.068493732035,12155.482131896273,-187500.02235174447,-187500.02235174447,-187500.02235174447,-187500.02235174447
não,2408.400465059336,-7856.727583018253,7261.433572940061,12108.051730162113,-187500.02235174447,-187500.02235174447,-187500.02235174447,-187500.02235174447
não,2309.2257749111386,-7842.556577033589,7155.866283877645,12145.736771313761,-187500.02235174447,-187500.02235174447,-187500.02235174447,-187500.02235174447
não,2063.3789376472164,-7892.535077635655,6616.250469237622,12199.55977196214,-187500.02235174447,-187500.02235174447,-187500.02235174447,-187500.02235174447
não,2128.9813076235423,-7921.324124494091,6625.817015864493,12175.956329817334,-187500.02235174447,-187500.02235174447,-187500.02235174447,-187500.02235174447
não,2390.0049793726184,-7863.70132728831,7201.217973377464,12116.031302932657,-187500.02235174447,-187500.02235174447,-187500.02235174447,-187500.02235174447
não,2347.402554440803,-7838.041524653617,7221.848633509712,12128.570631572084,-187500.02235174447,-187500.02235174447,-187500.02235174447,-187500.02235174447
não,2101.309847987872,-7882.163868208393,6711.580659339507,12198.196315550365,-187500.02235174447,-187500.02235174447,-187500.02235174447,-187500.02235174447
não,2086.1106617582636,-7925.682714662876,6553.263253362567,12188.093327056567,-187500.02235174447,-187500.02235174447,-187500.02235174447,-187500.02235174447
não,2354.4880574331355,-7877.447650128323,7112.906231034545,12115.941895954837,-187500.02235174447,-187500.02235174447,-187500.02235174447,-187500.02235174447
não,2362.46763020368,-7835.716943230265,7265.6804043865695,12112.879706964459,-187500.02235174447,-187500.02235174447,-187500.02235174447,-187500.02235174447
não,2131.283537302439,-7869.959815735796,6803.401625561908,12175.643405394962,-187500.02235174447,-187500.02235174447,-187500.02235174447,-187500.02235174447
não,2061.680205068613,-7922.821691372596,6517.344000022888,12193.122469559012,-187500.02235174447,-187500.02235174447,-187500.02235174447,-187500.02235174447
não,2328.8059030539875,-7884.9578362653065,7022.3816659905515,12131.1634339289,-187500.02235174447,-187500.02235174447,-187500.02235174447,-187500.02235174447
não,2402.723121967688,-7827.7820739486315,7300.213849570018,12122.312143124598,-187500.02235174447,-187500.02235174447,-187500.02235174447,-187500.02235174447
não,2178.512773336503,-7854.045373683617,6902.084577332089,12173.140010015966,-187500.02235174447,-187500.02235174447,-187500.02235174447,-187500.02235174447
não,2031.3041843538506,-7914.730359879775,6495.171069523224,12196.765803905226,-187500.02235174447,-187500.02235174447,-187500.02235174447,-187500.02235174447
não,2271.1384023592955,-7899.978208539273,6906.242001800776,12135.052637464123,-187500.02235174447,-187500.02235174447,-187500.02235174447,-187500.02235174447
não,2408.735741226166,-7841.193120621815,7305.801785683845,12118.06531167809,-187500.02235174447,-187500.02235174447,-187500.02235174447,-187500.02235174447
não,2223.3056692249384,-7852.2572341271925,7005.282581482242,12167.462666924319,-187500.02235174447,-187500.02235174447,-187500.02235174447,-187500.02235174447
não,2027.0350011628868,-7909.321237721591,6515.645267444285,12208.500469744262,-187500.02235174447,-187500.02235174447,-187500.02235174447,-187500.02235174447
não,2205.3572184273266,-7911.668170889398,6785.944913142313,12151.101189983034,-187500.02235174447,-187500.02235174447,-187500.02235174447,-187500.02235174447
não,2403.818357445998,-7844.07649565655,7280.097279560242,12108.029378417657,-187500.02235174447,-187500.02235174447,-187500.02235174447,-187500.02235174447
não,2269.1938005916836,-7834.599356007499,7090.710948790425,12154.49865514024,-187500.02235174447,-187500.02235174447,-187500.02235174447,-187500.02235174447
não,2047.2409781504846,-7893.94323753634,6566.562541313475,12201.906705129946,-187500.02235174447,-187500.02235174447,-187500.02235174447,-187500.02235174447
não,2165.19113364114,-7918.038418059161,6695.643865542873,12165.987451790268,-187500.02235174447,-187500.02235174447,-187500.02235174447,-187500.02235174447
não,2402.8348806899644,-7857.0181556961725,7250.347107690229,12116.433634332852,-187500.02235174447,-187500.02235174447,-187500.02235174447,-187500.02235174447
não,2308.018780710552,-7838.153283375894,7168.293853794797,12140.461759622307,-187500.02235174447,-187500.02235174447,-187500.02235174447,-187500.02235174447
não,2065.0553184813643,-7888.377653166968,6631.002620578125,12197.391652749975,-187500.02235174447,-187500.02235174447,-187500.02235174447,-187500.02235174447
não,2118.4536359850927,-7919.491281448756,6599.754881829605,12176.246902495253,-187500.02235174447,-187500.02235174447,-187500.02235174447,-187500.02235174447
não,2384.9981886146297,-7864.170713921871,7177.145144599098,12116.478337821763,-187500.02235174447,-187500.02235174447,-187500.02235174447,-187500.02235174447
não,2354.599816155412,-7835.202853107793,7232.979802248455,12131.051675206623,-187500.02235174447,-187500.02235174447,-187500.02235174447,-187500.02235174447
não,2108.350647491294,-7880.129859462961,6723.695304834284,12181.767783375715,-187500.02235174447,-187500.02235174447,-187500.02235174447,-187500.02235174447
não,2083.517859401448,-7922.844043117052,6535.225395587135,12187.51218170073,-187500.02235174447,-187500.02235174447,-187500.02235174447,-187500.02235174447
não,2356.298548734015,-7874.228998926759,7089.861582501124,12127.296582138131,-187500.02235174447,-187500.02235174447,-187500.02235174447,-187500.02235174447
não,2390.0943863504394,-7832.431236795335,7279.270265015396,12126.894250737936,-187500.02235174447,-187500.02235174447,-187500.02235174447,-187500.02235174447
não,2160.0949359053297,-7863.589568566033,6826.803902006615,12183.622978165506,-187500.02235174447,-187500.02235174447,-187500.02235174447,-187500.02235174447
não,2064.4294696366155,-7917.546679681144,6505.341113250389,12204.231286553299,-187500.02235174447,-187500.02235174447,-187500.02235174447,-187500.02235174447
não,2322.167434950761,-7888.824688056075,6992.340921442619,12131.252840906722,-187500.02235174447,-187500.02235174447,-187500.02235174447,-187500.02235174447
não,2409.2498313486376,-7836.722771730754,7297.9116198911215,12112.142099397433,-187500.02235174447,-187500.02235174447,-187500.02235174447,-187500.02235174447
não,2203.345561426349,-7855.006498695195,6923.5869554980945,12169.720193114304,-187500.02235174447,-187500.02235174447,-187500.02235174447,-187500.02235174447
não,2047.5986060617695,-7912.159909267415,6495.327531734411,12202.666664441427,-187500.02235174447,-187500.02235174447,-187500.02235174447,-187500.02235174447
não,2267.3609575463483,-7900.380539939469,6874.703690374338,12144.529777113174,-187500.02235174447,-187500.02235174447,-187500.02235174447,-187500.02235174447
não,2424.8960524673525,-7840.388457821425,7298.8503931582445,12116.120709910478,-187500.02235174447,-187500.02235174447,-187500.02235174447,-187500.02235174447
não,2261.8400766658874,-7845.149379390405,7028.640154438038,12158.92430054239,-187500.02235174447,-187500.02235174447,-187500.02235174447,-187500.02235174447
não,2061.054356223864,-7903.263914974203,6530.375067040332,12202.398443507964,-187500.02235174447,-187500.02235174447,-187500.02235174447,-187500.02235174447
não,2227.5525006714465,-7913.0763307900825,6766.118915810456,12150.92237602739,-187500.02235174447,-187500.02235174447,-187500.02235174447,-187500.02235174447
não,2434.172026416305,-7851.094943415516,7270.195456766541,12107.381177828453,-187500.02235174447,-187500.02235174447,-187500.02235174447,-187500.02235174447
não,2312.176205179239,-7846.065800913072,7105.708969319937,12150.542396371651,-187500.02235174447,-187500.02235174447,-187500.02235174447,-187500.02235174447
não,2096.0124845519645,-7901.878106817974,6585.8968002673155,12203.60543770855,-187500.02235174447,-187500.02235174447,-187500.02235174447,-187500.02235174447
não,2200.3280759248823,-7922.821691372596,6676.51077228913,12163.93109130038,-187500.02235174447,-187500.02235174447,-187500.02235174447,-187500.02235174447
não,2442.2857096535813,-7858.2475016412145,7234.231499937952,12110.756291241205,-187500.02235174447,-187500.02235174447,-187500.02235174447,-187500.02235174447
não,2368.435545973247,-7833.973507162751,7192.5454965288045,12139.679448566372,-187500.02235174447,-187500.02235174447,-187500.02235174447,-187500.02235174447
não,2139.2407583285285,-7880.263969929692,6687.060795672035,12205.37122552052,-187500.02235174447,-187500.02235174447,-187500.02235174447,-187500.02235174447
não,2166.5992935418244,-7913.992752312751,6625.571146675486,12200.27502778471,-187500.02235174447,-187500.02235174447,-187500.02235174447,-187500.02235174447
não,2409.4509970487356,-7866.830571512052,7156.380374000118,12135.946707242336,-187500.02235174447,-187500.02235174447,-187500.02235174447,-187500.02235174447
não,2396.4199300312916,-7827.826777437542,7267.245026498441,12137.868957265491,-187500.02235174447,-187500.02235174447,-187500.02235174447,-187500.02235174447
não,2142.370002552271,-7870.65271981391,6740.14618875339,12204.790080164681,-187500.02235174447,-187500.02235174447,-187500.02235174447,-187500.02235174447
não,2119.839444141322,-7913.724531379286,6553.710288251673,12212.099100601567,-187500.02235174447,-187500.02235174447,-187500.02235174447,-187500.02235174447
não,2374.2246477871713,-7874.6089785825,7049.360221548107,12143.54630035714,-187500.02235174447,-187500.02235174447,-187500.02235174447,-187500.02235174447
não,2429.7463810141544,-7827.938536159818,7275.470468457994,12130.649343806428,-187500.02235174447,-187500.02235174447,-187500.02235174447,-187500.02235174447
não,2209.894622551754,-7857.241673140726,6853.380126163975,12184.517047943718,-187500.02235174447,-187500.02235174447,-187500.02235174447,-187500.02235174447
não,2098.5829351643247,-7914.171566268393,6504.37998823881,12201.213801051832,-187500.02235174447,-187500.02235174447,-187500.02235174447,-187500.02235174447
não,2346.1955602402163,-7891.573952624078,6965.027089718234,12136.483149109263,-187500.02235174447,-187500.02235174447,-187500.02235174447,-187500.02235174447
não,2450.6676138243215,-7836.722771730754,7304.460681016527,12123.429730347363,-187500.02235174447,-187500.02235174447,-187500.02235174447,-187500.02235174447
$SILENCE,2250.4183352492255,-7849.798542237108,6955.326432624631,12180.001995563745,-187500.02235174447,-187500.02235174447,-187500.02235174447,-187500.02235174447
$SILENCE,2085.6189233802465,-7906.795490598141,6511.711360420151,12215.407158780952,-187500.02235174447,-187500.02235174447,-187500.02235174447,-187500.02235174447
$SILENCE,2299.8827457288203,-7898.793566083142,6862.007899523724,12157.851416808537,-187500.02235174447,-187500.02235174447,-187500.02235174447,-187500.02235174447
$SILENCE,2470.91829430083,-7838.667373498366,7307.9252014071,12132.459835107307,-187500.02235174447,-187500.02235174447,-187500.02235174447,-187500.02235174447
$SILENCE,2312.6455918128004,-7841.684858999832,7056.199855351431,12165.696879112349,-187500.02235174447,-187500.02235174447,-187500.02235174447,-187500.02235174447
$SILENCE,2102.0474555548976,-7898.301827705125,6544.2778520915335,12198.17396380591,-187500.02235174447,-187500.02235174447,-187500.02235174447,-187500.02235174447
$SILENCE,2258.286149297494,-7906.9072493204185,6749.466866191253,12156.286794696665,-187500.02235174447,-187500.02235174447,-187500.02235174447,-187500.02235174447
$SILENCE,2476.752099603665,-7845.261138112681,7280.745480149446,12118.624105289473,-187500.02235174447,-187500.02235174447,-187500.02235174447,-187500.02235174447
$SILENCE,2358.243150501627,-7836.633364752933,7147.707897151458,12154.83393130707,-187500.02235174447,-187500.02235174447,-187500.02235174447,-187500.02235174447
$SILENCE,2119.928851119143,-7891.193972968337,6607.801509833516,12203.694844686372,-187500.02235174447,-187500.02235174447,-187500.02235174447,-187500.02235174447
$SILENCE,2206.519509139003,-7917.703141892332,6652.013260366114,12173.698803627349,-187500.02235174447,-187500.02235174447,-187500.02235174447,-187500.02235174447
$SILENCE,2461.0611749960394,-7859.342737119525,7220.082845697742,12116.992427944235,-187500.02235174447,-187500.02235174447,-187500.02235174447,-187500.02235174447
$SILENCE,2399.5044707661236,-7831.8947949284075,7213.66789503907,12141.534643356163,-187500.02235174447,-187500.02235174447,-187500.02235174447,-187500.02235174447
$SILENCE,2145.8121711983886,-7875.905379760908,6690.502964318152,12203.739548175281,-187500.02235174447,-187500.02235174447,-187500.02235174447,-187500.02235174447
$SILENCE,2152.4953427905252,-7915.199746513337,6577.291378652022,12195.245885282266,-187500.02235174447,-187500.02235174447,-187500.02235174447,-187500.02235174447
$SILENCE,2430.819264748009,-7867.523475590167,7146.769123884335,12132.750407785226,-187500.02235174447,-187500.02235174447,-187500.02235174447,-187500.02235174447
$SILENCE,2442.5762823315004,-7831.470111783757,7270.2625119999075,12142.987506745758,-187500.02235174447,-187500.02235174447,-187500.02235174447,-187500.02235174447
$SILENCE,2204.4184451602036,-7870.1609814358935,6790.81759343357,12196.408175993942,-187500.02235174447,-187500.02235174447,-187500.02235174447,-187500.02235174447
$SILENCE,2136.6256042272576,-7919.781854126675,6531.269136818545,12195.64821668246,-187500.02235174447,-187500.02235174447,-187500.02235174447,-187500.02235174447
$SILENCE,2402.656066734322,-7882.879124030963,7055.797523951236,12127.967134471792,-187500.02235174447,-187500.02235174447,-187500.02235174447,-187500.02235174447
$SILENCE,2462.178762218805,-7834.197024607304,7308.439291529571,12124.882593736958,-187500.02235174447,-187500.02235174447,-187500.02235174447,-187500.02235174447
$SILENCE,2236.0238118200077,-7859.119219674972,6895.893144117969,12187.847457867558,-187500.02235174447,-187500.02235174447,-187500.02235174447,-187500.02235174447
$SILENCE,2099.8569845982774,-7912.8975168344405,6512.471319731631,12214.714254702838,-187500.02235174447,-187500.02235174447,-187500.02235174447,-187500.02235174447
$SILENCE,2356.27619698956,-7892.199801468826,6952.621871545538,12149.268346937699,-187500.02235174447,-187500.02235174447,-187500.02235174447,-187500.02235174447
$SILENCE,2489.2914282430925,-7834.353486818492,7326.92418419411,12130.202308917322,-187500.02235174447,-187500.02235174447,-187500.02235174447,-187500.02235174447
$SILENCE,2297.669923027745,-7849.306803859092,6998.4876511678285,12183.377108976498,-187500.02235174447,-187500.02235174447,-187500.02235174447,-187500.02235174447
$SILENCE,2112.41866498216,-7909.634162143966,6526.57527048293,12216.211821581343,-187500.02235174447,-187500.02235174447,-187500.02235174447,-187500.02235174447
$SILENCE,2308.6893330442113,-7908.47187143229,6844.014745237201,12165.518065156706,-187500.02235174447,-187500.02235174447,-187500.02235174447,-187500.02235174447
$SILENCE,2489.7161113877432,-7842.824797967053,7318.430521301094,12134.292678152642,-187500.02235174447,-187500.02235174447,-187500.02235174447,-187500.02235174447
$SILENCE,2340.071182259462,-7840.231995610237,7094.980131981389,12172.849437338047,-187500.02235174447,-187500.02235174447,-187500.02235174447,-187500.02235174447
$SILENCE,2118.7442086630117,-7899.821746328086,6572.753974527594,12219.944562905379,-187500.02235174447,-187500.02235174447,-187500.02235174447,-187500.02235174447
$SILENCE,2258.7108324421447,-7915.356208724525,6741.442589931798,12182.326576987098,-187500.02235174447,-187500.02235174447,-187500.02235174447,-187500.02235174447
$SILENCE,2482.004759550662,-7851.989013193729,7281.036052827365,12136.63961132045,-187500.02235174447,-187500.02235174447,-187500.02235174447,-187500.02235174447
$SILENCE,2376.8398018884423,-7834.174672862849,7178.218028332953,12173.40823094943,-187500.02235174447,-187500.02235174447,-187500.02235174447,-187500.02235174447
$SILENCE,2139.71014496209,-7885.8966095324295,6646.402972507832,12228.728798476315,-187500.02235174447,-187500.02235174447,-187500.02235174447,-187500.02235174447
$SILENCE,2203.7925963154553,-7918.127825036982,6651.2309493101775,12199.202144050854,-187500.02235174447,-187500.02235174447,-187500.02235174447,-187500.02235174447
$SILENCE,2457.529599372101,-7860.750897020209,7223.055627710299,12139.746503799737,-187500.02235174447,-187500.02235174447,-187500.02235174447,-187500.02235174447
$SILENCE,2412.8261104614867,-7832.8335681955305,7248.268395455885,12160.377163931986,-187500.02235174447,-187500.02235174447,-187500.02235174447,-187500.02235174447
$SILENCE,2168.834467987355,-7877.514705361689,6732.591299127495,12221.308019317154,-187500.02235174447,-187500.02235174447,-187500.02235174447,-187500.02235174447
$SILENCE,2160.966653939087,-7921.882918105473,6581.426451376254,12215.518917503228,-187500.02235174447,-187500.02235174447,-187500.02235174447,-187500.02235174447
$SILENCE,2437.10010493995,-7875.950083249818,7147.08204830671,12152.59875686154,-187500.02235174447,-187500.02235174447,-187500.02235174447,-187500.02235174447
$SILENCE,2445.951395744252,-7834.085265885028,7300.035035614376,12163.014669777713,-187500.02235174447,-187500.02235174447,-187500.02235174447,-187500.02235174447
$SILENCE,2208.218241717606,-7869.244559913226,6831.6095270645055,12221.240964083787,-187500.02235174447,-187500.02235174447,-187500.02235174447,-187500.02235174447
$SILENCE,2131.417647769171,-7922.32995299458,6542.959099168671,12230.785158966204,-187500.02235174447,-187500.02235174447,-187500.02235174447,-187500.02235174447
$SILENCE,2393.5142032521017,-7887.03654849965,7049.248462825831,12160.108942998522,-187500.02235174447,-187500.02235174447,-187500.02235174447,-187500.02235174447
$SILENCE,2464.9280267868075,-7835.336963574525,7325.739541737979,12149.201291704332,-187500.02235174447,-187500.02235174447,-187500.02235174447,-187500.02235174447
$SILENCE,2246.9761666031086,-7856.861693484985,6931.410066057452,12209.551001733662,-187500.02235174447,-187500.02235174447,-187500.02235174447,-187500.02235174447
$SILENCE,2101.309847987872,-7911.936391822862,6526.396456527288,12236.149577635477,-187500.02235174447,-187500.02235174447,-187500.02235174447,-187500.02235174447
$SILENCE,2345.949691051208,-7895.731377092765,6941.80362722917,12172.335347215576,-187500.02235174447,-187500.02235174447,-187500.02235174447,-187500.02235174447
$SILENCE,2487.4362334533016,-7837.281565342137,7339.9328994671,12150.296527182643,-187500.02235174447,-187500.02235174447,-187500.02235174447,-187500.02235174447
$SILENCE,2306.0071237095744,-7844.724696245754,7038.586680720649,12201.839649896581,-187500.02235174447,-187500.02235174447,-187500.02235174447,-187500.02235174447
$SILENCE,2124.153330821196,-7903.330970207569,6583.974550244159,12238.541214292194,-187500.02235174447,-187500.02235174447,-187500.02235174447,-187500.02235174447
$SILENCE,2290.3832543353146,-7904.716778363798,6833.35296313202,12193.055414325645,-187500.02235174447,-187500.02235174447,-187500.02235174447,-187500.02235174447
$SILENCE,2477.4450036817793,-7843.785922978631,7296.436404757072,12150.810617305115,-187500.02235174447,-187500.02235174447,-187500.02235174447,-187500.02235174447
$SILENCE,2342.663984616278,-7842.198949122304,7105.373693153107,12185.567579933117,-187500.02235174447,-187500.02235174447,-187500.02235174447,-187500.02235174447
$SILENCE,2124.153330821196,-7898.7488625942315,6589.450727635709,12234.80847296816,-187500.02235174447,-187500.02235174447,-187500.02235174447,-187500.02235174447
$SILENCE,2250.954777116153,-7916.339685480558,6724.209394956755,12199.112737073034,-187500.02235174447,-187500.02235174447,-187500.02235174447,-187500.02235174447
$SILENCE,2491.191326521793,-7854.201835894804,7284.612331940214,12153.492826639751,-187500.02235174447,-187500.02235174447,-187500.02235174447,-187500.02235174447
$SILENCE,2391.0555113620176,-7835.716943230265,7211.767996760368,12186.08167005559,-187500.02235174447,-187500.02235174447,-187500.02235174447,-187500.02235174447
$SILENCE,2139.37486879526,-7885.293112432136,6670.65461524184,12239.479987559318,-187500.02235174447,-187500.02235174447,-187500.02235174447,-187500.02235174447
$SILENCE,2196.818852045399,-7920.13948203796,6638.4904549706525,12215.138937847489,-187500.02235174447,-187500.02235174447,-187500.02235174447,-187500.02235174447
$SILENCE,2465.3527099314583,-7865.735336033743,7217.221822407463,12152.554053372629,-187500.02235174447,-187500.02235174447,-187500.02235174447,-187500.02235174447
$SILENCE,2426.371267601403,-7834.487597285223,7273.5482184348375,12173.341175716065,-187500.02235174447,-187500.02235174447,-187500.02235174447,-187500.02235174447
$SILENCE,2179.4291948591704,-7873.871371015474,6766.856523377482,12236.596612524583,-187500.02235174447,-187500.02235174447,-187500.02235174447,-187500.02235174447
$SILENCE,2156.339842836838,-7918.127825036982,6583.818088032972,12233.690885745393,-187500.02235174447,-187500.02235174447,-187500.02235174447,-187500.02235174447
$SILENCE,2431.690982781766,-7873.849019271019,7138.342516224685,12164.244015722754,-187500.02235174447,-187500.02235174447,-187500.02235174447,-187500.02235174447
$SILENCE,2461.7317273296985,-7831.537167017123,7320.173957368607,12162.098248255044,-187500.02235174447,-187500.02235174447,-187500.02235174447,-187500.02235174447
$SILENCE,2231.978146073597,-7864.08130694405,6864.1313152469775,12219.966914649835,-187500.02235174447,-187500.02235174447,-187500.02235174447,-187500.02235174447
$SILENCE,2138.0337641279416,-7919.513633193212,6545.753067225584,12234.920231690436,-187500.02235174447,-187500.02235174447,-187500.02235174447,-187500.02235174447
$SILENCE,2397.4928137651464,-7888.757632822709,7037.2902795422415,12169.608434392028,-187500.02235174447,-187500.02235174447,-187500.02235174447,-187500.02235174447
$SILENCE,2483.8376025959974,-7833.682934484832,7345.878463492211,12160.466570909808,-187500.02235174447,-187500.02235174447,-187500.02235174447,-187500.02235174447
$SILENCE,2274.982902405608,-7854.291242872625,6971.084412465622,12215.22834482531,-187500.02235174447,-187500.02235174447,-187500.02235174447,-187500.02235174447
$SILENCE,2120.957031364087,-7912.539888923156,6549.351698082888,12249.828845242126,-187500.02235174447,-187500.02235174447,-187500.02235174447,-187500.02235174447
$SILENCE,2347.9613480521857,-7899.821746328086,6934.293441092186,12188.2274375233,-187500.02235174447,-187500.02235174447,-187500.02235174447,-187500.02235174447
$SILENCE,2494.8570126124637,-7840.12023688796,7350.21470191654,12156.30914644112,-187500.02235174447,-187500.02235174447,-187500.02235174447,-187500.02235174447
$SILENCE,2320.625164583345,-7845.6858212573325,7067.129858390076,12200.342083018075,-187500.02235174447,-187500.02235174447,-187500.02235174447,-187500.02235174447
$SILENCE,2121.7169906755676,-7905.364978953002,6569.311805881478,12243.637412028005,-187500.02235174447,-187500.02235174447,-187500.02235174447,-187500.02235174447
$SILENCE,2293.601905536879,-7911.332894722569,6817.751445502216,12197.41400449443,-187500.02235174447,-187500.02235174447,-187500.02235174447,-187500.02235174447
$SILENCE,2496.1981172797823,-7847.406905580391,7328.265288861429,12158.164341230911,-187500.02235174447,-187500.02235174447,-187500.02235174447,-187500.02235174447
$SILENCE,2366.08861280544,-7839.852015954497,7161.543626969294,12195.60351319355,-187500.02235174447,-187500.02235174447,-187500.02235174447,-187500.02235174447
$SILENCE,2132.311717547383,-7892.646836357932,6628.320411243488,12246.52078706274,-187500.02235174447,-187500.02235174447,-187500.02235174447,-187500.02235174447
$SILENCE,2238.9742420881084,-7916.85377560303,6718.129720464912,12212.344969790574,-187500.02235174447,-187500.02235174447,-187500.02235174447,-187500.02235174447
$SILENCE,2486.944495075285,-7856.280548129148,7278.264436514907,12158.052582508635,-187500.02235174447,-187500.02235174447,-187500.02235174447,-187500.02235174447
$SILENCE,2409.6521627488332,-7834.532300774134,7234.566776104782,12185.344062488564,-187500.02235174447,-187500.02235174447,-187500.02235174447,-187500.02235174447
$SILENCE,2170.086165676852,-7883.281455431159,6719.671990832328,12236.194281124388,-187500.02235174447,-187500.02235174447,-187500.02235174447,-187500.02235174447
$SILENCE,2195.924782267187,-7918.261935503714,6652.12501908839,12220.79392919468,-187500.02235174447,-187500.02235174447,-187500.02235174447,-187500.02235174447
$SILENCE,2451.9863667471845,-7870.093926202528,7183.202467346486,12161.584158132573,-187500.02235174447,-187500.02235174447,-187500.02235174447,-187500.02235174447
$SILENCE,2442.3527648869476,-7835.314611830069,7279.7172999045015,12175.017556550212,-187500.02235174447,-187500.02235174447,-187500.02235174447,-187500.02235174447
$SILENCE,2198.8752125352876,-7874.832496027053,6785.788450931126,12233.0873886451,-187500.02235174447,-187500.02235174447,-187500.02235174447,-187500.02235174447
$SILENCE,2156.47395330357,-7922.039380316661,6568.1718669142565,12235.143749134988,-187500.02235174447,-187500.02235174447,-187500.02235174447,-187500.02235174447
$SILENCE,2429.3887531028695,-7878.051147228617,7115.320219435718,12173.74350711626,-187500.02235174447,-187500.02235174447,-187500.02235174447,-187500.02235174447
$SILENCE,2473.980483291207,-7830.330172816536,7331.573347040814,12176.60453040654,-187500.02235174447,-187500.02235174447,-187500.02235174447,-187500.02235174447
$SILENCE,2238.9518903436533,-7865.847094756019,6887.533591691684,12226.203051352866,-187500.02235174447,-187500.02235174447,-187500.02235174447,-187500.02235174447
$SILENCE,2133.4963600035144,-7921.882918105473,6539.807503200473,12245.827882984626,-187500.02235174447,-187500.02235174447,-187500.02235174447,-187500.02235174447
$SILENCE,2390.496717750635,-7893.317388691591,7009.931744328946,12188.0262718232,-187500.02235174447,-187500.02235174447,-187500.02235174447,-187500.02235174447
$SILENCE,2489.8949253433857,-7836.499254286201,7345.297318136373,12172.849437338047,-187500.02235174447,-187500.02235174447,-187500.02235174447,-187500.02235174447
$SILENCE,2286.896382200287,-7849.396210836913,6989.904581296991,12227.946487420379,-187500.02235174447,-187500.02235174447,-187500.02235174447,-187500.02235174447
$SILENCE,2115.2349847835285,-7907.689560376354,6548.479980049131,12264.938624493912,-187500.02235174447,-187500.02235174447,-187500.02235174447,-187500.02235174447
$SILENCE,2329.252937943094,-7901.185202739859,6903.760958166237,12208.053434855156,-187500.02235174447,-187500.02235174447,-187500.02235174447,-187500.02235174447
$SILENCE,2495.661675412855,-7839.963774676773,7335.97664069851,12175.26342573922,-187500.02235174447,-187500.02235174447,-187500.02235174447,-187500.02235174447
$SILENCE,2330.4152286547696,-7841.7519142331985,7077.009329439322,12220.570411750128,-187500.02235174447,-187500.02235174447,-187500.02235174447,-187500.02235174447
$SILENCE,2120.3758860082494,-7897.363054438002,6570.58585531543,12269.185455940422,-187500.02235174447,-187500.02235174447,-187500.02235174447,-187500.02235174447
$SILENCE,2275.608751250357,-7907.488394676256,6786.034320120135,12224.929001918914,-187500.02235174447,-187500.02235174447,-187500.02235174447,-187500.02235174447
$SILENCE,2489.4478904542793,-7846.26696661317,7305.175936839097,12176.336309473076,-187500.02235174447,-187500.02235174447,-187500.02235174447,-187500.02235174447
$SILENCE,2367.697938406222,-7836.320440330558,7163.130600825621,12212.434376768397,-187500.02235174447,-187500.02235174447,-187500.02235174447,-187500.02235174447
$SILENCE,2134.23396757054,-7890.031682256661,6632.343725245443,12269.632490829526,-187500.02235174447,-187500.02235174447,-187500.02235174447,-187500.02235174447
$SILENCE,2226.5690239154133,-7915.669133146898,6687.999568939158,12239.636449770505,-187500.02235174447,-187500.02235174447,-187500.02235174447,-187500.02235174447
$SILENCE,2480.037806038595,-7856.101734173505,7254.325718203273,12176.626882150995,-187500.02235174447,-187500.02235174447,-187500.02235174447,-187500.02235174447
$SILENCE,2415.1283401403834,-7829.033771638128,7241.272299441373,12199.403309750953,-187500.02235174447,-187500.02235174447,-187500.02235174447,-187500.02235174447
$SILENCE,2170.2426278880394,-7877.5594088505995,6717.1462437088785,12260.222406413843,-187500.02235174447,-187500.02235174447,-187500.02235174447,-187500.02235174447
$SILENCE,2176.903447735721,-7921.748807638742,6603.577030131463,12243.190377138899,-187500.02235174447,-187500.02235174447,-187500.02235174447,-187500.02235174447
$SILENCE,2450.2876341685815,-7870.138629691438,7175.066432364754,12181.566617675617,-187500.02235174447,-187500.02235174447,-187500.02235174447,-187500.02235174447
$SILENCE,2445.884340510886,-7830.441931538812,7293.575381466792,12194.575332948605,-187500.02235174447,-187500.02235174447,-187500.02235174447,-187500.02235174447
$SILENCE,2201.7809393144776,-7867.881103501452,6807.804919219604,12251.594633054094,-187500.02235174447,-187500.02235174447,-187500.02235174447,-187500.02235174447
$SILENCE,2141.766505451978,-7917.680790147876,6555.878407463838,12255.394429611497,-187500.02235174447,-187500.02235174447,-187500.02235174447,-187500.02235174447
$SILENCE,2414.5471947845454,-7881.068632730083,7084.675977787492,12188.473306712307,-187500.02235174447,-187500.02235174447,-187500.02235174447,-187500.02235174447
$SILENCE,2468.370195432925,-7833.660582740376,7323.660829503636,12182.684204898384,-187500.02235174447,-187500.02235174447,-187500.02235174447,-187500.02235174447
$SILENCE,2251.178294560706,-7851.854902726996,6908.231307057298,12246.140807406999,-187500.02235174447,-187500.02235174447,-187500.02235174447,-187500.02235174447
$SILENCE,2129.4953977460145,-7906.66138013141,6535.381857798321,12268.0455169732,-187500.02235174447,-187500.02235174447,-187500.02235174447,-187500.02235174447
$SILENCE,2364.0546040600066,-7899.598228883533,6965.787049029715,12190.440260224374,-187500.02235174447,-187500.02235174447,-187500.02235174447,-187500.02235174447
$SILENCE,2491.4148439663463,-7836.8792339419415,7337.0048209434535,12180.31491998612,-187500.02235174447,-187500.02235174447,-187500.02235174447,-187500.02235174447
$SILENCE,2295.6135625378565,-7848.368030591969,7003.3603314590855,12229.75697872126,-187500.02235174447,-187500.02235174447,-187500.02235174447,-187500.02235174447
$SILENCE,2110.3399527478164,-7910.729397622275,6537.751142710584,12262.52463609274,-187500.02235174447,-187500.02235174447,-187500.02235174447,-187500.02235174447
$SILENCE,2315.1042837028845,-7904.336798708057,6863.3043007021315,12210.109795345044,-187500.02235174447,-187500.02235174447,-187500.02235174447,-187500.02235174447
$SILENCE,2491.9512858332737,-7838.823835709552,7326.052466160353,12177.65506239594,-187500.02235174447,-187500.02235174447,-187500.02235174447,-187500.02235174447
$SILENCE,2339.534740392535,-7839.784960721131,7096.432995370984,12220.436301283396,-187500.02235174447,-187500.02235174447,-187500.02235174447,-187500.02235174447
$SILENCE,2121.314659275372,-7893.339740436047,6583.952198499704,12272.515865864261,-187500.02235174447,-187500.02235174447,-187500.02235174447,-187500.02235174447
$SILENCE,2260.186047576195,-7906.571973153588,6759.703965151783,12226.806548453158,-187500.02235174447,-187500.02235174447,-187500.02235174447,-187500.02235174447
$SILENCE,2483.30116072907,-7846.378725335447,7292.5695529663035,12176.805696106638,-187500.02235174447,-187500.02235174447,-187500.02235174447,-187500.02235174447
$SILENCE,2375.9904355991407,-7836.320440330558,7178.218028332953,12208.388711021986,-187500.02235174447,-187500.02235174447,-187500.02235174447,-187500.02235174447
$SILENCE,2135.552720493403,-7889.584647367556,6644.257205040122,12260.334165136119,-187500.02235174447,-187500.02235174447,-187500.02235174447,-187500.02235174447
$SILENCE,2212.4874249085697,-7917.703141892332,6658.338804046965,12234.339086334598,-187500.02235174447,-187500.02235174447,-187500.02235174447,-187500.02235174447
$SILENCE,2473.0640617685394,-7859.454495841801,7228.911784757589,12173.788210605171,-187500.02235174447,-187500.02235174447,-187500.02235174447,-187500.02235174447
$SILENCE,2421.43153207678,-7829.100826871494,7245.675593099069,12195.961141104835,-187500.02235174447,-187500.02235174447,-187500.02235174447,-187500.02235174447
$SILENCE,2174.1765349121733,-7876.195952438826,6729.774979326127,12254.813284255659,-187500.02235174447,-187500.02235174447,-187500.02235174447,-187500.02235174447
$SILENCE,2166.062851674897,-7921.547641938644,6586.030910734047,12238.80943522566,-187500.02235174447,-187500.02235174447,-187500.02235174447,-187500.02235174447
$SILENCE,2447.4489626227573,-7871.435030869846,7154.256958276864,12178.526780429696,-187500.02235174447,-187500.02235174447,-187500.02235174447,-187500.02235174447
$SILENCE,2461.843486051975,-7830.508986772179,7299.565648980814,12188.875638112502,-187500.02235174447,-187500.02235174447,-187500.02235174447,-187500.02235174447
$SILENCE,2215.415503432215,-7866.607054067499,6821.193614148333,12241.737513749304,-187500.02235174447,-187500.02235174447,-187500.02235174447,-187500.02235174447
$SILENCE,2131.4399995136264,-7919.580688426578,6534.219567086646,12249.113589419556,-187500.02235174447,-187500.02235174447,-187500.02235174447,-187500.02235174447
$SILENCE,2403.7736539570874,-7884.264932187192,7049.270814570286,12184.494696199263,-187500.02235174447,-187500.02235174447,-187500.02235174447,-187500.02235174447
$SILENCE,2478.9425705602853,-7834.040562396117,7324.331381837294,12175.464591439319,-187500.02235174447,-187500.02235174447,-187500.02235174447,-187500.02235174447
$SILENCE,2257.727355686111,-7855.766458006676,6923.542252009184,12230.315772332642,-187500.02235174447,-187500.02235174447,-187500.02235174447,-187500.02235174447
$SILENCE,2116.9784208510423,-7912.226964500781,6524.451854759676,12255.595595311594,-187500.02235174447,-187500.02235174447,-187500.02235174447,-187500.02235174447
$SILENCE,2359.0701650464734,-7895.1725834813815,6942.407124329463,12194.664739926428,-187500.02235174447,-187500.02235174447,-187500.02235174447,-187500.02235174447
$SILENCE,2496.980428335718,-7836.253385097192,7331.550995296359,12172.625919893495,-187500.02235174447,-187500.02235174447,-187500.02235174447,-187500.02235174447
$SILENCE,2310.723341789644,-7847.406905580391,7019.654753167004,12219.810452438647,-187500.02235174447,-187500.02235174447,-187500.02235174447,-187500.02235174447
$SILENCE,2115.8161301393666,-7905.253220230726,6537.684087477218,12256.266147645254,-187500.02235174447,-187500.02235174447,-187500.02235174447,-187500.02235174447
$SILENCE,2306.498862087591,-7905.18616499736,6828.480282840763,12204.343045275575,-187500.02235174447,-187500.02235174447,-187500.02235174447,-187500.02235174447
$SILENCE,2495.773434135131,-7839.807312465587,7315.077759632798,12168.624957635995,-187500.02235174447,-187500.02235174447,-187500.02235174447,-187500.02235174447
$SILENCE,2347.55901665199,-7837.259213597681,7110.447539144461,12208.70163544436,-187500.02235174447,-187500.02235174447,-187500.02235174447,-187500.02235174447
$SILENCE,2118.4983394740034,-7891.819821813086,6585.136840955835,12258.277804646232,-187500.02235174447,-187500.02235174447,-187500.02235174447,-187500.02235174447
$SILENCE,2248.831361392899,-7911.668170889398,6719.515528621141,12218.670513471427,-187500.02235174447,-187500.02235174447,-187500.02235174447,-187500.02235174447
$SILENCE,2486.7656811196425,-7853.263062627681,7262.662918885103,12164.445181422852,-187500.02235174447,-187500.02235174447,-187500.02235174447,-187500.02235174447
$SILENCE,2391.94958114023,-7831.336001317025,7185.012958647366,12196.36347250503,-187500.02235174447,-187500.02235174447,-187500.02235174447,-187500.02235174447
$SILENCE,2144.5604735088914,-7881.046280985628,6650.739210932161,12255.349726122586,-187500.02235174447,-187500.02235174447,-187500.02235174447,-187500.02235174447
$SILENCE,2197.310590423416,-7916.742016880753,6628.610983921407,12233.892051445491,-187500.02235174447,-187500.02235174447,-187500.02235174447,-187500.02235174447
$SILENCE,2470.4042041783578,-7859.901530730907,7208.61640079217,12172.2235884933,-187500.02235174447,-187500.02235174447,-187500.02235174447,-187500.02235174447
$SILENCE,2436.0272212060954,-7830.9560216612845,7254.213959480997,12188.0262718232,-187500.02235174447,-187500.02235174447,-187500.02235174447,-187500.02235174447
$SILENCE,2186.000607729031,-7874.407812882401,6740.481464920219,12242.586880038605,-187500.02235174447,-187500.02235174447,-187500.02235174447,-187500.02235174447
$SILENCE,2160.4749155610702,-7916.965534325306,6561.779268000039,12241.245775371288,-187500.02235174447,-187500.02235174447,-187500.02235174447,-187500.02235174447
$SILENCE,2431.556872315034,-7874.452516371312,7118.874146804113,12173.519989671708,-187500.02235174447,-187500.02235174447,-187500.02235174447,-187500.02235174447
$SILENCE,2456.8590470384415,-7830.039600138617,7295.497631489949,12175.464591439319,-187500.02235174447,-187500.02235174447,-187500.02235174447,-187500.02235174447
$SILENCE,2225.451436692648,-7861.756725520698,6839.499692857229,12233.288554345198,-187500.02235174447,-187500.02235174447,-187500.02235174447,-187500.02235174447
$SILENCE,2133.4740082590592,-7914.618601157499,6526.8434914163945,12244.75499925077,-187500.02235174447,-187500.02235174447,-187500.02235174447,-187500.02235174447
$SILENCE,2391.6813602067664,-7882.052109486117,7016.547860687717,12177.006861806734,-187500.02235174447,-187500.02235174447,-187500.02235174447,-187500.02235174447
$SILENCE,2479.5684194050336,-7829.257289082681,7317.8270242008,12165.272195967698,-187500.02235174447,-187500.02235174447,-187500.02235174447,-187500.02235174447
$SILENCE,2274.580571005413,-7849.977356192751,6937.780313227215,12225.957182163856,-187500.02235174447,-187500.02235174447,-187500.02235174447,-187500.02235174447
$SILENCE,2120.286479030428,-7909.008313299217,6510.347904008378,12252.0416679432,-187500.02235174447,-187500.02235174447,-187500.02235174447,-187500.02235174447
$SILENCE,2344.3850689393366,-7894.65849335891,6899.827051142103,12186.908684600436,-187500.02235174447,-187500.02235174447,-187500.02235174447,-187500.02235174447
$SILENCE,2488.5761724205227,-7835.4710740412565,7316.105939877742,12159.036059264668,-187500.02235174447,-187500.02235174447,-187500.02235174447,-187500.02235174447
$SILENCE,2315.327801147437,-7842.534225289134,7032.283488784253,12209.483946500295,-187500.02235174447,-187500.02235174447,-187500.02235174447,-187500.02235174447
$SILENCE,2115.637316183724,-7899.41941492789,6536.365334554355,12253.47217958834,-187500.02235174447,-187500.02235174447,-187500.02235174447,-187500.02235174447
$SILENCE,2293.5572020479685,-7905.052054530627,6794.326817313054,12204.253638297754,-187500.02235174447,-187500.02235174447,-187500.02235174447,-187500.02235174447
$SILENCE,2496.1981172797823,-7841.126065388449,7300.68323620358,12163.126428499989,-187500.02235174447,-187500.02235174447,-187500.02235174447,-187500.02235174447
$SILENCE,2358.9360545797413,-7834.666411240865,7124.730303851403,12202.018463852224,-187500.02235174447,-187500.02235174447,-187500.02235174447,-187500.02235174447
$SILENCE,2128.6236797122574,-7889.316426434091,6595.664512594284,12254.209787155365,-187500.02235174447,-187500.02235174447,-187500.02235174447,-187500.02235174447
$SILENCE,2240.404753733248,-7912.003447056228,6695.822679498516,12213.79783318017,-187500.02235174447,-187500.02235174447,-187500.02235174447,-187500.02235174447
$SILENCE,2483.5470299180784,-7849.17269339236,7254.05749726981,12158.387858675464,-187500.02235174447,-187500.02235174447,-187500.02235174447,-187500.02235174447
$SILENCE,2399.035084132562,-7828.050294882095,7200.368607088162,12185.45582121084,-187500.02235174447,-187500.02235174447,-187500.02235174447,-187500.02235174447
$SILENCE,2156.4963050480255,-7879.079327473561,6670.051118141547,12244.240909128299,-187500.02235174447,-187500.02235174447,-187500.02235174447,-187500.02235174447
$SILENCE,2190.3591978978156,-7917.725493636787,6607.712102855695,12225.376036808018,-187500.02235174447,-187500.02235174447,-187500.02235174447,-187500.02235174447
$SILENCE,2453.036898736584,-7863.209588910293,7181.928417912533,12161.49475115475,-187500.02235174447,-187500.02235174447,-187500.02235174447,-187500.02235174447
$SILENCE,2430.171064158805,-7827.290335570614,7262.215883995997,12173.855265838536,-187500.02235174447,-187500.02235174447,-187500.02235174447,-187500.02235174447
$SILENCE,2191.208564187117,-7865.712984289287,6763.771982642649,12236.641316013494,-187500.02235174447,-187500.02235174447,-187500.02235174447,-187500.02235174447
$SILENCE,2152.9870811685423,-7915.333856980069,6549.776381227539,12235.747246235282,-187500.02235174447,-187500.02235174447,-187500.02235174447,-187500.02235174447
$SILENCE,2422.5491192995455,-7872.08323145905,7097.662341316026,12170.100172770044,-187500.02235174447,-187500.02235174447,-187500.02235174447,-187500.02235174447
$SILENCE,2465.3527099314583,-7824.4963675137005,7307.679332218091,12172.827085593592,-187500.02235174447,-187500.02235174447,-187500.02235174447,-187500.02235174447
$SILENCE,2233.63217516329,-7858.627481296955,6861.940844290358,12227.320638575631,-187500.02235174447,-187500.02235174447,-187500.02235174447,-187500.02235174447
$SILENCE,2115.5479092059027,-7916.697313391843,6509.967924352637,12236.484853802307,-187500.02235174447,-187500.02235174447,-187500.02235174447,-187500.02235174447
$SILENCE,2367.7426418951322,-7886.969493266284,6986.9988545178,12171.88831232647,-187500.02235174447,-187500.02235174447,-187500.02235174447,-187500.02235174447
$SILENCE,2475.142774002883,-7833.928803673841,7324.197271370563,12157.69495459735,-187500.02235174447,-187500.02235174447,-187500.02235174447,-187500.02235174447
$SILENCE,2285.4211670662366,-7853.330117861047,6968.402203130985,12217.597629737573,-187500.02235174447,-187500.02235174447,-187500.02235174447,-187500.02235174447
$SILENCE,2121.0464383419085,-7907.913077820907,6519.132139579313,12249.784141753214,-187500.02235174447,-187500.02235174447,-187500.02235174447,-187500.02235174447
$SILENCE,2330.594042610412,-7893.853830558519,6870.613321139017,12186.50635320024,-187500.02235174447,-187500.02235174447,-187500.02235174447,-187500.02235174447
$SILENCE,2487.011550308651,-7833.660582740376,7307.366407795716,12152.241128950254,-187500.02235174447,-187500.02235174447,-187500.02235174447,-187500.02235174447
$SILENCE,2317.853548270887,-7840.701382243798,7049.58373899266,12196.072899827112,-187500.02235174447,-187500.02235174447,-187500.02235174447,-187500.02235174447
$SILENCE,2116.9113656176764,-7897.743034093743,6548.345869582399,12248.152464407976,-187500.02235174447,-187500.02235174447,-187500.02235174447,-187500.02235174447
$SILENCE,2284.750614732577,-7906.035531286661,6763.235540775721,12205.326522031608,-187500.02235174447,-187500.02235174447,-187500.02235174447,-187500.02235174447
$SILENCE,2491.079567799517,-7847.161036391382,7278.800878381834,12157.292623197154,-187500.02235174447,-187500.02235174447,-187500.02235174447,-187500.02235174447
$SILENCE,2369.7095954071997,-7835.9404606748185,7138.856606347157,12191.289626513675,-187500.02235174447,-187500.02235174447,-187500.02235174447,-187500.02235174447
$SILENCE,2133.4069530256934,-7890.098737490027,6610.818995334983,12247.347801607586,-187500.02235174447,-187500.02235174447,-187500.02235174447,-187500.02235174447
$SILENCE,2248.496085226069,-7898.570048638589,6686.591409038474,12231.723932233326,-187500.02235174447,-187500.02235174447,-187500.02235174447,-187500.02235174447
$SILENCE,2495.1252335459276,-7837.460379297779,7266.149791020131,12173.140010015966,-187500.02235174447,-187500.02235174447,-187500.02235174447,-187500.02235174447
$SILENCE,2389.3120752945038,-7845.261138112681,7184.320054569252,12162.21000697732,-187500.02235174447,-187500.02235174447,-187500.02235174447,-187500.02235174447
$SILENCE,2158.9102934491984,-7879.548714107123,6660.350461047943,12233.80264446767,-187500.02235174447,-187500.02235174447,-187500.02235174447,-187500.02235174447
$SILENCE,2189.1298519527736,-7916.630258158477,6578.476021108154,12232.975629922823,-187500.02235174447,-187500.02235174447,-187500.02235174447,-187500.02235174447
$SILENCE,2434.6861165387772,-7877.782926295153,7141.807036615257,12155.348021429541,-187500.02235174447,-187500.02235174447,-187500.02235174447,-187500.02235174447
$SILENCE,2439.7376107856767,-7822.596469235,7276.990387080955,12178.817353107615,-187500.02235174447,-187500.02235174447,-187500.02235174447,-187500.02235174447
$SILENCE,2195.0307124889746,-7864.483638344245,6766.118915810456,12236.194281124388,-187500.02235174447,-187500.02235174447,-187500.02235174447,-187500.02235174447
não,2139.419572284171,-7923.492243706256,6514.348866265877,12244.799702739681,-187500.02235174447,-187500.02235174447,-187500.02235174447,-187500.02235174447
não,2413.3849040728696,-7881.269798430181,7055.506951273317,12178.616187407517,-187500.02235174447,-187500.02235174447,-187500.02235174447,-187500.02235174447
não,2460.01064300664,-7829.413751293869,7288.6356459421695,12173.788210605171,-187500.02235174447,-187500.02235174447,-187500.02235174447,-187500.02235174447
não,2233.0286780629967,-7857.0181556961725,6858.051640755134,12229.868737443536,-187500.02235174447,-187500.02235174447,-187500.02235174447,-187500.02235174447
não,2107.3895224797157,-7918.731322137275,6492.578267166408,12249.270051630743,-187500.02235174447,-187500.02235174447,-187500.02235174447,-187500.02235174447
não,2367.7426418951322,-7873.737260548743,6961.361403627563,12205.259466798243,-187500.02235174447,-187500.02235174447,-187500.02235174447,-187500.02235174447
não,2474.516925158134,-7823.021152379651,7316.798843955857,12177.789172862671,-187500.02235174447,-187500.02235174447,-187500.02235174447,-187500.02235174447
não,2246.640890436279,-7876.84415302803,6934.405199814463,12208.254600555254,-187500.02235174447,-187500.02235174447,-187500.02235174447,-187500.02235174447
não,2091.0056937939758,-7913.210441256815,6484.352825206855,12266.011508227768,-187500.02235174447,-187500.02235174447,-187500.02235174447,-187500.02235174447
não,2292.1937456361948,-7907.667208631899,6815.136291400945,12201.549077218662,-187500.02235174447,-187500.02235174447,-187500.02235174447,-187500.02235174447
não,2462.2905209410815,-7848.390382336424,7283.405337739628,12174.972853061301,-187500.02235174447,-187500.02235174447,-187500.02235174447,-187500.02235174447
não,2311.2150801676607,-7841.50604504419,7057.898587930034,12220.011618138746,-187500.02235174447,-187500.02235174447,-187500.02235174447,-187500.02235174447
não,2081.12622274473,-7906.795490598141,6520.182671568713,12248.443037085895,-187500.02235174447,-187500.02235174447,-187500.02235174447,-187500.02235174447
não,2227.708962882634,-7923.983982084273,6709.054912216057,12210.93680988989,-187500.02235174447,-187500.02235174447,-187500.02235174447,-187500.02235174447
não,2445.1243811994054,-7869.311615146592,7237.226633694963,12157.627899363983,-187500.02235174447,-187500.02235174447,-187500.02235174447,-187500.02235174447
não,2340.27234795956,-7849.575024792555,7116.594268869671,12199.716234173327,-187500.02235174447,-187500.02235174447,-187500.02235174447,-187500.02235174447
não,2104.662609656168,-7900.648760872932,6586.410890389788,12260.132999436022,-187500.02235174447,-187500.02235174447,-187500.02235174447,-187500.02235174447
não,2172.343691866838,-7931.114188565516,6607.35447494441,12218.312885560143,-187500.02235174447,-187500.02235174447,-187500.02235174447,-187500.02235174447
não,2430.953375214741,-7871.144458191927,7181.637845234614,12156.845588308048,-187500.02235174447,-187500.02235174447,-187500.02235174447,-187500.02235174447
não,2373.822316386976,-7841.796617722109,7187.8516301931895,12176.202199006344,-187500.02235174447,-187500.02235174447,-187500.02235174447,-187500.02235174447
não,2121.605231953291,-7888.914095033896,6669.380565807887,12240.84344397109,-187500.02235174447,-187500.02235174447,-187500.02235174447,-187500.02235174447
não,2119.70533367459,-7934.913985122917,6529.0786658619245,12233.020333411734,-187500.02235174447,-187500.02235174447,-187500.02235174447,-187500.02235174447
não,2396.8446131759424,-7885.449574643323,7098.891687261068,12163.461704666819,-187500.02235174447,-187500.02235174447,-187500.02235174447,-187500.02235174447
não,2410.1662528713055,-7840.366106076969,7248.156636733608,12173.095306527055,-187500.02235174447,-187500.02235174447,-187500.02235174447,-187500.02235174447
não,2168.3203778648826,-7871.815010525586,6774.031433347635,12235.970763679834,-187500.02235174447,-187500.02235174447,-187500.02235174447,-187500.02235174447
não,2081.7297198450233,-7931.985906599272,6480.821249582917,12234.294382845686,-187500.02235174447,-187500.02235174447,-187500.02235174447,-187500.02235174447
não,2350.755316109099,-7902.146327751438,6995.514869155272,12163.305242455632,-187500.02235174447,-187500.02235174447,-187500.02235174447,-187500.02235174447
não,2427.645317035355,-7848.278623614147,7276.655110914125,12161.226530221287,-187500.02235174447,-187500.02235174447,-187500.02235174447,-187500.02235174447
não,2205.4019219162374,-7870.496257602723,6862.745507090749,12213.127280846511,-187500.02235174447,-187500.02235174447,-187500.02235174447,-187500.02235174447
não,2072.8560772962664,-7921.637048916466,6461.844618540361,12232.528595033717,-187500.02235174447,-187500.02235174447,-187500.02235174447,-187500.02235174447
não,2312.5785365794345,-7909.880031332974,6889.679359159393,12175.196370505855,-187500.02235174447,-187500.02235174447,-187500.02235174447,-187500.02235174447
não,2430.014601947618,-7857.867521985474,7267.222674753985,12139.746503799737,-187500.02235174447,-187500.02235174447,-187500.02235174447,-187500.02235174447
não,2249.0995823263625,-7865.333004633547,6959.081525693122,12197.615170194527,-187500.02235174447,-187500.02235174447,-187500.02235174447,-187500.02235174447
não,2074.1077749857636,-7923.2240227727925,6484.419880440221,12238.228289869821,-187500.02235174447,-187500.02235174447,-187500.02235174447,-187500.02235174447
não,2273.932370416209,-7920.4077029714235,6782.815668918571,12186.059318311134,-187500.02235174447,-187500.02235174447,-187500.02235174447,-187500.02235174447
não,2462.111706985439,-7859.655661541899,7257.4102589381055,12140.662925322405,-187500.02235174447,-187500.02235174447,-187500.02235174447,-187500.02235174447
não,2320.826330283443,-7858.672184785865,7056.691593729448,12187.422774722907,-187500.02235174447,-187500.02235174447,-187500.02235174447,-187500.02235174447
não,2096.772443863445,-7914.842118602052,6544.322555580445,12244.017391683745,-187500.02235174447,-187500.02235174447,-187500.02235174447,-187500.02235174447
não,2222.210433746628,-7931.293002521158,6676.823696711504,12202.465498741329,-187500.02235174447,-187500.02235174447,-187500.02235174447,-187500.02235174447
não,2466.2467797096706,-7864.9977284667175,7243.328659931262,12147.748428314737,-187500.02235174447,-187500.02235174447,-187500.02235174447,-187500.02235174447
não,2348.8107143414873,-7843.696516000809,7154.838103632701,12180.761954875226,-187500.02235174447,-187500.02235174447,-187500.02235174447,-187500.02235174447
não,2093.8443653398,-7897.966551538295,6598.681998095751,12239.725856748326,-187500.02235174447,-187500.02235174447,-187500.02235174447,-187500.02235174447
não,2155.7810492254557,-7926.621487929999,6596.580934116952,12219.27401057172,-187500.02235174447,-187500.02235174447,-187500.02235174447,-187500.02235174447
não,2415.173043629294,-7873.916074504385,7146.322088995229,12157.851416808537,-187500.02235174447,-187500.02235174447,-187500.02235174447,-187500.02235174447
não,2384.9981886146297,-7838.779132220642,7216.394807862617,12175.732812372782,-187500.02235174447,-187500.02235174447,-187500.02235174447,-187500.02235174447
não,2122.5887087093247,-7886.947141521829,6672.688623987273,12233.534423534205,-187500.02235174447,-187500.02235174447,-187500.02235174447,-187500.02235174447
não,2124.578013965847,-7929.415455986912,6539.315764822455,12223.789062951691,-187500.02235174447,-187500.02235174447,-187500.02235174447,-187500.02235174447
não,2382.427738002269,-7887.662397344398,7062.346585076641,12159.080762753578,-187500.02235174447,-187500.02235174447,-187500.02235174447,-187500.02235174447
não,2411.4850057941685,-7841.729562488743,7253.38694493615,12156.219739463299,-187500.02235174447,-187500.02235174447,-187500.02235174447,-187500.02235174447
não,2159.022052171475,-7880.867467029985,6759.458095962775,12211.361493034541,-187500.02235174447,-187500.02235174447,-187500.02235174447,-187500.02235174447
não,2083.763728590456,-7935.09279907856,6461.844618540361,12221.933868161901,-187500.02235174447,-187500.02235174447,-187500.02235174447,-187500.02235174447
não,2352.208179498694,-7905.923772564384,6965.652938562982,12149.134236470967,-187500.02235174447,-187500.02235174447,-187500.02235174447,-187500.02235174447
não,2445.1243811994054,-7851.430219582346,7277.549180692337,12143.881576523969,-187500.02235174447,-187500.02235174447,-187500.02235174447,-187500.02235174447
não,2235.7779426309994,-7871.636196569943,6897.725987163304,12192.630731180994,-187500.02235174447,-187500.02235174447,-187500.02235174447,-187500.02235174447
não,2078.242847709995,-7929.393104242457,6479.971883293615,12215.541269247684,-187500.02235174447,-187500.02235174447,-187500.02235174447,-187500.02235174447
não,2303.3919696083035,-7914.685656390865,6870.188637994366,12149.916547526902,-187500.02235174447,-187500.02235174447,-187500.02235174447,-187500.02235174447
não,2443.716221298721,-7853.486580072235,7278.175029537086,12115.07017792108,-187500.02235174447,-187500.02235174447,-187500.02235174447,-187500.02235174447
não,2269.5290767585134,-7867.121144189971,6989.189325474421,12164.467533167308,-187500.02235174447,-187500.02235174447,-187500.02235174447,-187500.02235174447
não,2076.633522109213,-7927.090874563561,6493.539392177987,12204.454803997853,-187500.02235174447,-187500.02235174447,-187500.02235174447,-187500.02235174447
não,2249.0325270929966,-7931.2706507767025,6756.775886628138,12153.626937106483,-187500.02235174447,-187500.02235174447,-187500.02235174447,-187500.02235174447
não,2446.331375399992,-7867.925806990363,7258.43843918305,12110.756291241205,-187500.02235174447,-187500.02235174447,-187500.02235174447,-187500.02235174447
não,2310.142196433806,-7862.382574365446,7078.708062017926,12144.239204435255,-187500.02235174447,-187500.02235174447,-187500.02235174447,-187500.02235174447
não,2082.355568689772,-7917.5913831700545,6550.58104402793,12200.99028360728,-187500.02235174447,-187500.02235174447,-187500.02235174447,-187500.02235174447
não,2193.4213868881925,-7938.982002613784,6659.389336036365,12170.614262892517,-187500.02235174447,-187500.02235174447,-187500.02235174447,-187500.02235174447
não,2433.948508971752,-7875.123068704971,7216.975953218455,12111.762119741694,-187500.02235174447,-187500.02235174447,-187500.02235174447,-187500.02235174447
não,2348.9001213193087,-7849.709135259287,7164.3152432817515,12143.658059079416,-187500.02235174447,-187500.02235174447,-187500.02235174447,-187500.02235174447
não,2098.471176442048,-7897.295999204636,6630.488530455653,12198.308074272642,-187500.02235174447,-187500.02235174447,-187500.02235174447,-187500.02235174447
não,2131.261185557984,-7936.47860723479,6573.826858261449,12174.950501316847,-187500.02235174447,-187500.02235174447,-187500.02235174447,-187500.02235174447
não,2400.7785202000764,-7881.403908896913,7161.588330458204,12109.996331929724,-187500.02235174447,-187500.02235174447,-187500.02235174447,-187500.02235174447
não,2377.0186158440847,-7846.892815457919,7247.217863466485,12122.87093673598,-187500.02235174447,-187500.02235174447,-187500.02235174447,-187500.02235174447
não,2116.7996068954,-7889.517592134189,6710.75364479466,12185.701690399848,-187500.02235174447,-187500.02235174447,-187500.02235174447,-187500.02235174447
não,2091.877411827733,-7933.505825222233,6532.163206596757,12176.917454828914,-187500.02235174447,-187500.02235174447,-187500.02235174447,-187500.02235174447
não,2351.0682405314733,-7896.983074782262,7044.44283776794,12118.53469831165,-187500.02235174447,-187500.02235174447,-187500.02235174447,-187500.02235174447
não,2406.6793807362774,-7844.7470479902095,7284.053538328832,12114.511384309697,-187500.02235174447,-187500.02235174447,-187500.02235174447,-187500.02235174447
não,2155.0434416584303,-7880.688653074343,6801.032340649645,12171.329518715087,-187500.02235174447,-187500.02235174447,-187500.02235174447,-187500.02235174447
não,2073.370167418738,-7930.421284487401,6498.501479447064,12189.36737649052,-187500.02235174447,-187500.02235174447,-187500.02235174447,-187500.02235174447
não,2310.343362133904,-7905.94612430884,6936.394505070985,12130.649343806428,-187500.02235174447,-187500.02235174447,-187500.02235174447,-187500.02235174447
não,2411.2614883496153,-7850.491446315223,7263.177009007574,12114.489032565241,-187500.02235174447,-187500.02235174447,-187500.02235174447,-187500.02235174447
não,2205.916012038709,-7867.299958145614,6907.069016345623,12169.384916947474,-187500.02235174447,-187500.02235174447,-187500.02235174447,-187500.02235174447
não,2042.6812222816018,-7924.743941395753,6475.859162313839,12195.514106215729,-187500.02235174447,-187500.02235174447,-187500.02235174447,-187500.02235174447
não,2266.802163934966,-7909.209478999314,6848.082762728067,12141.556995100618,-187500.02235174447,-187500.02235174447,-187500.02235174447,-187500.02235174447
não,2424.33725885597,-7848.345678847513,7277.839753370256,12109.01285517369,-187500.02235174447,-187500.02235174447,-187500.02235174447,-187500.02235174447
não,2253.3017102839603,-7854.939443461829,7014.156224030999,12159.773666831692,-187500.02235174447,-187500.02235174447,-187500.02235174447,-187500.02235174447
não,2049.4314491071045,-7909.924734821884,6509.699703419174,12211.383844778997,-187500.02235174447,-187500.02235174447,-187500.02235174447,-187500.02235174447
não,2207.212413217117,-7920.497109949245,6734.267679961644,12151.436466149864,-187500.02235174447,-187500.02235174447,-187500.02235174447,-187500.02235174447
não,2422.504415810635,-7856.146437662415,7258.416087438594,12110.108090652,-187500.02235174447,-187500.02235174447,-187500.02235174447,-187500.02235174447
não,2296.664094527256,-7847.004574180195,7105.485451875384,12143.322782912586,-187500.02235174447,-187500.02235174447,-187500.02235174447,-187500.02235174447
não,2060.674376568124,-7904.85088883053,6567.456611091687,12193.480097470296,-187500.02235174447,-187500.02235174447,-187500.02235174447,-187500.02235174447
não,2163.1347731512515,-7925.883880362974,6640.41270499381,12175.106963528033,-187500.02235174447,-187500.02235174447,-187500.02235174447,-187500.02235174447
não,2412.1779098722827,-7863.768382521675,7208.124662414153,12119.629933789962,-187500.02235174447,-187500.02235174447,-187500.02235174447,-187500.02235174447
não,2331.8680920443644,-7844.232957867737,7174.5299904978265,12132.146910684933,-187500.02235174447,-187500.02235174447,-187500.02235174447,-187500.02235174447
não,2089.262257726462,-7884.9578362653065,6646.782952163572,12191.624902680505,-187500.02235174447,-187500.02235174447,-187500.02235174447,-187500.02235174447
não,2115.8831853727324,-7926.017990829706,6555.185503385724,12179.59966416355,-187500.02235174447,-187500.02235174447,-187500.02235174447,-187500.02235174447
não,2385.2887612925483,-7878.475830373268,7132.2628417328415,12117.73003551126,-187500.02235174447,-187500.02235174447,-187500.02235174447,-187500.02235174447
não,2377.5774094554677,-7836.722771730754,7238.657145340103,12135.54437584214,-187500.02235174447,-187500.02235174447,-187500.02235174447,-187500.02235174447
não,2131.0376681134308,-7877.514705361689,6742.247252732188,12190.395556735464,-187500.02235174447,-187500.02235174447,-187500.02235174447,-187500.02235174447
não,2071.64908309568,-7931.963554854818,6496.288656745989,12195.31294051563,-187500.02235174447,-187500.02235174447,-187500.02235174447,-187500.02235174447
não,2349.1012870194063,-7889.674054345376,7038.25140455382,12133.152739185422,-187500.02235174447,-187500.02235174447,-187500.02235174447,-187500.02235174447
não,2403.460729534713,-7841.7519142331985,7276.252779513929,12124.055579192112,-187500.02235174447,-187500.02235174447,-187500.02235174447,-187500.02235174447
não,2179.920933237187,-7868.976338979762,6851.256710440721,12173.005899549235,-187500.02235174447,-187500.02235174447,-187500.02235174447,-187500.02235174447
não,2076.0747284978306,-7919.603040171032,6517.344000022888,12191.379033491497,-187500.02235174447,-187500.02235174447,-187500.02235174447,-187500.02235174447
não,2301.6485335407897,-7895.865487559497,6922.335257808597,12137.936012498858,-187500.02235174447,-187500.02235174447,-187500.02235174447,-187500.02235174447
não,2417.0729419079953,-7842.802446222598,7272.721203889991,12116.813613988592,-187500.02235174447,-187500.02235174447,-187500.02235174447,-187500.02235174447
não,2223.3056692249384,-7858.8957022304185,6941.46835106234,12166.345079701554,-187500.02235174447,-187500.02235174447,-187500.02235174447,-187500.02235174447
não,2047.1515711726634,-7920.944144838351,6479.882476315794,12200.163269062432,-187500.02235174447,-187500.02235174447,-187500.02235174447,-187500.02235174447
não,2256.430954507703,-7912.450481945334,6817.639686779939,12150.117713227,-187500.02235174447,-187500.02235174447,-187500.02235174447,-187500.02235174447
não,2432.182721159783,-7845.2164346237705,7278.219733025996,12121.194555901833,-187500.02235174447,-187500.02235174447,-187500.02235174447,-187500.02235174447
não,2271.697195970678,-7846.937518946829,7039.994840621333,12164.35577444503,-187500.02235174447,-187500.02235174447,-187500.02235174447,-187500.02235174447
não,2056.382841632705,-7904.225039985781,6525.10005534888,12211.786176179192,-187500.02235174447,-187500.02235174447,-187500.02235174447,-187500.02235174447
não,2202.049160247941,-7918.932487837374,6711.692418061783,12164.400477933941,-187500.02235174447,-187500.02235174447,-187500.02235174447,-187500.02235174447
não,2428.8299594914865,-7855.78880975113,7245.6085378657035,12121.932163468859,-187500.02235174447,-187500.02235174447,-187500.02235174447,-187500.02235174447
não,2321.0274959835406,-7843.070667156061,7126.607850385649,12154.588062118062,-187500.02235174447,-187500.02235174447,-187500.02235174447,-187500.02235174447
não,2077.8181645653444,-7899.620580627988,6587.081442723446,12199.112737073034,-187500.02235174447,-187500.02235174447,-187500.02235174447,-187500.02235174447
não,2157.636244015246,-7924.833348373574,6618.97738206117,12180.381975219487,-187500.02235174447,-187500.02235174447,-187500.02235174447,-187500.02235174447
não,2412.5131860391125,-7867.679937801354,7192.120813384154,12127.006009460212,-187500.02235174447,-187500.02235174447,-187500.02235174447,-187500.02235174447
não,2355.695051633722,-7842.64598401141,7201.910877455578,12157.31497494161,-187500.02235174447,-187500.02235174447,-187500.02235174447,-187500.02235174447
não,2111.993981837509,-7883.70613857581,6680.198810124256,12209.260429055743,-187500.02235174447,-187500.02235174447,-187500.02235174447,-187500.02235174447
não,2114.1621010496738,-7923.827519873085,6546.356564325877,12186.394594477964,-187500.02235174447,-187500.02235174447,-187500.02235174447,-187500.02235174447
não,2385.2217060591825,-7874.541923349134,7111.766292067325,12122.982695458257,-187500.02235174447,-187500.02235174447,-187500.02235174447,-187500.02235174447
não,2388.6415229608447,-7836.45455079729,7250.302404201318,12136.416093875898,-187500.02235174447,-187500.02235174447,-187500.02235174447,-187500.02235174447
não,2152.5623980238915,-7870.093926202528,6773.226770547244,12200.096213829067,-187500.02235174447,-187500.02235174447,-187500.02235174447,-187500.02235174447
não,2081.9755890340316,-7922.32995299458,6495.081662545403,12206.645274954471,-187500.02235174447,-187500.02235174447,-187500.02235174447,-187500.02235174447
não,2349.3918596973253,-7889.852868301019,7012.43513970794,12139.59004158855,-187500.02235174447,-187500.02235174447,-187500.02235174447,-187500.02235174447
não,2419.0845989089726,-7837.3486205755025,7276.7221661474905,12135.231451419766,-187500.02235174447,-187500.02235174447,-187500.02235174447,-187500.02235174447
não,2203.05498874843,-7860.41562085338,6874.815449096614,12187.914513100925,-187500.02235174447,-187500.02235174447,-187500.02235174447,-187500.02235174447
não,2081.997940778487,-7913.389255212457,6521.09909309138,12214.22251632482,-187500.02235174447,-187500.02235174447,-187500.02235174447,-187500.02235174447
não,2302.4308445967254,-7893.205629969315,6909.550059980162,12165.182788989878,-187500.02235174447,-187500.02235174447,-187500.02235174447,-187500.02235174447
não,2443.7385730431765,-7836.566309519567,7313.4684340320155,12128.838852505549,-187500.02235174447,-187500.02235174447,-187500.02235174447,-187500.02235174447
não,2231.642869906768,-7850.469094570768,6960.288519893708,12177.588007162572,-187500.02235174447,-187500.02235174447,-187500.02235174447,-187500.02235174447
não,2061.9484260020768,-7909.991790055251,6503.687084160696,12212.054397112655,-187500.02235174447,-187500.02235174447,-187500.02235174447,-187500.02235174447
não,2246.596186947368,-7905.9684760532955,6788.224791076755,12165.719230856805,-187500.02235174447,-187500.02235174447,-187500.02235174447,-187500.02235174447
não,2448.588901589978,-7845.484655557234,7282.958302850521,12130.805806017615,-187500.02235174447,-187500.02235174447,-187500.02235174447,-187500.02235174447
não,2291.187917135706,-7842.578928778044,7062.190122865453,12175.68810888387,-187500.02235174447,-187500.02235174447,-187500.02235174447,-187500.02235174447
não,2070.151516217174,-7903.576839396577,6537.10294212138,12219.98926639429,-187500.02235174447,-187500.02235174447,-187500.02235174447,-187500.02235174447
não,2197.377645656782,-7917.144348280949,6686.814926483027,12184.964082832825,-187500.02235174447,-187500.02235174447,-187500.02235174447,-187500.02235174447
não,2430.5063403256345,-7856.057030684595,7228.934136502045,12142.182843945366,-187500.02235174447,-187500.02235174447,-187500.02235174447,-187500.02235174447
não,2334.147969978806,-7833.817044951564,7148.914891352045,12175.26342573922,-187500.02235174447,-187500.02235174447,-187500.02235174447,-187500.02235174447
não,2087.1835454921184,-7892.4680224022895,6595.373939916366,12218.89403091598,-187500.02235174447,-187500.02235174447,-187500.02235174447,-187500.02235174447
não,2158.329148093361,-7920.452406460334,6606.125128999368,12183.712385143326,-187500.02235174447,-187500.02235174447,-187500.02235174447,-187500.02235174447
não,2405.42768304678,-7868.194027923826,7144.466894205439,12127.631858304961,-187500.02235174447,-187500.02235174447,-187500.02235174447,-187500.02235174447
não,2370.916589607786,-7837.952117675796,7194.08776689622,12149.491864382251,-187500.02235174447,-187500.02235174447,-187500.02235174447,-187500.02235174447
não,2128.2660518009725,-7881.247446685726,6686.591409038474,12209.70746394485,-187500.02235174447,-187500.02235174447,-187500.02235174447,-187500.02235174447
não,2117.1125313177745,-7923.626354172988,6525.9047181492715,12202.666664441427,-187500.02235174447,-187500.02235174447,-187500.02235174447,-187500.02235174447
não,2393.7153689521992,-7877.961740250796,7089.436899356473,12140.998201489236,-187500.02235174447,-187500.02235174447,-187500.02235174447,-187500.02235174447
não,2408.422816803791,-7835.649887996899,7256.650299626625,12142.898099767935,-187500.02235174447,-187500.02235174447,-187500.02235174447,-187500.02235174447
não,2166.196962141629,-7869.848057013519,6792.270456823166,12197.70457717235,-187500.02235174447,-187500.02235174447,-187500.02235174447,-187500.02235174447
não,2080.858001811266,-7921.547641938644,6487.347958963866,12206.533516232195,-187500.02235174447,-187500.02235174447,-187500.02235174447,-187500.02235174447
não,2343.379240438848,-7891.596304368532,6985.210714961376,12145.133274213467,-187500.02235174447,-187500.02235174447,-187500.02235174447,-187500.02235174447
não,2424.359610600425,-7840.880196199441,7275.649282413636,12131.409303117909,-187500.02235174447,-187500.02235174447,-187500.02235174447,-187500.02235174447
não,2214.4320266761815,-7861.846132498519,6888.114737047522,12183.779440376693,-187500.02235174447,-187500.02235174447,-187500.02235174447,-187500.02235174447
não,2070.1738679616296,-7913.769234868198,6473.691043101674,12218.17877509341,-187500.02235174447,-187500.02235174447,-187500.02235174447,-187500.02235174447
não,2297.6475712832894,-7898.972380038784,6875.642463641461,12157.560844130618,-187500.02235174447,-187500.02235174447,-187500.02235174447,-187500.02235174447
não,2441.615157319922,-7842.310707844581,7285.081718573776,12125.44138734834,-187500.02235174447,-187500.02235174447,-187500.02235174447,-187500.02235174447
não,2268.500896513569,-7848.390382336424,6990.552781886195,12177.945635073858,-187500.02235174447,-187500.02235174447,-187500.02235174447,-187500.02235174447
não,2070.9114755286546,-7906.303752220125,6498.032092813503,12221.12920536151,-187500.02235174447,-187500.02235174447,-187500.02235174447,-187500.02235174447
não,2248.7196026706224,-7912.651647645432,6762.542636697607,12166.74741110175,-187500.02235174447,-187500.02235174447,-187500.02235174447,-187500.02235174447
não,2444.4538288657463,-7853.397173094413,7259.667785128091,12128.794149016638,-187500.02235174447,-187500.02235174447,-187500.02235174447,-187500.02235174447
não,2310.700990045189,-7844.322364845559,7080.898532974546,12170.256634981231,-187500.02235174447,-187500.02235174447,-187500.02235174447,-187500.02235174447
não,2095.900725829688,-7898.033606771662,6578.341910641421,12214.982475636301,-187500.02235174447,-187500.02235174447,-187500.02235174447,-187500.02235174447
não,2199.9480962691423,-7916.406740713924,6677.896580445359,12183.734736887782,-187500.02235174447,-187500.02235174447,-187500.02235174447,-187500.02235174447
não,2432.7415147711654,-7859.074516186061,7212.885583983134,12129.040018205646,-187500.02235174447,-187500.02235174447,-187500.02235174447,-187500.02235174447
não,2353.8622085883867,-7832.252422839692,7163.577635714726,12154.856283051526,-187500.02235174447,-187500.02235174447,-187500.02235174447,-187500.02235174447
não,2107.769502135456,-7884.175525209371,6614.194108747734,12217.150594848466,-187500.02235174447,-187500.02235174447,-187500.02235174447,-187500.02235174447
não,2159.4914388050365,-7914.685656390865,6590.814184047483,12202.84547839707,-187500.02235174447,-187500.02235174447,-187500.02235174447,-187500.02235174447
não,2411.6414680053554,-7864.505990088701,7138.722495880425,12134.896175252936,-187500.02235174447,-187500.02235174447,-187500.02235174447,-187500.02235174447
não,2395.9728951421853,-7829.994896649707,7232.7562848039015,12141.489939867251,-187500.02235174447,-187500.02235174447,-187500.02235174447,-187500.02235174447
não,2135.3962582822155,-7879.36990015148,6692.13464166339,12198.151612061456,-187500.02235174447,-187500.02235174447,-187500.02235174447,-187500.02235174447
não,2113.6256591827464,-7922.955801839328,6522.708418692162,12194.17300154841,-187500.02235174447,-187500.02235174447,-187500.02235174447,-187500.02235174447
não,2367.988511084141,-7882.297978675125,7035.2339190523535,12135.566727586596,-187500.02235174447,-187500.02235174447,-187500.02235174447,-187500.02235174447
não,2410.3227150824923,-7837.818007209064,7243.395715164628,12135.879652008969,-187500.02235174447,-187500.02235174447,-187500.02235174447,-187500.02235174447
não,2183.6313228167683,-7867.836400012541,6798.461890037285,12195.000016093258,-187500.02235174447,-187500.02235174447,-187500.02235174447,-187500.02235174447
não,2083.9872460350093,-7921.033551816172,6473.221656468112,12211.830879668103,-187500.02235174447,-187500.02235174447,-187500.02235174447,-187500.02235174447
não,2339.3559264368923,-7894.569086381089,6956.175798913932,12144.619184090994,-187500.02235174447,-187500.02235174447,-187500.02235174447,-187500.02235174447
não,2437.2789188955926,-7838.510911287179,7279.650244671136,12127.92243098288,-187500.02235174447,-187500.02235174447,-187500.02235174447,-187500.02235174447
não,2234.794465874966,-7857.331080118547,6912.70165594836,12180.829010108591,-187500.02235174447,-187500.02235174447,-187500.02235174447,-187500.02235174447
não,2074.6889203416017,-7914.551545924133,6474.585112879886,12212.009693623746,-187500.02235174447,-187500.02235174447,-187500.02235174447,-187500.02235174447
não,2299.4804143286246,-7902.168679495893,6847.971004005791,12159.281928453676,-187500.02235174447,-187500.02235174447,-187500.02235174447,-187500.02235174447
não,2449.9523580017517,-7847.339850347024,7274.3752329796835,12124.279096636665,-187500.02235174447,-187500.02235174447,-187500.02235174447,-187500.02235174447
não,2280.459079797158,-7850.022059681662,7006.154299515999,12166.076858768089,-187500.02235174447,-187500.02235174447,-187500.02235174447,-187500.02235174447
não,2075.739452331001,-7905.521441164189,6504.670560916729,12219.117548360533,-187500.02235174447,-187500.02235174447,-187500.02235174447,-187500.02235174447
não,2236.828474620399,-7911.422301700391,6735.295860206588,12173.296472227154,-187500.02235174447,-187500.02235174447,-187500.02235174447,-187500.02235174447
não,2447.1583899448383,-7849.329155603547,7251.464694912994,12123.809710003105,-187500.02235174447,-187500.02235174447,-187500.02235174447,-187500.02235174447
não,2329.990545510119,-7839.449684554302,7099.048149472255,12156.130332485478,-187500.02235174447,-187500.02235174447,-187500.02235174447,-187500.02235174447
não,2098.8958595866993,-7894.010292769706,6566.294320380011,12207.874620899514,-187500.02235174447,-187500.02235174447,-187500.02235174447,-187500.02235174447
não,2195.0083607445195,-7920.877089604985,6635.942356102748,12174.637576894473,-187500.02235174447,-187500.02235174447,-187500.02235174447,-187500.02235174447
não,2442.4421718647686,-7859.633309797444,7204.146051901109,12122.937991969347,-187500.02235174447,-187500.02235174447,-187500.02235174447,-187500.02235174447
não,2369.955464596208,-7836.588661264022,7173.926493397534,12149.581271360074,-187500.02235174447,-187500.02235174447,-187500.02235174447,-187500.02235174447
não,2123.549833720903,-7884.980188009762,6641.574995705485,12207.315827288132,-187500.02235174447,-187500.02235174447,-187500.02235174447,-187500.02235174447
não,2144.761639208989,-7926.3979704854455,6552.838570217917,12194.17300154841,-187500.02235174447,-187500.02235174447,-187500.02235174447,-187500.02235174447
não,2427.3770961018918,-7874.765440793686,7145.942109339489,12134.538547341652,-187500.02235174447,-187500.02235174447,-187500.02235174447,-187500.02235174447
não,2413.921345939797,-7831.805387950586,7263.15465726312,12138.606564832517,-187500.02235174447,-187500.02235174447,-187500.02235174447,-187500.02235174447
não,2149.56726426688,-7874.69838556032,6723.985877512202,12194.1282980595,-187500.02235174447,-187500.02235174447,-187500.02235174447,-187500.02235174447
não,2117.6266214402463,-7919.357170982024,6523.378971025822,12196.765803905226,-187500.02235174447,-187500.02235174447,-187500.02235174447,-187500.02235174447
não,2370.7377756521437,-7886.634217099455,7022.024038079267,12129.777625772671,-187500.02235174447,-187500.02235174447,-187500.02235174447,-187500.02235174447
não,2442.643337564866,-7838.019172909162,7288.747404664446,12125.933125726358,-187500.02235174447,-187500.02235174447,-187500.02235174447,-187500.02235174447
não,2200.14926196924,-7866.495295345223,6821.193614148333,12192.228399780799,-187500.02235174447,-187500.02235174447,-187500.02235174447,-187500.02235174447
$SILENCE,2101.8239381103444,-7920.877089604985,6491.95241832166,12206.645274954471,-187500.02235174447,-187500.02235174447,-187500.02235174447,-187500.02235174447
$SILENCE,2334.46089440118,-7896.89366780444,6915.808548427648,12145.468550380296,-187500.02235174447,-187500.02235174447,-187500.02235174447,-187500.02235174447
$SILENCE,2450.041764979573,-7841.371934577458,7270.664843400103,12126.06723619309,-187500.02235174447,-187500.02235174447,-187500.02235174447,-187500.02235174447
$SILENCE,2252.8099719059437,-7857.442838840823,6923.698714220371,12176.492771684263,-187500.02235174447,-187500.02235174447,-187500.02235174447,-187500.02235174447
$SILENCE,2079.0475105103865,-7916.250278502736,6471.1429442337685,12208.008731366246,-187500.02235174447,-187500.02235174447,-187500.02235174447,-187500.02235174447
$SILENCE,2288.505707801069,-7909.656513888421,6815.628029778962,12149.581271360074,-187500.02235174447,-187500.02235174447,-187500.02235174447,-187500.02235174447
$SILENCE,2463.2516459526596,-7845.529359046145,7275.761041135913,12117.35005585552,-187500.02235174447,-187500.02235174447,-187500.02235174447,-187500.02235174447
$SILENCE,2301.3579608628706,-7848.0327544251395,7034.339849274141,12168.803771591636,-187500.02235174447,-187500.02235174447,-187500.02235174447,-187500.02235174447
$SILENCE,2084.5907431353025,-7904.47090917479,6518.282773290011,12218.871679171525,-187500.02235174447,-187500.02235174447,-187500.02235174447,-187500.02235174447
$SILENCE,2240.0694775664183,-7916.227926758281,6710.016037227636,12165.719230856805,-187500.02235174447,-187500.02235174447,-187500.02235174447,-187500.02235174447
$SILENCE,2470.1136315004387,-7854.537112061634,7243.328659931262,12115.96424769929,-187500.02235174447,-187500.02235174447,-187500.02235174447,-187500.02235174447
$SILENCE,2359.5171999355794,-7842.847149711508,7119.83527181569,12149.804788804626,-187500.02235174447,-187500.02235174447,-187500.02235174447,-187500.02235174447
$SILENCE,2114.2291562830396,-7898.234772471759,6578.58777983043,12202.957237119346,-187500.02235174447,-187500.02235174447,-187500.02235174447,-187500.02235174447
$SILENCE,2194.3601601553155,-7924.386313484468,6615.535213415053,12177.230379251288,-187500.02235174447,-187500.02235174447,-187500.02235174447,-187500.02235174447
$SILENCE,2451.3828696468913,-7867.121144189971,7184.99060690291,12114.44432907633,-187500.02235174447,-187500.02235174447,-187500.02235174447,-187500.02235174447
$SILENCE,2392.6424852183445,-7838.801483965098,7186.108194125676,12136.125521197979,-187500.02235174447,-187500.02235174447,-187500.02235174447,-187500.02235174447
$SILENCE,2142.8393891858327,-7882.700310075321,6663.971443649703,12195.31294051563,-187500.02235174447,-187500.02235174447,-187500.02235174447,-187500.02235174447
$SILENCE,2153.1658951241848,-7925.593307685055,6539.092247377903,12183.488867698774,-187500.02235174447,-187500.02235174447,-187500.02235174447,-187500.02235174447
$SILENCE,2426.4159710903136,-7877.3805948949575,7109.26289668833,12114.06434942059,-187500.02235174447,-187500.02235174447,-187500.02235174447,-187500.02235174447
$SILENCE,2424.918404211808,-7838.555614776089,7237.360744161695,12119.87580297897,-187500.02235174447,-187500.02235174447,-187500.02235174447,-187500.02235174447
$SILENCE,2185.061834461908,-7870.965644236285,6757.021755817146,12183.399460720953,-187500.02235174447,-187500.02235174447,-187500.02235174447,-187500.02235174447
$SILENCE,2116.017295839464,-7922.508766950223,6488.689063631185,12193.480097470296,-187500.02235174447,-187500.02235174447,-187500.02235174447,-187500.02235174447
$SILENCE,2391.8378224179532,-7888.623522355977,7011.921049585468,12127.989486216245,-187500.02235174447,-187500.02235174447,-187500.02235174447,-187500.02235174447
$SILENCE,2458.3119104280368,-7838.801483965098,7269.435497455061,12121.708646024304,-187500.02235174447,-187500.02235174447,-187500.02235174447,-187500.02235174447
$SILENCE,2238.9965938325636,-7859.990937708729,6861.851437312536,12180.538437430674,-187500.02235174447,-187500.02235174447,-187500.02235174447,-187500.02235174447
$SILENCE,2100.2369642540175,-7920.2288890157815,6469.80183956645,12197.637521938983,-187500.02235174447,-187500.02235174447,-187500.02235174447,-187500.02235174447
$SILENCE,2342.08283926044,-7900.1570224949155,6902.062225587634,12132.996276974234,-187500.02235174447,-187500.02235174447,-187500.02235174447,-187500.02235174447
$SILENCE,2486.139832274894,-7837.281565342137,7313.691951476569,12111.44919531932,-187500.02235174447,-187500.02235174447,-187500.02235174447,-187500.02235174447
$SILENCE,2273.351225060371,-7849.060934670083,6957.405144858974,12169.608434392028,-187500.02235174447,-187500.02235174447,-187500.02235174447,-187500.02235174447
$SILENCE,2098.7841008644227,-7910.595287155544,6496.623932912819,12200.185620806888,-187500.02235174447,-187500.02235174447,-187500.02235174447,-187500.02235174447
$SILENCE,2281.1966873641836,-7908.9636098103065,6774.679633936838,12150.49769288274,-187500.02235174447,-187500.02235174447,-187500.02235174447,-187500.02235174447
$SILENCE,2469.5101344001455,-7849.329155603547,7249.117761745187,12111.471547063775,-187500.02235174447,-187500.02235174447,-187500.02235174447,-187500.02235174447
$SILENCE,2325.7437140636107,-7847.809236980586,7043.325250545175,12150.698858582839,-187500.02235174447,-187500.02235174447,-187500.02235174447,-187500.02235174447
$SILENCE,2108.2388887690176,-7903.666246374399,6525.949421638182,12204.007769108746,-187500.02235174447,-187500.02235174447,-187500.02235174447,-187500.02235174447
$SILENCE,2240.8517886223544,-7919.75950238222,6683.708034003739,12163.148780244444,-187500.02235174447,-187500.02235174447,-187500.02235174447,-187500.02235174447
$SILENCE,2476.2603612256485,-7859.074516186061,7229.850558024712,12112.544430797629,-187500.02235174447,-187500.02235174447,-187500.02235174447,-187500.02235174447
$SILENCE,2376.6833396772554,-7842.64598401141,7137.336687724196,12142.428713134375,-187500.02235174447,-187500.02235174447,-187500.02235174447,-187500.02235174447
$SILENCE,2132.7811041809446,-7895.798432326131,6599.710178340695,12195.84938238256,-187500.02235174447,-187500.02235174447,-187500.02235174447,-187500.02235174447
$SILENCE,2197.9364392681646,-7928.208461786326,6595.508050383098,12172.961196060323,-187500.02235174447,-187500.02235174447,-187500.02235174447,-187500.02235174447
$SILENCE,2459.6306633509,-7869.378670379958,7170.529028240327,12114.287866865143,-187500.02235174447,-187500.02235174447,-187500.02235174447,-187500.02235174447
$SILENCE,2416.938831441263,-7839.4049810653905,7202.536726300326,12135.410265375409,-187500.02235174447,-187500.02235174447,-187500.02235174447,-187500.02235174447
$SILENCE,2172.1648779111956,-7884.5108013762,6687.597237538963,12194.50827771524,-187500.02235174447,-187500.02235174447,-187500.02235174447,-187500.02235174447
$SILENCE,2155.959863181098,-7927.403798985934,6524.943593137693,12186.618111922517,-187500.02235174447,-187500.02235174447,-187500.02235174447,-187500.02235174447
$SILENCE,2429.589918802967,-7880.666301329888,7087.693463288959,12118.668808778384,-187500.02235174447,-187500.02235174447,-187500.02235174447,-187500.02235174447
$SILENCE,2447.538369600579,-7840.500216543701,7254.079849014265,12121.619239046484,-187500.02235174447,-187500.02235174447,-187500.02235174447,-187500.02235174447
$SILENCE,2212.5768318863907,-7873.3349291485465,6789.320026555065,12181.231341508788,-187500.02235174447,-187500.02235174447,-187500.02235174447,-187500.02235174447
$SILENCE,2129.093066345819,-7926.733246652276,6484.352825206855,12195.827030638104,-187500.02235174447,-187500.02235174447,-187500.02235174447,-187500.02235174447
$SILENCE,2398.8786219213753,-7894.546734636633,6991.357444686586,12131.990448473745,-187500.02235174447,-187500.02235174447,-187500.02235174447,-187500.02235174447
$SILENCE,2480.082509527506,-7841.17076887736,7282.958302850521,12122.848584991525,-187500.02235174447,-187500.02235174447,-187500.02235174447,-187500.02235174447
$SILENCE,2264.9469691451754,-7861.60026330951,6892.026292327201,12176.582178662084,-187500.02235174447,-187500.02235174447,-187500.02235174447,-187500.02235174447
$SILENCE,2117.246641784506,-7919.42422621539,6479.927179804705,12202.778423163703,-187500.02235174447,-187500.02235174447,-187500.02235174447,-187500.02235174447
$SILENCE,2345.793228840021,-7908.248353987737,6880.761013121726,12138.584213088061,-187500.02235174447,-187500.02235174447,-187500.02235174447,-187500.02235174447
$SILENCE,2486.4304049528128,-7847.071629413561,7284.232352284474,12115.606619788006,-187500.02235174447,-187500.02235174447,-187500.02235174447,-187500.02235174447
$SILENCE,2304.1966324086943,-7853.710097516788,6983.489630638317,12163.26053896672,-187500.02235174447,-187500.02235174447,-187500.02235174447,-187500.02235174447
$SILENCE,2110.7869876369223,-7913.925697079385,6495.931028834704,12203.56073421964,-187500.02235174447,-187500.02235174447,-187500.02235174447,-187500.02235174447
$SILENCE,2294.2501061260828,-7917.345513981047,6770.790430401616,12155.504483640729,-187500.02235174447,-187500.02235174447,-187500.02235174447,-187500.02235174447
$SILENCE,2493.8735358564304,-7852.41369633838,7267.289729987351,12115.651323276918,-187500.02235174447,-187500.02235174447,-187500.02235174447,-187500.02235174447
$SILENCE,2353.2810632325486,-7848.390382336424,7075.534114305272,12149.022477748691,-187500.02235174447,-187500.02235174447,-187500.02235174447,-187500.02235174447
$SILENCE,2128.2437000565174,-7900.13467075046,6551.363355083866,12201.727891174305,-187500.02235174447,-187500.02235174447,-187500.02235174447,-187500.02235174447
$SILENCE,2245.5903584468792,-7919.871261104497,6670.341690819466,12168.64730938045,-187500.02235174447,-187500.02235174447,-187500.02235174447,-187500.02235174447
$SILENCE,2497.047483569084,-7857.979280707751,7246.949642533022,12112.723244753272,-187500.02235174447,-187500.02235174447,-187500.02235174447,-187500.02235174447
$SILENCE,2404.846537690942,-7835.985164163729,7176.273426565341,12142.45106487883,-187500.02235174447,-187500.02235174447,-187500.02235174447,-187500.02235174447
$SILENCE,2147.4214967991707,-7892.84800205803,6598.994922518125,12201.124394074011,-187500.02235174447,-187500.02235174447,-187500.02235174447,-187500.02235174447
$SILENCE,2200.4845381360697,-7927.359095497024,6567.702480280695,12178.370318218509,-187500.02235174447,-187500.02235174447,-187500.02235174447,-187500.02235174447
$SILENCE,2471.231218723204,-7872.552618092611,7151.910025109056,12117.864145977992,-187500.02235174447,-187500.02235174447,-187500.02235174447,-187500.02235174447
$SILENCE,2440.4752183527016,-7840.03082991014,7216.886546240634,12132.348076385031,-187500.02235174447,-187500.02235174447,-187500.02235174447,-187500.02235174447
$SILENCE,2195.2318781890726,-7881.046280985628,6709.680761060806,12190.08263231309,-187500.02235174447,-187500.02235174447,-187500.02235174447,-187500.02235174447
$SILENCE,2160.698433005623,-7929.393104242457,6512.5830784539085,12190.619074180016,-187500.02235174447,-187500.02235174447,-187500.02235174447,-187500.02235174447
$SILENCE,2432.428590348791,-7886.567161866089,7067.487486301361,12125.508442581708,-187500.02235174447,-187500.02235174447,-187500.02235174447,-187500.02235174447
$SILENCE,2471.6335501234,-7839.1144083874715,7265.926273575577,12129.084721694557,-187500.02235174447,-187500.02235174447,-187500.02235174447,-187500.02235174447
$SILENCE,2240.8070851334437,-7865.712984289287,6818.913736213892,12188.36154799003,-187500.02235174447,-187500.02235174447,-187500.02235174447,-187500.02235174447
$SILENCE,2135.887996660232,-7920.251240760236,6486.386833952289,12206.779385421203,-187500.02235174447,-187500.02235174447,-187500.02235174447,-187500.02235174447
$SILENCE,2390.6755317062775,-7892.982112524762,6965.630586818527,12140.685277066861,-187500.02235174447,-187500.02235174447,-187500.02235174447,-187500.02235174447
$SILENCE,2488.3526549759695,-7839.852015954497,7282.48891621696,12123.854413492014,-187500.02235174447,-187500.02235174447,-187500.02235174447,-187500.02235174447
$SILENCE,2278.603885007368,-7862.092001687527,6907.98543786829,12171.776553604193,-187500.02235174447,-187500.02235174447,-187500.02235174447,-187500.02235174447
$SILENCE,2117.5595662068804,-7920.944144838351,6475.278016958001,12202.84547839707,-187500.02235174447,-187500.02235174447,-187500.02235174447,-187500.02235174447
$SILENCE,2342.239301471627,-7907.846022587541,6852.843684297048,12146.340268414053,-187500.02235174447,-187500.02235174447,-187500.02235174447,-187500.02235174447
$SILENCE,2498.8356231255084,-7845.730524746243,7282.265398772407,12117.283000622154,-187500.02235174447,-187500.02235174447,-187500.02235174447,-187500.02235174447
$SILENCE,2327.1742257087503,-7851.899606215908,7011.116386785077,12164.065201767113,-187500.02235174447,-187500.02235174447,-187500.02235174447,-187500.02235174447
$SILENCE,2123.6615924431794,-7911.355246467024,6512.180747053712,12212.166155834933,-187500.02235174447,-187500.02235174447,-187500.02235174447,-187500.02235174447
$SILENCE,2294.5853822929125,-7918.150176781438,6748.952776068781,12162.83585582207,-187500.02235174447,-187500.02235174447,-187500.02235174447,-187500.02235174447
$SILENCE,2502.590716194,-7854.112428916983,7264.071078785787,12121.216907646289,-187500.02235174447,-187500.02235174447,-187500.02235174447,-187500.02235174447
$SILENCE,2372.1012320639175,-7843.0483154116055,7103.339684407674,12160.868902310003,-187500.02235174447,-187500.02235174447,-187500.02235174447,-187500.02235174447
$SILENCE,2141.1406566072296,-7897.452461415824,6566.137858168824,12209.841574411581,-187500.02235174447,-187500.02235174447,-187500.02235174447,-187500.02235174447
$SILENCE,2245.0986200688626,-7922.70993265032,6642.938452117259,12175.241073994765,-187500.02235174447,-187500.02235174447,-187500.02235174447,-187500.02235174447
$SILENCE,2493.471204456235,-7861.689670287332,7209.8010432483015,12120.099320423524,-187500.02235174447,-187500.02235174447,-187500.02235174447,-187500.02235174447
$SILENCE,2419.3751715868916,-7839.293222343114,7178.2850835663185,12143.92628001288,-187500.02235174447,-187500.02235174447,-187500.02235174447,-187500.02235174447
$SILENCE,2168.8791714762656,-7887.282417688659,6646.134751574368,12199.671530684416,-187500.02235174447,-187500.02235174447,-187500.02235174447,-187500.02235174447
$SILENCE,2194.3378084108604,-7930.354229254035,6557.800657486994,12180.158457774933,-187500.02235174447,-187500.02235174447,-187500.02235174447,-187500.02235174447
$SILENCE,2470.6724251118217,-7878.341719906536,7138.811902858246,12123.787358258649,-187500.02235174447,-187500.02235174447,-187500.02235174447,-187500.02235174447
$SILENCE,2452.8804365253973,-7839.516739787668,7237.807779050801,12141.042904978145,-187500.02235174447,-187500.02235174447,-187500.02235174447,-187500.02235174447
$SILENCE,2205.9830672720755,-7876.397118138924,6744.929462066825,12198.196315550365,-187500.02235174447,-187500.02235174447,-187500.02235174447,-187500.02235174447
$SILENCE,2157.368023081782,-7925.012162329217,6513.521851721031,12199.98445510679,-187500.02235174447,-187500.02235174447,-187500.02235174447,-187500.02235174447
$SILENCE,2440.8328462639865,-7886.813031055097,7051.327175060174,12131.386951373453,-187500.02235174447,-187500.02235174447,-187500.02235174447,-187500.02235174447
$SILENCE,2487.2797712421147,-7839.337925832025,7277.4821254589715,12128.749445527726,-187500.02235174447,-187500.02235174447,-187500.02235174447,-187500.02235174447
$SILENCE,2255.2016085626615,-7866.696461045321,6842.852454525525,12182.997129320756,-187500.02235174447,-187500.02235174447,-187500.02235174447,-187500.02235174447
$SILENCE,2138.927833906154,-7924.09574080655,6482.7658513505285,12200.677359184905,-187500.02235174447,-187500.02235174447,-187500.02235174447,-187500.02235174447
$SILENCE,2394.5870869859564,-7899.911153305907,6947.682136020915,12138.360695643509,-187500.02235174447,-187500.02235174447,-187500.02235174447,-187500.02235174447
$SILENCE,2502.233088282715,-7843.607109022989,7292.234276799474,12119.182898900855,-187500.02235174447,-187500.02235174447,-187500.02235174447,-187500.02235174447
$SILENCE,2300.97798120713,-7856.325251618058,6944.731705752815,12173.74350711626,-187500.02235174447,-187500.02235174447,-187500.02235174447,-187500.02235174447
$SILENCE,2128.4895692455257,-7916.831423858574,6491.147755521269,12212.568487235128,-187500.02235174447,-187500.02235174447,-187500.02235174447,-187500.02235174447
$SILENCE,2339.333574692437,-7907.3766359539795,6838.292698656643,12155.079800496078,-187500.02235174447,-187500.02235174447,-187500.02235174447,-187500.02235174447
$SILENCE,2511.35260002048,-7846.468132313268,7290.021454098399,12116.63480003295,-187500.02235174447,-187500.02235174447,-187500.02235174447,-187500.02235174447
$SILENCE,2348.9895282971297,-7849.798542237108,7038.117294087088,12158.186692975367,-187500.02235174447,-187500.02235174447,-187500.02235174447,-187500.02235174447
$SILENCE,2134.3010228039057,-7907.0860632760605,6523.222508814634,12206.42175750992,-187500.02235174447,-187500.02235174447,-187500.02235174447,-187500.02235174447
$SILENCE,2295.50180381558,-7923.738112895265,6725.438740901797,12156.800884819137,-187500.02235174447,-187500.02235174447,-187500.02235174447,-187500.02235174447
$SILENCE,2522.9084519038743,-7864.46128659979,7254.571587392282,12112.030340675157,-187500.02235174447,-187500.02235174447,-187500.02235174447,-187500.02235174447
$SILENCE,2413.9660494287073,-7853.039545183128,7123.210385228442,12144.239204435255,-187500.02235174447,-187500.02235174447,-187500.02235174447,-187500.02235174447
$SILENCE,2185.8441455178436,-7904.5156126637,6590.367149158376,12195.759975404737,-187500.02235174447,-187500.02235174447,-187500.02235174447,-187500.02235174447
$SILENCE,2273.373576804826,-7933.058790333127,6632.388428734354,12173.31882397161,-187500.02235174447,-187500.02235174447,-187500.02235174447,-187500.02235174447
$SILENCE,2533.7713997091532,-7872.530266348156,7224.24027016643,12117.64062853344,-187500.02235174447,-187500.02235174447,-187500.02235174447,-187500.02235174447
$SILENCE,2462.7375558301874,-7838.1756351203485,7226.073113211765,12138.517157854696,-187500.02235174447,-187500.02235174447,-187500.02235174447,-187500.02235174447
$SILENCE,2198.964619513109,-7889.539943878644,6668.285330329577,12200.565600462629,-187500.02235174447,-187500.02235174447,-187500.02235174447,-187500.02235174447
$SILENCE,2217.293049966461,-7927.560261197122,6572.888084994327,12189.054452068145,-187500.02235174447,-187500.02235174447,-187500.02235174447,-187500.02235174447
$SILENCE,2471.365329189936,-7879.973397251773,7112.50389963435,12136.0137624757,-187500.02235174447,-187500.02235174447,-187500.02235174447,-187500.02235174447
$SILENCE,2483.6364368958994,-7836.208681608282,7274.308177746318,12145.960288758313,-187500.02235174447,-187500.02235174447,-187500.02235174447,-187500.02235174447
$SILENCE,2228.7147913831227,-7874.005481482206,6758.564026184563,12208.880449400003,-187500.02235174447,-187500.02235174447,-187500.02235174447,-187500.02235174447
$SILENCE,2175.3611773683047,-7924.0510373176385,6527.402285027777,12209.215725566832,-187500.02235174447,-187500.02235174447,-187500.02235174447,-187500.02235174447
$SILENCE,2414.8601192069195,-7893.429147413868,7004.656732637493,12142.16049220091,-187500.02235174447,-187500.02235174447,-187500.02235174447,-187500.02235174447
$SILENCE,2484.977541563218,-7844.389420078925,7266.172142764586,12131.11873043999,-187500.02235174447,-187500.02235174447,-187500.02235174447,-187500.02235174447
$SILENCE,2275.7205099726334,-7867.8140482680865,6858.342213433053,12186.707518900337,-187500.02235174447,-187500.02235174447,-187500.02235174447,-187500.02235174447
$SILENCE,2148.628490999757,-7925.816825129608,6481.692967616674,12213.239039568787,-187500.02235174447,-187500.02235174447,-187500.02235174447,-187500.02235174447
$SILENCE,2391.882525906864,-7906.035531286661,6923.005810142256,12149.35775391552,-187500.02235174447,-187500.02235174447,-187500.02235174447,-187500.02235174447
$SILENCE,2515.599431466989,-7847.228091624748,7298.15748908013,12127.810672260604,-187500.02235174447,-187500.02235174447,-187500.02235174447,-187500.02235174447
$SILENCE,2326.056638485985,-7859.0074609526955,6971.933778754924,12180.583140919583,-187500.02235174447,-187500.02235174447,-187500.02235174447,-187500.02235174447
$SILENCE,2143.308775819394,-7917.189051769859,6499.775528881018,12220.860984428047,-187500.02235174447,-187500.02235174447,-187500.02235174447,-187500.02235174447
$SILENCE,2339.422981670258,-7917.904307592429,6808.520175042174,12165.965100045813,-187500.02235174447,-187500.02235174447,-187500.02235174447,-187500.02235174447
$SILENCE,2523.35548679298,-7856.638176040433,7284.187648795563,12128.30241063862,-187500.02235174447,-187500.02235174447,-187500.02235174447,-187500.02235174447
$SILENCE,2372.7717843975765,-7853.88891147243,7067.643948512548,12170.36839370351,-187500.02235174447,-187500.02235174447,-187500.02235174447,-187500.02235174447
$SILENCE,2151.087182889841,-7909.410644699413,6545.551901525486,12220.481004772308,-187500.02235174447,-187500.02235174447,-187500.02235174447,-187500.02235174447
$SILENCE,2282.40368156477,-7924.475720462289,6704.875136002915,12178.54913217415,-187500.02235174447,-187500.02235174447,-187500.02235174447,-187500.02235174447
$SILENCE,2514.0795128440277,-7863.880141243952,7247.620194866681,12129.68821879485,-187500.02235174447,-187500.02235174447,-187500.02235174447,-187500.02235174447
$SILENCE,2413.7648837286097,-7848.725658503254,7146.4114959730505,12162.880559310981,-187500.02235174447,-187500.02235174447,-187500.02235174447,-187500.02235174447
$SILENCE,2178.602180314324,-7899.37471143898,6612.674190124773,12219.89985941647,-187500.02235174447,-187500.02235174447,-187500.02235174447,-187500.02235174447
$SILENCE,2244.5845299463904,-7928.0967030640495,6614.149405258823,12195.625864938005,-187500.02235174447,-187500.02235174447,-187500.02235174447,-187500.02235174447
$SILENCE,2498.5003469586786,-7875.458344871801,7183.805964446779,12129.375294372476,-187500.02235174447,-187500.02235174447,-187500.02235174447,-187500.02235174447
$SILENCE,2448.9241777568077,-7847.451609069301,7210.9186304710665,12149.022477748691,-187500.02235174447,-187500.02235174447,-187500.02235174447,-187500.02235174447
$SILENCE,2211.4592446636257,-7888.020025255683,6696.806156254549,12209.998036622768,-187500.02235174447,-187500.02235174447,-187500.02235174447,-187500.02235174447
$SILENCE,2204.4184451602036,-7931.516519965711,6545.2166253586565,12205.684149942894,-187500.02235174447,-187500.02235174447,-187500.02235174447,-187500.02235174447
$SILENCE,2475.656864125355,-7886.008368254706,7120.416417171528,12138.941840999347,-187500.02235174447,-187500.02235174447,-187500.02235174447,-187500.02235174447
$SILENCE,2495.68402715731,-7838.354449075991,7299.63270421418,12140.104131711023,-187500.02235174447,-187500.02235174447,-187500.02235174447,-187500.02235174447
$SILENCE,2244.2939572684713,-7874.497219860223,6785.922561397858,12205.572391220618,-187500.02235174447,-187500.02235174447,-187500.02235174447,-187500.02235174447
$SILENCE,2180.926761737676,-7928.074351319594,6526.441160016198,12215.340103547585,-187500.02235174447,-187500.02235174447,-187500.02235174447,-187500.02235174447
$SILENCE,2417.6987907527437,-7897.899496304929,6991.491555153318,12152.35288767253,-187500.02235174447,-187500.02235174447,-187500.02235174447,-187500.02235174447
$SILENCE,2516.3817425229245,-7844.992917179217,7310.897983419655,12136.907832253914,-187500.02235174447,-187500.02235174447,-187500.02235174447,-187500.02235174447
$SILENCE,2286.0023124220747,-7866.674109300865,6880.045757299156,12197.749280661259,-187500.02235174447,-187500.02235174447,-187500.02235174447,-187500.02235174447
$SILENCE,2144.1581421086958,-7927.359095497024,6471.277054700501,12223.856118185058,-187500.02235174447,-187500.02235174447,-187500.02235174447,-187500.02235174447
$SILENCE,2377.6668164332887,-7913.277496490181,6883.0855945450785,12155.146855729445,-187500.02235174447,-187500.02235174447,-187500.02235174447,-187500.02235174447
$SILENCE,2516.0911698450054,-7850.133818403938,7284.522924962393,12123.20621290281,-187500.02235174447,-187500.02235174447,-187500.02235174447,-187500.02235174447
$SILENCE,2332.8068653114874,-7860.348565620014,6985.657749850482,12165.786286090171,-187500.02235174447,-187500.02235174447,-187500.02235174447,-187500.02235174447
$SILENCE,2141.9229676631653,-7918.664266903909,6506.078720817414,12210.757995934247,-187500.02235174447,-187500.02235174447,-187500.02235174447,-187500.02235174447
$SILENCE,2330.526987377046,-7920.273592504692,6784.0673666080675,12163.21583547781,-187500.02235174447,-187500.02235174447,-187500.02235174447,-187500.02235174447
$SILENCE,2525.88123391643,-7858.359260363492,7278.4208987260945,12125.463739092796,-187500.02235174447,-187500.02235174447,-187500.02235174447,-187500.02235174447
$SILENCE,2382.0030548576183,-7856.1911411513265,7084.743033020858,12158.901948797937,-187500.02235174447,-187500.02235174447,-187500.02235174447,-187500.02235174447
$SILENCE,2159.1561626382068,-7911.891688333952,6557.10775340888,12208.142841832978,-187500.02235174447,-187500.02235174447,-187500.02235174447,-187500.02235174447
$SILENCE,2280.5931902638904,-7933.461121733323,6682.009301425136,12171.106001270533,-187500.02235174447,-187500.02235174447,-187500.02235174447,-187500.02235174447
$SILENCE,2520.2709460581477,-7871.658548314399,7237.472502883971,12114.466680820786,-187500.02235174447,-187500.02235174447,-187500.02235174447,-187500.02235174447
$SILENCE,2429.724029269699,-7851.586681793533,7168.919702639545,12141.333477656064,-187500.02235174447,-187500.02235174447,-187500.02235174447,-187500.02235174447
$SILENCE,2184.726558295078,-7900.425243428379,6637.328164258977,12199.537420217684,-187500.02235174447,-187500.02235174447,-187500.02235174447,-187500.02235174447
$SILENCE,2230.949965828653,-7934.198729300348,6594.792794560528,12180.270216497209,-187500.02235174447,-187500.02235174447,-187500.02235174447,-187500.02235174447
$SILENCE,2502.6354196829107,-7880.643949585432,7168.115039839154,12120.322837868076,-187500.02235174447,-187500.02235174447,-187500.02235174447,-187500.02235174447
$SILENCE,2471.007701278651,-7849.351507348002,7228.107121957198,12133.845643263538,-187500.02235174447,-187500.02235174447,-187500.02235174447,-187500.02235174447
$SILENCE,2227.2619279935275,-7890.210496212304,6723.605897856462,12193.0777660701,-187500.02235174447,-187500.02235174447,-187500.02235174447,-187500.02235174447
$SILENCE,2191.7673577985,-7936.791531657163,6527.1340640943135,12189.501486957251,-187500.02235174447,-187500.02235174447,-187500.02235174447,-187500.02235174447
$SILENCE,2467.051442510062,-7895.127879992471,7080.764422507814,12121.64159079094,-187500.02235174447,-187500.02235174447,-187500.02235174447,-187500.02235174447
$SILENCE,2499.886155114908,-7850.692612015321,7273.324700990284,12119.87580297897,-187500.02235174447,-187500.02235174447,-187500.02235174447,-187500.02235174447
$SILENCE,2271.5630855039462,-7882.789717053141,6821.68535252635,12173.877617582992,-187500.02235174447,-187500.02235174447,-187500.02235174447,-187500.02235174447
$SILENCE,2173.7518517675226,-7937.909118879929,6495.595752667875,12189.546190446163,-187500.02235174447,-187500.02235174447,-187500.02235174447,-187500.02235174447
$SILENCE,2431.467465337213,-7910.684694133365,6983.042595749212,12121.999218702224,-187500.02235174447,-187500.02235174447,-187500.02235174447,-187500.02235174447
$SILENCE,2534.419600298357,-7850.156170148393,7329.44993131756,12104.96718942728,-187500.02235174447,-187500.02235174447,-187500.02235174447,-187500.02235174447
$SILENCE,2303.526080075035,-7870.719775047276,6915.808548427648,12164.556940145128,-187500.02235174447,-187500.02235174447,-187500.02235174447,-187500.02235174447
$SILENCE,2159.8043632274107,-7933.103493822038,6507.352770251367,12189.099155557056,-187500.02235174447,-187500.02235174447,-187500.02235174447,-187500.02235174447
$SILENCE,2379.3208455229815,-7921.815862872108,6859.97389077829,12136.326686898075,-187500.02235174447,-187500.02235174447,-187500.02235174447,-187500.02235174447
$SILENCE,2531.625632241444,-7865.064783700083,7286.132250563175,12100.765061469683,-187500.02235174447,-187500.02235174447,-187500.02235174447,-187500.02235174447
$SILENCE,2350.6659091312777,-7868.417545368379,7009.305895484197,12147.346096914542,-187500.02235174447,-187500.02235174447,-187500.02235174447,-187500.02235174447
$SILENCE,2149.321395077872,-7925.190976284859,6515.041770343992,12190.440260224374,-187500.02235174447,-187500.02235174447,-187500.02235174447,-187500.02235174447
$SILENCE,2317.048885470496,-7932.14236881046,6753.333717982021,12139.992372988747,-187500.02235174447,-187500.02235174447,-187500.02235174447,-187500.02235174447
$SILENCE,2532.3408880640136,-7870.764478536186,7270.977767822477,12099.401605057908,-187500.02235174447,-187500.02235174447,-187500.02235174447,-187500.02235174447
$SILENCE,2407.372284814392,-7864.438934855335,7107.161832709531,12133.2644979077,-187500.02235174447,-187500.02235174447,-187500.02235174447,-187500.02235174447
$SILENCE,2180.2562094040168,-7917.345513981047,6571.859904749383,12187.266312511721,-187500.02235174447,-187500.02235174447,-187500.02235174447,-187500.02235174447
$SILENCE,2286.4940508000914,-7940.054886347639,6658.763487191616,12158.097285997545,-187500.02235174447,-187500.02235174447,-187500.02235174447,-187500.02235174447
$SILENCE,2532.854978186486,-7882.812068797597,7221.647467809614,12099.82628820256,-187500.02235174447,-187500.02235174447,-187500.02235174447,-187500.02235174447
$SILENCE,2452.500456869657,-7860.616786553477,7182.710728968469,12123.1615094139,-187500.02235174447,-187500.02235174447,-187500.02235174447,-187500.02235174447
$SILENCE,2213.403846431237,-7904.962647552807,6657.757658691127,12184.964082832825,-187500.02235174447,-187500.02235174447,-187500.02235174447,-187500.02235174447
$SILENCE,2235.6885356531784,-7946.112209095027,6571.010538460081,12164.199312233844,-187500.02235174447,-187500.02235174447,-187500.02235174447,-187500.02235174447
$SILENCE,2490.431367210313,-7892.982112524762,7143.148141282576,12097.635817245939,-187500.02235174447,-187500.02235174447,-187500.02235174447,-187500.02235174447
$SILENCE,2479.2107914937487,-7854.291242872625,7242.903976786612,12113.952590698313,-187500.02235174447,-187500.02235174447,-187500.02235174447,-187500.02235174447
$SILENCE,2235.867349608821,-7894.367920680991,6741.9790317987245,12172.983547804779,-187500.02235174447,-187500.02235174447,-187500.02235174447,-187500.02235174447
$SILENCE,2195.477747378081,-7943.720572438308,6513.141872065291,12177.208027506833,-187500.02235174447,-187500.02235174447,-187500.02235174447,-187500.02235174447
$SILENCE,2469.10780299995,-7902.056920773616,7052.4894657718505,12112.186802886345,-187500.02235174447,-187500.02235174447,-187500.02235174447,-187500.02235174447
$SILENCE,2510.682047686821,-7851.229053882248,7273.7270323904795,12108.409358073397,-187500.02235174447,-187500.02235174447,-187500.02235174447,-187500.02235174447
$SILENCE,2285.331760088415,-7876.352414650013,6843.59006209255,12166.523893657195,-187500.02235174447,-187500.02235174447,-187500.02235174447,-187500.02235174447
$SILENCE,2171.1366976662516,-7937.596194457555,6495.104014289858,12186.685167155883,-187500.02235174447,-187500.02235174447,-187500.02235174447,-187500.02235174447
$SILENCE,2412.691999994755,-7915.177394768882,6952.063077934155,12119.473471578774,-187500.02235174447,-187500.02235174447,-187500.02235174447,-187500.02235174447
$SILENCE,2528.1164083619606,-7855.811161495586,7293.664788444614,12105.704796994305,-187500.02235174447,-187500.02235174447,-187500.02235174447,-187500.02235174447
não,2326.3248594194483,-7869.51278084669,6935.075752148123,12153.850454551037,-187500.02235174447,-187500.02235174447,-187500.02235174447,-187500.02235174447
não,2152.227121857062,-7926.263860018714,6483.324644961911,12189.993225335267,-187500.02235174447,-187500.02235174447,-187500.02235174447,-187500.02235174447
não,2368.1673250397835,-7922.575822183589,6837.219814922788,12140.55116660013,-187500.02235174447,-187500.02235174447,-187500.02235174447,-187500.02235174447
não,2541.303937590592,-7861.153228420405,7283.897076117644,12105.883610949948,-187500.02235174447,-187500.02235174447,-187500.02235174447,-187500.02235174447
não,2378.85145888942,-7863.455458099301,7033.602241707116,12146.1167509695,-187500.02235174447,-187500.02235174447,-187500.02235174447,-187500.02235174447
não,2179.4962500925362,-7918.731322137275,6553.710288251673,12191.55784744714,-187500.02235174447,-187500.02235174447,-187500.02235174447,-187500.02235174447
não,2316.557147092479,-7927.247336774748,6734.33473519501,12150.698858582839,-187500.02235174447,-187500.02235174447,-187500.02235174447,-187500.02235174447
não,2537.682954988832,-7869.713946546787,7257.589072893748,12100.429785302853,-187500.02235174447,-187500.02235174447,-187500.02235174447,-187500.02235174447
não,2415.888299451864,-7855.095905673016,7130.050019031766,12137.131349698468,-187500.02235174447,-187500.02235174447,-187500.02235174447,-187500.02235174447
não,2176.8140407578994,-7906.303752220125,6580.487678109131,12199.380958006497,-187500.02235174447,-187500.02235174447,-187500.02235174447,-187500.02235174447
não,2267.2044953351615,-7932.14236881046,6623.067751296491,12172.961196060323,-187500.02235174447,-187500.02235174447,-187500.02235174447,-187500.02235174447
não,2521.9696786367513,-7874.944254749329,7185.772917958846,12112.320913353076,-187500.02235174447,-187500.02235174447,-187500.02235174447,-187500.02235174447
não,2458.1554482168494,-7854.157132405893,7171.3560427851735,12126.603678060017,-187500.02235174447,-187500.02235174447,-187500.02235174447,-187500.02235174447
não,2209.5593463849245,-7899.754691094719,6659.054059869535,12185.925207844402,-187500.02235174447,-187500.02235174447,-187500.02235174447,-187500.02235174447
não,2214.7449510985557,-7943.675868949398,6547.2729858485445,12173.519989671708,-187500.02235174447,-187500.02235174447,-187500.02235174447,-187500.02235174447
não,2496.8239661245307,-7883.326158920069,7124.797359084769,12115.047826176624,-187500.02235174447,-187500.02235174447,-187500.02235174447,-187500.02235174447
não,2508.78214940812,-7842.154245633394,7260.494799672938,12135.387913630953,-187500.02235174447,-187500.02235174447,-187500.02235174447,-187500.02235174447
não,2254.9333876291976,-7886.65656884391,6758.027584317635,12178.45972519633,-187500.02235174447,-187500.02235174447,-187500.02235174447,-187500.02235174447
não,2192.124985709785,-7932.544700210656,6500.9601713371485,12194.17300154841,-187500.02235174447,-187500.02235174447,-187500.02235174447,-187500.02235174447
não,2456.523770871612,-7905.856717331018,7025.6673724254815,12121.887459979947,-187500.02235174447,-187500.02235174447,-187500.02235174447,-187500.02235174447
não,2525.098922860494,-7847.496312558212,7293.620084955703,12121.373369857476,-187500.02235174447,-187500.02235174447,-187500.02235174447,-187500.02235174447
não,2294.138347403806,-7874.497219860223,6856.710536087816,12170.569559403606,-187500.02235174447,-187500.02235174447,-187500.02235174447,-187500.02235174447
não,2147.354441565805,-7951.297813808658,6451.451057368643,12171.664794881915,-187500.02235174447,-187500.02235174447,-187500.02235174447,-187500.02235174447
não,2407.3499330699365,-7913.121034278994,6899.827051142103,12121.775701257671,-187500.02235174447,-187500.02235174447,-187500.02235174447,-187500.02235174447
não,2544.0532021585946,-7847.250443369204,7287.741576163957,12116.053654677113,-187500.02235174447,-187500.02235174447,-187500.02235174447,-187500.02235174447
não,2334.371487423359,-7880.3757286519685,6972.403165388485,12156.97969877478,-187500.02235174447,-187500.02235174447,-187500.02235174447,-187500.02235174447
não,2159.7149562495897,-7932.879976377485,6503.798842882972,12206.622923210016,-187500.02235174447,-187500.02235174447,-187500.02235174447,-187500.02235174447
não,2359.628958657856,-7926.75559839673,6789.789413188626,12148.418980648397,-187500.02235174447,-187500.02235174447,-187500.02235174447,-187500.02235174447
não,2522.9308036483294,-7878.632292584454,7237.941889517533,12094.05953813309,-187500.02235174447,-187500.02235174447,-187500.02235174447,-187500.02235174447
não,2375.789269899043,-7870.317443647081,7031.72469517287,12138.45010262133,-187500.02235174447,-187500.02235174447,-187500.02235174447,-187500.02235174447
não,2155.4904765475367,-7920.251240760236,6526.396456527288,12198.59864695056,-187500.02235174447,-187500.02235174447,-187500.02235174447,-187500.02235174447
não,2298.675751528234,-7931.114188565516,6699.734234778194,12165.696879112349,-187500.02235174447,-187500.02235174447,-187500.02235174447,-187500.02235174447
não,2505.9211261178407,-7886.902438032918,7225.246098666918,12097.948741668313,-187500.02235174447,-187500.02235174447,-187500.02235174447,-187500.02235174447
não,2416.7153139967104,-7851.653737026899,7150.904196608567,12144.909756768913,-187500.02235174447,-187500.02235174447,-187500.02235174447,-187500.02235174447
não,2179.0268634589747,-7899.464118416801,6608.382655189354,12202.666664441427,-187500.02235174447,-187500.02235174447,-187500.02235174447,-187500.02235174447
não,2220.6234598903015,-7959.232683090292,6571.055241948991,12152.218777205799,-187500.02235174447,-187500.02235174447,-187500.02235174447,-187500.02235174447
não,2472.1252885014164,-7906.750787109231,7133.291021977785,12096.16060211189,-187500.02235174447,-187500.02235174447,-187500.02235174447,-187500.02235174447
não,2431.9592037152297,-7867.903455245907,7166.930397383023,12121.820404746582,-187500.02235174447,-187500.02235174447,-187500.02235174447,-187500.02235174447
não,2190.985046742564,-7906.66138013141,6662.183304093279,12188.138030545477,-187500.02235174447,-187500.02235174447,-187500.02235174447,-187500.02235174447
não,2182.9384187386536,-7947.073334106605,6510.303200519467,12187.690995656372,-187500.02235174447,-187500.02235174447,-187500.02235174447,-187500.02235174447
não,2450.9358347577854,-7904.426205685879,7067.465134556906,12117.215945388789,-187500.02235174447,-187500.02235174447,-187500.02235174447,-187500.02235174447
não,2461.7987825630644,-7864.684804044343,7229.068246968776,12118.132366911455,-187500.02235174447,-187500.02235174447,-187500.02235174447,-187500.02235174447
não,2210.9451545411534,-7906.169641753393,6759.748668640694,12170.815428592614,-187500.02235174447,-187500.02235174447,-187500.02235174447,-187500.02235174447
não,2132.311717547383,-7958.807999945641,6462.761040063029,12186.416946222418,-187500.02235174447,-187500.02235174447,-187500.02235174447,-187500.02235174447
não,2397.112834109406,-7921.011200071717,6965.049441462689,12119.942858212336,-187500.02235174447,-187500.02235174447,-187500.02235174447,-187500.02235174447
não,2472.1923437347823,-7867.568179079078,7243.485122142449,12105.213058616288,-187500.02235174447,-187500.02235174447,-187500.02235174447,-187500.02235174447
não,2248.3172712704268,-7892.915057291396,6849.669736584394,12162.902911055437,-187500.02235174447,-187500.02235174447,-187500.02235174447,-187500.02235174447
não,2112.217499282062,-7940.859549148029,6449.3723451343,12200.945580118369,-187500.02235174447,-187500.02235174447,-187500.02235174447,-187500.02235174447
não,2356.432659200747,-7916.742016880753,6851.480227885274,12138.383047387964,-187500.02235174447,-187500.02235174447,-187500.02235174447,-187500.02235174447
não,2480.5742479055225,-7875.391289638435,7247.799008822323,12097.881686434948,-187500.02235174447,-187500.02235174447,-187500.02235174447,-187500.02235174447
não,2290.0703299129405,-7900.425243428379,6941.870682462536,12140.439407877851,-187500.02235174447,-187500.02235174447,-187500.02235174447,-187500.02235174447
não,2100.41577820966,-7950.806075430642,6453.283900413979,12191.535495702685,-187500.02235174447,-187500.02235174447,-187500.02235174447,-187500.02235174447
não,2279.408547807759,-7952.4601045203335,6723.583546112007,12138.07012296559,-187500.02235174447,-187500.02235174447,-187500.02235174447,-187500.02235174447
não,2480.5742479055225,-7886.701272332821,7222.675648054558,12101.882648692448,-187500.02235174447,-187500.02235174447,-187500.02235174447,-187500.02235174447
não,2345.6144148843787,-7879.213437940292,7042.989974378344,12145.960288758313,-187500.02235174447,-187500.02235174447,-187500.02235174447,-187500.02235174447
não,2119.0794848298415,-7935.405723500935,6512.985409854104,12193.45774572584,-187500.02235174447,-187500.02235174447,-187500.02235174447,-187500.02235174447
não,2241.0082508335413,-7947.766238184719,6643.609004450918,12159.594852876051,-187500.02235174447,-187500.02235174447,-187500.02235174447,-187500.02235174447
não,2476.0368437810953,-7891.41749041289,7193.037234906821,12103.491974293229,-187500.02235174447,-187500.02235174447,-187500.02235174447,-187500.02235174447
não,2381.779537413065,-7871.613844825488,7116.124882236109,12139.321820655086,-187500.02235174447,-187500.02235174447,-187500.02235174447,-187500.02235174447
não,2137.4079152831932,-7923.156967539427,6581.091175209424,12196.519934716218,-187500.02235174447,-187500.02235174447,-187500.02235174447,-187500.02235174447
não,2163.38064234026,-7971.906122196451,6532.610241485863,12168.021460535701,-187500.02235174447,-187500.02235174447,-187500.02235174447,-187500.02235174447
não,2438.7094305407322,-7907.980133054273,7114.984943268889,12111.203326130311,-187500.02235174447,-187500.02235174447,-187500.02235174447,-187500.02235174447
não,2409.5851075154674,-7872.172638436871,7171.6466154630925,12121.820404746582,-187500.02235174447,-187500.02235174447,-187500.02235174447,-187500.02235174447
não,2168.09686042033,-7910.66234238891,6671.995719909159,12190.88729511348,-187500.02235174447,-187500.02235174447,-187500.02235174447,-187500.02235174447
não,2144.314604319883,-7955.969328399817,6483.23523798409,12191.691957913872,-187500.02235174447,-187500.02235174447,-187500.02235174447,-187500.02235174447
não,2412.4461308057466,-7912.696351134343,7033.15520681801,12121.663942535395,-187500.02235174447,-187500.02235174447,-187500.02235174447,-187500.02235174447
não,2440.0281834635953,-7869.021042468673,7220.351066631207,12115.405454087908,-187500.02235174447,-187500.02235174447,-187500.02235174447,-187500.02235174447
não,2209.9840295295753,-7902.481603918267,6771.639796690917,12174.481114683285,-187500.02235174447,-187500.02235174447,-187500.02235174447,-187500.02235174447
não,2116.4643307285705,-7957.1539708559485,6447.047763710948,12193.725966659304,-187500.02235174447,-187500.02235174447,-187500.02235174447,-187500.02235174447
não,2366.759165139099,-7930.108360065027,6925.486853776795,12115.78543374365,-187500.02235174447,-187500.02235174447,-187500.02235174447,-187500.02235174447
não,2465.8668000539305,-7874.69838556032,7250.7717908348795,12105.280113849654,-187500.02235174447,-187500.02235174447,-187500.02235174447,-187500.02235174447
não,2261.8400766658874,-7896.08900500405,6877.9223415759025,12158.052582508635,-187500.02235174447,-187500.02235174447,-187500.02235174447,-187500.02235174447
não,2102.963877077565,-7952.951842898351,6451.451057368643,12189.74735614626,-187500.02235174447,-187500.02235174447,-187500.02235174447,-187500.02235174447
não,2323.240318684616,-7939.563147969622,6828.3238206295755,12128.391817616442,-187500.02235174447,-187500.02235174447,-187500.02235174447,-187500.02235174447
não,2473.7793175911092,-7878.744051306731,7252.872854813678,12096.898209678915,-187500.02235174447,-187500.02235174447,-187500.02235174447,-187500.02235174447
não,2286.8069752224656,-7887.908266533407,6963.909502495469,12133.622125818983,-187500.02235174447,-187500.02235174447,-187500.02235174447,-187500.02235174447
não,2086.6247518807354,-7944.614642216521,6469.8465430553615,12185.522876444207,-187500.02235174447,-187500.02235174447,-187500.02235174447,-187500.02235174447
não,2252.5864544613905,-7953.1083051095375,6705.56804008103,12134.560899086107,-187500.02235174447,-187500.02235174447,-187500.02235174447,-187500.02235174447
não,2459.228331950704,-7889.316426434091,7220.686342798036,12096.473526534262,-187500.02235174447,-187500.02235174447,-187500.02235174447,-187500.02235174447
não,2330.7058013326887,-7877.671167572877,7064.335890333163,12140.104131711023,-187500.02235174447,-187500.02235174447,-187500.02235174447,-187500.02235174447
não,2086.5576966473695,-7935.271613034202,6522.753122181073,12178.437373451874,-187500.02235174447,-187500.02235174447,-187500.02235174447,-187500.02235174447
não,2186.29118040695,-7958.785648201186,6603.35351268691,12148.26251843721,-187500.02235174447,-187500.02235174447,-187500.02235174447,-187500.02235174447
não,2437.413029362325,-7895.4631561593005,7168.293853794797,12098.127555623956,-187500.02235174447,-187500.02235174447,-187500.02235174447,-187500.02235174447
não,2358.7348888796437,-7875.994786738728,7132.307545221752,12126.022532704179,-187500.02235174447,-187500.02235174447,-187500.02235174447,-187500.02235174447
não,2111.0775603148413,-7924.229851273281,6606.996847033125,12184.40528922144,-187500.02235174447,-187500.02235174447,-187500.02235174447,-187500.02235174447
não,2140.6265664847574,-7958.0927441230715,6527.581098983419,12172.380050704485,-187500.02235174447,-187500.02235174447,-187500.02235174447,-187500.02235174447
não,2409.719217982199,-7903.979170796772,7098.601114583149,12109.079910407056,-187500.02235174447,-187500.02235174447,-187500.02235174447,-187500.02235174447
não,2386.562810726501,-7864.617748810977,7193.014883162366,12121.373369857476,-187500.02235174447,-187500.02235174447,-187500.02235174447,-187500.02235174447
não,2146.1697991096735,-7902.302789962625,6700.918877234326,12179.756126374738,-187500.02235174447,-187500.02235174447,-187500.02235174447,-187500.02235174447
não,2098.8735078422437,-7949.912005652429,6467.812534309928,12179.487905441274,-187500.02235174447,-187500.02235174447,-187500.02235174447,-187500.02235174447
não,2366.9379790947414,-7909.589458655055,7002.555668658694,12106.956494683802,-187500.02235174447,-187500.02235174447,-187500.02235174447,-187500.02235174447
não,2413.3178488395038,-7860.885007486941,7229.828206280256,12109.549297040618,-187500.02235174447,-187500.02235174447,-187500.02235174447,-187500.02235174447
não,2187.0958432073407,-7886.500106632723,6799.601829004506,12174.861094339025,-187500.02235174447,-187500.02235174447,-187500.02235174447,-187500.02235174447
não,2068.7210045720344,-7945.419305016912,6441.1469031747465,12191.60255093605,-187500.02235174447,-187500.02235174447,-187500.02235174447,-187500.02235174447
não,2327.6212605978562,-7915.959705824817,6908.32071403512,12133.2644979077,-187500.02235174447,-187500.02235174447,-187500.02235174447,-187500.02235174447
não,2435.8037037615422,-7855.945271962318,7254.124552503175,12118.624105289473,-187500.02235174447,-187500.02235174447,-187500.02235174447,-187500.02235174447
não,2237.543730442969,-7872.686728559343,6907.203126812355,12167.105039013033,-187500.02235174447,-187500.02235174447,-187500.02235174447,-187500.02235174447
não,2067.446955138082,-7933.461121733323,6455.496723115054,12201.839649896581,-187500.02235174447,-187500.02235174447,-187500.02235174447,-187500.02235174447
não,2279.2297338521166,-7923.067560561605,6802.932238928347,12146.317916669597,-187500.02235174447,-187500.02235174447,-187500.02235174447,-187500.02235174447
não,2445.1914364327713,-7863.03077495465,7250.838846068245,12112.25385811971,-187500.02235174447,-187500.02235174447,-187500.02235174447,-187500.02235174447
não,2282.40368156477,-7865.668280800377,7002.041578536222,12161.874730810492,-187500.02235174447,-187500.02235174447,-187500.02235174447,-187500.02235174447
não,2073.3031121853724,-7923.648705917443,6490.186630509691,12212.434376768397,-187500.02235174447,-187500.02235174447,-187500.02235174447,-187500.02235174447
não,2224.8479395923546,-7930.3318775095795,6690.346502106965,12162.344117444054,-187500.02235174447,-187500.02235174447,-187500.02235174447,-187500.02235174447
não,2440.3858113748806,-7861.60026330951,7223.18973817703,12119.093491923035,-187500.02235174447,-187500.02235174447,-187500.02235174447,-187500.02235174447
não,2321.474530872647,-7851.989013193729,7095.360111637129,12155.45978015182,-187500.02235174447,-187500.02235174447,-187500.02235174447,-187500.02235174447
não,2080.612132622258,-7908.851851088029,6550.62574751684,12211.830879668103,-187500.02235174447,-187500.02235174447,-187500.02235174447,-187500.02235174447
não,2171.4272703441707,-7932.790569399664,6595.396291660821,12185.634635166483,-187500.02235174447,-187500.02235174447,-187500.02235174447,-187500.02235174447
não,2434.3508403719475,-7872.329100648058,7174.552342242282,12129.062369950101,-187500.02235174447,-187500.02235174447,-187500.02235174447,-187500.02235174447
não,2373.0623570754956,-7848.546844547612,7166.863342149657,12151.45881789432,-187500.02235174447,-187500.02235174447,-187500.02235174447,-187500.02235174447
não,2122.253432542495,-7894.300865447625,6644.257205040122,12205.304170287154,-187500.02235174447,-187500.02235174447,-187500.02235174447,-187500.02235174447
não,2127.394333767216,-7927.42615073039,6527.2905263055,12194.038891081678,-187500.02235174447,-187500.02235174447,-187500.02235174447,-187500.02235174447
não,2399.973857399685,-7878.632292584454,7098.087024460677,12136.281983409166,-187500.02235174447,-187500.02235174447,-187500.02235174447,-187500.02235174447
não,2395.0341218750623,-7850.2008736373045,7222.072150954265,12146.1167509695,-187500.02235174447,-187500.02235174447,-187500.02235174447,-187500.02235174447
não,2151.131886378752,-7880.711004818798,6733.775941583627,12200.163269062432,-187500.02235174447,-187500.02235174447,-187500.02235174447,-187500.02235174447
não,2087.8317460813223,-7924.609830929021,6471.1429442337685,12206.198240065365,-187500.02235174447,-187500.02235174447,-187500.02235174447,-187500.02235174447
não,2355.315071977982,-7894.1667549808935,6996.4312906779405,12139.522986355185,-187500.02235174447,-187500.02235174447,-187500.02235174447,-187500.02235174447
não,2412.110854638917,-7854.64887078391,7246.010869265899,12126.000180959723,-187500.02235174447,-187500.02235174447,-187500.02235174447,-187500.02235174447
não,2197.310590423416,-7866.830571512052,6834.515253843696,12202.286684785688,-187500.02235174447,-187500.02235174447,-187500.02235174447,-187500.02235174447
não,2071.5373243734034,-7917.993714570251,6454.915577759216,12229.354647321064,-187500.02235174447,-187500.02235174447,-187500.02235174447,-187500.02235174447
não,2317.540623848513,-7903.42037718539,6891.512202204729,12159.416038920408,-187500.02235174447,-187500.02235174447,-187500.02235174447,-187500.02235174447
não,2440.631680563889,-7843.696516000809,7259.690136872547,12132.996276974234,-187500.02235174447,-187500.02235174447,-187500.02235174447,-187500.02235174447
não,2243.757515401544,-7859.208626652793,6929.376057312019,12178.638539151973,-187500.02235174447,-187500.02235174447,-187500.02235174447,-187500.02235174447
não,2059.936769001099,-7917.680790147876,6463.342185418866,12223.409083295952,-187500.02235174447,-187500.02235174447,-187500.02235174447,-187500.02235174447
não,2263.203533077661,-7915.177394768882,6777.808878160582,12172.044774537657,-187500.02235174447,-187500.02235174447,-187500.02235174447,-187500.02235174447
não,2444.654994565844,-7853.307766116592,7250.592976879237,12133.532718841163,-187500.02235174447,-187500.02235174447,-187500.02235174447,-187500.02235174447
não,2287.7681002340437,-7854.201835894804,7026.025000336766,12170.144876258955,-187500.02235174447,-187500.02235174447,-187500.02235174447,-187500.02235174447
não,2069.8385917948,-7911.712874378309,6504.8940783612825,12221.062150128146,-187500.02235174447,-187500.02235174447,-187500.02235174447,-187500.02235174447
não,2209.760512085022,-7932.745865910753,6665.26784482811,12174.034079794179,-187500.02235174447,-187500.02235174447,-187500.02235174447,-187500.02235174447
não,2439.6258520634,-7862.539036576633,7209.309304870285,12128.503576338719,-187500.02235174447,-187500.02235174447,-187500.02235174447,-187500.02235174447
não,2332.0245542555517,-7844.0988474010055,7109.21819319942,12162.1205999995,-187500.02235174447,-187500.02235174447,-187500.02235174447,-187500.02235174447
não,2088.345836203794,-7895.776080581675,6574.117430939368,12216.70355995936,-187500.02235174447,-187500.02235174447,-187500.02235174447,-187500.02235174447
não,2157.1445056372295,-7932.120017066004,6576.754936785095,12189.79205963517,-187500.02235174447,-187500.02235174447,-187500.02235174447,-187500.02235174447
não,2421.43153207678,-7870.876237258463,7148.266690762841,12134.270326408188,-187500.02235174447,-187500.02235174447,-187500.02235174447,-187500.02235174447
não,2380.393729256836,-7843.31653634507,7175.312301553763,12155.571538874095,-187500.02235174447,-187500.02235174447,-187500.02235174447,-187500.02235174447
não,2128.713086690079,-7886.790679310642,6654.65076621184,12210.310961045143,-187500.02235174447,-187500.02235174447,-187500.02235174447,-187500.02235174447
não,2114.050342327397,-7930.086008320572,6503.038883571492,12200.543248718173,-187500.02235174447,-187500.02235174447,-187500.02235174447,-187500.02235174447
não,2389.4461857612355,-7884.823725798575,7065.900512445035,12135.477320608774,-187500.02235174447,-187500.02235174447,-187500.02235174447,-187500.02235174447
não,2399.973857399685,-7846.624594524455,7220.149900931108,12135.052637464123,-187500.02235174447,-187500.02235174447,-187500.02235174447,-187500.02235174447
não,2162.643034773235,-7879.571065851577,6755.725354638738,12193.189524792377,-187500.02235174447,-187500.02235174447,-187500.02235174447,-187500.02235174447
não,2082.824955323333,-7927.135578052471,6465.331490675389,12207.919324388424,-187500.02235174447,-187500.02235174447,-187500.02235174447,-187500.02235174447
não,2348.788362597032,-7898.815917827597,6967.597540330594,12143.680410823872,-187500.02235174447,-187500.02235174447,-187500.02235174447,-187500.02235174447
não,2425.343087356459,-7847.451609069301,7248.201340222519,12132.102207196023,-187500.02235174447,-187500.02235174447,-187500.02235174447,-187500.02235174447
não,2210.2746022074944,-7868.149324434916,6854.363602920009,12183.645329909961,-187500.02235174447,-187500.02235174447,-187500.02235174447,-187500.02235174447
não,2067.6704725826353,-7923.4028367284345,6447.56185383342,12210.668588956427,-187500.02235174447,-187500.02235174447,-187500.02235174447,-187500.02235174447
não,2309.5163475890577,-7905.812013842108,6862.164361734911,12155.951518529835,-187500.02235174447,-187500.02235174447,-187500.02235174447,-187500.02235174447
não,2455.652052837855,-7847.473960813757,7267.312081731807,12138.561861343607,-187500.02235174447,-187500.02235174447,-187500.02235174447,-187500.02235174447
não,2266.9809778906083,-7856.995803951718,6963.864799006557,12180.069050797112,-187500.02235174447,-187500.02235174447,-187500.02235174447,-187500.02235174447
não,2069.45861213906,-7915.937354080362,6474.383947179788,12217.709388459849,-187500.02235174447,-187500.02235174447,-187500.02235174447,-187500.02235174447
não,2254.6204632068234,-7915.2444500022475,6753.713697637761,12165.361602945519,-187500.02235174447,-187500.02235174447,-187500.02235174447,-187500.02235174447
não,2453.0592504810397,-7853.039545183128,7247.57549137777,12128.54827982763,-187500.02235174447,-187500.02235174447,-187500.02235174447,-187500.02235174447
não,2308.734036533122,-7848.680955014343,7052.735334960858,12165.339251201065,-187500.02235174447,-187500.02235174447,-187500.02235174447,-187500.02235174447
não,2080.4109669221602,-7906.951952809329,6522.015514614048,12218.804623938158,-187500.02235174447,-187500.02235174447,-187500.02235174447,-187500.02235174447
não,2200.4621863916145,-7926.308563507625,6645.7100684297175,12181.320748486609,-187500.02235174447,-187500.02235174447,-187500.02235174447,-187500.02235174447
não,2443.693869554266,-7862.494333087723,7205.375397846151,12136.55020434263,-187500.02235174447,-187500.02235174447,-187500.02235174447,-187500.02235174447
não,2355.5162376780795,-7843.920033445363,7133.156911511053,12165.607472134529,-187500.02235174447,-187500.02235174447,-187500.02235174447,-187500.02235174447
não,2108.507109702481,-7895.776080581675,6593.406986404299,12212.836708168592,-187500.02235174447,-187500.02235174447,-187500.02235174447,-187500.02235174447
não,2155.6245870142684,-7931.494168221256,6557.465381320165,12188.36154799003,-187500.02235174447,-187500.02235174447,-187500.02235174447,-187500.02235174447
não,2420.4480553207463,-7873.5584465931,7132.531062666305,12126.06723619309,-187500.02235174447,-187500.02235174447,-187500.02235174447,-187500.02235174447
não,2388.574467727479,-7839.941422932318,7193.931304685034,12147.971945759291,-187500.02235174447,-187500.02235174447,-187500.02235174447,-187500.02235174447
não,2139.5536827509027,-7882.476792630768,6688.670121272818,12208.344007533075,-187500.02235174447,-187500.02235174447,-187500.02235174447,-187500.02235174447
não,2116.1961097951066,-7927.537909452666,6499.95434283666,12209.908629644946,-187500.02235174447,-187500.02235174447,-187500.02235174447,-187500.02235174447
não,2391.0331596175624,-7882.32033041958,7051.058954126711,12148.307221926121,-187500.02235174447,-187500.02235174447,-187500.02235174447,-187500.02235174447
não,2422.6832297662772,-7837.281565342137,7240.154712218608,12149.849492293537,-187500.02235174447,-187500.02235174447,-187500.02235174447,-187500.02235174447
não,2190.4709566200922,-7868.79752502412,6791.242276578221,12203.113699330534,-187500.02235174447,-187500.02235174447,-187500.02235174447,-187500.02235174447
não,2091.4080251941714,-7926.196804785348,6466.247912198057,12212.546135490673,-187500.02235174447,-187500.02235174447,-187500.02235174447,-187500.02235174447
não,2352.3869934543363,-7897.921848049385,6950.923138966935,12147.279041681177,-187500.02235174447,-187500.02235174447,-187500.02235174447,-187500.02235174447
não,2441.8610265089305,-7842.64598401141,7262.729974118469,12136.080817709068,-187500.02235174447,-187500.02235174447,-187500.02235174447,-187500.02235174447
não,2228.893605338765,-7859.879178986452,6887.466536458318,12188.763879390226,-187500.02235174447,-187500.02235174447,-187500.02235174447,-187500.02235174447
não,2075.8288593088223,-7918.016066314705,6462.358708662833,12223.252621084765,-187500.02235174447,-187500.02235174447,-187500.02235174447,-187500.02235174447
não,2301.1567951627726,-7904.895592319441,6845.132332459967,12164.802809334136,-187500.02235174447,-187500.02235174447,-187500.02235174447,-187500.02235174447
não,2457.261378438637,-7843.36123983398,7271.603616667226,12138.204233432321,-187500.02235174447,-187500.02235174447,-187500.02235174447,-187500.02235174447
não,2286.985789178108,-7849.306803859092,6997.14654650051,12184.785268877182,-187500.02235174447,-187500.02235174447,-187500.02235174447,-187500.02235174447
não,2090.312789715861,-7909.544755166145,6520.696761691184,12220.771577450227,-187500.02235174447,-187500.02235174447,-187500.02235174447,-187500.02235174447
não,2238.9295385991977,-7916.250278502736,6734.938232295302,12174.302300727642,-187500.02235174447,-187500.02235174447,-187500.02235174447,-187500.02235174447
não,2460.792954062576,-7854.917091717374,7249.408334423106,12127.453044349319,-187500.02235174447,-187500.02235174447,-187500.02235174447,-187500.02235174447
não,2327.956536764686,-7845.104675901494,7079.311559118219,12164.780457589683,-187500.02235174447,-187500.02235174447,-187500.02235174447,-187500.02235174447
não,2103.5897259223134,-7904.448557430334,6543.652003246785,12212.300266301665,-187500.02235174447,-187500.02235174447,-187500.02235174447,-187500.02235174447
não,2211.861576063821,-7924.788644884664,6637.283460770066,12179.1749810189,-187500.02235174447,-187500.02235174447,-187500.02235174447,-187500.02235174447
não,2458.937759272785,-7868.84222851303,7185.638807492114,12125.083759437057,-187500.02235174447,-187500.02235174447,-187500.02235174447,-187500.02235174447
não,2389.3791305278696,-7844.2776613566475,7158.950824612478,12150.765913816203,-187500.02235174447,-187500.02235174447,-187500.02235174447,-187500.02235174447
não,2129.763618679478,-7894.0549962586165,6596.73739632814,12212.79200467968,-187500.02235174447,-187500.02235174447,-187500.02235174447,-187500.02235174447
não,2162.1289446507626,-7930.1530635539375,6534.2419188311005,12194.977664348802,-187500.02235174447,-187500.02235174447,-187500.02235174447,-187500.02235174447
não,2431.579224059489,-7877.961740250796,7115.364922924629,12134.49384385274,-187500.02235174447,-187500.02235174447,-187500.02235174447,-187500.02235174447
não,2414.7483604846434,-7837.974469420251,7214.629020050647,12157.136160985967,-187500.02235174447,-187500.02235174447,-187500.02235174447,-187500.02235174447
não,2162.28540686195,-7877.134725705949,6718.107368720457,12212.903763401959,-187500.02235174447,-187500.02235174447,-187500.02235174447,-187500.02235174447
não,2107.9483160910986,-7925.839176874063,6487.437365941688,12211.115623845533,-187500.02235174447,-187500.02235174447,-187500.02235174447,-187500.02235174447
não,2383.6123804584004,-7883.817897298086,7030.450645738918,12145.177977702377,-187500.02235174447,-187500.02235174447,-187500.02235174447,-187500.02235174447
não,2432.3615351154253,-7834.442893796313,7254.169255992086,12144.015686990702,-187500.02235174447,-187500.02235174447,-187500.02235174447,-187500.02235174447
não,2206.1395294832623,-7864.282472644148,6818.734922258249,12198.88921962848,-187500.02235174447,-187500.02235174447,-187500.02235174447,-187500.02235174447
não,2092.257391483473,-7921.502938449734,6460.727031317596,12217.530574504206,-187500.02235174447,-187500.02235174447,-187500.02235174447,-187500.02235174447
não,2348.9001213193087,-7896.446632915335,6924.816301443137,12151.235300449765,-187500.02235174447,-187500.02235174447,-187500.02235174447,-187500.02235174447
não,2457.0825644829947,-7843.875329956452,7269.368442221695,12131.521061840185,-187500.02235174447,-187500.02235174447,-187500.02235174447,-187500.02235174447
não,2256.766230674533,-7860.907359231396,6919.854214174058,12184.2264752658,-187500.02235174447,-187500.02235174447,-187500.02235174447,-187500.02235174447
não,2087.295304214395,-7914.886822090963,6469.444211655165,12218.402292537963,-187500.02235174447,-187500.02235174447,-187500.02235174447,-187500.02235174447
não,2300.016856195552,-7905.856717331018,6819.450178080819,12160.26540520971,-187500.02235174447,-187500.02235174447,-187500.02235174447,-187500.02235174447
não,2461.619968607422,-7847.205739880293,7266.552122420326,12127.631858304961,-187500.02235174447,-187500.02235174447,-187500.02235174447,-187500.02235174447
não,2296.9770189496303,-7848.837417225531,7014.3350379866415,12169.02728903619,-187500.02235174447,-187500.02235174447,-187500.02235174447,-187500.02235174447
não,2085.2165919800514,-7907.1978219983375,6500.691950403685,12212.546135490673,-187500.02235174447,-187500.02235174447,-187500.02235174447,-187500.02235174447
não,2241.5446927004687,-7919.75950238222,6703.824604013515,12166.993280290757,-187500.02235174447,-187500.02235174447,-187500.02235174447,-187500.02235174447
não,2463.9669017752294,-7857.107562673994,7233.359781904195,12124.323800125576,-187500.02235174447,-187500.02235174447,-187500.02235174447,-187500.02235174447
não,2351.0011852981074,-7845.17173113486,7101.216268684419,12162.075896510589,-187500.02235174447,-187500.02235174447,-187500.02235174447,-187500.02235174447
não,2112.217499282062,-7897.877144560474,6563.835628489927,12215.876545414514,-187500.02235174447,-187500.02235174447,-187500.02235174447,-187500.02235174447
não,2196.572982856391,-7926.532080952178,6608.583820889452,12186.305187500142,-187500.02235174447,-187500.02235174447,-187500.02235174447,-187500.02235174447
não,2462.3352244299917,-7864.193065666326,7197.217011119964,12124.63672454795,-187500.02235174447,-187500.02235174447,-187500.02235174447,-187500.02235174447
não,2394.721197452688,-7834.331135074036,7192.411386062073,12141.333477656064,-187500.02235174447,-187500.02235174447,-187500.02235174447,-187500.02235174447
não,2138.413743783682,-7886.589513610544,6640.278594527077,12200.945580118369,-187500.02235174447,-187500.02235174447,-187500.02235174447,-187500.02235174447
não,2164.9676161965867,-7924.118092551004,6553.486770807121,12192.876600370002,-187500.02235174447,-187500.02235174447,-187500.02235174447,-187500.02235174447
não,2423.2420233776597,-7879.638121084943,7089.056919700733,12133.890346752447,-187500.02235174447,-187500.02235174447,-187500.02235174447,-187500.02235174447
não,2434.0602676940284,-7836.298088586103,7247.53078788886,12144.663887579905,-187500.02235174447,-187500.02235174447,-187500.02235174447,-187500.02235174447
não,2171.673139533179,-7878.565237351088,6720.744874566183,12203.426623752908,-187500.02235174447,-187500.02235174447,-187500.02235174447,-187500.02235174447
$SILENCE,2115.056170827886,-7927.716723408309,6473.266359957023,12203.046644097167,-187500.02235174447,-187500.02235174447,-187500.02235174447,-187500.02235174447
$SILENCE,2388.6638747053,-7890.4116619124015,7008.277715239253,12139.433579377364,-187500.02235174447,-187500.02235174447,-187500.02235174447,-187500.02235174447
$SILENCE,2451.9863667471845,-7840.902547943896,7261.76884910689,12132.661000807406,-187500.02235174447,-187500.02235174447,-187500.02235174447,-187500.02235174447
$SILENCE,2228.312459982927,-7864.327176133058,6845.981698749269,12186.752222389248,-187500.02235174447,-187500.02235174447,-187500.02235174447,-187500.02235174447
$SILENCE,2103.6567811556797,-7921.5252901941885,6466.069098242414,12208.925152888913,-187500.02235174447,-187500.02235174447,-187500.02235174447,-187500.02235174447
$SILENCE,2349.950653308708,-7901.90045856243,6903.425681999408,12146.273213180688,-187500.02235174447,-187500.02235174447,-187500.02235174447,-187500.02235174447
$SILENCE,2471.074756512017,-7842.690687500321,7272.698852145536,12122.692122780338,-187500.02235174447,-187500.02235174447,-187500.02235174447,-187500.02235174447
$SILENCE,2284.080062398918,-7854.559463806089,6949.783199999714,12175.777515861693,-187500.02235174447,-187500.02235174447,-187500.02235174447,-187500.02235174447
$SILENCE,2099.9016880871877,-7913.3669034680015,6478.608426881841,12213.641370968982,-187500.02235174447,-187500.02235174447,-187500.02235174447,-187500.02235174447
$SILENCE,2301.983809707619,-7913.009275556717,6788.872991665959,12156.085628996567,-187500.02235174447,-187500.02235174447,-187500.02235174447,-187500.02235174447
$SILENCE,2487.6373991533997,-7849.977356192751,7263.467581685493,12119.49582332323,-187500.02235174447,-187500.02235174447,-187500.02235174447,-187500.02235174447
$SILENCE,2336.5172548910687,-7845.395248579413,7044.576948234671,12163.104076755533,-187500.02235174447,-187500.02235174447,-187500.02235174447,-187500.02235174447
$SILENCE,2112.3963132377044,-7901.676941117877,6520.428540757721,12210.51212674524,-187500.02235174447,-187500.02235174447,-187500.02235174447,-187500.02235174447
$SILENCE,2247.7584776590443,-7919.267764004203,6681.9869496806805,12170.234283236776,-187500.02235174447,-187500.02235174447,-187500.02235174447,-187500.02235174447
$SILENCE,2482.8317740955085,-7854.98414695074,7225.447264367016,12122.334494869054,-187500.02235174447,-187500.02235174447,-187500.02235174447,-187500.02235174447
$SILENCE,2379.812583900998,-7838.801483965098,7127.054885274754,12157.40438191943,-187500.02235174447,-187500.02235174447,-187500.02235174447,-187500.02235174447
$SILENCE,2138.9725373950646,-7892.423318913379,6589.808355546994,12209.327484289108,-187500.02235174447,-187500.02235174447,-187500.02235174447,-187500.02235174447
$SILENCE,2205.4019219162374,-7924.676886162387,6589.987169502637,12179.420850207907,-187500.02235174447,-187500.02235174447,-187500.02235174447,-187500.02235174447
$SILENCE,2466.6044076209555,-7867.456420356802,7163.979967114922,12122.200384402322,-187500.02235174447,-187500.02235174447,-187500.02235174447,-187500.02235174447
$SILENCE,2420.3810000873805,-7838.2873938426255,7187.315188326263,12144.26155617971,-187500.02235174447,-187500.02235174447,-187500.02235174447,-187500.02235174447
$SILENCE,2172.7460232670337,-7883.884952531452,6672.822734454005,12202.89018188598,-187500.02235174447,-187500.02235174447,-187500.02235174447,-187500.02235174447
$SILENCE,2160.0949359053297,-7926.487377463267,6517.165186067246,12195.178830048899,-187500.02235174447,-187500.02235174447,-187500.02235174447,-187500.02235174447
$SILENCE,2445.4373056217796,-7878.811106540097,7081.770251008303,12127.453044349319,-187500.02235174447,-187500.02235174447,-187500.02235174447,-187500.02235174447
$SILENCE,2459.585959861989,-7836.8792339419415,7238.008944750899,12133.108035696512,-187500.02235174447,-187500.02235174447,-187500.02235174447,-187500.02235174447
$SILENCE,2217.7624366000223,-7869.959815735796,6771.706851924283,12192.630731180994,-187500.02235174447,-187500.02235174447,-187500.02235174447,-187500.02235174447
$SILENCE,2138.5255025059587,-7924.386313484468,6474.428650668699,12200.789117907181,-187500.02235174447,-187500.02235174447,-187500.02235174447,-187500.02235174447
$SILENCE,2408.378113314881,-7892.065691002094,6981.992063759812,12136.2149281758,-187500.02235174447,-187500.02235174447,-187500.02235174447,-187500.02235174447
$SILENCE,2482.5859049065,-7838.890890942918,7268.407317210116,12124.770835014682,-187500.02235174447,-187500.02235174447,-187500.02235174447,-187500.02235174447
$SILENCE,2265.818687178932,-7860.639138297933,6876.134202019478,12175.129315272488,-187500.02235174447,-187500.02235174447,-187500.02235174447,-187500.02235174447
$SILENCE,2144.381659553249,-7917.054941303128,6505.05054057247,12203.22545805281,-187500.02235174447,-187500.02235174447,-187500.02235174447,-187500.02235174447
$SILENCE,2364.568694182479,-7906.214345242303,6873.720213618304,12148.575442859585,-187500.02235174447,-187500.02235174447,-187500.02235174447,-187500.02235174447
$SILENCE,2507.6645621853545,-7848.166864891871,7261.321814217784,12121.328666368565,-187500.02235174447,-187500.02235174447,-187500.02235174447,-187500.02235174447
$SILENCE,2326.6154320973674,-7854.917091717374,6966.502304852284,12171.50833267073,-187500.02235174447,-187500.02235174447,-187500.02235174447,-187500.02235174447
$SILENCE,2128.8248454123554,-7913.657476145921,6481.849429827861,12212.970818635324,-187500.02235174447,-187500.02235174447,-187500.02235174447,-187500.02235174447
$SILENCE,2315.1266354473396,-7917.166700025404,6763.43670647582,12160.846550565548,-187500.02235174447,-187500.02235174447,-187500.02235174447,-187500.02235174447
$SILENCE,2516.1582250783713,-7855.4311818398455,7254.035145525354,12114.645494776429,-187500.02235174447,-187500.02235174447,-187500.02235174447,-187500.02235174447
$SILENCE,2379.410252500803,-7850.536149804134,7065.028794411278,12156.17503597439,-187500.02235174447,-187500.02235174447,-187500.02235174447,-187500.02235174447
$SILENCE,2151.3330520788495,-7905.543792908645,6534.487788020109,12208.70163544436,-187500.02235174447,-187500.02235174447,-187500.02235174447,-187500.02235174447
$SILENCE,2272.5242105155244,-7923.268726261703,6656.148333090346,12170.390745447963,-187500.02235174447,-187500.02235174447,-187500.02235174447,-187500.02235174447
$SILENCE,2514.750065177687,-7861.823780754064,7209.756339759391,12118.467643078286,-187500.02235174447,-187500.02235174447,-187500.02235174447,-187500.02235174447
$SILENCE,2422.504415810635,-7845.0376206681285,7141.628222659615,12149.871844037993,-187500.02235174447,-187500.02235174447,-187500.02235174447,-187500.02235174447
$SILENCE,2175.4058808572154,-7890.456365401312,6609.723759856673,12209.774519178214,-187500.02235174447,-187500.02235174447,-187500.02235174447,-187500.02235174447
$SILENCE,2226.434913448681,-7927.113226308015,6575.123259439857,12191.401385235953,-187500.02235174447,-187500.02235174447,-187500.02235174447,-187500.02235174447
$SILENCE,2493.135928289405,-7874.676033815866,7147.529083195816,12128.034189705157,-187500.02235174447,-187500.02235174447,-187500.02235174447,-187500.02235174447
$SILENCE,2462.402279663358,-7841.059010155083,7204.503679812394,12149.268346937699,-187500.02235174447,-187500.02235174447,-187500.02235174447,-187500.02235174447
$SILENCE,2221.0034395460416,-7883.281455431159,6698.32607487751,12207.137013332489,-187500.02235174447,-187500.02235174447,-187500.02235174447,-187500.02235174447
$SILENCE,2191.119157209296,-7929.527214709189,6506.52575570652,12199.403309750953,-187500.02235174447,-187500.02235174447,-187500.02235174447,-187500.02235174447
$SILENCE,2457.306081927548,-7882.208571697304,7061.385460065063,12137.846605521037,-187500.02235174447,-187500.02235174447,-187500.02235174447,-187500.02235174447
$SILENCE,2487.3915299643913,-7837.214510108771,7252.872854813678,12144.55212885763,-187500.02235174447,-187500.02235174447,-187500.02235174447,-187500.02235174447
$SILENCE,2256.118030085329,-7869.468077357778,6804.675674995861,12200.565600462629,-187500.02235174447,-187500.02235174447,-187500.02235174447,-187500.02235174447
$SILENCE,2158.9102934491984,-7925.190976284859,6476.730880347595,12215.809490181147,-187500.02235174447,-187500.02235174447,-187500.02235174447,-187500.02235174447
$SILENCE,2420.8950902098527,-7894.233810214259,6959.170932670943,12149.804788804626,-187500.02235174447,-187500.02235174447,-187500.02235174447,-187500.02235174447
$SILENCE,2514.7724169221424,-7837.728600231243,7272.363575978706,12139.143006699445,-187500.02235174447,-187500.02235174447,-187500.02235174447,-187500.02235174447
$SILENCE,2304.9789434646304,-7856.638176040433,6902.442205243374,12199.671530684416,-187500.02235174447,-187500.02235174447,-187500.02235174447,-187500.02235174447
$SILENCE,2144.9404531646314,-7913.724531379286,6474.13807799078,12234.51790029024,-187500.02235174447,-187500.02235174447,-187500.02235174447,-187500.02235174447
$SILENCE,2370.380147740859,-7902.436900429357,6853.804809308625,12174.928149572392,-187500.02235174447,-187500.02235174447,-187500.02235174447,-187500.02235174447
$SILENCE,2523.0202106261504,-7843.830626467541,7272.832962612268,12142.093436967545,-187500.02235174447,-187500.02235174447,-187500.02235174447,-187500.02235174447
$SILENCE,2348.6542521303004,-7849.284452114636,7002.108633769588,12190.708481157837,-187500.02235174447,-187500.02235174447,-187500.02235174447,-187500.02235174447
$SILENCE,2145.543950264925,-7908.941258065851,6506.90573536226,12238.47415905883,-187500.02235174447,-187500.02235174447,-187500.02235174447,-187500.02235174447
$SILENCE,2316.26657441456,-7915.80324361363,6739.810912586559,12187.713347400826,-187500.02235174447,-187500.02235174447,-187500.02235174447,-187500.02235174447
$SILENCE,2528.228167084237,-7848.79271373662,7251.978785035466,12146.206157947321,-187500.02235174447,-187500.02235174447,-187500.02235174447,-187500.02235174447
$SILENCE,2396.084653864462,-7843.495350300712,7093.504916847339,12180.717251386315,-187500.02235174447,-187500.02235174447,-187500.02235174447,-187500.02235174447
$SILENCE,2161.6595580172016,-7899.151193994427,6555.789000486016,12230.695751988382,-187500.02235174447,-187500.02235174447,-187500.02235174447,-187500.02235174447
$SILENCE,2273.8429634383874,-7921.502938449734,6640.122132315891,12200.945580118369,-187500.02235174447,-187500.02235174447,-187500.02235174447,-187500.02235174447
$SILENCE,2517.7675506791534,-7859.879178986452,7205.4648048239715,12144.999163746736,-187500.02235174447,-187500.02235174447,-187500.02235174447,-187500.02235174447
$SILENCE,2439.022354963107,-7837.907414186885,7163.778801414825,12170.591911148062,-187500.02235174447,-187500.02235174447,-187500.02235174447,-187500.02235174447
$SILENCE,2196.0365409894634,-7886.254237443714,6632.142559545346,12231.031028155212,-187500.02235174447,-187500.02235174447,-187500.02235174447,-187500.02235174447
$SILENCE,2222.2998407244495,-7923.805168128631,6556.1913318862125,12211.674417456916,-187500.02235174447,-187500.02235174447,-187500.02235174447,-187500.02235174447
$SILENCE,2489.269076498637,-7869.624539568966,7131.6146411436375,12149.268346937699,-187500.02235174447,-187500.02235174447,-187500.02235174447,-187500.02235174447
$SILENCE,2472.9299513018077,-7832.721809473254,7220.641639309125,12161.651213365938,-187500.02235174447,-187500.02235174447,-187500.02235174447,-187500.02235174447
$SILENCE,2230.1005995393516,-7874.385461137947,6720.878985032915,12222.716179217838,-187500.02235174447,-187500.02235174447,-187500.02235174447,-187500.02235174447
$SILENCE,2184.793613528444,-7922.888746605962,6495.841621856884,12226.605382753061,-187500.02235174447,-187500.02235174447,-187500.02235174447,-187500.02235174447
$SILENCE,2458.3119104280368,-7880.934522263351,7040.374820277074,12160.466570909808,-187500.02235174447,-187500.02235174447,-187500.02235174447,-187500.02235174447
$SILENCE,2502.523660960634,-7834.532300774134,7261.858256084712,12156.577367374584,-187500.02235174447,-187500.02235174447,-187500.02235174447,-187500.02235174447
$SILENCE,2272.367748304337,-7861.287338887137,6825.7980735061265,12211.249734312265,-187500.02235174447,-187500.02235174447,-187500.02235174447,-187500.02235174447
$SILENCE,2158.016223670986,-7916.406740713924,6466.113801731325,12229.824033954625,-187500.02235174447,-187500.02235174447,-187500.02235174447,-187500.02235174447
$SILENCE,2410.434473804769,-7891.708063090809,6931.231252101809,12165.562768645617,-187500.02235174447,-187500.02235174447,-187500.02235174447,-187500.02235174447
$SILENCE,2518.3039925460807,-7834.688762985321,7277.213904525507,12145.937937013858,-187500.02235174447,-187500.02235174447,-187500.02235174447,-187500.02235174447
$SILENCE,2320.6475163278005,-7849.239748625726,6929.867795690036,12197.950446361358,-187500.02235174447,-187500.02235174447,-187500.02235174447,-187500.02235174447
$SILENCE,2147.4662002880814,-7909.343589466047,6477.08850825888,12231.209842110855,-187500.02235174447,-187500.02235174447,-187500.02235174447,-187500.02235174447
$SILENCE,2362.177057525761,-7906.303752220125,6827.139178173445,12173.40823094943,-187500.02235174447,-187500.02235174447,-187500.02235174447,-187500.02235174447
$SILENCE,2527.5352630061225,-7844.83645496803,7277.817401625801,12140.55116660013,-187500.02235174447,-187500.02235174447,-187500.02235174447,-187500.02235174447
$SILENCE,2363.0934790484284,-7845.752876490698,7025.354448003108,12184.092364799068,-187500.02235174447,-187500.02235174447,-187500.02235174447,-187500.02235174447
$SILENCE,2153.7246887355673,-7903.398025440935,6514.19240405469,12232.349781078075,-187500.02235174447,-187500.02235174447,-187500.02235174447,-187500.02235174447
$SILENCE,2307.9070219882756,-7914.171566268393,6714.9781244967135,12186.662815411428,-187500.02235174447,-187500.02235174447,-187500.02235174447,-187500.02235174447
$SILENCE,2525.4341990273238,-7849.753838748198,7239.841787796234,12139.254765421721,-187500.02235174447,-187500.02235174447,-187500.02235174447,-187500.02235174447
$SILENCE,2411.5520610275344,-7838.756780476187,7107.944143765467,12174.414059449919,-187500.02235174447,-187500.02235174447,-187500.02235174447,-187500.02235174447
$SILENCE,2169.996758699031,-7891.775118324175,6572.239884405123,12226.583031008606,-187500.02235174447,-187500.02235174447,-187500.02235174447,-187500.02235174447
$SILENCE,2254.9780911181083,-7919.4689297043005,6618.30682972751,12197.168135305421,-187500.02235174447,-187500.02235174447,-187500.02235174447,-187500.02235174447
$SILENCE,2509.944440119796,-7861.622615053966,7189.460955793972,12141.154663700423,-187500.02235174447,-187500.02235174447,-187500.02235174447,-187500.02235174447
$SILENCE,2443.0233172206067,-7835.202853107793,7180.296740567296,12162.880559310981,-187500.02235174447,-187500.02235174447,-187500.02235174447,-187500.02235174447
$SILENCE,2197.735273568067,-7881.917999019385,6657.9811761356805,12220.212783838842,-187500.02235174447,-187500.02235174447,-187500.02235174447,-187500.02235174447
$SILENCE,2209.089959751363,-7921.681752405376,6545.2166253586565,12210.378016278508,-187500.02235174447,-187500.02235174447,-187500.02235174447,-187500.02235174447
$SILENCE,2484.686968885299,-7869.982167480251,7115.610792113637,12147.748428314737,-187500.02235174447,-187500.02235174447,-187500.02235174447,-187500.02235174447
$SILENCE,2486.5421636750893,-7832.274774584148,7235.706715072002,12156.890291796959,-187500.02235174447,-187500.02235174447,-187500.02235174447,-187500.02235174447
$SILENCE,2244.8527508798543,-7867.74699303472,6752.3055377370765,12213.79783318017,-187500.02235174447,-187500.02235174447,-187500.02235174447,-187500.02235174447
$SILENCE,2175.2047151571173,-7918.597211670543,6489.538429920487,12218.759920449249,-187500.02235174447,-187500.02235174447,-187500.02235174447,-187500.02235174447
$SILENCE,2449.7735440461092,-7881.9627025082955,7020.10178805611,12151.056486494123,-187500.02235174447,-187500.02235174447,-187500.02235174447,-187500.02235174447
$SILENCE,2529.1892920958153,-7831.403056550391,7303.410149027128,12148.933070770869,-187500.02235174447,-187500.02235174447,-187500.02235174447,-187500.02235174447
$SILENCE,2283.074233898429,-7862.114353431983,6839.2985271571315,12207.807565666148,-187500.02235174447,-187500.02235174447,-187500.02235174447,-187500.02235174447
$SILENCE,2167.5827702978577,-7916.47379594729,6488.510249675543,12224.660780985449,-187500.02235174447,-187500.02235174447,-187500.02235174447,-187500.02235174447
$SILENCE,2391.0331596175624,-7895.194935225837,6896.451937729352,12168.155571002433,-187500.02235174447,-187500.02235174447,-187500.02235174447,-187500.02235174447
$SILENCE,2532.363239808469,-7836.253385097192,7295.654093701136,12139.232413677266,-187500.02235174447,-187500.02235174447,-187500.02235174447,-187500.02235174447
$SILENCE,2322.1003797173953,-7849.351507348002,6939.903728950469,12189.881466612991,-187500.02235174447,-187500.02235174447,-187500.02235174447,-187500.02235174447
$SILENCE,2153.0094329129975,-7907.398987698435,6494.724034634118,12226.426568797418,-187500.02235174447,-187500.02235174447,-187500.02235174447,-187500.02235174447
$SILENCE,2343.669813116767,-7904.605019641522,6788.537715499129,12180.985472319779,-187500.02235174447,-187500.02235174447,-187500.02235174447,-187500.02235174447
$SILENCE,2524.7636466936647,-7847.161036391382,7239.551215118315,12142.540471856651,-187500.02235174447,-187500.02235174447,-187500.02235174447,-187500.02235174447
$SILENCE,2376.795098399532,-7844.858806712486,7028.886023627046,12183.332405487587,-187500.02235174447,-187500.02235174447,-187500.02235174447,-187500.02235174447
$SILENCE,2155.8928079477323,-7900.380539939469,6517.075779089425,12231.835690955602,-187500.02235174447,-187500.02235174447,-187500.02235174447,-187500.02235174447
$SILENCE,2294.0265886815296,-7913.098682534538,6689.497135817664,12191.043757324667,-187500.02235174447,-187500.02235174447,-187500.02235174447,-187500.02235174447
$SILENCE,2524.4954257602008,-7852.190178893827,7230.47640686946,12136.192576431344,-187500.02235174447,-187500.02235174447,-187500.02235174447,-187500.02235174447
$SILENCE,2421.476235565691,-7839.136760131927,7123.813882328735,12166.099210512544,-187500.02235174447,-187500.02235174447,-187500.02235174447,-187500.02235174447
$SILENCE,2181.3961483712374,-7891.193972968337,6589.786003802539,12222.246792584276,-187500.02235174447,-187500.02235174447,-187500.02235174447,-187500.02235174447
$SILENCE,2245.8809311247983,-7920.631220415977,6599.330198684955,12201.929056874402,-187500.02235174447,-187500.02235174447,-187500.02235174447,-187500.02235174447
$SILENCE,2503.9318208613186,-7863.254292399203,7168.56207472826,12142.115788712,-187500.02235174447,-187500.02235174447,-187500.02235174447,-187500.02235174447
$SILENCE,2464.436288408791,-7838.242690353715,7193.417214562562,12161.226530221287,-187500.02235174447,-187500.02235174447,-187500.02235174447,-187500.02235174447
$SILENCE,2218.4553406781365,-7882.476792630768,6680.13175489089,12215.720083203327,-187500.02235174447,-187500.02235174447,-187500.02235174447,-187500.02235174447
$SILENCE,2201.95975327012,-7924.85570011803,6521.255555302568,12207.874620899514,-187500.02235174447,-187500.02235174447,-187500.02235174447,-187500.02235174447
$SILENCE,2472.952303046263,-7875.123068704971,7086.531172577283,12142.674582323383,-187500.02235174447,-187500.02235174447,-187500.02235174447,-187500.02235174447
$SILENCE,2486.139832274894,-7832.095960628505,7246.05557275481,12148.441332392853,-187500.02235174447,-187500.02235174447,-187500.02235174447,-187500.02235174447
$SILENCE,2249.6807276822005,-7865.914149989385,6770.589264701518,12206.958199376846,-187500.02235174447,-187500.02235174447,-187500.02235174447,-187500.02235174447
$SILENCE,2174.7129767791007,-7920.161833782415,6483.7046246176515,12221.911516417447,-187500.02235174447,-187500.02235174447,-187500.02235174447,-187500.02235174447
$SILENCE,2445.7055265552435,-7886.388347910446,6994.598447632605,12158.946652286846,-187500.02235174447,-187500.02235174447,-187500.02235174447,-187500.02235174447
$SILENCE,2520.0027251246843,-7834.420542051857,7274.956378335522,12148.396628903942,-187500.02235174447,-187500.02235174447,-187500.02235174447,-187500.02235174447
$SILENCE,2301.1344434183175,-7858.158094663393,6876.782402608682,12201.012635351735,-187500.02235174447,-187500.02235174447,-187500.02235174447,-187500.02235174447
$SILENCE,2157.8597614597993,-7914.149214523937,6478.787240837484,12228.438225798396,-187500.02235174447,-187500.02235174447,-187500.02235174447,-187500.02235174447
$SILENCE,2393.8941829078417,-7895.641970114943,6896.720158662815,12164.065201767113,-187500.02235174447,-187500.02235174447,-187500.02235174447,-187500.02235174447
$SILENCE,2539.69461198981,-7835.716943230265,7313.736654965479,12131.699875795828,-187500.02235174447,-187500.02235174447,-187500.02235174447,-187500.02235174447
$SILENCE,2340.920548548764,-7848.837417225531,6972.581979344128,12184.829972366093,-187500.02235174447,-187500.02235174447,-187500.02235174447,-187500.02235174447
$SILENCE,2168.8791714762656,-7911.467005189301,6508.023322585025,12222.447958284374,-187500.02235174447,-187500.02235174447,-187500.02235174447,-187500.02235174447
$SILENCE,2343.334536949937,-7909.880031332974,6771.3268722685425,12178.280911240687,-187500.02235174447,-187500.02235174447,-187500.02235174447,-187500.02235174447
$SILENCE,2547.6071295269885,-7848.144513147416,7271.871837600689,12135.902003753425,-187500.02235174447,-187500.02235174447,-187500.02235174447,-187500.02235174447
$SILENCE,2400.264430077604,-7840.857844454986,7074.975320693889,12179.242036252266,-187500.02235174447,-187500.02235174447,-187500.02235174447,-187500.02235174447
$SILENCE,2166.889866219743,-7902.883935318463,6523.96011638166,12224.124339118522,-187500.02235174447,-187500.02235174447,-187500.02235174447,-187500.02235174447
$SILENCE,2297.7146265166552,-7920.161833782415,6660.059888370024,12180.583140919583,-187500.02235174447,-187500.02235174447,-187500.02235174447,-187500.02235174447
$SILENCE,2535.5371875211226,-7857.800466752108,7216.417159607072,12131.476358351274,-187500.02235174447,-187500.02235174447,-187500.02235174447,-187500.02235174447
$SILENCE,2440.698735797255,-7836.767475219664,7145.204501772464,12163.394649433452,-187500.02235174447,-187500.02235174447,-187500.02235174447,-187500.02235174447
$SILENCE,2197.5788113568797,-7888.198839211326,6613.88118432536,12221.442129783885,-187500.02235174447,-187500.02235174447,-187500.02235174447,-187500.02235174447
$SILENCE,2247.534960214491,-7922.9334500948735,6577.15726818529,12200.36443476253,-187500.02235174447,-187500.02235174447,-187500.02235174447,-187500.02235174447
$SILENCE,2510.2797162866254,-7867.322309890069,7155.307490266263,12136.281983409166,-187500.02235174447,-187500.02235174447,-187500.02235174447,-187500.02235174447
$SILENCE,2472.4382129237906,-7835.046390896606,7210.270429881863,12148.35192541503,-187500.02235174447,-187500.02235174447,-187500.02235174447,-187500.02235174447
$SILENCE,2227.418390204715,-7877.246484428226,6702.394092368376,12207.114661588033,-187500.02235174447,-187500.02235174447,-187500.02235174447,-187500.02235174447
$SILENCE,2203.569078870902,-7924.85570011803,6513.857127887861,12206.913495887935,-187500.02235174447,-187500.02235174447,-187500.02235174447,-187500.02235174447
$SILENCE,2475.4780501697123,-7877.470001872779,7066.705175245425,12142.316954412097,-187500.02235174447,-187500.02235174447,-187500.02235174447,-187500.02235174447
$SILENCE,2506.6140301959554,-7831.291297828115,7252.694040858036,12144.797998046637,-187500.02235174447,-187500.02235174447,-187500.02235174447,-187500.02235174447
$SILENCE,2272.635969237801,-7865.5565220781,6799.3783115599535,12198.442184739373,-187500.02235174447,-187500.02235174447,-187500.02235174447,-187500.02235174447
$SILENCE,2173.729500023067,-7921.078255305083,6476.149734991758,12213.730777946805,-187500.02235174447,-187500.02235174447,-187500.02235174447,-187500.02235174447
$SILENCE,2435.3790206168915,-7890.99280726824,6964.401240873485,12149.648326593438,-187500.02235174447,-187500.02235174447,-187500.02235174447,-187500.02235174447
$SILENCE,2534.4419520428123,-7834.822873452053,7278.309140003817,12136.237279920255,-187500.02235174447,-187500.02235174447,-187500.02235174447,-187500.02235174447
$SILENCE,2321.474530872647,-7856.8393417405305,6898.932981363891,12186.148725288955,-187500.02235174447,-187500.02235174447,-187500.02235174447,-187500.02235174447
$SILENCE,2165.258188874506,-7914.573897668589,6474.13807799078,12216.904725659459,-187500.02235174447,-187500.02235174447,-187500.02235174447,-187500.02235174447
$SILENCE,2393.7377206966544,-7902.258086473715,6858.208102966321,12157.672602852894,-187500.02235174447,-187500.02235174447,-187500.02235174447,-187500.02235174447
$SILENCE,2546.26602485967,-7841.014306666173,7274.10701204622,12131.20813741781,-187500.02235174447,-187500.02235174447,-187500.02235174447,-187500.02235174447
$SILENCE,2375.7222146656773,-7848.993879436717,7000.566363402172,12177.856228096036,-187500.02235174447,-187500.02235174447,-187500.02235174447,-187500.02235174447
$SILENCE,2171.5390290664473,-7907.644856887443,6500.580191681408,12220.70452221686,-187500.02235174447,-187500.02235174447,-187500.02235174447,-187500.02235174447
$SILENCE,2343.2004264832053,-7913.456310445823,6741.777866098627,12169.094344269555,-187500.02235174447,-187500.02235174447,-187500.02235174447,-187500.02235174447
$SILENCE,2549.7305452502424,-7851.273757371159,7252.939910047044,12131.364599628998,-187500.02235174447,-187500.02235174447,-187500.02235174447,-187500.02235174447
$SILENCE,2412.4237790612915,-7840.902547943896,7081.21145739692,12167.775591346694,-187500.02235174447,-187500.02235174447,-187500.02235174447,-187500.02235174447
$SILENCE,2187.2299536740725,-7893.5632578806,6575.0338524620365,12215.809490181147,-187500.02235174447,-187500.02235174447,-187500.02235174447,-187500.02235174447
$SILENCE,2290.7855857355103,-7914.663304646409,6663.680870971784,12188.629768923494,-187500.02235174447,-187500.02235174447,-187500.02235174447,-187500.02235174447
$SILENCE,2536.4983125327008,-7860.281510386648,7209.912801970578,12136.594907831539,-187500.02235174447,-187500.02235174447,-187500.02235174447,-187500.02235174447
$SILENCE,2454.5791691040004,-7832.632402495433,7175.491115509405,12157.583195875073,-187500.02235174447,-187500.02235174447,-187500.02235174447,-187500.02235174447
$SILENCE,2188.8169275303994,-7888.914095033896,6602.437091164243,12217.709388459849,-187500.02235174447,-187500.02235174447,-187500.02235174447,-187500.02235174447
$SILENCE,2226.077285537396,-7928.320220508603,6545.44014280321,12195.089423071078,-187500.02235174447,-187500.02235174447,-187500.02235174447,-187500.02235174447
$SILENCE,2496.2204690242374,-7870.764478536186,7131.838158588191,12136.25963166471,-187500.02235174447,-187500.02235174447,-187500.02235174447,-187500.02235174447
$SILENCE,2481.8035938505645,-7835.091094385517,7223.994400977422,12155.728001085283,-187500.02235174447,-187500.02235174447,-187500.02235174447,-187500.02235174447
$SILENCE,2242.3940589897707,-7875.458344871801,6720.700171077272,12216.99413263728,-187500.02235174447,-187500.02235174447,-187500.02235174447,-187500.02235174447
$SILENCE,2196.6400380897567,-7922.575822183589,6492.466508444132,12215.98830413679,-187500.02235174447,-187500.02235174447,-187500.02235174447,-187500.02235174447
$SILENCE,2470.3147972005368,-7880.688653074343,7036.955003375412,12149.536567871162,-187500.02235174447,-187500.02235174447,-187500.02235174447,-187500.02235174447
$SILENCE,2509.6091639529664,-7833.213547851271,7255.420953681583,12146.854358536526,-187500.02235174447,-187500.02235174447,-187500.02235174447,-187500.02235174447
$SILENCE,2275.1617163612505,-7863.924844732863,6816.097416412523,12196.296417271664,-187500.02235174447,-187500.02235174447,-187500.02235174447,-187500.02235174447
$SILENCE,2160.9443021946313,-7920.698275649343,6463.968034263616,12213.127280846511,-187500.02235174447,-187500.02235174447,-187500.02235174447,-187500.02235174447
$SILENCE,2424.136093155872,-7894.747900336731,6933.444074802885,12159.080762753578,-187500.02235174447,-187500.02235174447,-187500.02235174447,-187500.02235174447
$SILENCE,2537.817065455564,-7837.460379297779,7275.872799858189,12145.110922469012,-187500.02235174447,-187500.02235174447,-187500.02235174447,-187500.02235174447
$SILENCE,2334.505597890091,-7854.559463806089,6923.072865375622,12195.424699237908,-187500.02235174447,-187500.02235174447,-187500.02235174447,-187500.02235174447
$SILENCE,2164.2970638629276,-7914.708008135321,6478.429612926199,12231.23219385531,-187500.02235174447,-187500.02235174447,-187500.02235174447,-187500.02235174447
$SILENCE,2379.3208455229815,-7905.297923719636,6825.172224661377,12168.93788205837,-187500.02235174447,-187500.02235174447,-187500.02235174447,-187500.02235174447
$SILENCE,2542.26506260217,-7838.488559542723,7262.886436329656,12131.565765329095,-187500.02235174447,-187500.02235174447,-187500.02235174447,-187500.02235174447
$SILENCE,2377.823278644476,-7842.333059589036,7009.797633862214,12177.297434484653,-187500.02235174447,-187500.02235174447,-187500.02235174447,-187500.02235174447
$SILENCE,2166.442831330637,-7900.693464361842,6500.535488192498,12220.212783838842,-187500.02235174447,-187500.02235174447,-187500.02235174447,-187500.02235174447
$SILENCE,2325.922528019253,-7913.0763307900825,6714.598144840974,12178.727946129793,-187500.02235174447,-187500.02235174447,-187500.02235174447,-187500.02235174447
$SILENCE,2552.368051095969,-7854.872388228463,7248.3130989447955,12145.602660847027,-187500.02235174447,-187500.02235174447,-187500.02235174447,-187500.02235174447
$SILENCE,2435.468427594713,-7841.17076887736,7109.173489710509,12179.26438799672,-187500.02235174447,-187500.02235174447,-187500.02235174447,-187500.02235174447
$SILENCE,2201.7138840811117,-7893.049167758128,6574.117430939368,12235.61313576855,-187500.02235174447,-187500.02235174447,-187500.02235174447,-187500.02235174447
$SILENCE,2286.2034781221723,-7919.245412259747,6623.179510018767,12207.069958099122,-187500.02235174447,-187500.02235174447,-187500.02235174447,-187500.02235174447
$SILENCE,2537.1241613774496,-7859.298033630614,7189.975045916444,12144.97681200228,-187500.02235174447,-187500.02235174447,-187500.02235174447,-187500.02235174447
$SILENCE,2473.5110966576453,-7835.158149618883,7176.496944009894,12161.852379066037,-187500.02235174447,-187500.02235174447,-187500.02235174447,-187500.02235174447
$SILENCE,2222.635116891279,-7882.096812975027,6648.436981253265,12221.106853617055,-187500.02235174447,-187500.02235174447,-187500.02235174447,-187500.02235174447
$SILENCE,2235.3309077418935,-7922.955801839328,6536.298279320989,12215.317751803132,-187500.02235174447,-187500.02235174447,-187500.02235174447,-187500.02235174447
$SILENCE,2521.9026234033854,-7870.250388413715,7117.465986903428,12150.02830624918,-187500.02235174447,-187500.02235174447,-187500.02235174447,-187500.02235174447
$SILENCE,2525.948289149796,-7828.631440237933,7256.829113582267,12155.795056318648,-187500.02235174447,-187500.02235174447,-187500.02235174447,-187500.02235174447
$SILENCE,2266.7798121905103,-7872.440859370335,6730.222014215233,12216.32358030362,-187500.02235174447,-187500.02235174447,-187500.02235174447,-187500.02235174447
$SILENCE,2220.1093697678293,-7918.261935503714,6501.206040526157,12220.860984428047,-187500.02235174447,-187500.02235174447,-187500.02235174447,-187500.02235174447
$SILENCE,2475.522753658623,-7883.281455431159,6990.6198371195605,12166.88152156848,-187500.02235174447,-187500.02235174447,-187500.02235174447,-187500.02235174447
$SILENCE,2538.778190467142,-7834.621707751955,7248.201340222519,12153.761047573214,-187500.02235174447,-187500.02235174447,-187500.02235174447,-187500.02235174447
$SILENCE,2311.751522034588,-7859.70036503081,6833.218852665288,12207.695806943872,-187500.02235174447,-187500.02235174447,-187500.02235174447,-187500.02235174447
não,2193.890773521754,-7917.457272703323,6458.402449894244,12228.997019409779,-187500.02235174447,-187500.02235174447,-187500.02235174447,-187500.02235174447
não,2440.2293491636933,-7895.731377092765,6897.74833890776,12164.735754100771,-187500.02235174447,-187500.02235174447,-187500.02235174447,-187500.02235174447
não,2565.846153002519,-7836.320440330558,7268.027337554377,12151.1682452164,-187500.02235174447,-187500.02235174447,-187500.02235174447,-187500.02235174447
não,2377.152726310817,-7847.004574180195,6943.859987719058,12204.410100508941,-187500.02235174447,-187500.02235174447,-187500.02235174447,-187500.02235174447
não,2192.4379101321592,-7907.622505142988,6476.686176858685,12235.479025301818,-187500.02235174447,-187500.02235174447,-187500.02235174447,-187500.02235174447
não,2394.0059416301183,-7904.493260919245,6790.348206800009,12181.276044997698,-187500.02235174447,-187500.02235174447,-187500.02235174447,-187500.02235174447
não,2574.7644990401864,-7838.354449075991,7258.6396048831475,12150.520044627196,-187500.02235174447,-187500.02235174447,-187500.02235174447,-187500.02235174447
não,2422.0350291770733,-7836.946289175307,7034.049276596222,12190.730832902293,-187500.02235174447,-187500.02235174447,-187500.02235174447,-187500.02235174447
não,2194.9636572556087,-7898.301827705125,6507.509232462554,12228.929964176414,-187500.02235174447,-187500.02235174447,-187500.02235174447,-187500.02235174447
não,2346.1061532623953,-7915.378560468979,6680.80230722455,12190.306149757642,-187500.02235174447,-187500.02235174447,-187500.02235174447,-187500.02235174447
não,2577.2231909302704,-7852.346641105014,7222.496834098916,12144.686239324361,-187500.02235174447,-187500.02235174447,-187500.02235174447,-187500.02235174447
não,2473.10876525745,-7836.722771730754,7118.36005668164,12176.291605984165,-187500.02235174447,-187500.02235174447,-187500.02235174447,-187500.02235174447
não,2236.850826364854,-7887.260065944203,6584.712157811184,12231.835690955602,-187500.02235174447,-187500.02235174447,-187500.02235174447,-187500.02235174447
não,2299.994504451097,-7916.809072114119,6590.836535791938,12207.56169647714,-187500.02235174447,-187500.02235174447,-187500.02235174447,-187500.02235174447
não,2554.580873797044,-7859.74506851972,7165.9916241159,12150.095361482545,-187500.02235174447,-187500.02235174447,-187500.02235174447,-187500.02235174447
não,2511.397303509391,-7829.704323971788,7185.638807492114,12171.038946037168,-187500.02235174447,-187500.02235174447,-187500.02235174447,-187500.02235174447
não,2267.8079924354547,-7873.0443564706275,6662.406821537831,12229.600516510072,-187500.02235174447,-187500.02235174447,-187500.02235174447,-187500.02235174447
não,2251.893550383276,-7917.971362825795,6509.722055163629,12221.79975769517,-187500.02235174447,-187500.02235174447,-187500.02235174447,-187500.02235174447
não,2531.4021147968906,-7871.189161680837,7076.897570717046,12158.700783097838,-187500.02235174447,-187500.02235174447,-187500.02235174447,-187500.02235174447
não,2546.2436731152147,-7829.145530360405,7235.483197627449,12166.45683842383,-187500.02235174447,-187500.02235174447,-187500.02235174447,-187500.02235174447
não,2301.626181796334,-7862.851960999008,6770.119878067956,12222.51501351774,-187500.02235174447,-187500.02235174447,-187500.02235174447,-187500.02235174447
não,2230.1005995393516,-7914.238621501759,6487.884400830794,12238.09417940309,-187500.02235174447,-187500.02235174447,-187500.02235174447,-187500.02235174447
não,2497.3827597359136,-7882.834420542053,6992.09505225361,12168.446143680352,-187500.02235174447,-187500.02235174447,-187500.02235174447,-187500.02235174447
não,2574.876257762463,-7827.558556504078,7295.117651834208,12153.448123150842,-187500.02235174447,-187500.02235174447,-187500.02235174447,-187500.02235174447
não,2334.8408740569203,-7851.787847493631,6858.543379133151,12218.156423348955,-187500.02235174447,-187500.02235174447,-187500.02235174447,-187500.02235174447
não,2215.929593554687,-7907.734263865264,6484.66574962923,12249.18064465292,-187500.02235174447,-187500.02235174447,-187500.02235174447,-187500.02235174447
não,2436.8765874953974,-7891.149269479427,6872.803792095637,12202.197277807865,-187500.02235174447,-187500.02235174447,-187500.02235174447,-187500.02235174447
não,2589.0249120026724,-7829.011419893673,7293.7988989113455,12166.993280290757,-187500.02235174447,-187500.02235174447,-187500.02235174447,-187500.02235174447
não,2378.627941444867,-7840.008478165684,6940.395467328485,12216.480042514808,-187500.02235174447,-187500.02235174447,-187500.02235174447,-187500.02235174447
não,2193.220221188095,-7903.174507996382,6467.94664477666,12249.270051630743,-187500.02235174447,-187500.02235174447,-187500.02235174447,-187500.02235174447
não,2374.9622553541967,-7899.978208539273,6744.929462066825,12199.515068473229,-187500.02235174447,-187500.02235174447,-187500.02235174447,-187500.02235174447
não,2575.9938449852284,-7842.087190400028,7238.925366273566,12173.274120482698,-187500.02235174447,-187500.02235174447,-187500.02235174447,-187500.02235174447
não,2449.48297136819,-7837.706248486787,7054.456419283917,12207.27112379922,-187500.02235174447,-187500.02235174447,-187500.02235174447,-187500.02235174447
não,2231.955794329142,-7893.049167758128,6529.659811217763,12258.054287201678,-187500.02235174447,-187500.02235174447,-187500.02235174447,-187500.02235174447
não,2366.5132959500907,-7907.644856887443,6673.314472832021,12222.85028968457,-187500.02235174447,-187500.02235174447,-187500.02235174447,-187500.02235174447
não,2596.579801628566,-7851.541978304623,7207.431758336039,12153.31401268411,-187500.02235174447,-187500.02235174447,-187500.02235174447,-187500.02235174447
não,2503.3730272499356,-7842.26600435567,7129.7370946093915,12174.682280383382,-187500.02235174447,-187500.02235174447,-187500.02235174447,-187500.02235174447
não,2268.9479314026753,-7885.494278132234,6609.947277301226,12242.251603871777,-187500.02235174447,-187500.02235174447,-187500.02235174447,-187500.02235174447
não,2316.1548156922836,-7917.144348280949,6580.890009509327,12215.340103547585,-187500.02235174447,-187500.02235174447,-187500.02235174447,-187500.02235174447
não,2573.3786908839575,-7874.9219030048735,7141.851740104168,12140.30529741112,-187500.02235174447,-187500.02235174447,-187500.02235174447,-187500.02235174447
não,2530.530396763134,-7835.426370552346,7187.5610575152705,12142.361657901009,-187500.02235174447,-187500.02235174447,-187500.02235174447,-187500.02235174447
não,2291.0761584134293,-7873.759612293198,6706.775034281616,12235.970763679834,-187500.02235174447,-187500.02235174447,-187500.02235174447,-187500.02235174447
não,2265.729280201111,-7922.218194272304,6524.563613481952,12242.050438171678,-187500.02235174447,-187500.02235174447,-187500.02235174447,-187500.02235174447
não,2529.0998851179943,-7881.381557152457,7065.364070578107,12164.825161078592,-187500.02235174447,-187500.02235174447,-187500.02235174447,-187500.02235174447
não,2553.105658662994,-7830.687800727821,7257.276148471374,12165.942748301357,-187500.02235174447,-187500.02235174447,-187500.02235174447,-187500.02235174447
não,2307.9740772216414,-7862.114353431983,6802.485204039241,12210.534478489695,-187500.02235174447,-187500.02235174447,-187500.02235174447,-187500.02235174447
não,2204.4184451602036,-7919.647743659943,6470.382984922288,12222.51501351774,-187500.02235174447,-187500.02235174447,-187500.02235174447,-187500.02235174447
não,2473.0640617685394,-7889.5622956231,6958.768601270748,12170.748373359249,-187500.02235174447,-187500.02235174447,-187500.02235174447,-187500.02235174447
não,2569.5565425821,-7836.611013008477,7272.3188724897955,12151.97290801679,-187500.02235174447,-187500.02235174447,-187500.02235174447,-187500.02235174447
não,2358.3549092239036,-7857.576949307555,6898.88827787498,12204.901838886957,-187500.02235174447,-187500.02235174447,-187500.02235174447,-187500.02235174447
não,2202.406788159226,-7915.8926505914515,6472.148772734257,12242.922156205435,-187500.02235174447,-187500.02235174447,-187500.02235174447,-187500.02235174447
não,2427.5335583130786,-7901.162850995404,6851.793152307649,12175.285777483676,-187500.02235174447,-187500.02235174447,-187500.02235174447,-187500.02235174447
não,2579.458365375801,-7842.154245633394,7279.24791327094,12153.31401268411,-187500.02235174447,-187500.02235174447,-187500.02235174447,-187500.02235174447
não,2404.891241179853,-7850.98318469324,6999.359369201586,12201.571428963118,-187500.02235174447,-187500.02235174447,-187500.02235174447,-187500.02235174447
não,2193.868421777299,-7909.1424237659485,6493.80761311145,12237.42362706943,-187500.02235174447,-187500.02235174447,-187500.02235174447,-187500.02235174447
não,2361.662967403289,-7912.115205778505,6737.799255585583,12186.238132266777,-187500.02235174447,-187500.02235174447,-187500.02235174447,-187500.02235174447
não,2568.327196637058,-7849.9103009593855,7247.977822777966,12144.954460257824,-187500.02235174447,-187500.02235174447,-187500.02235174447,-187500.02235174447
não,2435.0213927056066,-7844.367068334469,7077.881047473079,12179.443201952363,-187500.02235174447,-187500.02235174447,-187500.02235174447,-187500.02235174447
não,2194.248401433039,-7899.084138761061,6544.166093369257,12238.831786970113,-187500.02235174447,-187500.02235174447,-187500.02235174447,-187500.02235174447
não,2292.7748909920324,-7920.89944134944,6631.7402281451505,12200.520896973718,-187500.02235174447,-187500.02235174447,-187500.02235174447,-187500.02235174447
não,2535.045449143106,-7860.035641197639,7195.85355470819,12151.727038827783,-187500.02235174447,-187500.02235174447,-187500.02235174447,-187500.02235174447
não,2453.6403958368774,-7840.231995610237,7151.708859408958,12176.559826917628,-187500.02235174447,-187500.02235174447,-187500.02235174447,-187500.02235174447
não,2204.4631486491144,-7891.439842157346,6617.256297738111,12235.769597979737,-187500.02235174447,-187500.02235174447,-187500.02235174447,-187500.02235174447
não,2234.213320519128,-7927.962592597318,6544.322555580445,12220.235135583298,-187500.02235174447,-187500.02235174447,-187500.02235174447,-187500.02235174447
não,2505.2952772730923,-7872.999652981717,7117.778911325802,12158.477265653286,-187500.02235174447,-187500.02235174447,-187500.02235174447,-187500.02235174447
não,2481.557724661556,-7837.102751386494,7200.23449662143,12163.26053896672,-187500.02235174447,-187500.02235174447,-187500.02235174447,-187500.02235174447
não,2240.784733388988,-7880.107507718505,6708.227897671211,12218.357589049052,-187500.02235174447,-187500.02235174447,-187500.02235174447,-187500.02235174447
não,2200.6857038361672,-7929.527214709189,6489.493726431576,12220.011618138746,-187500.02235174447,-187500.02235174447,-187500.02235174447,-187500.02235174447
não,2470.851239067464,-7890.501068890223,7030.495349227828,12152.464646394808,-187500.02235174447,-187500.02235174447,-187500.02235174447,-187500.02235174447
não,2513.4313122548238,-7845.775228235153,7249.698907101025,12146.1167509695,-187500.02235174447,-187500.02235174447,-187500.02235174447,-187500.02235174447
não,2282.5601437759574,-7875.883028016452,6819.49488156973,12197.771632405715,-187500.02235174447,-187500.02235174447,-187500.02235174447,-187500.02235174447
não,2177.842221002844,-7926.532080952178,6493.76290962254,12210.892106400981,-187500.02235174447,-187500.02235174447,-187500.02235174447,-187500.02235174447
não,2408.176947614783,-7902.168679495893,6915.339161794086,12152.554053372629,-187500.02235174447,-187500.02235174447,-187500.02235174447,-187500.02235174447
não,2520.2932978026033,-7846.065800913072,7279.5384859488595,12127.318933882587,-187500.02235174447,-187500.02235174447,-187500.02235174447,-187500.02235174447
não,2297.6475712832894,-7864.394231366424,6893.903838861446,12185.902856099947,-187500.02235174447,-187500.02235174447,-187500.02235174447,-187500.02235174447
não,2131.663516958179,-7922.307601250125,6466.493781387065,12212.948466890868,-187500.02235174447,-187500.02235174447,-187500.02235174447,-187500.02235174447
não,2329.342344920915,-7914.99858081324,6789.9905788887245,12161.964137788313,-187500.02235174447,-187500.02235174447,-187500.02235174447,-187500.02235174447
não,2508.4468732412906,-7852.659565527388,7247.240215210941,12134.225622919277,-187500.02235174447,-187500.02235174447,-187500.02235174447,-187500.02235174447
não,2334.6844118457334,-7857.420487096369,6985.434232405929,12180.31491998612,-187500.02235174447,-187500.02235174447,-187500.02235174447,-187500.02235174447
não,2125.89676688871,-7917.256107003225,6480.865953071828,12226.024237397223,-187500.02235174447,-187500.02235174447,-187500.02235174447,-187500.02235174447
não,2280.570838519435,-7924.408665228923,6693.028711441602,12173.944672816358,-187500.02235174447,-187500.02235174447,-187500.02235174447,-187500.02235174447
não,2487.659750897855,-7857.0181556961725,7216.215993906974,12125.910773981903,-187500.02235174447,-187500.02235174447,-187500.02235174447,-187500.02235174447
não,2357.4161359567806,-7845.596414279511,7075.422355582996,12160.488922654262,-187500.02235174447,-187500.02235174447,-187500.02235174447,-187500.02235174447
não,2114.8550051277884,-7899.262952716703,6535.8288926874275,12212.970818635324,-187500.02235174447,-187500.02235174447,-187500.02235174447,-187500.02235174447
não,2207.5923928728575,-7926.3979704854455,6587.796698546016,12186.104021800045,-187500.02235174447,-187500.02235174447,-187500.02235174447,-187500.02235174447
não,2470.3818524339026,-7876.84415302803,7164.248188048386,12129.35294262802,-187500.02235174447,-187500.02235174447,-187500.02235174447,-187500.02235174447
não,2413.004924417129,-7849.306803859092,7161.297757780285,12157.762009830716,-187500.02235174447,-187500.02235174447,-187500.02235174447,-187500.02235174447
não,2161.6819097616567,-7893.51855439169,6630.376771733377,12215.027179125213,-187500.02235174447,-187500.02235174447,-187500.02235174447,-187500.02235174447
não,2159.737307994045,-7934.511653722722,6512.985409854104,12193.41304223693,-187500.02235174447,-187500.02235174447,-187500.02235174447,-187500.02235174447
não,2429.142883913861,-7882.074461230572,7089.369844123107,12132.817463018593,-187500.02235174447,-187500.02235174447,-187500.02235174447,-187500.02235174447
não,2424.6725350227994,-7843.942385189818,7207.387054847129,12146.07204748059,-187500.02235174447,-187500.02235174447,-187500.02235174447,-187500.02235174447
não,2178.4010146142264,-7879.928693762862,6720.9013367773705,12204.790080164681,-187500.02235174447,-187500.02235174447,-187500.02235174447,-187500.02235174447
não,2116.5537377063915,-7932.723514166298,6466.404374409244,12214.244868069276,-187500.02235174447,-187500.02235174447,-187500.02235174447,-187500.02235174447
não,2391.659008462311,-7896.84896431553,6998.420595934463,12147.92724227038,-187500.02235174447,-187500.02235174447,-187500.02235174447,-187500.02235174447
não,2447.7618870451315,-7845.842283468519,7246.033221010354,12140.953498000325,-187500.02235174447,-187500.02235174447,-187500.02235174447,-187500.02235174447
não,2221.6963436241563,-7870.69742330282,6821.059503681601,12193.480097470296,-187500.02235174447,-187500.02235174447,-187500.02235174447,-187500.02235174447
não,2095.833670596322,-7927.560261197122,6438.330583373378,12222.671475728926,-187500.02235174447,-187500.02235174447,-187500.02235174447,-187500.02235174447
não,2345.435600928736,-7906.348455709035,6884.538457934673,12164.288719211665,-187500.02235174447,-187500.02235174447,-187500.02235174447,-187500.02235174447
não,2466.1797244763047,-7848.099809658505,7253.677517614069,12139.254765421721,-187500.02235174447,-187500.02235174447,-187500.02235174447,-187500.02235174447
não,2270.2219808366276,-7860.9520627203065,6928.213766600343,12187.445126467363,-187500.02235174447,-187500.02235174447,-187500.02235174447,-187500.02235174447
não,2077.0135017649536,-7918.70897039282,6448.500627100543,12221.352722806065,-187500.02235174447,-187500.02235174447,-187500.02235174447,-187500.02235174447
não,2288.0586729119627,-7917.949011081339,6771.259817035177,12181.79013512017,-187500.02235174447,-187500.02235174447,-187500.02235174447,-187500.02235174447
não,2487.8385648534972,-7851.407867837891,7276.498648702937,12143.21102419031,-187500.02235174447,-187500.02235174447,-187500.02235174447,-187500.02235174447
não,2310.2539551560826,-7848.613899780978,7025.555613703205,12187.243960767266,-187500.02235174447,-187500.02235174447,-187500.02235174447,-187500.02235174447
não,2100.7510543764897,-7911.735226122764,6506.682217917707,12232.238022355798,-187500.02235174447,-187500.02235174447,-187500.02235174447,-187500.02235174447
não,2233.4980646965582,-7923.939278595362,6667.592426251463,12193.636559681483,-187500.02235174447,-187500.02235174447,-187500.02235174447,-187500.02235174447
não,2463.0281285081064,-7863.880141243952,7195.495926796905,12136.684314809361,-187500.02235174447,-187500.02235174447,-187500.02235174447,-187500.02235174447
não,2352.141124265328,-7848.725658503254,7085.9723789659,12168.60260589154,-187500.02235174447,-187500.02235174447,-187500.02235174447,-187500.02235174447
não,2104.662609656168,-7903.867412074496,6538.91343342226,12219.676341971915,-187500.02235174447,-187500.02235174447,-187500.02235174447,-187500.02235174447
não,2179.6974157926343,-7936.635069445976,6558.650023776296,12195.22353353781,-187500.02235174447,-187500.02235174447,-187500.02235174447,-187500.02235174447
não,2450.8687795244196,-7874.631330326954,7143.550472682771,12141.69110556735,-187500.02235174447,-187500.02235174447,-187500.02235174447,-187500.02235174447
não,2402.2537353341268,-7840.12023688796,7167.533894483316,12169.31786171411,-187500.02235174447,-187500.02235174447,-187500.02235174447,-187500.02235174447
não,2149.0531741444083,-7887.863563044497,6645.464199240709,12230.51693803274,-187500.02235174447,-187500.02235174447,-187500.02235174447,-187500.02235174447
não,2132.7587524364894,-7935.182206056382,6489.225505498112,12214.155461091455,-187500.02235174447,-187500.02235174447,-187500.02235174447,-187500.02235174447
não,2410.6132877604114,-7885.650740343421,7060.714907731403,12149.849492293537,-187500.02235174447,-187500.02235174447,-187500.02235174447,-187500.02235174447
não,2428.7852560025763,-7840.142588632416,7219.077017197254,12163.998146533746,-187500.02235174447,-187500.02235174447,-187500.02235174447,-187500.02235174447
não,2190.3368461533605,-7876.665339072388,6747.611671401462,12223.744359462782,-187500.02235174447,-187500.02235174447,-187500.02235174447,-187500.02235174447
não,2110.8763946147437,-7927.202633285837,6458.13422896078,12235.590784024094,-187500.02235174447,-187500.02235174447,-187500.02235174447,-187500.02235174447
não,2382.628903702367,-7893.339740436047,6968.469258364351,12169.921358814403,-187500.02235174447,-187500.02235174447,-187500.02235174447,-187500.02235174447
não,2460.8376575514862,-7841.595452022011,7257.34320370474,12157.091457497056,-187500.02235174447,-187500.02235174447,-187500.02235174447,-187500.02235174447
não,2242.1034863118516,-7862.673147043365,6856.464666898807,12206.600571465562,-187500.02235174447,-187500.02235174447,-187500.02235174447,-187500.02235174447
não,2088.390539692705,-7926.532080952178,6438.46469384011,12225.197222852377,-187500.02235174447,-187500.02235174447,-187500.02235174447,-187500.02235174447
não,2317.853548270887,-7913.389255212457,6846.004050493723,12162.679393610882,-187500.02235174447,-187500.02235174447,-187500.02235174447,-187500.02235174447
não,2461.0835267404946,-7846.401077079902,7248.871892556178,12145.021515491191,-187500.02235174447,-187500.02235174447,-187500.02235174447,-187500.02235174447
não,2274.692329727689,-7853.8442079835195,6945.46931331984,12197.391652749975,-187500.02235174447,-187500.02235174447,-187500.02235174447,-187500.02235174447
não,2073.8842575412104,-7916.5184994362,6453.552121347442,12231.723932233326,-187500.02235174447,-187500.02235174447,-187500.02235174447,-187500.02235174447
não,2282.0684053979403,-7912.741054623253,6750.651508647384,12192.586027692083,-187500.02235174447,-187500.02235174447,-187500.02235174447,-187500.02235174447
não,2481.11068977245,-7848.613899780978,7248.491912900438,12162.902911055437,-187500.02235174447,-187500.02235174447,-187500.02235174447,-187500.02235174447
não,2334.5503013790017,-7848.546844547612,7050.120180859588,12196.408175993942,-187500.02235174447,-187500.02235174447,-187500.02235174447,-187500.02235174447
não,2104.059112555875,-7906.169641753393,6515.153529066269,12239.167063136943,-187500.02235174447,-187500.02235174447,-187500.02235174447,-187500.02235174447
não,2224.177387258695,-7924.743941395753,6636.769370647594,12198.665702183927,-187500.02235174447,-187500.02235174447,-187500.02235174447,-187500.02235174447
não,2466.403241920858,-7861.957891220795,7191.182040117031,12145.625012591483,-187500.02235174447,-187500.02235174447,-187500.02235174447,-187500.02235174447
não,2379.2537902896156,-7842.198949122304,7124.037399773289,12174.659928638928,-187500.02235174447,-187500.02235174447,-187500.02235174447,-187500.02235174447
não,2141.1630083516848,-7896.200763726326,6611.333085457455,12232.729760733815,-187500.02235174447,-187500.02235174447,-187500.02235174447,-187500.02235174447
não,2187.3640641408047,-7924.3416099955575,6582.700500810207,12223.319676318131,-187500.02235174447,-187500.02235174447,-187500.02235174447,-187500.02235174447
não,2448.0077562341403,-7868.641062812932,7126.585498641193,12169.049640780646,-187500.02235174447,-187500.02235174447,-187500.02235174447,-187500.02235174447
não,2420.9397936987634,-7835.0016874076955,7200.145089643609,12166.948576801846,-187500.02235174447,-187500.02235174447,-187500.02235174447,-187500.02235174447
não,2150.9977759120197,-7884.153173464915,6647.051173097036,12227.834728698102,-187500.02235174447,-187500.02235174447,-187500.02235174447,-187500.02235174447
não,2136.893825160721,-7927.739075152765,6477.513191403532,12235.300211346175,-187500.02235174447,-187500.02235174447,-187500.02235174447,-187500.02235174447
não,2421.3197733545035,-7883.70613857581,7043.437009267451,12170.390745447963,-187500.02235174447,-187500.02235174447,-187500.02235174447,-187500.02235174447
não,2444.297366654559,-7838.332097331536,7229.180005691052,12167.105039013033,-187500.02235174447,-187500.02235174447,-187500.02235174447,-187500.02235174447
não,2192.6614275767124,-7878.676996073365,6763.995500087202,12208.478117999806,-187500.02235174447,-187500.02235174447,-187500.02235174447,-187500.02235174447
não,2091.989170550009,-7931.494168221256,6437.391810106255,12221.285667572698,-187500.02235174447,-187500.02235174447,-187500.02235174447,-187500.02235174447
não,2382.6065519579115,-7893.987941025251,6951.973670956335,12184.114716543523,-187500.02235174447,-187500.02235174447,-187500.02235174447,-187500.02235174447
não,2481.2224484947265,-7840.07553339905,7268.317910232296,12171.709498370827,-187500.02235174447,-187500.02235174447,-187500.02235174447,-187500.02235174447
não,2267.3162540574376,-7858.225149896759,6888.941751592369,12221.889164672992,-187500.02235174447,-187500.02235174447,-187500.02235174447,-187500.02235174447
não,2108.283592257928,-7914.797415113141,6457.866008027317,12248.37598185253,-187500.02235174447,-187500.02235174447,-187500.02235174447,-187500.02235174447
não,2330.8399117994204,-7905.0297027861725,6832.861224754003,12179.197332763355,-187500.02235174447,-187500.02235174447,-187500.02235174447,-187500.02235174447
não,2486.564515419545,-7846.937518946829,7258.684308372058,12153.291660939654,-187500.02235174447,-187500.02235174447,-187500.02235174447,-187500.02235174447
não,2312.086798201418,-7854.850036484008,6980.494496881306,12201.213801051832,-187500.02235174447,-187500.02235174447,-187500.02235174447,-187500.02235174447
não,2110.0717318143525,-7913.0763307900825,6481.804726338951,12254.701525533383,-187500.02235174447,-187500.02235174447,-187500.02235174447,-187500.02235174447
não,2287.298713600482,-7917.814900614608,6729.953793281769,12202.1302225745,-187500.02235174447,-187500.02235174447,-187500.02235174447,-187500.02235174447
não,2492.688893400299,-7857.912225474385,7234.656183082603,12156.733829585772,-187500.02235174447,-187500.02235174447,-187500.02235174447,-187500.02235174447
não,2360.299510991515,-7848.859768969985,7062.033660654267,12197.659873683438,-187500.02235174447,-187500.02235174447,-187500.02235174447,-187500.02235174447
não,2126.388505266727,-7900.447595172835,6528.117540850347,12247.504263818773,-187500.02235174447,-187500.02235174447,-187500.02235174447,-187500.02235174447
não,2236.828474620399,-7920.2288890157815,6623.581841418963,12211.473251756817,-187500.02235174447,-187500.02235174447,-187500.02235174447,-187500.02235174447
não,2487.860916597953,-7865.1765424223595,7185.884676681123,12148.664849837405,-187500.02235174447,-187500.02235174447,-187500.02235174447,-187500.02235174447
não,2409.987438915663,-7847.295146858114,7140.465931947939,12172.581216404584,-187500.02235174447,-187500.02235174447,-187500.02235174447,-187500.02235174447
não,2176.121136679785,-7884.533153120656,6613.903536069815,12254.410952855464,-187500.02235174447,-187500.02235174447,-187500.02235174447,-187500.02235174447
não,2209.2687737070055,-7923.983982084273,6541.595642756897,12240.798740482182,-187500.02235174447,-187500.02235174447,-187500.02235174447,-187500.02235174447
não,2486.072777041528,-7870.406850624901,7122.964516039434,12180.605492664039,-187500.02235174447,-187500.02235174447,-187500.02235174447,-187500.02235174447
não,2467.5431808880785,-7833.034733895628,7216.23834565143,12200.163269062432,-187500.02235174447,-187500.02235174447,-187500.02235174447,-187500.02235174447
não,2215.0355237764747,-7875.391289638435,6713.726426807217,12252.980441210324,-187500.02235174447,-187500.02235174447,-187500.02235174447,-187500.02235174447
não,2162.3971655842265,-7931.762389154719,6477.75906059254,12227.432397297907,-187500.02235174447,-187500.02235174447,-187500.02235174447,-187500.02235174447
não,2458.647186594866,-7885.5613333656,7035.457436496907,12163.64051862246,-187500.02235174447,-187500.02235174447,-187500.02235174447,-187500.02235174447
não,2519.779207680131,-7831.470111783757,7285.506401718427,12168.088515769066,-187500.02235174447,-187500.02235174447,-187500.02235174447,-187500.02235174447
não,2270.8031261924657,-7865.5565220781,6806.419111063375,12240.888147460002,-187500.02235174447,-187500.02235174447,-187500.02235174447,-187500.02235174447
não,2169.080337176363,-7918.127825036982,6473.936912290682,12257.048458701189,-187500.02235174447,-187500.02235174447,-187500.02235174447,-187500.02235174447
não,2410.14390112685,-7897.072481760083,6910.354722780553,12188.875638112502,-187500.02235174447,-187500.02235174447,-187500.02235174447,-187500.02235174447
não,2521.097960602994,-7844.054143912094,7252.448171669027,12165.048678523146,-187500.02235174447,-187500.02235174447,-187500.02235174447,-187500.02235174447
não,2316.2218709256495,-7859.812123753086,6903.090405832578,12217.664684970938,-187500.02235174447,-187500.02235174447,-187500.02235174447,-187500.02235174447
não,2155.1775521251625,-7919.692447148854,6463.7445168190625,12257.607252312571,-187500.02235174447,-187500.02235174447,-187500.02235174447,-187500.02235174447
não,2370.916589607786,-7910.66234238891,6818.332590858054,12199.068033584123,-187500.02235174447,-187500.02235174447,-187500.02235174447,-187500.02235174447
não,2544.008498669684,-7846.557539291089,7272.877666101178,12169.720193114304,-187500.02235174447,-187500.02235174447,-187500.02235174447,-187500.02235174447
não,2384.1935258142385,-7849.731487003743,7025.622668936571,12216.815318681636,-187500.02235174447,-187500.02235174447,-187500.02235174447,-187500.02235174447
não,2162.6206830287797,-7907.533098165167,6496.422767212721,12259.596557569093,-187500.02235174447,-187500.02235174447,-187500.02235174447,-187500.02235174447
não,2320.893385516809,-7918.798377370642,6701.790595268082,12205.37122552052,-187500.02235174447,-187500.02235174447,-187500.02235174447,-187500.02235174447
não,2554.8043912415974,-7857.107562673994,7239.19358720703,12166.278024468187,-187500.02235174447,-187500.02235174447,-187500.02235174447,-187500.02235174447
não,2443.0233172206067,-7845.8646352129745,7107.966495509922,12204.924190631413,-187500.02235174447,-187500.02235174447,-187500.02235174447,-187500.02235174447
não,2208.240593462061,-7899.709987605809,6570.272930893056,12257.786066268214,-187500.02235174447,-187500.02235174447,-187500.02235174447,-187500.02235174447
não,2285.242353110594,-7923.4028367284345,6617.658629138306,12228.41587405394,-187500.02235174447,-187500.02235174447,-187500.02235174447,-187500.02235174447
não,2542.3097660910807,-7865.221245911271,7191.986702917422,12169.11669601401,-187500.02235174447,-187500.02235174447,-187500.02235174447,-187500.02235174447
não,2476.2603612256485,-7841.260175855181,7176.631054476626,12189.926170101902,-187500.02235174447,-187500.02235174447,-187500.02235174447,-187500.02235174447
não,2221.159901757229,-7884.287283931647,6651.610928965918,12242.229252127321,-187500.02235174447,-187500.02235174447,-187500.02235174447,-187500.02235174447
não,2239.1977595326616,-7928.9237176088955,6539.651040989285,12221.84446118408,-187500.02235174447,-187500.02235174447,-187500.02235174447,-187500.02235174447
não,2521.6120507254664,-7882.029757741661,7113.017989756821,12155.012745262713,-187500.02235174447,-187500.02235174447,-187500.02235174447,-187500.02235174447
não,2522.9978588816953,-7846.26696661317,7251.643508868637,12154.386896417964,-187500.02235174447,-187500.02235174447,-187500.02235174447,-187500.02235174447
não,2285.331760088415,-7879.079327473561,6767.3929652444085,12227.946487420379,-187500.02235174447,-187500.02235174447,-187500.02235174447,-187500.02235174447
não,2226.636079148779,-7925.258031518225,6498.747348636073,12237.267164858242,-187500.02235174447,-187500.02235174447,-187500.02235174447,-187500.02235174447
não,2499.103844058972,-7890.389310167946,7019.654753167004,12162.813504077614,-187500.02235174447,-187500.02235174447,-187500.02235174447,-187500.02235174447
não,2557.17367615386,-7839.829664210041,7268.027337554377,12159.103114498033,-187500.02235174447,-187500.02235174447,-187500.02235174447,-187500.02235174447
não,2332.493940889113,-7863.947196477318,6859.035117511167,12217.150594848466,-187500.02235174447,-187500.02235174447,-187500.02235174447,-187500.02235174447
não,2200.082206735874,-7921.726455894287,6487.169145008224,12235.814301468648,-187500.02235174447,-187500.02235174447,-187500.02235174447,-187500.02235174447
não,2448.9241777568077,-7901.319313206592,6925.0845223766,12169.608434392028,-187500.02235174447,-187500.02235174447,-187500.02235174447,-187500.02235174447
não,2563.521571579167,-7839.963774676773,7284.835849384767,12145.982640502769,-187500.02235174447,-187500.02235174447,-187500.02235174447,-187500.02235174447
não,2367.2285517726605,-7855.565292306578,6952.130133167521,12190.641425924472,-187500.02235174447,-187500.02235174447,-187500.02235174447,-187500.02235174447
não,2192.6614275767124,-7919.156005281927,6491.259514243546,12227.432397297907,-187500.02235174447,-187500.02235174447,-187500.02235174447,-187500.02235174447
não,2399.0574358770177,-7918.70897039282,6813.571669289073,12171.26246348172,-187500.02235174447,-187500.02235174447,-187500.02235174447,-187500.02235174447
não,2593.808185316108,-7848.345678847513,7308.774567696401,12135.052637464123,-187500.02235174447,-187500.02235174447,-187500.02235174447,-187500.02235174447
não,2424.2255001336935,-7845.50700730169,7058.815009452702,12177.990338562768,-187500.02235174447,-187500.02235174447,-187500.02235174447,-187500.02235174447
não,2196.9753142565864,-7910.125900521983,6515.62291569983,12219.1846035939,-187500.02235174447,-187500.02235174447,-187500.02235174447,-187500.02235174447
não,2345.6814701177445,-7923.559298939622,6701.030635956602,12172.715326871315,-187500.02235174447,-187500.02235174447,-187500.02235174447,-187500.02235174447
não,2576.195010685326,-7861.644966798422,7244.803875065312,12119.361712856498,-187500.02235174447,-187500.02235174447,-187500.02235174447,-187500.02235174447
não,2469.3760239334138,-7847.630423024943,7141.449408703972,12150.989431260758,-187500.02235174447,-187500.02235174447,-187500.02235174447,-187500.02235174447
não,2225.6526023927454,-7899.352359694524,6607.332123199955,12212.859059913048,-187500.02235174447,-187500.02235174447,-187500.02235174447,-187500.02235174447
não,2295.3229898599375,-7932.477644977289,6608.874393567371,12186.729870644793,-187500.02235174447,-187500.02235174447,-187500.02235174447,-187500.02235174447
não,2555.7878679976307,-7873.424336126368,7176.787516687813,12116.433634332852,-187500.02235174447,-187500.02235174447,-187500.02235174447,-187500.02235174447
não,2511.7996349095865,-7840.097885143506,7206.5153368133715,12141.378181144975,-187500.02235174447,-187500.02235174447,-187500.02235174447,-187500.02235174447
não,2261.4153935212366,-7886.678920588365,6687.664292772329,12194.50827771524,-187500.02235174447,-187500.02235174447,-187500.02235174447,-187500.02235174447
$SILENCE,2260.3648615318375,-7932.924679866395,6543.674354991241,12172.625919893495,-187500.02235174447,-187500.02235174447,-187500.02235174447,-187500.02235174447
$SILENCE,2539.9628329232733,-7885.002539754217,7111.0733879892105,12105.905962694404,-187500.02235174447,-187500.02235174447,-187500.02235174447,-187500.02235174447
$SILENCE,2549.5740830390555,-7842.198949122304,7265.188666008552,12116.992427944235,-187500.02235174447,-187500.02235174447,-187500.02235174447,-187500.02235174447
$SILENCE,2309.8069202669767,-7880.532190863156,6794.684445224339,12177.498600184752,-187500.02235174447,-187500.02235174447,-187500.02235174447,-187500.02235174447
$SILENCE,2240.404753733248,-7938.669078191409,6506.235183028601,12186.036966566679,-187500.02235174447,-187500.02235174447,-187500.02235174447,-187500.02235174447
$SILENCE,2509.296239530592,-7904.649723130432,7018.29129675523,12119.518175067686,-187500.02235174447,-187500.02235174447,-187500.02235174447,-187500.02235174447
$SILENCE,2562.135763422938,-7847.876292213952,7286.802802896835,12104.117823137978,-187500.02235174447,-187500.02235174447,-187500.02235174447,-187500.02235174447
$SILENCE,2340.428810170747,-7872.2173419257815,6885.700748646349,12150.587099860562,-187500.02235174447,-187500.02235174447,-187500.02235174447,-187500.02235174447
$SILENCE,2216.689552866167,-7933.014086844217,6488.487897931087,12181.968949075814,-187500.02235174447,-187500.02235174447,-187500.02235174447,-187500.02235174447
$SILENCE,2457.4848958831903,-7916.294981991647,6906.84549890107,12122.558012313606,-187500.02235174447,-187500.02235174447,-187500.02235174447,-187500.02235174447
$SILENCE,2585.4039294009126,-7856.124085917961,7302.11374784872,12093.0537096326,-187500.02235174447,-187500.02235174447,-187500.02235174447,-187500.02235174447
$SILENCE,2402.0972731229394,-7866.048260456117,7001.438081435929,12144.619184090994,-187500.02235174447,-187500.02235174447,-187500.02235174447,-187500.02235174447
$SILENCE,2210.118139996307,-7923.268726261703,6509.744406908084,12182.840667109569,-187500.02235174447,-187500.02235174447,-187500.02235174447,-187500.02235174447
$SILENCE,2392.2848573070596,-7923.492243706256,6786.727224198249,12127.408340860407,-187500.02235174447,-187500.02235174447,-187500.02235174447,-187500.02235174447
$SILENCE,2580.5759525985663,-7859.163923163882,7280.141983049153,12089.857410175493,-187500.02235174447,-187500.02235174447,-187500.02235174447,-187500.02235174447
$SILENCE,2434.2614333941265,-7854.671222528365,7086.218248154909,12127.855375749514,-187500.02235174447,-187500.02235174447,-187500.02235174447,-187500.02235174447
$SILENCE,2205.96071552762,-7911.556412167122,6553.8443987184055,12178.07974554059,-187500.02235174447,-187500.02235174447,-187500.02235174447,-187500.02235174447
$SILENCE,2325.9001762747976,-7929.124883308993,6676.957807178236,12136.192576431344,-187500.02235174447,-187500.02235174447,-187500.02235174447,-187500.02235174447
$SILENCE,2564.169772168371,-7865.869446500475,7233.426837137561,12087.175200840855,-187500.02235174447,-187500.02235174447,-187500.02235174447,-187500.02235174447
$SILENCE,2483.4799746847125,-7847.406905580391,7165.32107178224,12123.049750691624,-187500.02235174447,-187500.02235174447,-187500.02235174447,-187500.02235174447
$SILENCE,2233.1404367852733,-7897.22894397127,6623.4030274633205,12177.185675762377,-187500.02235174447,-187500.02235174447,-187500.02235174447,-187500.02235174447
$SILENCE,2277.0616146399516,-7929.549566453644,6582.655797321296,12157.382030174975,-187500.02235174447,-187500.02235174447,-187500.02235174447,-187500.02235174447
$SILENCE,2535.760704965676,-7873.916074504385,7163.801153159279,12097.836982946037,-187500.02235174447,-187500.02235174447,-187500.02235174447,-187500.02235174447
$SILENCE,2504.490614472701,-7841.148417132905,7220.999267220411,12114.511384309697,-187500.02235174447,-187500.02235174447,-187500.02235174447,-187500.02235174447
$SILENCE,2255.1345533292956,-7879.928693762862,6701.678836545806,12178.16915251841,-187500.02235174447,-187500.02235174447,-187500.02235174447,-187500.02235174447
$SILENCE,2222.791579102466,-7925.392141984957,6508.090377818391,12170.45780068133,-187500.02235174447,-187500.02235174447,-187500.02235174447,-187500.02235174447
$SILENCE,2509.296239530592,-7884.600208354022,7074.014195682311,12114.77960524316,-187500.02235174447,-187500.02235174447,-187500.02235174447,-187500.02235174447
$SILENCE,2526.1941583388043,-7838.890890942918,7258.237273482951,12121.105148924013,-187500.02235174447,-187500.02235174447,-187500.02235174447,-187500.02235174447
$SILENCE,2296.395873593792,-7867.74699303472,6796.4502330363075,12180.69489964186,-187500.02235174447,-187500.02235174447,-187500.02235174447,-187500.02235174447
$SILENCE,2191.8791165207763,-7920.944144838351,6472.931083790194,12193.345987003564,-187500.02235174447,-187500.02235174447,-187500.02235174447,-187500.02235174447
$SILENCE,2452.433401636291,-7887.170658966382,6965.652938562982,12131.275192651176,-187500.02235174447,-187500.02235174447,-187500.02235174447,-187500.02235174447
$SILENCE,2547.4730190602563,-7831.850091439497,7278.778526637379,12126.961305971303,-187500.02235174447,-187500.02235174447,-187500.02235174447,-187500.02235174447
$SILENCE,2339.8476648149094,-7855.207664395293,6908.611286713039,12190.775536391204,-187500.02235174447,-187500.02235174447,-187500.02235174447,-187500.02235174447
$SILENCE,2179.6750640481787,-7911.288191233658,6472.953435534649,12228.102949631566,-187500.02235174447,-187500.02235174447,-187500.02235174447,-187500.02235174447
$SILENCE,2416.7376657411655,-7898.145365493938,6844.126503959478,12165.540416901162,-187500.02235174447,-187500.02235174447,-187500.02235174447,-187500.02235174447
$SILENCE,2571.6352548164436,-7838.019172909162,7266.7979916093345,12134.605602575017,-187500.02235174447,-187500.02235174447,-187500.02235174447,-187500.02235174447
$SILENCE,2391.435491017758,-7842.6012805225,6991.67036910896,12184.293530499164,-187500.02235174447,-187500.02235174447,-187500.02235174447,-187500.02235174447
$SILENCE,2185.8441455178436,-7901.721644606787,6490.14192702078,12239.725856748326,-187500.02235174447,-187500.02235174447,-187500.02235174447,-187500.02235174447
$SILENCE,2359.8077726134984,-7904.739130108253,6733.820645072537,12198.710405672839,-187500.02235174447,-187500.02235174447,-187500.02235174447,-187500.02235174447
$SILENCE,2564.616807057477,-7839.092056643017,7242.680459342058,12155.63859410746,-187500.02235174447,-187500.02235174447,-187500.02235174447,-187500.02235174447
$SILENCE,2436.474256095202,-7829.860786182975,7074.640044527059,12192.116641058523,-187500.02235174447,-187500.02235174447,-187500.02235174447,-187500.02235174447
$SILENCE,2206.0054190165306,-7884.890781031941,6538.309936321966,12244.66559227295,-187500.02235174447,-187500.02235174447,-187500.02235174447,-187500.02235174447
$SILENCE,2314.321972646949,-7907.577801654077,6631.762579889605,12216.480042514808,-187500.02235174447,-187500.02235174447,-187500.02235174447,-187500.02235174447
$SILENCE,2575.3232926515693,-7845.909338701885,7202.156746644587,12175.151667016944,-187500.02235174447,-187500.02235174447,-187500.02235174447,-187500.02235174447
$SILENCE,2491.6160096664444,-7821.992972134706,7151.015955330844,12198.41983299492,-187500.02235174447,-187500.02235174447,-187500.02235174447,-187500.02235174447
$SILENCE,2246.3950212472705,-7871.859714014497,6616.853966337916,12251.594633054094,-187500.02235174447,-187500.02235174447,-187500.02235174447,-187500.02235174447
$SILENCE,2270.2219808366276,-7909.701217377332,6547.317689337456,12234.428493312418,-187500.02235174447,-187500.02235174447,-187500.02235174447,-187500.02235174447
$SILENCE,2543.1814841248374,-7853.710097516788,7123.299792206263,12173.229416993789,-187500.02235174447,-187500.02235174447,-187500.02235174447,-187500.02235174447
$SILENCE,2527.5352630061225,-7816.695608698798,7211.544479315816,12193.837725381582,-187500.02235174447,-187500.02235174447,-187500.02235174447,-187500.02235174447
$SILENCE,2285.1976496216835,-7857.599301052011,6707.736159293194,12255.550891822684,-187500.02235174447,-187500.02235174447,-187500.02235174447,-187500.02235174447
$SILENCE,2241.8129136339326,-7904.873240574985,6482.698796117163,12263.463409359862,-187500.02235174447,-187500.02235174447,-187500.02235174447,-187500.02235174447
$SILENCE,2513.9901058662067,-7859.36508886398,7025.779131147759,12203.247809797265,-187500.02235174447,-187500.02235174447,-187500.02235174447,-187500.02235174447
$SILENCE,2564.683862290843,-7811.867631896453,7245.161502976597,12203.337216775086,-187500.02235174447,-187500.02235174447,-187500.02235174447,-187500.02235174447
$SILENCE,2345.234435228638,-7844.478827056745,6812.387026832942,12259.931833735924,-187500.02235174447,-187500.02235174447,-187500.02235174447,-187500.02235174447
$SILENCE,2228.312459982927,-7900.469946917289,6459.967072006116,12277.656767088982,-187500.02235174447,-187500.02235174447,-187500.02235174447,-187500.02235174447
$SILENCE,2488.620875909433,-7872.597321581522,6927.006772399756,12215.205993080854,-187500.02235174447,-187500.02235174447,-187500.02235174447,-187500.02235174447
$SILENCE,2600.8042813306192,-7815.68978019831,7265.814514853301,12196.631693438494,-187500.02235174447,-187500.02235174447,-187500.02235174447,-187500.02235174447
$SILENCE,2402.566659756501,-7832.587699006522,6914.601554227061,12254.142731922,-187500.02235174447,-187500.02235174447,-187500.02235174447,-187500.02235174447
$SILENCE,2233.341602485371,-7890.5904758680435,6466.314967431423,12292.990063785322,-187500.02235174447,-187500.02235174447,-187500.02235174447,-187500.02235174447
$SILENCE,2461.396451162869,-7882.946179264329,6821.998276948724,12236.775426480226,-187500.02235174447,-187500.02235174447,-187500.02235174447,-187500.02235174447
$SILENCE,2631.7614474012194,-7819.243707566704,7266.373308464684,12205.594742965073,-187500.02235174447,-187500.02235174447,-187500.02235174447,-187500.02235174447
$SILENCE,2461.396451162869,-7821.948268645796,7010.155261773499,12252.958089465868,-187500.02235174447,-187500.02235174447,-187500.02235174447,-187500.02235174447
$SILENCE,2250.7536114160553,-7879.571065851577,6499.686121903196,12299.382662699541,-187500.02235174447,-187500.02235174447,-187500.02235174447,-187500.02235174447
$SILENCE,2417.7434942416544,-7890.545772379133,6710.373665138921,12254.589766811105,-187500.02235174447,-187500.02235174447,-187500.02235174447,-187500.02235174447
$SILENCE,2639.1598748159263,-7826.530376259134,7237.025467994866,12204.454803997853,-187500.02235174447,-187500.02235174447,-187500.02235174447,-187500.02235174447
$SILENCE,2526.4176757833575,-7815.019227864651,7101.6186000846155,12241.223423626832,-187500.02235174447,-187500.02235174447,-187500.02235174447,-187500.02235174447
$SILENCE,2289.3997775792814,-7870.317443647081,6560.415811588266,12290.218447472866,-187500.02235174447,-187500.02235174447,-187500.02235174447,-187500.02235174447
$SILENCE,2378.180906555761,-7897.139536993449,6611.9589343022035,12262.256415159276,-187500.02235174447,-187500.02235174447,-187500.02235174447,-187500.02235174447
$SILENCE,2637.2376247927696,-7837.0580478975835,7187.829278448735,12206.578219721107,-187500.02235174447,-187500.02235174447,-187500.02235174447,-187500.02235174447
$SILENCE,2581.045339232128,-7812.02409410764,7190.80206046129,12239.569394537139,-187500.02235174447,-187500.02235174447,-187500.02235174447,-187500.02235174447
$SILENCE,2321.049847727996,-7857.7781150076535,6654.024917367091,12287.37977592704,-187500.02235174447,-187500.02235174447,-187500.02235174447,-187500.02235174447
$SILENCE,2324.3132024184706,-7896.625446870977,6534.688953720207,12270.817133285658,-187500.02235174447,-187500.02235174447,-187500.02235174447,-187500.02235174447
$SILENCE,2600.8266330750744,-7844.992917179217,7108.5476408657605,12206.824088910114,-187500.02235174447,-187500.02235174447,-187500.02235174447,-187500.02235174447
$SILENCE,2605.744016855242,-7811.085320840517,7233.203319693008,12212.523783746217,-187500.02235174447,-187500.02235174447,-187500.02235174447,-187500.02235174447
$SILENCE,2358.8466476019203,-7849.17269339236,6746.829360345526,12264.603348327084,-187500.02235174447,-187500.02235174447,-187500.02235174447,-187500.02235174447
$SILENCE,2290.5173648020464,-7897.966551538295,6481.491801916576,12271.197112941398,-187500.02235174447,-187500.02235174447,-187500.02235174447,-187500.02235174447
$SILENCE,2572.1493449389154,-7860.974414464762,7019.945325844923,12202.376091763508,-187500.02235174447,-187500.02235174447,-187500.02235174447,-187500.02235174447
$SILENCE,2645.5971772190546,-7808.872498139442,7306.695855462058,12197.995149850269,-187500.02235174447,-187500.02235174447,-187500.02235174447,-187500.02235174447
$SILENCE,2399.1691945992943,-7838.443856053813,6842.45012312533,12263.262243659765,-187500.02235174447,-187500.02235174447,-187500.02235174447,-187500.02235174447
$SILENCE,2284.5941525213902,-7895.507859648212,6485.8727438298165,12276.203903699388,-187500.02235174447,-187500.02235174447,-187500.02235174447,-187500.02235174447
$SILENCE,2519.2427658132037,-7877.022966983673,6892.763899894226,12211.853231412559,-187500.02235174447,-187500.02235174447,-187500.02235174447,-187500.02235174447
$SILENCE,2670.4076135644455,-7822.328248301536,7296.369349523706,12180.65019615295,-187500.02235174447,-187500.02235174447,-187500.02235174447,-187500.02235174447
$SILENCE,2460.792954062576,-7838.019172909162,6942.585938285106,12234.47319680133,-187500.02235174447,-187500.02235174447,-187500.02235174447,-187500.02235174447
$SILENCE,2294.3618648483593,-7898.994731783239,6489.739595620585,12267.263205917265,-187500.02235174447,-187500.02235174447,-187500.02235174447,-187500.02235174447
$SILENCE,2481.647131639377,-7894.434975914357,6781.251046806699,12212.970818635324,-187500.02235174447,-187500.02235174447,-187500.02235174447,-187500.02235174447
$SILENCE,2677.806040979152,-7836.07457114155,7263.333471218762,12179.867885097014,-187500.02235174447,-187500.02235174447,-187500.02235174447,-187500.02235174447
$SILENCE,2529.1892920958153,-7833.079437384539,7049.024945381278,12222.962048406845,-187500.02235174447,-187500.02235174447,-187500.02235174447,-187500.02235174447
$SILENCE,2301.4920713296024,-7887.349472922025,6526.619973971841,12272.00177574179,-187500.02235174447,-187500.02235174447,-187500.02235174447,-187500.02235174447
$SILENCE,2436.0272212060954,-7900.961685295307,6698.7731097666165,12229.198185109877,-187500.02235174447,-187500.02235174447,-187500.02235174447,-187500.02235174447
$SILENCE,2663.0538896386493,-7836.342792075014,7243.4404186535385,12177.476248440296,-187500.02235174447,-187500.02235174447,-187500.02235174447,-187500.02235174447
$SILENCE,2554.8267429860525,-7820.964791889763,7140.287117992297,12210.713292445338,-187500.02235174447,-187500.02235174447,-187500.02235174447,-187500.02235174447
$SILENCE,2305.761254520566,-7875.167772193882,6601.990056275136,12267.218502428354,-187500.02235174447,-187500.02235174447,-187500.02235174447,-187500.02235174447
$SILENCE,2374.85049663192,-7907.533098165167,6609.768463345584,12245.313792862153,-187500.02235174447,-187500.02235174447,-187500.02235174447,-187500.02235174447
$SILENCE,2639.316337027113,-7847.541016047123,7183.51539176886,12175.50929492823,-187500.02235174447,-187500.02235174447,-187500.02235174447,-187500.02235174447
$SILENCE,2582.587609599544,-7818.327286044037,7205.129528657142,12189.345024746064,-187500.02235174447,-187500.02235174447,-187500.02235174447,-187500.02235174447
$SILENCE,2338.394801425314,-7865.265949400181,6682.545743292063,12246.297269618186,-187500.02235174447,-187500.02235174447,-187500.02235174447,-187500.02235174447
$SILENCE,2334.4161909122695,-7910.438824944356,6533.146683352791,12240.172891637432,-187500.02235174447,-187500.02235174447,-187500.02235174447,-187500.02235174447
$SILENCE,2612.673057636387,-7863.36605112148,7099.40577738354,12174.481114683285,-187500.02235174447,-187500.02235174447,-187500.02235174447,-187500.02235174447
$SILENCE,2620.3397059845574,-7820.428350022835,7256.538540904348,12177.900931584947,-187500.02235174447,-187500.02235174447,-187500.02235174447,-187500.02235174447
$SILENCE,2386.9651421266967,-7857.621652796466,6787.911866654381,12233.288554345198,-187500.02235174447,-187500.02235174447,-187500.02235174447,-187500.02235174447
$SILENCE,2305.7836062650213,-7913.098682534538,6492.131232277302,12243.011563183256,-187500.02235174447,-187500.02235174447,-187500.02235174447,-187500.02235174447
$SILENCE,2573.199876928315,-7877.626464083966,6997.392415689518,12173.005899549235,-187500.02235174447,-187500.02235174447,-187500.02235174447,-187500.02235174447
$SILENCE,2649.106401098538,-7823.512890757667,7277.862105114711,12165.071030267602,-187500.02235174447,-187500.02235174447,-187500.02235174447,-187500.02235174447
$SILENCE,2426.8406542349644,-7844.881158456941,6881.275103244198,12217.150594848466,-187500.02235174447,-187500.02235174447,-187500.02235174447,-187500.02235174447
$SILENCE,2282.3589780758593,-7903.710949863309,6476.887342558783,12245.246737628788,-187500.02235174447,-187500.02235174447,-187500.02235174447,-187500.02235174447
$SILENCE,2516.1582250783713,-7885.986016510251,6893.74737665026,12184.31588224362,-187500.02235174447,-187500.02235174447,-187500.02235174447,-187500.02235174447
$SILENCE,2674.5650380331326,-7825.993934392207,7326.6112597717365,12154.789227818159,-187500.02235174447,-187500.02235174447,-187500.02235174447,-187500.02235174447
$SILENCE,2465.978558776207,-7834.778169963142,6980.315682925664,12206.131184832,-187500.02235174447,-187500.02235174447,-187500.02235174447,-187500.02235174447
$SILENCE,2282.2919228424935,-7893.317388691591,6510.638476686297,12243.458598072362,-187500.02235174447,-187500.02235174447,-187500.02235174447,-187500.02235174447
$SILENCE,2464.7715645756202,-7895.686673603854,6777.115974082467,12200.096213829067,-187500.02235174447,-187500.02235174447,-187500.02235174447,-187500.02235174447
$SILENCE,2679.2142008798364,-7838.063876398072,7278.8679336152,12155.63859410746,-187500.02235174447,-187500.02235174447,-187500.02235174447,-187500.02235174447
$SILENCE,2524.048390871095,-7830.464283283268,7077.299902117241,12194.687091670883,-187500.02235174447,-187500.02235174447,-187500.02235174447,-187500.02235174447
$SILENCE,2281.8672396978427,-7889.852868301019,6513.320686020933,12240.798740482182,-187500.02235174447,-187500.02235174447,-187500.02235174447,-187500.02235174447
$SILENCE,2414.52484304009,-7906.974304553784,6664.597292494452,12207.65110345496,-187500.02235174447,-187500.02235174447,-187500.02235174447,-187500.02235174447
$SILENCE,2658.3153198141245,-7844.992917179217,7231.839863281234,12153.671640595394,-187500.02235174447,-187500.02235174447,-187500.02235174447,-187500.02235174447
$SILENCE,2569.4671356042786,-7828.944364660307,7156.268615277841,12178.79500136316,-187500.02235174447,-187500.02235174447,-187500.02235174447,-187500.02235174447
$SILENCE,2325.8107692969766,-7880.934522263351,6623.917117585793,12232.059208400156,-187500.02235174447,-187500.02235174447,-187500.02235174447,-187500.02235174447
$SILENCE,2375.3422350099368,-7912.673999389887,6595.619809105374,12210.243905811776,-187500.02235174447,-187500.02235174447,-187500.02235174447,-187500.02235174447
$SILENCE,2637.483493981778,-7856.146437662415,7173.770031186346,12149.536567871162,-187500.02235174447,-187500.02235174447,-187500.02235174447,-187500.02235174447
$SILENCE,2603.777063343175,-7826.105693114483,7217.467691596472,12161.718268599305,-187500.02235174447,-187500.02235174447,-187500.02235174447,-187500.02235174447
$SILENCE,2369.2625605180933,-7870.742126791732,6713.838185529493,12224.593725752084,-187500.02235174447,-187500.02235174447,-187500.02235174447,-187500.02235174447
$SILENCE,2334.0585630009846,-7913.903345334929,6521.657886702763,12219.765748949738,-187500.02235174447,-187500.02235174447,-187500.02235174447,-187500.02235174447
$SILENCE,2611.1084355245157,-7869.624539568966,7077.344605606152,12149.514216126707,-187500.02235174447,-187500.02235174447,-187500.02235174447,-187500.02235174447
$SILENCE,2640.657441694432,-7826.664486725866,7266.730936375969,12149.089532982056,-187500.02235174447,-187500.02235174447,-187500.02235174447,-187500.02235174447
$SILENCE,2401.493776022646,-7859.521551075167,6812.096454155023,12210.690940700882,-187500.02235174447,-187500.02235174447,-187500.02235174447,-187500.02235174447
$SILENCE,2308.6222778108454,-7916.451444202834,6490.588961909886,12221.03979838369,-187500.02235174447,-187500.02235174447,-187500.02235174447,-187500.02235174447
$SILENCE,2579.771289798175,-7886.477754888268,6989.345787685608,12159.97483253179,-187500.02235174447,-187500.02235174447,-187500.02235174447,-187500.02235174447
$SILENCE,2658.00239539175,-7829.16788210486,7294.804727411834,12140.662925322405,-187500.02235174447,-187500.02235174447,-187500.02235174447,-187500.02235174447
$SILENCE,2439.5140933411235,-7846.669298013366,6914.333333293597,12191.714309658326,-187500.02235174447,-187500.02235174447,-187500.02235174447,-187500.02235174447
$SILENCE,2279.3638443188484,-7906.840194087053,6482.14000250578,12220.503356516761,-187500.02235174447,-187500.02235174447,-187500.02235174447,-187500.02235174447
$SILENCE,2518.460454757268,-7896.13370849296,6872.535571162173,12160.935957543368,-187500.02235174447,-187500.02235174447,-187500.02235174447,-187500.02235174447
$SILENCE,2672.9780641768057,-7835.113446129972,7291.720186677002,12129.576460072572,-187500.02235174447,-187500.02235174447,-187500.02235174447,-187500.02235174447
$SILENCE,2494.521736445634,-7843.271832856159,7014.3350379866415,12179.197332763355,-187500.02235174447,-187500.02235174447,-187500.02235174447,-187500.02235174447
$SILENCE,2287.0975479003846,-7900.693464361842,6509.006799341059,12223.207917595855,-187500.02235174447,-187500.02235174447,-187500.02235174447,-187500.02235174447
$SILENCE,2465.82209656502,-7907.980133054273,6760.218055274255,12167.216797735311,-187500.02235174447,-187500.02235174447,-187500.02235174447,-187500.02235174447
$SILENCE,2667.5242385297106,-7845.149379390405,7274.464639957505,12125.240221648244,-187500.02235174447,-187500.02235174447,-187500.02235174447,-187500.02235174447
$SILENCE,2533.3020130755917,-7836.990992664218,7106.4912803758725,12162.1205999995,-187500.02235174447,-187500.02235174447,-187500.02235174447,-187500.02235174447
$SILENCE,2304.7330742756217,-7891.573952624078,6592.06588173698,12203.672492941916,-187500.02235174447,-187500.02235174447,-187500.02235174447,-187500.02235174447
$SILENCE,2404.913592924308,-7911.936391822862,6667.3689088069095,12176.202199006344,-187500.02235174447,-187500.02235174447,-187500.02235174447,-187500.02235174447
$SILENCE,2661.2433983377696,-7857.196969651815,7214.718427028469,12123.027398947168,-187500.02235174447,-187500.02235174447,-187500.02235174447,-187500.02235174447
$SILENCE,2588.622580602477,-7831.872443183952,7196.322941341751,12149.424809148886,-187500.02235174447,-187500.02235174447,-187500.02235174447,-187500.02235174447
$SILENCE,2324.2014436961945,-7884.46609788729,6624.587669919452,12209.685112200394,-187500.02235174447,-187500.02235174447,-187500.02235174447,-187500.02235174447
$SILENCE,2361.0371185585404,-7924.14044429546,6555.63253827483,12191.289626513675,-187500.02235174447,-187500.02235174447,-187500.02235174447,-187500.02235174447
$SILENCE,2635.6953544253533,-7870.69742330282,7142.36583022664,12125.597849559528,-187500.02235174447,-187500.02235174447,-187500.02235174447,-187500.02235174447
$SILENCE,2616.3387437270576,-7834.867576940964,7240.489988385438,12133.77858803017,-187500.02235174447,-187500.02235174447,-187500.02235174447,-187500.02235174447
$SILENCE,2365.7086331496994,-7876.575932094566,6740.302650964577,12176.805696106638,-187500.02235174447,-187500.02235174447,-187500.02235174447,-187500.02235174447
$SILENCE,2319.909908760775,-7927.090874563561,6508.895040618782,12181.231341508788,-187500.02235174447,-187500.02235174447,-187500.02235174447,-187500.02235174447
$SILENCE,2607.129825011471,-7885.360167665502,7060.379631564574,12124.279096636665,-187500.02235174447,-187500.02235174447,-187500.02235174447,-187500.02235174447
$SILENCE,2652.7273837002977,-7838.086228142528,7282.578323194782,12120.658114034906,-187500.02235174447,-187500.02235174447,-187500.02235174447,-187500.02235174447
$SILENCE,2423.130264655383,-7865.2883011446365,6847.434562138863,12183.22064676531,-187500.02235174447,-187500.02235174447,-187500.02235174447,-187500.02235174447
$SILENCE,2302.7437690190995,-7922.955801839328,6481.692967616674,12202.040815596678,-187500.02235174447,-187500.02235174447,-187500.02235174447,-187500.02235174447
$SILENCE,2564.5050483352006,-7897.541868393644,6948.464447076852,12133.77858803017,-187500.02235174447,-187500.02235174447,-187500.02235174447,-187500.02235174447
$SILENCE,2675.794383978174,-7841.595452022011,7298.895096647156,12113.39379708693,-187500.02235174447,-187500.02235174447,-187500.02235174447,-187500.02235174447
$SILENCE,2461.195285462771,-7856.884045229441,6938.987307427801,12162.165303488411,-187500.02235174447,-187500.02235174447,-187500.02235174447,-187500.02235174447
$SILENCE,2293.378388092326,-7917.054941303128,6486.610351396841,12193.949484103858,-187500.02235174447,-187500.02235174447,-187500.02235174447,-187500.02235174447
$SILENCE,2514.660658199866,-7910.103548777527,6845.087628971056,12139.075951466079,-187500.02235174447,-187500.02235174447,-187500.02235174447,-187500.02235174447
$SILENCE,2685.4726893273223,-7849.329155603547,7301.39849202615,12109.795166229625,-187500.02235174447,-187500.02235174447,-187500.02235174447,-187500.02235174447
$SILENCE,2517.6781437013324,-7850.357335848491,7052.310651816208,12157.918472041902,-187500.02235174447,-187500.02235174447,-187500.02235174447,-187500.02235174447
$SILENCE,2292.1043386583733,-7908.47187143229,6521.948459380682,12202.063167341134,-187500.02235174447,-187500.02235174447,-187500.02235174447,-187500.02235174447
$SILENCE,2449.7064888127434,-7919.156005281927,6726.690438591295,12158.991355775757,-187500.02235174447,-187500.02235174447,-187500.02235174447,-187500.02235174447
$SILENCE,2682.38814859249,-7854.604167295,7262.394697951639,12114.44432907633,-187500.02235174447,-187500.02235174447,-187500.02235174447,-187500.02235174447
$SILENCE,2563.9239029793625,-7845.194082879315,7130.206481242953,12144.97681200228,-187500.02235174447,-187500.02235174447,-187500.02235174447,-187500.02235174447
$SILENCE,2315.6183738253562,-7898.301827705125,6588.579009601952,12189.389728234975,-187500.02235174447,-187500.02235174447,-187500.02235174447,-187500.02235174447
$SILENCE,2403.594840001445,-7925.61565942951,6633.997754335136,12166.769762846205,-187500.02235174447,-187500.02235174447,-187500.02235174447,-187500.02235174447
$SILENCE,2668.6641774969316,-7865.377708122458,7208.504642069894,12114.936067454348,-187500.02235174447,-187500.02235174447,-187500.02235174447,-187500.02235174447
$SILENCE,2607.5321564116666,-7840.12023688796,7205.040121679321,12134.672657808384,-187500.02235174447,-187500.02235174447,-187500.02235174447,-187500.02235174447
$SILENCE,2360.858304602898,-7885.851906043519,6700.024807456113,12185.277007255198,-187500.02235174447,-187500.02235174447,-187500.02235174447,-187500.02235174447
$SILENCE,2367.854400617409,-7922.374656483491,6595.061015493991,12178.07974554059,-187500.02235174447,-187500.02235174447,-187500.02235174447,-187500.02235174447
$SILENCE,2630.196825289348,-7877.402946639413,7120.394065427073,12122.714474524793,-187500.02235174447,-187500.02235174447,-187500.02235174447,-187500.02235174447
$SILENCE,2632.5214067127,-7835.806350208087,7259.86895082819,12127.87772749397,-187500.02235174447,-187500.02235174447,-187500.02235174447,-187500.02235174447
$SILENCE,2368.2567320176045,-7875.570103594077,6736.23463347371,12188.965045090325,-187500.02235174447,-187500.02235174447,-187500.02235174447,-187500.02235174447
$SILENCE,2315.9983534810967,-7926.487377463267,6491.2148107546345,12191.244923024766,-187500.02235174447,-187500.02235174447,-187500.02235174447,-187500.02235174447
$SILENCE,2596.8033190731194,-7887.438879899845,7034.071628340677,12125.709608281804,-187500.02235174447,-187500.02235174447,-187500.02235174447,-187500.02235174447
$SILENCE,2657.6894709693756,-7837.773303720153,7293.5083262334265,12117.506518066708,-187500.02235174447,-187500.02235174447,-187500.02235174447,-187500.02235174447
$SILENCE,2434.6190613054114,-7865.4671151002785,6870.747431605749,12177.140972273466,-187500.02235174447,-187500.02235174447,-187500.02235174447,-187500.02235174447
$SILENCE,2304.59896380889,-7921.480586705278,6486.029206041004,12204.924190631413,-187500.02235174447,-187500.02235174447,-187500.02235174447,-187500.02235174447
$SILENCE,2546.467190559768,-7896.513688148701,6926.090350877089,12140.752332300226,-187500.02235174447,-187500.02235174447,-187500.02235174447,-187500.02235174447
$SILENCE,2668.552418774655,-7838.622670009455,7301.39849202615,12117.081834922057,-187500.02235174447,-187500.02235174447,-187500.02235174447,-187500.02235174447
$SILENCE,2470.694776856277,-7852.324289360558,6970.212694431865,12167.440315179863,-187500.02235174447,-187500.02235174447,-187500.02235174447,-187500.02235174447
$SILENCE,2293.0431119254963,-7912.539888923156,6497.540354435487,12203.091347586078,-187500.02235174447,-187500.02235174447,-187500.02235174447,-187500.02235174447
$SILENCE,2497.2486492691814,-7907.175470253882,6821.618297292984,12149.69303008235,-187500.02235174447,-187500.02235174447,-187500.02235174447,-187500.02235174447
$SILENCE,2681.091747414082,-7846.222263124259,7301.309085048329,12116.500689566219,-187500.02235174447,-187500.02235174447,-187500.02235174447,-187500.02235174447
$SILENCE,2529.815140940564,-7847.608071280489,7068.538018290761,12158.253748208732,-187500.02235174447,-187500.02235174447,-187500.02235174447,-187500.02235174447
$SILENCE,2305.984771965119,-7902.772176596186,6543.719058480151,12203.583085964096,-187500.02235174447,-187500.02235174447,-187500.02235174447,-187500.02235174447
$SILENCE,2449.7064888127434,-7919.826557615585,6715.827490786015,12163.573463389095,-187500.02235174447,-187500.02235174447,-187500.02235174447,-187500.02235174447
$SILENCE,2669.871171697518,-7859.409792352891,7254.213959480997,12101.189744614334,-187500.02235174447,-187500.02235174447,-187500.02235174447,-187500.02235174447
$SILENCE,2562.515743078678,-7840.79078922162,7147.8196558737345,12140.417056133398,-187500.02235174447,-187500.02235174447,-187500.02235174447,-187500.02235174447
$SILENCE,2334.3938391678143,-7894.390272425446,6618.686809383251,12208.053434855156,-187500.02235174447,-187500.02235174447,-187500.02235174447,-187500.02235174447
$SILENCE,2398.4092352878138,-7925.056865818127,6619.871451839382,12181.723079886804,-187500.02235174447,-187500.02235174447,-187500.02235174447,-187500.02235174447
$SILENCE,2656.929511657895,-7868.953987235307,7197.217011119964,12116.903020966414,-187500.02235174447,-187500.02235174447,-187500.02235174447,-187500.02235174447
$SILENCE,2611.6001739025323,-7839.1144083874715,7223.055627710299,12135.298506653131,-187500.02235174447,-187500.02235174447,-187500.02235174447,-187500.02235174447
$SILENCE,2371.7659558970877,-7882.968531008784,6708.0490837155685,12198.039853339178,-187500.02235174447,-187500.02235174447,-187500.02235174447,-187500.02235174447
$SILENCE,2353.1693045102725,-7928.074351319594,6546.513026537064,12185.79109737767,-187500.02235174447,-187500.02235174447,-187500.02235174447,-187500.02235174447
$SILENCE,2630.196825289348,-7880.286321674147,7107.966495509922,12120.479300079263,-187500.02235174447,-187500.02235174447,-187500.02235174447,-187500.02235174447
$SILENCE,2648.391145275968,-7838.130931631438,7268.809648610312,12126.78249201566,-187500.02235174447,-187500.02235174447,-187500.02235174447,-187500.02235174447
não,2408.534575526068,-7873.357280893002,6797.567820259073,12183.578274676594,-187500.02235174447,-187500.02235174447,-187500.02235174447,-187500.02235174447
não,2339.422981670258,-7930.130711809482,6508.224488285124,12192.295455014164,-187500.02235174447,-187500.02235174447,-187500.02235174447,-187500.02235174447
não,2599.530231896667,-7896.17841198187,7022.739293901836,12125.866070492992,-187500.02235174447,-187500.02235174447,-187500.02235174447,-187500.02235174447
não,2677.3143026011353,-7840.410809565879,7304.237163571974,12116.165413399389,-187500.02235174447,-187500.02235174447,-187500.02235174447,-187500.02235174447
não,2464.9056750423524,-7862.98607146574,6906.599629712061,12177.11862052901,-187500.02235174447,-187500.02235174447,-187500.02235174447,-187500.02235174447
não,2316.4230366257475,-7922.620525672499,6495.059310800947,12201.839649896581,-187500.02235174447,-187500.02235174447,-187500.02235174447,-187500.02235174447
não,2545.7295829927425,-7905.052054530627,6903.358626766041,12139.29946891063,-187500.02235174447,-187500.02235174447,-187500.02235174447,-187500.02235174447
não,2685.7856137496965,-7845.305841601592,7307.20994558453,12118.199422144822,-187500.02235174447,-187500.02235174447,-187500.02235174447,-187500.02235174447
não,2496.421634724335,-7856.124085917961,7002.063930280678,12164.735754100771,-187500.02235174447,-187500.02235174447,-187500.02235174447,-187500.02235174447
não,2307.214117910161,-7916.540851180655,6508.090377818391,12205.304170287154,-187500.02235174447,-187500.02235174447,-187500.02235174447,-187500.02235174447
não,2500.9590388487627,-7916.317333736102,6792.3375120565315,12157.829065064081,-187500.02235174447,-187500.02235174447,-187500.02235174447,-187500.02235174447
não,2696.8050237661632,-7855.095905673016,7287.540410463859,12120.434596590352,-187500.02235174447,-187500.02235174447,-187500.02235174447,-187500.02235174447
não,2542.600338769,-7850.111466659483,7093.9743034809,12154.275137695688,-187500.02235174447,-187500.02235174447,-187500.02235174447,-187500.02235174447
não,2320.6475163278005,-7901.766348095697,6568.01540470307,12207.919324388424,-187500.02235174447,-187500.02235174447,-187500.02235174447,-187500.02235174447
não,2453.1933609477715,-7920.251240760236,6688.670121272818,12173.184713504877,-187500.02235174447,-187500.02235174447,-187500.02235174447,-187500.02235174447
não,2687.3502358615683,-7861.756725520698,7240.221767451974,12116.545393055128,-187500.02235174447,-187500.02235174447,-187500.02235174447,-187500.02235174447
não,2589.4048916584125,-7846.177559635349,7177.391013788107,12145.021515491191,-187500.02235174447,-187500.02235174447,-187500.02235174447,-187500.02235174447
não,2337.456028158191,-7898.123013749482,6640.233891038167,12199.783289406692,-187500.02235174447,-187500.02235174447,-187500.02235174447,-187500.02235174447
não,2387.076900848973,-7934.399895000446,6587.416718890277,12175.755164117238,-187500.02235174447,-187500.02235174447,-187500.02235174447,-187500.02235174447
não,2664.2832355836913,-7879.168734451382,7165.030499104321,12115.293695365632,-187500.02235174447,-187500.02235174447,-187500.02235174447,-187500.02235174447
não,2632.6108136905214,-7846.356373590991,7231.795159792324,12131.655172306917,-187500.02235174447,-187500.02235174447,-187500.02235174447,-187500.02235174447
não,2379.6561216898112,-7887.058900244106,6721.460130388753,12190.820239880115,-187500.02235174447,-187500.02235174447,-187500.02235174447,-187500.02235174447
não,2352.5881591544344,-7935.562185712121,6534.443084531198,12186.327539244598,-187500.02235174447,-187500.02235174447,-187500.02235174447,-187500.02235174447
não,2632.2978892681467,-7888.981150267262,7092.610847069126,12123.765006514193,-187500.02235174447,-187500.02235174447,-187500.02235174447,-187500.02235174447
não,2670.7652414757304,-7841.416638066368,7281.326625505284,12132.348076385031,-187500.02235174447,-187500.02235174447,-187500.02235174447,-187500.02235174447
não,2423.0632094220173,-7881.158039707904,6810.1295006429555,12173.855265838536,-187500.02235174447,-187500.02235174447,-187500.02235174447,-187500.02235174447
não,2323.5755948514457,-7939.741961925264,6485.358653707344,12191.200219535855,-187500.02235174447,-187500.02235174447,-187500.02235174447,-187500.02235174447
não,2592.6682463488874,-7905.856717331018,6981.2321044483315,12131.252840906722,-187500.02235174447,-187500.02235174447,-187500.02235174447,-187500.02235174447
não,2683.8857154709954,-7847.31749860257,7300.102090847742,12114.578439543062,-187500.02235174447,-187500.02235174447,-187500.02235174447,-187500.02235174447
não,2473.175820490816,-7869.021042468673,6921.150615352466,12166.635652379473,-187500.02235174447,-187500.02235174447,-187500.02235174447,-187500.02235174447
não,2308.443463855203,-7930.220118787303,6488.152621764258,12201.727891174305,-187500.02235174447,-187500.02235174447,-187500.02235174447,-187500.02235174447
não,2538.5099695336785,-7917.367865725502,6873.2284752402875,12143.702762568328,-187500.02235174447,-187500.02235174447,-187500.02235174447,-187500.02235174447
não,2693.094634186582,-7857.152266162904,7292.904829133133,12106.77768072816,-187500.02235174447,-187500.02235174447,-187500.02235174447,-187500.02235174447
não,2516.0464663560947,-7861.7120220317875,7021.599354934616,12155.728001085283,-187500.02235174447,-187500.02235174447,-187500.02235174447,-187500.02235174447
não,2318.3452866489038,-7918.597211670543,6531.224433329634,12207.94167613288,-187500.02235174447,-187500.02235174447,-187500.02235174447,-187500.02235174447
não,2488.39735846488,-7922.642877416954,6771.215113546266,12157.426733663886,-187500.02235174447,-187500.02235174447,-187500.02235174447,-187500.02235174447
não,2684.4668608268335,-7860.1250481754605,7272.989424823454,12108.319951095576,-187500.02235174447,-187500.02235174447,-187500.02235174447,-187500.02235174447
não,2552.300995862603,-7853.263062627681,7101.529193106794,12140.595870089039,-187500.02235174447,-187500.02235174447,-187500.02235174447,-187500.02235174447
não,2336.0031647685964,-7904.783833597164,6609.16496624529,12204.007769108746,-187500.02235174447,-187500.02235174447,-187500.02235174447,-187500.02235174447
não,2421.073904165495,-7927.761426897219,6686.144374149368,12171.396573948452,-187500.02235174447,-187500.02235174447,-187500.02235174447,-187500.02235174447
não,2665.6243402510095,-7871.256216914203,7229.5823370912485,12118.333532611554,-187500.02235174447,-187500.02235174447,-187500.02235174447,-187500.02235174447
não,2586.3427026680356,-7846.132856146438,7186.778746459335,12135.723189797782,-187500.02235174447,-187500.02235174447,-187500.02235174447,-187500.02235174447
não,2317.7864930375213,-7901.453423673323,6611.668361624284,12197.838687639081,-187500.02235174447,-187500.02235174447,-187500.02235174447,-187500.02235174447
não,2364.859266860398,-7938.646726446954,6558.426506331743,12190.820239880115,-187500.02235174447,-187500.02235174447,-187500.02235174447,-187500.02235174447
não,2644.613700463021,-7883.504972875711,7141.918795337534,12124.547317570128,-187500.02235174447,-187500.02235174447,-187500.02235174447,-187500.02235174447
não,2620.4067612179233,-7848.882120714441,7234.43266563805,12134.359733386009,-187500.02235174447,-187500.02235174447,-187500.02235174447,-187500.02235174447
não,2370.1566302963056,-7888.400004911424,6738.134531752412,12194.329463759597,-187500.02235174447,-187500.02235174447,-187500.02235174447,-187500.02235174447
não,2332.493940889113,-7936.791531657163,6512.784244154006,12193.591856192572,-187500.02235174447,-187500.02235174447,-187500.02235174447,-187500.02235174447
não,2606.7945488446417,-7896.714853848798,7049.717849459393,12127.274230393676,-187500.02235174447,-187500.02235174447,-187500.02235174447,-187500.02235174447
não,2653.9567296453392,-7848.725658503254,7273.324700990284,12131.699875795828,-187500.02235174447,-187500.02235174447,-187500.02235174447,-187500.02235174447
não,2415.7318372406767,-7877.805278039608,6842.181902191866,12195.871734127013,-187500.02235174447,-187500.02235174447,-187500.02235174447,-187500.02235174447
não,2293.087815414407,-7932.611755444022,6488.197325253168,12217.664684970938,-187500.02235174447,-187500.02235174447,-187500.02235174447,-187500.02235174447
não,2552.8821412184407,-7905.163813252904,6950.18553139991,12150.318878927099,-187500.02235174447,-187500.02235174447,-187500.02235174447,-187500.02235174447
não,2649.2181598208144,-7851.989013193729,7282.287750516863,12132.057503707112,-187500.02235174447,-187500.02235174447,-187500.02235174447,-187500.02235174447
não,2438.7094305407322,-7867.612882567988,6925.531557265706,12181.097231042057,-187500.02235174447,-187500.02235174447,-187500.02235174447,-187500.02235174447
não,2274.245294838583,-7924.833348373574,6480.374214693811,12212.948466890868,-187500.02235174447,-187500.02235174447,-187500.02235174447,-187500.02235174447
não,2485.715149130243,-7917.23375525877,6828.815559007592,12154.521006884695,-187500.02235174447,-187500.02235174447,-187500.02235174447,-187500.02235174447
não,2649.039345865172,-7858.515722574678,7274.710509146513,12129.308239139109,-187500.02235174447,-187500.02235174447,-187500.02235174447,-187500.02235174447
não,2484.01641655164,-7859.610958052988,7028.1931195489315,12184.606454921539,-187500.02235174447,-187500.02235174447,-187500.02235174447,-187500.02235174447
não,2263.538809244491,-7917.881955847974,6507.352770251367,12224.929001918914,-187500.02235174447,-187500.02235174447,-187500.02235174447,-187500.02235174447
não,2418.4811018086793,-7930.220118787303,6713.27939191811,12176.60453040654,-187500.02235174447,-187500.02235174447,-187500.02235174447,-187500.02235174447
não,2634.0189735912054,-7864.84126625553,7241.160540719097,12130.202308917322,-187500.02235174447,-187500.02235174447,-187500.02235174447,-187500.02235174447
não,2503.462434227757,-7853.240710883226,7107.832385043191,12165.093382012055,-187500.02235174447,-187500.02235174447,-187500.02235174447,-187500.02235174447
não,2263.628216222312,-7908.13659526546,6565.310843623977,12217.105891359555,-187500.02235174447,-187500.02235174447,-187500.02235174447,-187500.02235174447
não,2344.340365450426,-7936.165682812415,6614.59644014793,12183.51121944323,-187500.02235174447,-187500.02235174447,-187500.02235174447,-187500.02235174447
não,2588.868449791485,-7876.285359416647,7176.2287230764305,12120.322837868076,-187500.02235174447,-187500.02235174447,-187500.02235174447,-187500.02235174447
não,2509.005666852673,-7850.6032050375,7158.995528101388,12133.644477563439,-187500.02235174447,-187500.02235174447,-187500.02235174447,-187500.02235174447
não,2251.893550383276,-7899.598228883533,6634.131864801868,12196.899914371957,-187500.02235174447,-187500.02235174447,-187500.02235174447,-187500.02235174447
não,2261.30363479896,-7944.5252352387,6524.474206504132,12186.573408433605,-187500.02235174447,-187500.02235174447,-187500.02235174447,-187500.02235174447
não,2555.005556941695,-7893.429147413868,7111.609829856137,12119.138195411944,-187500.02235174447,-187500.02235174447,-187500.02235174447,-187500.02235174447
não,2546.3330800930357,-7849.418562581368,7253.118724002687,12130.269364150688,-187500.02235174447,-187500.02235174447,-187500.02235174447,-187500.02235174447
não,2263.6505679667675,-7890.970455523784,6715.536918108096,12188.473306712307,-187500.02235174447,-187500.02235174447,-187500.02235174447,-187500.02235174447
não,2199.5904683578574,-7942.155950326437,6454.580301592387,12193.323635259108,-187500.02235174447,-187500.02235174447,-187500.02235174447,-187500.02235174447
não,2460.860009295942,-7901.22990622877,6980.338034670119,12135.320858397587,-187500.02235174447,-187500.02235174447,-187500.02235174447,-187500.02235174447
não,2521.8579199144747,-7852.391344593924,7233.493892370927,12126.961305971303,-187500.02235174447,-187500.02235174447,-187500.02235174447,-187500.02235174447
não,2299.2345451396163,-7881.090984474538,6823.607602549506,12186.573408433605,-187500.02235174447,-187500.02235174447,-187500.02235174447,-187500.02235174447
não,2158.016223670986,-7938.423209002401,6444.589071820864,12210.981513378802,-187500.02235174447,-187500.02235174447,-187500.02235174447,-187500.02235174447
não,2400.4432440332466,-7917.144348280949,6882.1468212779555,12146.273213180688,-187500.02235174447,-187500.02235174447,-187500.02235174447,-187500.02235174447
não,2524.048390871095,-7856.794638251619,7248.916596045089,12120.702817523816,-187500.02235174447,-187500.02235174447,-187500.02235174447,-187500.02235174447
não,2322.7485803065993,-7869.445725613324,6920.122435107522,12175.26342573922,-187500.02235174447,-187500.02235174447,-187500.02235174447,-187500.02235174447
não,2139.352517050805,-7929.661325175921,6452.255720169034,12215.004827380757,-187500.02235174447,-187500.02235174447,-187500.02235174447,-187500.02235174447
não,2330.8175600549653,-7923.268726261703,6764.15196229839,12158.20904471982,-187500.02235174447,-187500.02235174447,-187500.02235174447,-187500.02235174447
não,2502.523660960634,-7857.487542329734,7231.102255714209,12121.149852412922,-187500.02235174447,-187500.02235174447,-187500.02235174447,-187500.02235174447
não,2345.3461939509148,-7858.001632452207,7004.790843104225,12165.875693067992,-187500.02235174447,-187500.02235174447,-187500.02235174447,-187500.02235174447
não,2126.2096913110845,-7916.920830836396,6485.202191496157,12222.582068751106,-187500.02235174447,-187500.02235174447,-187500.02235174447,-187500.02235174447
não,2275.4299372947144,-7932.790569399664,6660.395164536854,12186.998091578256,-187500.02235174447,-187500.02235174447,-187500.02235174447,-187500.02235174447
não,2501.786053393609,-7868.171676179371,7200.681531510536,12129.44234960584,-187500.02235174447,-187500.02235174447,-187500.02235174447,-187500.02235174447
não,2386.1157758373947,-7854.470056828268,7094.35428313664,12158.812541820114,-187500.02235174447,-187500.02235174447,-187500.02235174447,-187500.02235174447
não,2132.9152146476763,-7909.321237721591,6548.256462604579,12206.868792399026,-187500.02235174447,-187500.02235174447,-187500.02235174447,-187500.02235174447
não,2206.8100818169214,-7936.970345612806,6562.20395114469,12191.177867791399,-187500.02235174447,-187500.02235174447,-187500.02235174447,-187500.02235174447
não,2476.3274164590143,-7877.045318728128,7136.286155734797,12134.538547341652,-187500.02235174447,-187500.02235174447,-187500.02235174447,-187500.02235174447
não,2426.751247257143,-7848.2115683807815,7159.777839157324,12143.12161721249,-187500.02235174447,-187500.02235174447,-187500.02235174447,-187500.02235174447
não,2165.839334230344,-7894.837307314552,6642.334955016966,12199.291551028677,-187500.02235174447,-187500.02235174447,-187500.02235174447,-187500.02235174447
não,2160.541970794436,-7939.09376133606,6490.812479354439,12206.354702276552,-187500.02235174447,-187500.02235174447,-187500.02235174447,-187500.02235174447
não,2442.9339102427853,-7889.808164812108,7053.517646016794,12141.378181144975,-187500.02235174447,-187500.02235174447,-187500.02235174447,-187500.02235174447
não,2457.1496197163606,-7844.389420078925,7208.5716973032595,12145.222681191288,-187500.02235174447,-187500.02235174447,-187500.02235174447,-187500.02235174447
não,2220.176425001195,-7880.241618185237,6737.28516546311,12208.723987188816,-187500.02235174447,-187500.02235174447,-187500.02235174447,-187500.02235174447
não,2139.2631100729836,-7937.685601435376,6445.304327643434,12220.36924605003,-187500.02235174447,-187500.02235174447,-187500.02235174447,-187500.02235174447
não,2400.532651011068,-7894.680845103365,6959.170932670943,12155.750352829738,-187500.02235174447,-187500.02235174447,-187500.02235174447,-187500.02235174447
não,2484.239933996193,-7841.953079933296,7247.284918699851,12141.109960211512,-187500.02235174447,-187500.02235174447,-187500.02235174447,-187500.02235174447
não,2265.483411012103,-7868.953987235307,6851.368469162998,12203.292513286176,-187500.02235174447,-187500.02235174447,-187500.02235174447,-187500.02235174447
não,2126.455560500093,-7926.800301885642,6441.504531086031,12226.359513564053,-187500.02235174447,-187500.02235174447,-187500.02235174447,-187500.02235174447
não,2366.08861280544,-7909.522403421689,6850.362640662509,12159.192521475856,-187500.02235174447,-187500.02235174447,-187500.02235174447,-187500.02235174447
não,2499.886155114908,-7848.45743756979,7253.163427491597,12137.69014330985,-187500.02235174447,-187500.02235174447,-187500.02235174447,-187500.02235174447
não,2312.533833090524,-7861.801429009609,6948.397391843485,12186.863981111524,-187500.02235174447,-187500.02235174447,-187500.02235174447,-187500.02235174447
não,2114.4973772165035,-7921.659400660921,6461.397583651255,12230.718103732837,-187500.02235174447,-187500.02235174447,-187500.02235174447,-187500.02235174447
não,2300.5756498069345,-7913.478662190279,6742.135494009912,12183.086536298579,-187500.02235174447,-187500.02235174447,-187500.02235174447,-187500.02235174447
não,2506.5916784515,-7853.151303905404,7232.219842936975,12136.080817709068,-187500.02235174447,-187500.02235174447,-187500.02235174447,-187500.02235174447
não,2357.974929568163,-7848.837417225531,7039.480750498861,12188.853286368047,-187500.02235174447,-187500.02235174447,-187500.02235174447,-187500.02235174447
não,2131.0823716023415,-7902.928638807373,6512.560726709453,12234.249679356775,-187500.02235174447,-187500.02235174447,-187500.02235174447,-187500.02235174447
não,2247.8031811479545,-7920.4077029714235,6636.1435218028455,12187.489829956274,-187500.02235174447,-187500.02235174447,-187500.02235174447,-187500.02235174447
não,2488.39735846488,-7862.606091809999,7190.913819183567,12145.826178291582,-187500.02235174447,-187500.02235174447,-187500.02235174447,-187500.02235174447
não,2407.23817434766,-7849.530321303645,7124.238565473386,12170.815428592614,-187500.02235174447,-187500.02235174447,-187500.02235174447,-187500.02235174447
não,2153.8140957133887,-7897.519516649189,6590.568314858475,12233.46736830084,-187500.02235174447,-187500.02235174447,-187500.02235174447,-187500.02235174447
não,2201.8032910589327,-7930.376580998491,6551.989203928614,12213.909591902446,-187500.02235174447,-187500.02235174447,-187500.02235174447,-187500.02235174447
não,2470.8959425563744,-7869.088097702039,7125.579670140704,12144.775646302181,-187500.02235174447,-187500.02235174447,-187500.02235174447,-187500.02235174447
não,2441.1904741752714,-7838.622670009455,7189.684473238525,12161.874730810492,-187500.02235174447,-187500.02235174447,-187500.02235174447,-187500.02235174447
não,2195.857727033821,-7886.813031055097,6681.674025258306,12219.497528016273,-187500.02235174447,-187500.02235174447,-187500.02235174447,-187500.02235174447
não,2164.2970638629276,-7931.717685665809,6487.794993852973,12217.195298337378,-187500.02235174447,-187500.02235174447,-187500.02235174447,-187500.02235174447
não,2437.077753195495,-7886.634217099455,7041.53711098875,12151.347059172042,-187500.02235174447,-187500.02235174447,-187500.02235174447,-187500.02235174447
não,2459.720070328721,-7843.249481111704,7228.777674290857,12152.26348069471,-187500.02235174447,-187500.02235174447,-187500.02235174447,-187500.02235174447
não,2238.437800221181,-7875.41364138289,6779.82053516156,12211.003865123257,-187500.02235174447,-187500.02235174447,-187500.02235174447,-187500.02235174447
não,2141.475932774059,-7928.811958886619,6449.662917812218,12223.744359462782,-187500.02235174447,-187500.02235174447,-187500.02235174447,-187500.02235174447
não,2390.85434566192,-7896.1113567485045,6929.018429400734,12147.63666959246,-187500.02235174447,-187500.02235174447,-187500.02235174447,-187500.02235174447
não,2484.105823529461,-7845.6858212573325,7245.072095998776,12143.59100384605,-187500.02235174447,-187500.02235174447,-187500.02235174447,-187500.02235174447
não,2269.953759903164,-7867.903455245907,6880.895123588458,12211.98734187929,-187500.02235174447,-187500.02235174447,-187500.02235174447,-187500.02235174447
não,2118.61009819628,-7921.704104149831,6450.8922637572605,12246.163159151454,-187500.02235174447,-187500.02235174447,-187500.02235174447,-187500.02235174447
não,2357.9972813126187,-7906.013179542206,6834.917585243891,12179.040870552168,-187500.02235174447,-187500.02235174447,-187500.02235174447,-187500.02235174447
não,2499.953210348274,-7846.848111969008,7257.2314449824635,12146.273213180688,-187500.02235174447,-187500.02235174447,-187500.02235174447,-187500.02235174447
não,2322.79328379551,-7854.872388228463,6969.050403720189,12180.806658364138,-187500.02235174447,-187500.02235174447,-187500.02235174447,-187500.02235174447
não,2122.7451709205116,-7917.479624447778,6470.740612833573,12229.265240343242,-187500.02235174447,-187500.02235174447,-187500.02235174447,-187500.02235174447
não,2305.0459986979963,-7926.8673571190075,6718.2638309316435,12180.627844408495,-187500.02235174447,-187500.02235174447,-187500.02235174447,-187500.02235174447
não,2515.599431466989,-7859.432144097346,7231.884566770144,12133.286849652153,-187500.02235174447,-187500.02235174447,-187500.02235174447,-187500.02235174447
não,2394.8329561749647,-7849.575024792555,7068.87329445759,12167.619129135506,-187500.02235174447,-187500.02235174447,-187500.02235174447,-187500.02235174447
não,2148.986118911042,-7911.891688333952,6530.687991462707,12216.32358030362,-187500.02235174447,-187500.02235174447,-187500.02235174447,-187500.02235174447
não,2253.4581724951477,-7936.031572345683,6615.468158181687,12178.191504262866,-187500.02235174447,-187500.02235174447,-187500.02235174447,-187500.02235174447
não,2518.7063239462764,-7865.333004633547,7190.735005227924,12136.416093875898,-187500.02235174447,-187500.02235174447,-187500.02235174447,-187500.02235174447
não,2431.936851970774,-7846.669298013366,7145.5844814282045,12163.439352922363,-187500.02235174447,-187500.02235174447,-187500.02235174447,-187500.02235174447
não,2195.410692144715,-7891.886877046451,6632.634297923362,12222.93969666239,-187500.02235174447,-187500.02235174447,-187500.02235174447,-187500.02235174447
não,2212.465073164114,-7920.4077029714235,6567.68012853624,12212.076748857111,-187500.02235174447,-187500.02235174447,-187500.02235174447,-187500.02235174447
não,2451.8299045359977,-7869.669243057877,7104.949010008456,12155.571538874095,-187500.02235174447,-187500.02235174447,-187500.02235174447,-187500.02235174447
não,2441.324584642003,-7831.0677803835615,7221.848633509712,12165.272195967698,-187500.02235174447,-187500.02235174447,-187500.02235174447,-187500.02235174447
não,2174.869438990288,-7878.766403051187,6687.016092183125,12213.954295391357,-187500.02235174447,-187500.02235174447,-187500.02235174447,-187500.02235174447
não,2151.6683282456793,-7926.174453040893,6494.56757242293,12215.049530869668,-187500.02235174447,-187500.02235174447,-187500.02235174447,-187500.02235174447
não,2421.878566965886,-7877.000615239217,7009.440005950929,12177.856228096036,-187500.02235174447,-187500.02235174447,-187500.02235174447,-187500.02235174447
não,2486.20688750826,-7828.162053604371,7266.283901486862,12150.900024282935,-187500.02235174447,-187500.02235174447,-187500.02235174447,-187500.02235174447
não,2234.3697827303154,-7862.516684832179,6797.545468514618,12208.344007533075,-187500.02235174447,-187500.02235174447,-187500.02235174447,-187500.02235174447
não,2135.284499559939,-7919.535984937666,6472.908732045738,12221.486833272797,-187500.02235174447,-187500.02235174447,-187500.02235174447,-187500.02235174447
não,2372.1012320639175,-7895.686673603854,6899.000036597256,12171.396573948452,-187500.02235174447,-187500.02235174447,-187500.02235174447,-187500.02235174447
não,2502.4119022383575,-7839.69555374331,7247.106104744209,12161.472399410297,-187500.02235174447,-187500.02235174447,-187500.02235174447,-187500.02235174447
não,2291.88082121382,-7854.201835894804,6899.64823718646,12203.806603408648,-187500.02235174447,-187500.02235174447,-187500.02235174447,-187500.02235174447
não,2113.2233277825508,-7914.059807546117,6455.362612648322,12220.32454256112,-187500.02235174447,-187500.02235174447,-187500.02235174447,-187500.02235174447
não,2327.755371064588,-7905.633199886465,6799.49007028223,12160.555977887629,-187500.02235174447,-187500.02235174447,-187500.02235174447,-187500.02235174447
não,2498.276829514126,-7845.059972412583,7253.632814125159,12146.586137603063,-187500.02235174447,-187500.02235174447,-187500.02235174447,-187500.02235174447
não,2337.858359558387,-7850.424391081857,7004.232049492843,12188.406251478942,-187500.02235174447,-187500.02235174447,-187500.02235174447,-187500.02235174447
não,2112.8209963823556,-7908.427167943379,6482.7658513505285,12223.230269340309,-187500.02235174447,-187500.02235174447,-187500.02235174447,-187500.02235174447
não,2251.759439916544,-7920.385351226968,6686.993740438669,12175.844571095058,-187500.02235174447,-187500.02235174447,-187500.02235174447,-187500.02235174447
não,2505.854070884475,-7851.072591671061,7242.948680275522,12166.166265745911,-187500.02235174447,-187500.02235174447,-187500.02235174447,-187500.02235174447
não,2390.13908983935,-7840.276699099148,7096.88003026009,12181.387803719976,-187500.02235174447,-187500.02235174447,-187500.02235174447,-187500.02235174447
não,2133.272842558961,-7893.831478814063,6552.547997539998,12227.030065897712,-187500.02235174447,-187500.02235174447,-187500.02235174447,-187500.02235174447
não,2224.9596983146307,-7913.657476145921,6606.348646443921,12192.720138158815,-187500.02235174447,-187500.02235174447,-187500.02235174447,-187500.02235174447
não,2486.855088097464,-7857.688708029832,7176.049909120788,12130.425826361874,-187500.02235174447,-187500.02235174447,-187500.02235174447,-187500.02235174447
não,2421.3421250989586,-7836.476902541745,7156.536836211305,12148.463684137307,-187500.02235174447,-187500.02235174447,-187500.02235174447,-187500.02235174447
não,2175.0482529459305,-7881.046280985628,6644.726591673683,12218.715216960338,-187500.02235174447,-187500.02235174447,-187500.02235174447,-187500.02235174447
não,2176.5234680799804,-7924.006333828728,6530.710343207163,12209.774519178214,-187500.02235174447,-187500.02235174447,-187500.02235174447,-187500.02235174447
não,2462.2905209410815,-7873.513743104189,7103.987884996878,12142.384009645464,-187500.02235174447,-187500.02235174447,-187500.02235174447,-187500.02235174447
não,2471.9911780346847,-7831.447760039301,7230.655220825103,12154.364544673508,-187500.02235174447,-187500.02235174447,-187500.02235174447,-187500.02235174447
não,2216.1754627436953,-7873.871371015474,6744.303613222077,12215.049530869668,-187500.02235174447,-187500.02235174447,-187500.02235174447,-187500.02235174447
não,2144.7839909534446,-7921.659400660921,6475.814458824928,12218.93873440489,-187500.02235174447,-187500.02235174447,-187500.02235174447,-187500.02235174447
não,2426.1253984123946,-7879.928693762862,7014.96088683139,12149.715381826805,-187500.02235174447,-187500.02235174447,-187500.02235174447,-187500.02235174447
não,2493.3817974784133,-7826.955059403785,7289.239143042463,12145.468550380296,-187500.02235174447,-187500.02235174447,-187500.02235174447,-187500.02235174447
não,2244.0927915683737,-7861.041469698128,6817.125596657467,12208.947504633368,-187500.02235174447,-187500.02235174447,-187500.02235174447,-187500.02235174447
não,2126.7237814335563,-7915.333856980069,6468.840714554873,12230.919269432936,-187500.02235174447,-187500.02235174447,-187500.02235174447,-187500.02235174447
não,2357.930226079253,-7892.311560191102,6879.084632287578,12168.043812280157,-187500.02235174447,-187500.02235174447,-187500.02235174447,-187500.02235174447
não,2503.3506755054805,-7837.0580478975835,7286.400471496639,12147.346096914542,-187500.02235174447,-187500.02235174447,-187500.02235174447,-187500.02235174447
não,2292.171393891739,-7848.680955014343,6924.883356676502,12192.787193392182,-187500.02235174447,-187500.02235174447,-187500.02235174447,-187500.02235174447
não,2118.297173773906,-7908.114243521005,6481.290636216479,12234.47319680133,-187500.02235174447,-187500.02235174447,-187500.02235174447,-187500.02235174447
não,2304.889536486809,-7899.732339350265,6771.885665879926,12186.528704944696,-187500.02235174447,-187500.02235174447,-187500.02235174447,-187500.02235174447
não,2499.9979138371846,-7845.775228235153,7231.661049325592,12139.54533809964,-187500.02235174447,-187500.02235174447,-187500.02235174447,-187500.02235174447
não,2345.279138717549,-7840.723733988254,7030.5400527167385,12180.158457774933,-187500.02235174447,-187500.02235174447,-187500.02235174447,-187500.02235174447
não,2118.4759877295483,-7896.245467215236,6508.448005729677,12239.479987559318,-187500.02235174447,-187500.02235174447,-187500.02235174447,-187500.02235174447
não,2248.5854922038907,-7911.75757786722,6669.2241035967,12196.072899827112,-187500.02235174447,-187500.02235174447,-187500.02235174447,-187500.02235174447
não,2479.7695851051312,-7842.377763077947,7213.757302016891,12145.289736424655,-187500.02235174447,-187500.02235174447,-187500.02235174447,-187500.02235174447
não,2381.690130435244,-7832.45358853979,7113.397969412562,12169.988414047768,-187500.02235174447,-187500.02235174447,-187500.02235174447,-187500.02235174447
não,2148.7178979775786,-7889.048205500628,6581.605265331897,12226.806548453158,-187500.02235174447,-187500.02235174447,-187500.02235174447,-187500.02235174447
não,2211.146320241251,-7924.565127440111,6589.517782869075,12198.062205083634,-187500.02235174447,-187500.02235174447,-187500.02235174447,-187500.02235174447
não,2467.073794254517,-7864.818914511075,7159.934301368511,12140.752332300226,-187500.02235174447,-187500.02235174447,-187500.02235174447,-187500.02235174447
não,2423.085561166473,-7832.274774584148,7181.906066168078,12157.02440226369,-187500.02235174447,-187500.02235174447,-187500.02235174447,-187500.02235174447
não,2176.85874424681,-7876.978263494762,6662.116248859912,12221.0845018726,-187500.02235174447,-187500.02235174447,-187500.02235174447,-187500.02235174447
não,2165.1687818966843,-7928.834310631074,6494.634627656296,12199.55977196214,-187500.02235174447,-187500.02235174447,-187500.02235174447,-187500.02235174447
não,2450.5111516131346,-7876.620635583477,7089.660416801026,12148.910719026413,-187500.02235174447,-187500.02235174447,-187500.02235174447,-187500.02235174447
não,2462.3352244299917,-7831.917146672863,7259.19839849453,12165.361602945519,-187500.02235174447,-187500.02235174447,-187500.02235174447,-187500.02235174447
não,2219.0141342895195,-7866.294129645125,6782.614503218473,12233.109740389555,-187500.02235174447,-187500.02235174447,-187500.02235174447,-187500.02235174447
não,2143.644051986224,-7923.067560561605,6472.506400645542,12223.252621084765,-187500.02235174447,-187500.02235174447,-187500.02235174447,-187500.02235174447
não,2395.7046742087214,-7882.834420542053,6973.610159589071,12148.173111459388,-187500.02235174447,-187500.02235174447,-187500.02235174447,-187500.02235174447
não,2482.2059252507597,-7827.7820739486315,7261.880607829167,12141.646402078439,-187500.02235174447,-187500.02235174447,-187500.02235174447,-187500.02235174447
$SILENCE,2267.763288946544,-7856.571120807067,6866.232379225777,12181.991300820267,-187500.02235174447,-187500.02235174447,-187500.02235174447,-187500.02235174447
$SILENCE,2102.896821844199,-7917.211403514315,6458.469505127609,12207.092309843578,-187500.02235174447,-187500.02235174447,-187500.02235174447,-187500.02235174447
$SILENCE,2356.566769667479,-7903.75565335222,6881.2080480108325,12173.050603038146,-187500.02235174447,-187500.02235174447,-187500.02235174447,-187500.02235174447
$SILENCE,2513.4089605103686,-7837.393324064413,7318.899907934655,12155.728001085283,-187500.02235174447,-187500.02235174447,-187500.02235174447,-187500.02235174447
$SILENCE,2310.857452256376,-7848.189216636327,6973.766621800259,12188.607417179039,-187500.02235174447,-187500.02235174447,-187500.02235174447,-187500.02235174447
$SILENCE,2116.576089450847,-7912.5175371787,6495.528697434509,12224.526670518717,-187500.02235174447,-187500.02235174447,-187500.02235174447,-187500.02235174447
$SILENCE,2282.9177716872423,-7906.728435364776,6756.731183139227,12180.896065341958,-187500.02235174447,-187500.02235174447,-187500.02235174447,-187500.02235174447
$SILENCE,2498.075663814028,-7844.612937523478,7259.891302572644,12131.051675206623,-187500.02235174447,-187500.02235174447,-187500.02235174447,-187500.02235174447
$SILENCE,2372.4365082307468,-7842.355411333491,7072.673091014993,12176.135143772977,-187500.02235174447,-187500.02235174447,-187500.02235174447,-187500.02235174447
$SILENCE,2124.6674209436683,-7902.839231829552,6525.323572793433,12226.113644375044,-187500.02235174447,-187500.02235174447,-187500.02235174447,-187500.02235174447
$SILENCE,2239.734201399589,-7918.038418059161,6634.377733990877,12190.373204991009,-187500.02235174447,-187500.02235174447,-187500.02235174447,-187500.02235174447
$SILENCE,2490.8336986105082,-7859.074516186061,7207.409406591583,12150.900024282935,-187500.02235174447,-187500.02235174447,-187500.02235174447,-187500.02235174447
$SILENCE,2398.7445114546435,-7837.616841508966,7147.327917495718,12172.916492571414,-187500.02235174447,-187500.02235174447,-187500.02235174447,-187500.02235174447
$SILENCE,2143.353479308305,-7883.102641475516,6610.886050568349,12225.241926341287,-187500.02235174447,-187500.02235174447,-187500.02235174447,-187500.02235174447
$SILENCE,2193.1308142102735,-7917.971362825795,6575.749108284606,12202.59960920806,-187500.02235174447,-187500.02235174447,-187500.02235174447,-187500.02235174447
$SILENCE,2469.0854512554947,-7867.635234312444,7151.46299021995,12137.0642944651,-187500.02235174447,-187500.02235174447,-187500.02235174447,-187500.02235174447
$SILENCE,2427.310040868526,-7835.426370552346,7210.248078137408,12141.802864289626,-187500.02235174447,-187500.02235174447,-187500.02235174447,-187500.02235174447
$SILENCE,2167.0686801753855,-7869.803353524609,6698.482537088697,12213.641370968982,-187500.02235174447,-187500.02235174447,-187500.02235174447,-187500.02235174447
$SILENCE,2139.3301653063495,-7913.61277265701,6505.76579639504,12211.22738256781,-187500.02235174447,-187500.02235174447,-187500.02235174447,-187500.02235174447
$SILENCE,2417.0729419079953,-7874.072536715572,7056.624538496082,12157.73965808626,-187500.02235174447,-187500.02235174447,-187500.02235174447,-187500.02235174447
$SILENCE,2453.238064436682,-7828.497329771201,7261.321814217784,12176.157495517433,-187500.02235174447,-187500.02235174447,-187500.02235174447,-187500.02235174447
$SILENCE,2208.48646265107,-7858.091039430027,6805.972076174268,12203.13605107499,-187500.02235174447,-187500.02235174447,-187500.02235174447,-187500.02235174447
$SILENCE,2114.765598149967,-7916.85377560303,6476.28384545849,12210.22155406732,-187500.02235174447,-187500.02235174447,-187500.02235174447,-187500.02235174447
$SILENCE,2387.4792322491685,-7889.696406089832,6983.802555060692,12148.35192541503,-187500.02235174447,-187500.02235174447,-187500.02235174447,-187500.02235174447
$SILENCE,2480.082509527506,-7836.700419986299,7288.657997686625,12130.336419384053,-187500.02235174447,-187500.02235174447,-187500.02235174447,-187500.02235174447
$SILENCE,2255.0674980959297,-7852.525455060656,6908.276010546209,12194.195353292866,-187500.02235174447,-187500.02235174447,-187500.02235174447,-187500.02235174447
$SILENCE,2071.8726005402327,-7911.3105429781135,6465.197380208658,12217.821147182125,-187500.02235174447,-187500.02235174447,-187500.02235174447,-187500.02235174447
$SILENCE,2311.148024934295,-7896.84896431553,6849.423867395386,12159.036059264668,-187500.02235174447,-187500.02235174447,-187500.02235174447,-187500.02235174447
$SILENCE,2482.697663628777,-7837.035696153128,7295.8552594012335,12146.78730330316,-187500.02235174447,-187500.02235174447,-187500.02235174447,-187500.02235174447
$SILENCE,2305.850661498387,-7843.517702045167,7011.272848996264,12193.949484103858,-187500.02235174447,-187500.02235174447,-187500.02235174447,-187500.02235174447
$SILENCE,2096.6383333967133,-7897.966551538295,6508.157433051758,12230.919269432936,-187500.02235174447,-187500.02235174447,-187500.02235174447,-187500.02235174447
$SILENCE,2262.4212220217255,-7901.587534140055,6746.896415578892,12188.763879390226,-187500.02235174447,-187500.02235174447,-187500.02235174447,-187500.02235174447
$SILENCE,2475.9250850588187,-7839.628498509944,7259.176046750074,12132.772759529682,-187500.02235174447,-187500.02235174447,-187500.02235174447,-187500.02235174447
$SILENCE,2349.3024527195043,-7833.370010062458,7091.113280190621,12157.69495459735,-187500.02235174447,-187500.02235174447,-187500.02235174447,-187500.02235174447
$SILENCE,2099.2981909868945,-7891.797470068631,6555.744296997106,12208.835745911092,-187500.02235174447,-187500.02235174447,-187500.02235174447,-187500.02235174447
$SILENCE,2213.023866775497,-7922.844043117052,6654.024917367091,12189.389728234975,-187500.02235174447,-187500.02235174447,-187500.02235174447,-187500.02235174447
$SILENCE,2481.1553932613606,-7854.64887078391,7245.809703565801,12130.314067639598,-187500.02235174447,-187500.02235174447,-187500.02235174447,-187500.02235174447
$SILENCE,2402.432549289769,-7827.603259992989,7201.597953033203,12149.760085315715,-187500.02235174447,-187500.02235174447,-187500.02235174447,-187500.02235174447
$SILENCE,2145.5663020093803,-7881.694481574832,6644.45837074022,12208.925152888913,-187500.02235174447,-187500.02235174447,-187500.02235174447,-187500.02235174447
$SILENCE,2171.896656977732,-7915.333856980069,6582.767556043573,12194.17300154841,-187500.02235174447,-187500.02235174447,-187500.02235174447,-187500.02235174447
$SILENCE,2433.501474082646,-7865.377708122458,7108.100605976654,12131.92339324038,-187500.02235174447,-187500.02235174447,-187500.02235174447,-187500.02235174447
$SILENCE,2418.0340669195734,-7832.587699006522,7224.284973655341,12141.601698589528,-187500.02235174447,-187500.02235174447,-187500.02235174447,-187500.02235174447
$SILENCE,2165.481706319059,-7874.161943693393,6730.020848515135,12200.252676040254,-187500.02235174447,-187500.02235174447,-187500.02235174447,-187500.02235174447
$SILENCE,2118.341877262816,-7922.553470439133,6502.0777585599135,12204.454803997853,-187500.02235174447,-187500.02235174447,-187500.02235174447,-187500.02235174447
$SILENCE,2409.3168865820035,-7881.426260641368,7036.910299886501,12123.519137325186,-187500.02235174447,-187500.02235174447,-187500.02235174447,-187500.02235174447
$SILENCE,2463.2516459526596,-7834.30878332958,7273.481163201472,12129.487053094752,-187500.02235174447,-187500.02235174447,-187500.02235174447,-187500.02235174447
$SILENCE,2212.0403900194633,-7860.84030399803,6837.041000967146,12194.79885039316,-187500.02235174447,-187500.02235174447,-187500.02235174447,-187500.02235174447
$SILENCE,2100.9522200765873,-7915.8926505914515,6485.716281618629,12211.450900012363,-187500.02235174447,-187500.02235174447,-187500.02235174447,-187500.02235174447
$SILENCE,2359.204275513205,-7888.13178397796,6954.119438424044,12151.436466149864,-187500.02235174447,-187500.02235174447,-187500.02235174447,-187500.02235174447
$SILENCE,2459.943587773274,-7832.274774584148,7291.764890165912,12129.531756583663,-187500.02235174447,-187500.02235174447,-187500.02235174447,-187500.02235174447
$SILENCE,2258.1520388307617,-7852.659565527388,6942.295365607187,12179.89023684147,-187500.02235174447,-187500.02235174447,-187500.02235174447,-187500.02235174447
$SILENCE,2081.8191268228443,-7913.94804882384,6484.263418229034,12206.868792399026,-187500.02235174447,-187500.02235174447,-187500.02235174447,-187500.02235174447
$SILENCE,2305.828309753932,-7904.113281263505,6845.154684204422,12154.342192929053,-187500.02235174447,-187500.02235174447,-187500.02235174447,-187500.02235174447
$SILENCE,2462.134058729894,-7841.036658410628,7291.6307796991805,12118.758215756205,-187500.02235174447,-187500.02235174447,-187500.02235174447,-187500.02235174447
$SILENCE,2302.5873068079122,-7844.702344501298,7050.723677959881,12171.21775999281,-187500.02235174447,-187500.02235174447,-187500.02235174447,-187500.02235174447
$SILENCE,2080.0309872664197,-7901.766348095697,6527.648154216785,12220.883336172503,-187500.02235174447,-187500.02235174447,-187500.02235174447,-187500.02235174447
$SILENCE,2245.925634613709,-7910.774101111187,6732.367781682942,12170.100172770044,-187500.02235174447,-187500.02235174447,-187500.02235174447,-187500.02235174447
$SILENCE,2461.6646720963327,-7846.177559635349,7267.401488709627,12127.542451327141,-187500.02235174447,-187500.02235174447,-187500.02235174447,-187500.02235174447
$SILENCE,2349.861246330887,-7836.2310333527375,7137.873129591123,12162.612338377518,-187500.02235174447,-187500.02235174447,-187500.02235174447,-187500.02235174447
$SILENCE,2105.3331619898277,-7892.490374146745,6602.437091164243,12207.494641243773,-187500.02235174447,-187500.02235174447,-187500.02235174447,-187500.02235174447
$SILENCE,2175.025901201475,-7920.027723315683,6628.02983856557,12173.050603038146,-187500.02235174447,-187500.02235174447,-187500.02235174447,-187500.02235174447
$SILENCE,2444.654994565844,-7862.024946454161,7203.207278633986,12122.379198357965,-187500.02235174447,-187500.02235174447,-187500.02235174447,-187500.02235174447
$SILENCE,2383.724139180677,-7834.085265885028,7201.597953033203,12146.027343991678,-187500.02235174447,-187500.02235174447,-187500.02235174447,-187500.02235174447
$SILENCE,2129.1377698347296,-7879.1463827069265,6674.2979495880545,12197.190487049877,-187500.02235174447,-187500.02235174447,-187500.02235174447,-187500.02235174447
$SILENCE,2152.316528834883,-7920.161833782415,6559.231169132134,12197.190487049877,-187500.02235174447,-187500.02235174447,-187500.02235174447,-187500.02235174447
$SILENCE,2430.9310234702857,-7872.150286692416,7151.84296987569,12120.456948334808,-187500.02235174447,-187500.02235174447,-187500.02235174447,-187500.02235174447
$SILENCE,2419.3528198424365,-7830.0172483941615,7293.5083262334265,12114.332570354054,-187500.02235174447,-187500.02235174447,-187500.02235174447,-187500.02235174447
$SILENCE,2162.4865725620475,-7870.093926202528,6766.230674532732,12190.283798013186,-187500.02235174447,-187500.02235174447,-187500.02235174447,-187500.02235174447
$SILENCE,2119.861795885777,-7918.172528525893,6533.034924630514,12199.179792306399,-187500.02235174447,-187500.02235174447,-187500.02235174447,-187500.02235174447
$SILENCE,2371.497734963624,-7883.661435086899,7016.749026387814,12143.903928268424,-187500.02235174447,-187500.02235174447,-187500.02235174447,-187500.02235174447
$SILENCE,2430.595747303456,-7833.861748440475,7274.6658056576025,12124.547317570128,-187500.02235174447,-187500.02235174447,-187500.02235174447,-187500.02235174447
$SILENCE,2196.796500300944,-7859.499199330712,6860.867960556503,12165.071030267602,-187500.02235174447,-187500.02235174447,-187500.02235174447,-187500.02235174447
$SILENCE,2076.1194319867413,-7923.894575106451,6493.829964855906,12186.953388089347,-187500.02235174447,-187500.02235174447,-187500.02235174447,-187500.02235174447
$SILENCE,2345.234435228638,-7902.436900429357,6932.952336424868,12119.093491923035,-187500.02235174447,-187500.02235174447,-187500.02235174447,-187500.02235174447
$SILENCE,2464.4809918977016,-7836.186329863826,7300.213849570018,12109.68340750735,-187500.02235174447,-187500.02235174447,-187500.02235174447,-187500.02235174447
$SILENCE,2242.416410734226,-7848.613899780978,6973.453697377885,12164.69105061186,-187500.02235174447,-187500.02235174447,-187500.02235174447,-187500.02235174447
$SILENCE,2050.616091563236,-7908.360112710013,6495.774566623517,12203.22545805281,-187500.02235174447,-187500.02235174447,-187500.02235174447,-187500.02235174447
$SILENCE,2280.772004219533,-7911.422301700391,6816.633858279451,12138.919489254891,-187500.02235174447,-187500.02235174447,-187500.02235174447,-187500.02235174447
$SILENCE,2456.590826104978,-7843.093018900517,7292.3907390106615,12102.82142195957,-187500.02235174447,-187500.02235174447,-187500.02235174447,-187500.02235174447
$SILENCE,2299.9721527066413,-7841.081361899539,7078.484544573373,12142.540471856651,-187500.02235174447,-187500.02235174447,-187500.02235174447,-187500.02235174447
$SILENCE,2066.5975888487806,-7902.392196940446,6559.253520876589,12182.907722342936,-187500.02235174447,-187500.02235174447,-187500.02235174447,-187500.02235174447
$SILENCE,2201.4009596587375,-7917.1219965364935,6705.948019736769,12136.036114220156,-187500.02235174447,-187500.02235174447,-187500.02235174447,-187500.02235174447
$SILENCE,2438.4859130961795,-7855.095905673016,7253.185779236052,12101.770889970172,-187500.02235174447,-187500.02235174447,-187500.02235174447,-187500.02235174447
$SILENCE,2348.5871968969345,-7843.249481111704,7171.199580573986,12131.677524051373,-187500.02235174447,-187500.02235174447,-187500.02235174447,-187500.02235174447
$SILENCE,2096.146595018696,-7896.468984659789,6632.947222345737,12186.439297966874,-187500.02235174447,-187500.02235174447,-187500.02235174447,-187500.02235174447
$SILENCE,2153.2329503575506,-7925.839176874063,6613.568259902985,12145.334439913564,-187500.02235174447,-187500.02235174447,-187500.02235174447,-187500.02235174447
$SILENCE,2426.3489158569478,-7869.043394213128,7200.7038832549915,12101.882648692448,-187500.02235174447,-187500.02235174447,-187500.02235174447,-187500.02235174447
$SILENCE,2397.068130620495,-7837.88506244243,7257.566721149293,12112.611486030995,-187500.02235174447,-187500.02235174447,-187500.02235174447,-187500.02235174447
$SILENCE,2123.773351165456,-7884.399042653924,6712.318266906532,12153.246957450743,-187500.02235174447,-187500.02235174447,-187500.02235174447,-187500.02235174447
$SILENCE,2115.056170827886,-7933.416418244412,6544.68018349173,12156.957347030324,-187500.02235174447,-187500.02235174447,-187500.02235174447,-187500.02235174447
$SILENCE,2407.2605260921155,-7882.9014757754185,7113.286210690286,12091.623197987461,-187500.02235174447,-187500.02235174447,-187500.02235174447,-187500.02235174447
$SILENCE,2407.9087266813194,-7840.947251432807,7269.681366644069,12090.706776464795,-187500.02235174447,-187500.02235174447,-187500.02235174447,-187500.02235174447
$SILENCE,2157.971520182076,-7882.387385652946,6812.431730321852,12137.041942720645,-187500.02235174447,-187500.02235174447,-187500.02235174447,-187500.02235174447
$SILENCE,2082.2438099674955,-7930.957726354329,6536.790017699006,12155.750352829738,-187500.02235174447,-187500.02235174447,-187500.02235174447,-187500.02235174447
$SILENCE,2354.5104091775906,-7897.407757926912,7034.853939396613,12090.438555531331,-187500.02235174447,-187500.02235174447,-187500.02235174447,-187500.02235174447
$SILENCE,2429.1205321694056,-7850.312632359581,7303.521907749404,12084.001253128203,-187500.02235174447,-187500.02235174447,-187500.02235174447,-187500.02235174447
$SILENCE,2215.1919859876616,-7867.881103501452,6916.881432161503,12132.437483362852,-187500.02235174447,-187500.02235174447,-187500.02235174447,-187500.02235174447
$SILENCE,2071.1349929732078,-7924.14044429546,6512.963058109648,12168.513198913717,-187500.02235174447,-187500.02235174447,-187500.02235174447,-187500.02235174447
$SILENCE,2282.6271990093232,-7908.069540032094,6930.001906156767,12100.87682019196,-187500.02235174447,-187500.02235174447,-187500.02235174447,-187500.02235174447
$SILENCE,2449.81824753502,-7849.865597470474,7355.087382207797,12072.467752989263,-187500.02235174447,-187500.02235174447,-187500.02235174447,-187500.02235174447
$SILENCE,2262.7564981885553,-7861.220283653771,7015.519680442772,12123.228564647266,-187500.02235174447,-187500.02235174447,-187500.02235174447,-187500.02235174447
$SILENCE,2048.671489795624,-7924.319258251102,6516.1593575667575,12164.065201767113,-187500.02235174447,-187500.02235174447,-187500.02235174447,-187500.02235174447
$SILENCE,2224.53501516998,-7927.582612941577,6801.971113916768,12115.897192465925,-187500.02235174447,-187500.02235174447,-187500.02235174447,-187500.02235174447
$SILENCE,2441.950433486752,-7856.347603362514,7323.951402181555,12087.86810491897,-187500.02235174447,-187500.02235174447,-187500.02235174447,-187500.02235174447
$SILENCE,2280.570838519435,-7846.669298013366,7089.369844123107,12086.459945018285,-187500.02235174447,-187500.02235174447,-187500.02235174447,-187500.02235174447
$SILENCE,2045.6093008052471,-7906.728435364776,6559.521741810053,12161.874730810492,-187500.02235174447,-187500.02235174447,-187500.02235174447,-187500.02235174447
$SILENCE,2170.153220910218,-7929.571918198099,6693.18517365279,12123.49678558073,-187500.02235174447,-187500.02235174447,-187500.02235174447,-187500.02235174447
$SILENCE,2411.5520610275344,-7866.450591856313,7239.14888371812,12081.207285071288,-187500.02235174447,-187500.02235174447,-187500.02235174447,-187500.02235174447
$SILENCE,2324.5590716074794,-7843.1600741338825,7180.363795800662,12111.918581952881,-187500.02235174447,-187500.02235174447,-187500.02235174447,-187500.02235174447
$SILENCE,2076.0523767533755,-7899.195897483337,6658.450562769242,12162.567634888606,-187500.02235174447,-187500.02235174447,-187500.02235174447,-187500.02235174447
$SILENCE,2116.576089450847,-7932.768217655208,6618.105664027413,12139.701800310828,-187500.02235174447,-187500.02235174447,-187500.02235174447,-187500.02235174447
$SILENCE,2373.822316386976,-7876.5088768612,7172.987720130411,12075.57464546855,-187500.02235174447,-187500.02235174447,-187500.02235174447,-187500.02235174447
$SILENCE,2351.828199842954,-7844.389420078925,7243.865101798189,12111.225677874765,-187500.02235174447,-187500.02235174447,-187500.02235174447,-187500.02235174447
$SILENCE,2080.4109669221602,-7893.831478814063,6730.289069448599,12151.771742316692,-187500.02235174447,-187500.02235174447,-187500.02235174447,-187500.02235174447
$SILENCE,2038.9261292131102,-7928.7449036532535,6520.070912846436,12140.30529741112,-187500.02235174447,-187500.02235174447,-187500.02235174447,-187500.02235174447
$SILENCE,2329.051772242996,-7879.705176318309,7084.407756854029,12086.906979907391,-187500.02235174447,-187500.02235174447,-187500.02235174447,-187500.02235174447
$SILENCE,2356.298548734015,-7838.309745587081,7294.178878567086,12098.418128301875,-187500.02235174447,-187500.02235174447,-187500.02235174447,-187500.02235174447
$SILENCE,2141.118304862774,-7874.027833226662,6845.5793673490725,12162.92526279989,-187500.02235174447,-187500.02235174447,-187500.02235174447,-187500.02235174447
$SILENCE,2026.9232424406105,-7924.788644884664,6509.699703419174,12188.160382289932,-187500.02235174447,-187500.02235174447,-187500.02235174447,-187500.02235174447
$SILENCE,2263.3599952888485,-7898.882973060963,6990.217505719364,12108.901096451415,-187500.02235174447,-187500.02235174447,-187500.02235174447,-187500.02235174447
$SILENCE,2348.207217241194,-7841.438989810824,7278.443250470549,12084.783564184138,-187500.02235174447,-187500.02235174447,-187500.02235174447,-187500.02235174447
$SILENCE,2131.305889046894,-7860.594434809022,6918.714275206838,12149.715381826805,-187500.02235174447,-187500.02235174447,-187500.02235174447,-187500.02235174447
$SILENCE,1980.5433726958481,-7921.033551816172,6491.23716249909,12177.967986818312,-187500.02235174447,-187500.02235174447,-187500.02235174447,-187500.02235174447
$SILENCE,2221.0257912904967,-7908.583630154566,6860.331518689575,12109.124613895967,-187500.02235174447,-187500.02235174447,-187500.02235174447,-187500.02235174447
$SILENCE,2369.6425401738334,-7843.584757278533,7299.811518169823,12087.711642707784,-187500.02235174447,-187500.02235174447,-187500.02235174447,-187500.02235174447
$SILENCE,2166.5545900529137,-7847.295146858114,7020.079436311655,12153.045791750645,-187500.02235174447,-187500.02235174447,-187500.02235174447,-187500.02235174447
$SILENCE,1962.4384596870495,-7909.745920866242,6504.044712071981,12191.379033491497,-187500.02235174447,-187500.02235174447,-187500.02235174447,-187500.02235174447
$SILENCE,2163.246531873528,-7917.792548870153,6750.360935969465,12133.666829307895,-187500.02235174447,-187500.02235174447,-187500.02235174447,-187500.02235174447
$SILENCE,2351.3588132093923,-7847.9209957028625,7270.530732933371,12107.805860973103,-187500.02235174447,-187500.02235174447,-187500.02235174447,-187500.02235174447
$SILENCE,2194.404863644226,-7842.623632266955,7114.917888035523,12142.696934067839,-187500.02235174447,-187500.02235174447,-187500.02235174447,-187500.02235174447
$SILENCE,1963.421936443083,-7894.32321719208,6578.8560007638935,12196.877562627502,-187500.02235174447,-187500.02235174447,-187500.02235174447,-187500.02235174447
$SILENCE,2084.8813158132216,-7917.680790147876,6656.997699379647,12172.558864660128,-187500.02235174447,-187500.02235174447,-187500.02235174447,-187500.02235174447
$SILENCE,2315.0372284695186,-7855.297071373114,7207.945848458511,12119.87580297897,-187500.02235174447,-187500.02235174447,-187500.02235174447,-187500.02235174447
$SILENCE,2232.7828088739884,-7825.1445681029045,7174.8205631757455,12140.864091022504,-187500.02235174447,-187500.02235174447,-187500.02235174447,-187500.02235174447
$SILENCE,1959.6668433745915,-7875.145420449427,6655.969519134703,12211.093272101078,-187500.02235174447,-187500.02235174447,-187500.02235174447,-187500.02235174447
$SILENCE,1992.9485908685435,-7917.23375525877,6561.958081955681,12191.781364891693,-187500.02235174447,-187500.02235174447,-187500.02235174447,-187500.02235174447
$SILENCE,2269.394966291781,-7866.003556967206,7141.069429048232,12124.904945481414,-187500.02235174447,-187500.02235174447,-187500.02235174447,-187500.02235174447
$SILENCE,2233.1627885297285,-7827.670315226354,7243.798046564823,12134.627954319472,-187500.02235174447,-187500.02235174447,-187500.02235174447,-187500.02235174447
$SILENCE,1998.2683060489067,-7864.863617999986,6753.020793559646,12200.342083018075,-187500.02235174447,-187500.02235174447,-187500.02235174447,-187500.02235174447
$SILENCE,1958.4374974295495,-7910.304714477625,6513.633610443308,12210.690940700882,-187500.02235174447,-187500.02235174447,-187500.02235174447,-187500.02235174447
$SILENCE,2226.054933792941,-7870.295091902625,7033.088151584644,12134.583250830561,-187500.02235174447,-187500.02235174447,-187500.02235174447,-187500.02235174447
$SILENCE,2272.9712454046307,-7825.9045274143855,7272.229465511974,12138.472454365785,-187500.02235174447,-187500.02235174447,-187500.02235174447,-187500.02235174447
$SILENCE,2036.8250652343113,-7859.678013286354,6832.347134631531,12186.752222389248,-187500.02235174447,-187500.02235174447,-187500.02235174447,-187500.02235174447
$SILENCE,1913.5104910743823,-7911.243487744748,6474.763926835529,12213.216687824332,-187500.02235174447,-187500.02235174447,-187500.02235174447,-187500.02235174447
$SILENCE,2184.4583373616147,-7888.087080489049,6931.119493379533,12138.83008227707,-187500.02235174447,-187500.02235174447,-187500.02235174447,-187500.02235174447
$SILENCE,2282.6271990093232,-7826.910355914874,7288.546238964348,12115.740730254738,-187500.02235174447,-187500.02235174447,-187500.02235174447,-187500.02235174447
$SILENCE,2064.898856270177,-7838.108579886983,6954.2311971463205,12176.31395772862,-187500.02235174447,-187500.02235174447,-187500.02235174447,-187500.02235174447
$SILENCE,1895.8302612102345,-7902.883935318463,6486.118613018824,12212.479080257306,-187500.02235174447,-187500.02235174447,-187500.02235174447,-187500.02235174447
$SILENCE,2112.575127193347,-7895.4631561593005,6830.156663674911,12162.411172677419,-187500.02235174447,-187500.02235174447,-187500.02235174447,-187500.02235174447
$SILENCE,2301.402664351781,-7831.090132128016,7287.853334886234,12129.35294262802,-187500.02235174447,-187500.02235174447,-187500.02235174447,-187500.02235174447
$SILENCE,2136.580900738347,-7834.152321118394,7031.747046917325,12175.97868156179,-187500.02235174447,-187500.02235174447,-187500.02235174447,-187500.02235174447
$SILENCE,1892.9468861755,-7892.959760780306,6519.668581446241,12221.33037106161,-187500.02235174447,-187500.02235174447,-187500.02235174447,-187500.02235174447
$SILENCE,2067.446955138082,-7909.23183074377,6728.1209502364345,12174.905797827936,-187500.02235174447,-187500.02235174447,-187500.02235174447,-187500.02235174447
$SILENCE,2285.7117397441557,-7846.445780568813,7244.6697645985805,12120.92633496837,-187500.02235174447,-187500.02235174447,-187500.02235174447,-187500.02235174447
$SILENCE,2155.71399399209,-7832.319478073058,7120.304658449252,12165.674527367893,-187500.02235174447,-187500.02235174447,-187500.02235174447,-187500.02235174447
$SILENCE,1906.939078204522,-7879.36990015148,6582.566390343474,12216.681208214904,-187500.02235174447,-187500.02235174447,-187500.02235174447,-187500.02235174447
$SILENCE,2004.7950154298564,-7905.99082779775,6614.551736659019,12187.065146811623,-187500.02235174447,-187500.02235174447,-187500.02235174447,-187500.02235174447
$SILENCE,2263.3152917999378,-7849.731487003743,7189.639769749614,12120.971038457279,-187500.02235174447,-187500.02235174447,-187500.02235174447,-187500.02235174447
$SILENCE,2186.4923461070475,-7820.45070176729,7196.904086697589,12145.423846891386,-187500.02235174447,-187500.02235174447,-187500.02235174447,-187500.02235174447
$SILENCE,1941.5395786213373,-7870.585664580544,6666.1395628618675,12207.494641243773,-187500.02235174447,-187500.02235174447,-187500.02235174447,-187500.02235174447
$SILENCE,1949.5638548807926,-7910.885859833463,6539.539282267008,12210.355664534052,-187500.02235174447,-187500.02235174447,-187500.02235174447,-187500.02235174447
$SILENCE,2233.2968989964606,-7860.639138297933,7110.335780422185,12148.68720158186,-187500.02235174447,-187500.02235174447,-187500.02235174447,-187500.02235174447
$SILENCE,2226.032582048486,-7824.138739602416,7253.543407147337,12143.59100384605,-187500.02235174447,-187500.02235174447,-187500.02235174447,-187500.02235174447
$SILENCE,1951.0614217592981,-7857.5545975631,6763.10143030899,12203.22545805281,-187500.02235174447,-187500.02235174447,-187500.02235174447,-187500.02235174447
$SILENCE,1908.8836799721337,-7906.974304553784,6496.512174190542,12223.99022865179,-187500.02235174447,-187500.02235174447,-187500.02235174447,-187500.02235174447
$SILENCE,2213.023866775497,-7867.568179079078,7017.374875232563,12162.299413955143,-187500.02235174447,-187500.02235174447,-187500.02235174447,-187500.02235174447
$SILENCE,2241.2541200225496,-7822.9093936573745,7263.936968319055,12130.224660661777,-187500.02235174447,-187500.02235174447,-187500.02235174447,-187500.02235174447
$SILENCE,2001.06227410582,-7847.2727951136585,6864.31012920262,12187.825106123104,-187500.02235174447,-187500.02235174447,-187500.02235174447,-187500.02235174447
$SILENCE,1906.8496712267008,-7905.543792908645,6469.175990721702,12219.296362316176,-187500.02235174447,-187500.02235174447,-187500.02235174447,-187500.02235174447
$SILENCE,2169.3038546209164,-7890.1210892344825,6898.88827787498,12149.491864382251,-187500.02235174447,-187500.02235174447,-187500.02235174447,-187500.02235174447
$SILENCE,2298.6533997837782,-7834.599356007499,7297.196364068552,12123.653247791917,-187500.02235174447,-187500.02235174447,-187500.02235174447,-187500.02235174447
$SILENCE,2068.7880598054003,-7844.523530545656,6958.723897781837,12166.523893657195,-187500.02235174447,-187500.02235174447,-187500.02235174447,-187500.02235174447
$SILENCE,1878.6417697241034,-7898.860621316508,6475.434479169188,12201.88435338549,-187500.02235174447,-187500.02235174447,-187500.02235174447,-187500.02235174447
$SILENCE,2078.511068643459,-7890.523420634678,6775.573703715051,12162.232358721776,-187500.02235174447,-187500.02235174447,-187500.02235174447,-187500.02235174447
$SILENCE,2273.5523907604684,-7827.379742548435,7270.776602122379,12144.55212885763,-187500.02235174447,-187500.02235174447,-187500.02235174447,-187500.02235174447
$SILENCE,2108.7976823804,-7824.943402402807,7068.6944805019475,12184.31588224362,-187500.02235174447,-187500.02235174447,-187500.02235174447,-187500.02235174447
$SILENCE,1882.7544907038798,-7884.555504865111,6539.472227033642,12226.47127228633,-187500.02235174447,-187500.02235174447,-187500.02235174447,-187500.02235174447
$SILENCE,2012.0369806333758,-7901.609885884511,6697.320246377021,12192.966007347824,-187500.02235174447,-187500.02235174447,-187500.02235174447,-187500.02235174447
$SILENCE,2247.154980558751,-7834.554652518589,7228.62121207967,12138.740675299248,-187500.02235174447,-187500.02235174447,-187500.02235174447,-187500.02235174447
$SILENCE,2154.864627702788,-7818.461396510768,7135.302678978763,12160.198349976345,-187500.02235174447,-187500.02235174447,-187500.02235174447,-187500.02235174447
$SILENCE,1884.4755750269385,-7874.988958238239,6618.753864616617,12217.441167526385,-187500.02235174447,-187500.02235174447,-187500.02235174447,-187500.02235174447
$SILENCE,1970.9991778134322,-7903.241563229748,6601.207745219201,12199.112737073034,-187500.02235174447,-187500.02235174447,-187500.02235174447,-187500.02235174447
$SILENCE,2258.375556275315,-7845.17173113486,7168.6514817060815,12162.589986633062,-187500.02235174447,-187500.02235174447,-187500.02235174447,-187500.02235174447
$SILENCE,2187.5205263519915,-7820.987143634217,7211.544479315816,12173.162361760422,-187500.02235174447,-187500.02235174447,-187500.02235174447,-187500.02235174447
$SILENCE,1932.5318256058486,-7865.221245911271,6693.855725986448,12218.357589049052,-187500.02235174447,-187500.02235174447,-187500.02235174447,-187500.02235174447
$SILENCE,1936.3986773966167,-7906.4378626868565,6520.00385761307,12220.570411750128,-187500.02235174447,-187500.02235174447,-187500.02235174447,-187500.02235174447
$SILENCE,2223.3503727138486,-7859.432144097346,7082.463155086417,12149.804788804626,-187500.02235174447,-187500.02235174447,-187500.02235174447,-187500.02235174447
$SILENCE,2234.123913541307,-7814.25926855317,7246.122627988176,12161.539454643662,-187500.02235174447,-187500.02235174447,-187500.02235174447,-187500.02235174447
$SILENCE,1995.9884281144655,-7845.082324157039,6780.2452183062105,12230.405179310463,-187500.02235174447,-187500.02235174447,-187500.02235174447,-187500.02235174447
$SILENCE,1913.0187526963655,-7900.760519595208,6482.341168205878,12239.882318959513,-187500.02235174447,-187500.02235174447,-187500.02235174447,-187500.02235174447
$SILENCE,2198.763453813011,-7868.059917457094,6986.462412650873,12169.295509969654,-187500.02235174447,-187500.02235174447,-187500.02235174447,-187500.02235174447
$SILENCE,2260.5213237430244,-7813.767530175153,7285.416994740605,12160.198349976345,-187500.02235174447,-187500.02235174447,-187500.02235174447,-187500.02235174447
$SILENCE,2042.033021692398,-7837.236861853226,6906.957257623346,12222.023275139723,-187500.02235174447,-187500.02235174447,-187500.02235174447,-187500.02235174447
$SILENCE,1903.9662961919662,-7897.60892362701,6476.37325243631,12242.743342249792,-187500.02235174447,-187500.02235174447,-187500.02235174447,-187500.02235174447
$SILENCE,2139.6430897287237,-7874.832496027053,6867.059393770623,12190.060280568634,-187500.02235174447,-187500.02235174447,-187500.02235174447,-187500.02235174447
$SILENCE,2264.6787482117115,-7810.97356211824,7282.779488894879,12167.015632035213,-187500.02235174447,-187500.02235174447,-187500.02235174447,-187500.02235174447
$SILENCE,2095.6548566406796,-7826.552728003589,6996.587752889127,12209.282780800198,-187500.02235174447,-187500.02235174447,-187500.02235174447,-187500.02235174447
$SILENCE,1901.1946798795082,-7889.428185156368,6506.52575570652,12255.99792671179,-187500.02235174447,-187500.02235174447,-187500.02235174447,-187500.02235174447
$SILENCE,2089.3963681931937,-7888.981150267262,6763.146133797901,12206.466460998829,-187500.02235174447,-187500.02235174447,-187500.02235174447,-187500.02235174447
$SILENCE,2292.4172630807475,-7822.775283190643,7265.72510787548,12162.388820932963,-187500.02235174447,-187500.02235174447,-187500.02235174447,-187500.02235174447
$SILENCE,2147.4662002880814,-7815.890945898408,7083.647797542549,12201.88435338549,-187500.02235174447,-187500.02235174447,-187500.02235174447,-187500.02235174447
$SILENCE,1913.644601541114,-7873.0443564706275,6592.512916626087,12255.148560422489,-187500.02235174447,-187500.02235174447,-187500.02235174447,-187500.02235174447
$SILENCE,2043.5305885709035,-7890.27755144567,6690.681778273795,12210.668588956427,-187500.02235174447,-187500.02235174447,-187500.02235174447,-187500.02235174447
$SILENCE,2297.2675916275493,-7828.45262628229,7223.748531788413,12160.667736609905,-187500.02235174447,-187500.02235174447,-187500.02235174447,-187500.02235174447
$SILENCE,2196.1930032006508,-7809.945381873296,7169.836124162212,12187.60158867855,-187500.02235174447,-187500.02235174447,-187500.02235174447,-187500.02235174447
$SILENCE,1921.3783051226503,-7864.2377691552365,6624.677076897273,12244.777350995226,-187500.02235174447,-187500.02235174447,-187500.02235174447,-187500.02235174447
$SILENCE,1981.2809802628733,-7895.217286970293,6604.672265609774,12216.591801237084,-187500.02235174447,-187500.02235174447,-187500.02235174447,-187500.02235174447
$SILENCE,2273.954722160664,-7844.07649565655,7131.704048121459,12160.757143587727,-187500.02235174447,-187500.02235174447,-187500.02235174447,-187500.02235174447
$SILENCE,2246.8197043919213,-7806.92789637183,7229.738799302435,12174.414059449919,-187500.02235174447,-187500.02235174447,-187500.02235174447,-187500.02235174447
$SILENCE,1960.4938579194377,-7852.927786460851,6703.534031335596,12226.873603686525,-187500.02235174447,-187500.02235174447,-187500.02235174447,-187500.02235174447
não,1947.5969013687256,-7903.599191141033,6524.943593137693,12213.79783318017,-187500.02235174447,-187500.02235174447,-187500.02235174447,-187500.02235174447
não,2205.1113492383183,-7861.041469698128,7042.386477278052,12149.581271360074,-187500.02235174447,-187500.02235174447,-187500.02235174447,-187500.02235174447
não,2230.994669317564,-7811.68881794081,7255.778581592868,12158.74548658675,-187500.02235174447,-187500.02235174447,-187500.02235174447,-187500.02235174447
não,1999.0059136159318,-7841.7519142331985,6815.471567567774,12212.412025023941,-187500.02235174447,-187500.02235174447,-187500.02235174447,-187500.02235174447
não,1906.782615993335,-7899.553525394622,6482.944665306171,12235.255507857264,-187500.02235174447,-187500.02235174447,-187500.02235174447,-187500.02235174447
não,2156.8986364482207,-7870.250388413715,6965.094144951599,12176.023385050701,-187500.02235174447,-187500.02235174447,-187500.02235174447,-187500.02235174447
não,2250.7089079271445,-7817.567326732556,7301.44319551506,12165.786286090171,-187500.02235174447,-187500.02235174447,-187500.02235174447,-187500.02235174447
não,2047.5539025728588,-7829.16788210486,6921.195318841376,12217.999961137768,-187500.02235174447,-187500.02235174447,-187500.02235174447,-187500.02235174447
não,1872.427984765528,-7886.567161866089,6481.692967616674,12258.970708724346,-187500.02235174447,-187500.02235174447,-187500.02235174447,-187500.02235174447
não,2082.6908448566014,-7872.329100648058,6837.041000967146,12214.781309936203,-187500.02235174447,-187500.02235174447,-187500.02235174447,-187500.02235174447
não,2260.5213237430244,-7808.626628950433,7277.370366736694,12199.716234173327,-187500.02235174447,-187500.02235174447,-187500.02235174447,-187500.02235174447
não,2084.836612324311,-7820.584812234022,7006.713093127381,12244.799702739681,-187500.02235174447,-187500.02235174447,-187500.02235174447,-187500.02235174447
não,1876.6077609786703,-7880.263969929692,6507.106901062358,12281.970653768856,-187500.02235174447,-187500.02235174447,-187500.02235174447,-187500.02235174447
não,2037.2721001234174,-7880.822763541075,6739.587395142007,12226.359513564053,-187500.02235174447,-187500.02235174447,-187500.02235174447,-187500.02235174447
não,2248.3172712704268,-7818.729617444232,7249.363630934195,12161.919434299403,-187500.02235174447,-187500.02235174447,-187500.02235174447,-187500.02235174447
não,2144.2251973420616,-7818.349637788491,7096.187126181976,12190.216742779821,-187500.02235174447,-187500.02235174447,-187500.02235174447,-187500.02235174447
não,1887.8059849507792,-7872.418507625879,6576.77728852955,12251.147598164987,-187500.02235174447,-187500.02235174447,-187500.02235174447,-187500.02235174447
não,2003.1186345957083,-7899.844098072541,6646.693545185751,12217.396464037474,-187500.02235174447,-187500.02235174447,-187500.02235174447,-187500.02235174447
não,2286.6505130112782,-7841.327231088547,7205.844784479712,12146.317916669597,-187500.02235174447,-187500.02235174447,-187500.02235174447,-187500.02235174447
não,2198.383474157271,-7818.237879066215,7186.599932503693,12172.40240244894,-187500.02235174447,-187500.02235174447,-187500.02235174447,-187500.02235174447
não,1910.649467784103,-7869.959815735796,6648.325222530988,12215.250696569765,-187500.02235174447,-187500.02235174447,-187500.02235174447,-187500.02235174447
não,1944.0876774892424,-7909.053016788128,6558.270044120556,12206.309998787643,-187500.02235174447,-187500.02235174447,-187500.02235174447,-187500.02235174447
não,2236.0461635644633,-7856.280548129148,7138.186054013498,12134.292678152642,-187500.02235174447,-187500.02235174447,-187500.02235174447,-187500.02235174447
não,2219.4835209230805,-7821.367123289958,7253.789276336346,12147.279041681177,-187500.02235174447,-187500.02235174447,-187500.02235174447,-187500.02235174447
não,1964.807744599312,-7862.717850532276,6772.355052513487,12203.851306897559,-187500.02235174447,-187500.02235174447,-187500.02235174447,-187500.02235174447
não,1926.5862615807368,-7911.154080766926,6543.272023591045,12207.919324388424,-187500.02235174447,-187500.02235174447,-187500.02235174447,-187500.02235174447
não,2191.3873781427596,-7874.050184971116,7041.291241799741,12143.032210234667,-187500.02235174447,-187500.02235174447,-187500.02235174447,-187500.02235174447
não,2249.2336927930946,-7824.809291936075,7298.246896057952,12132.370428129487,-187500.02235174447,-187500.02235174447,-187500.02235174447,-187500.02235174447
não,1994.2896955358622,-7854.201835894804,6838.985602734757,12197.481059727796,-187500.02235174447,-187500.02235174447,-187500.02235174447,-187500.02235174447
não,1904.4133310810723,-7912.4281302008785,6517.567517467442,12205.527687731706,-187500.02235174447,-187500.02235174447,-187500.02235174447,-187500.02235174447
não,2135.932700149143,-7887.863563044497,6924.36926655403,12135.83494852006,-187500.02235174447,-187500.02235174447,-187500.02235174447,-187500.02235174447
não,2236.180274031195,-7834.778169963142,7288.367425008706,12122.490957080241,-187500.02235174447,-187500.02235174447,-187500.02235174447,-187500.02235174447
não,2028.577271530303,-7851.407867837891,6958.992118715301,12174.235245494277,-187500.02235174447,-187500.02235174447,-187500.02235174447,-187500.02235174447
não,1877.8594586681675,-7912.182261011871,6499.797880625472,12206.309998787643,-187500.02235174447,-187500.02235174447,-187500.02235174447,-187500.02235174447
não,2089.0387402819088,-7901.252257973226,6818.2878873691425,12155.1692074739,-187500.02235174447,-187500.02235174447,-187500.02235174447,-187500.02235174447
não,2234.570948430413,-7834.599356007499,7274.062308557309,12120.367541356987,-187500.02235174447,-187500.02235174447,-187500.02235174447,-187500.02235174447
não,2063.9153795141438,-7842.735390989232,7048.533207003261,12159.036059264668,-187500.02235174447,-187500.02235174447,-187500.02235174447,-187500.02235174447
não,1848.779839131813,-7899.933505050362,6525.9047181492715,12199.448013239862,-187500.02235174447,-187500.02235174447,-187500.02235174447,-187500.02235174447
não,1997.4412915040602,-7912.383426711968,6722.600069355974,12153.671640595394,-187500.02235174447,-187500.02235174447,-187500.02235174447,-187500.02235174447
não,2215.348448198849,-7853.397173094413,7264.406354952616,12118.400587844919,-187500.02235174447,-187500.02235174447,-187500.02235174447,-187500.02235174447
não,2097.6665136416573,-7838.488559542723,7127.613678886138,12145.0662189801,-187500.02235174447,-187500.02235174447,-187500.02235174447,-187500.02235174447
não,1848.265749009341,-7891.976284024273,6591.931771270249,12194.307112015142,-187500.02235174447,-187500.02235174447,-187500.02235174447,-187500.02235174447
não,1952.6707473600802,-7922.598173928043,6625.079408297469,12166.03215527918,-187500.02235174447,-187500.02235174447,-187500.02235174447,-187500.02235174447
não,2201.736235825567,-7867.098792445517,7202.447319322506,12101.72618648126,-187500.02235174447,-187500.02235174447,-187500.02235174447,-187500.02235174447
não,2127.796665167411,-7846.222263124259,7214.5619648172815,12118.333532611554,-187500.02235174447,-187500.02235174447,-187500.02235174447,-187500.02235174447
não,1854.4124787345504,-7896.625446870977,6687.7984032390605,12167.082687268578,-187500.02235174447,-187500.02235174447,-187500.02235174447,-187500.02235174447
não,1861.9450166159888,-7935.539833967667,6545.618956758852,12157.516140641706,-187500.02235174447,-187500.02235174447,-187500.02235174447,-187500.02235174447
não,2175.2047151571173,-7886.745975821731,7119.052960759755,12101.592076014529,-187500.02235174447,-187500.02235174447,-187500.02235174447,-187500.02235174447
não,2145.1639706091846,-7851.0278881821505,7252.6493373691255,12091.712604965283,-187500.02235174447,-187500.02235174447,-187500.02235174447,-187500.02235174447
não,1878.5300110018268,-7887.461231644301,6775.216075803766,12139.478282866274,-187500.02235174447,-187500.02235174447,-187500.02235174447,-187500.02235174447
não,1797.3261233956962,-7940.636031703477,6495.729863134607,12161.159474987922,-187500.02235174447,-187500.02235174447,-187500.02235174447,-187500.02235174447
não,2066.485830126504,-7908.5165749212,7019.095959555621,12101.614427758985,-187500.02235174447,-187500.02235174447,-187500.02235174447,-187500.02235174447
não,2156.0045666700084,-7861.577911565056,7282.712433661513,12101.994407414724,-187500.02235174447,-187500.02235174447,-187500.02235174447,-187500.02235174447
não,1940.1090669761977,-7892.266856702192,6879.93399857688,12161.181826732378,-187500.02235174447,-187500.02235174447,-187500.02235174447,-187500.02235174447
não,1782.6186755441042,-7942.826502660097,6519.378008768322,12186.08167005559,-187500.02235174447,-187500.02235174447,-187500.02235174447,-187500.02235174447
não,1989.3052565223286,-7926.800301885642,6895.60257144005,12121.775701257671,-187500.02235174447,-187500.02235174447,-187500.02235174447,-187500.02235174447
não,2138.6819647171455,-7870.920940747374,7304.68419846108,12097.725224223761,-187500.02235174447,-187500.02235174447,-187500.02235174447,-187500.02235174447
não,1910.7388747619243,-7878.788754795642,6964.289482151209,12157.471437152797,-187500.02235174447,-187500.02235174447,-187500.02235174447,-187500.02235174447
não,1720.6819916584484,-7937.0821043350825,6481.961188550137,12192.56367594763,-187500.02235174447,-187500.02235174447,-187500.02235174447,-187500.02235174447
não,1941.9195582770776,-7940.256052047736,6770.8574856349815,12148.776608559681,-187500.02235174447,-187500.02235174447,-187500.02235174447,-187500.02235174447
não,2116.7549034064896,-7881.605074597011,7256.851465326723,12107.11295689499,-187500.02235174447,-187500.02235174447,-187500.02235174447,-187500.02235174447
não,1929.290822659829,-7883.572028109077,7042.319422044686,12137.645439820939,-187500.02235174447,-187500.02235174447,-187500.02235174447,-187500.02235174447
não,1690.8200610661581,-7937.0821043350825,6533.928994408727,12200.096213829067,-187500.02235174447,-187500.02235174447,-187500.02235174447,-187500.02235174447
não,1835.4358476919947,-7948.257976562736,6683.305702603544,12173.631748393984,-187500.02235174447,-187500.02235174447,-187500.02235174447,-187500.02235174447
não,2096.459519441071,-7885.22605719877,7215.6124968066815,12113.036169175646,-187500.02235174447,-187500.02235174447,-187500.02235174447,-187500.02235174447
não,1983.3149890083064,-7868.752821535209,7128.574803897715,12139.992372988747,-187500.02235174447,-187500.02235174447,-187500.02235174447,-187500.02235174447
não,1718.24565151282,-7924.118092551004,6595.2845329385445,12203.13605107499,-187500.02235174447,-187500.02235174447,-187500.02235174447,-187500.02235174447
não,1772.3815765835736,-7960.1491046129595,6585.762689800584,12182.617149665017,-187500.02235174447,-187500.02235174447,-187500.02235174447,-187500.02235174447
não,2049.4090973626494,-7898.726510849776,7158.414382745551,12125.396683859432,-187500.02235174447,-187500.02235174447,-187500.02235174447,-187500.02235174447
não,2018.1166551252193,-7867.389365123435,7202.38026408914,12143.792169546148,-187500.02235174447,-187500.02235174447,-187500.02235174447,-187500.02235174447
não,1766.3466055806407,-7912.986923812262,6684.870324715415,12195.961141104835,-187500.02235174447,-187500.02235174447,-187500.02235174447,-187500.02235174447
não,1734.338907520641,-7962.227816847303,6512.627781942819,12193.345987003564,-187500.02235174447,-187500.02235174447,-187500.02235174447,-187500.02235174447
não,2022.9669836720211,-7912.651647645432,7070.661434014015,12127.788320516149,-187500.02235174447,-187500.02235174447,-187500.02235174447,-187500.02235174447
não,2035.6404227781802,-7869.646891313421,7243.865101798189,12131.92339324038,-187500.02235174447,-187500.02235174447,-187500.02235174447,-187500.02235174447
não,1779.6905970204589,-7899.575877139077,6795.690273724827,12202.241981296776,-187500.02235174447,-187500.02235174447,-187500.02235174447,-187500.02235174447
não,1687.5120028867725,-7956.014031888728,6480.508325160543,12197.503411472251,-187500.02235174447,-187500.02235174447,-187500.02235174447,-187500.02235174447
não,1997.485994992971,-7926.152101296438,6970.324453154141,12121.30631462411,-187500.02235174447,-187500.02235174447,-187500.02235174447,-187500.02235174447
não,2064.0047864919648,-7870.9879959807395,7265.300424730829,12128.369465871987,-187500.02235174447,-187500.02235174447,-187500.02235174447,-187500.02235174447
não,1818.9402602839782,-7893.764423580697,6882.415042211419,12180.851361853047,-187500.02235174447,-187500.02235174447,-187500.02235174447,-187500.02235174447
não,1667.5071915992728,-7953.62239523201,6472.416993667722,12209.372187778019,-187500.02235174447,-187500.02235174447,-187500.02235174447,-187500.02235174447
não,1940.645508843125,-7938.669078191409,6871.887370572969,12150.989431260758,-187500.02235174447,-187500.02235174447,-187500.02235174447,-187500.02235174447
não,2082.579086134325,-7872.284397159147,7287.540410463859,12127.229526904766,-187500.02235174447,-187500.02235174447,-187500.02235174447,-187500.02235174447
não,1867.6223597076369,-7879.504010618211,6984.741328327815,12166.970928546301,-187500.02235174447,-187500.02235174447,-187500.02235174447,-187500.02235174447
não,1654.3867176040076,-7939.160816569426,6478.720185604118,12195.581161449094,-187500.02235174447,-187500.02235174447,-187500.02235174447,-187500.02235174447
não,1846.5670164307376,-7946.805113173141,6749.578624913529,12154.856283051526,-187500.02235174447,-187500.02235174447,-187500.02235174447,-187500.02235174447
não,2070.062109239353,-7880.666301329888,7282.041881327854,12116.500689566219,-187500.02235174447,-187500.02235174447,-187500.02235174447,-187500.02235174447
não,1910.6718195285584,-7872.373804136969,7094.30957964773,12152.26348069471,-187500.02235174447,-187500.02235174447,-187500.02235174447,-187500.02235174447
não,1689.7695290767585,-7931.203595543337,6561.443991833209,12207.874620899514,-187500.02235174447,-187500.02235174447,-187500.02235174447,-187500.02235174447
não,1811.3406671691737,-7947.453313762345,6650.962728376714,12175.621053650506,-187500.02235174447,-187500.02235174447,-187500.02235174447,-187500.02235174447
não,2026.8338354627892,-7894.3455689365355,7177.100441110188,12113.282038364654,-187500.02235174447,-187500.02235174447,-187500.02235174447,-187500.02235174447
não,1949.1168199916865,-7871.524437847667,7139.348344725174,12136.55020434263,-187500.02235174447,-187500.02235174447,-187500.02235174447,-187500.02235174447
não,1705.3486949621076,-7920.2288890157815,6620.586707661952,12183.1759432764,-187500.02235174447,-187500.02235174447,-187500.02235174447,-187500.02235174447
não,1772.2921696057524,-7955.142313854971,6561.667509277762,12181.901893842447,-187500.02235174447,-187500.02235174447,-187500.02235174447,-187500.02235174447
não,2024.7327714839903,-7908.717740621298,7137.001411557367,12118.981733200757,-187500.02235174447,-187500.02235174447,-187500.02235174447,-187500.02235174447
não,1995.6308002031806,-7872.776135537164,7220.351066631207,12146.675544580883,-187500.02235174447,-187500.02235174447,-187500.02235174447,-187500.02235174447
não,1723.140683548532,-7908.695388876843,6706.484461603697,12200.006806851246,-187500.02235174447,-187500.02235174447,-187500.02235174447,-187500.02235174447
não,1667.3507293880857,-7953.465933020822,6496.176898023713,12196.564638205129,-187500.02235174447,-187500.02235174447,-187500.02235174447,-187500.02235174447
não,1998.4918234934598,-7904.336798708057,7050.209587837409,12132.437483362852,-187500.02235174447,-187500.02235174447,-187500.02235174447,-187500.02235174447
não,2047.4421438505822,-7863.008423210195,7261.433572940061,12128.481224594263,-187500.02235174447,-187500.02235174447,-187500.02235174447,-187500.02235174447
não,1778.5506580532383,-7898.681807360865,6817.68439026885,12178.16915251841,-187500.02235174447,-187500.02235174447,-187500.02235174447,-187500.02235174447
não,1664.6238165645382,-7951.498979508756,6484.3304734624,12200.096213829067,-187500.02235174447,-187500.02235174447,-187500.02235174447,-187500.02235174447
não,1935.1916831960302,-7918.798377370642,6954.477066335329,12144.395666646442,-187500.02235174447,-187500.02235174447,-187500.02235174447,-187500.02235174447
não,2036.4450855785713,-7864.416583110879,7271.603616667226,12117.193593644333,-187500.02235174447,-187500.02235174447,-187500.02235174447,-187500.02235174447
não,1841.8731500951233,-7882.588551353044,6908.611286713039,12175.21872225031,-187500.02235174447,-187500.02235174447,-187500.02235174447,-187500.02235174447
não,1648.1282291565217,-7940.412514258924,6470.561798877931,12212.434376768397,-187500.02235174447,-187500.02235174447,-187500.02235174447,-187500.02235174447
não,1875.6689877115475,-7927.224985030292,6840.483169613263,12156.465608652308,-187500.02235174447,-187500.02235174447,-187500.02235174447,-187500.02235174447
não,2043.3070711263504,-7869.5574843356,7265.72510787548,12113.72907325376,-187500.02235174447,-187500.02235174447,-187500.02235174447,-187500.02235174447
não,1844.4436007074835,-7876.106545461005,6997.191249989421,12160.198349976345,-187500.02235174447,-187500.02235174447,-187500.02235174447,-187500.02235174447
não,1660.8463717515913,-7934.779874656186,6494.768738123029,12208.388711021986,-187500.02235174447,-187500.02235174447,-187500.02235174447,-187500.02235174447
não,1827.3445161991735,-7936.031572345683,6721.102502477468,12173.698803627349,-187500.02235174447,-187500.02235174447,-187500.02235174447,-187500.02235174447
não,2021.290602837873,-7872.2173419257815,7230.252889424907,12122.401550102419,-187500.02235174447,-187500.02235174447,-187500.02235174447,-187500.02235174447
não,1893.4386245535165,-7857.241673140726,7088.207553411431,12159.125466242489,-187500.02235174447,-187500.02235174447,-187500.02235174447,-187500.02235174447
não,1661.4722205963399,-7914.32802847958,6572.77632627205,12218.759920449249,-187500.02235174447,-187500.02235174447,-187500.02235174447,-187500.02235174447
não,1755.7518787088252,-7936.679772934887,6626.8675478538935,12187.534533445185,-187500.02235174447,-187500.02235174447,-187500.02235174447,-187500.02235174447
não,2013.2439748339625,-7875.726565805265,7181.928417912533,12120.971038457279,-187500.02235174447,-187500.02235174447,-187500.02235174447,-187500.02235174447
não,1934.8787587736558,-7853.151303905404,7156.156856555564,12156.510312141218,-187500.02235174447,-187500.02235174447,-187500.02235174447,-187500.02235174447
não,1688.2496104537977,-7907.0860632760605,6639.563338704507,12210.154498833956,-187500.02235174447,-187500.02235174447,-187500.02235174447,-187500.02235174447
não,1706.6227443960602,-7940.971307870306,6545.350735825388,12199.515068473229,-187500.02235174447,-187500.02235174447,-187500.02235174447,-187500.02235174447
não,1999.2741345493955,-7883.817897298086,7136.643783646082,12135.745541542237,-187500.02235174447,-187500.02235174447,-187500.02235174447,-187500.02235174447
não,1993.4403292465604,-7845.641117768421,7250.6600321126025,12137.757198543215,-187500.02235174447,-187500.02235174447,-187500.02235174447,-187500.02235174447
não,1708.1650147634764,-7890.65753110141,6701.678836545806,12200.342083018075,-187500.02235174447,-187500.02235174447,-187500.02235174447,-187500.02235174447
não,1652.5762263031277,-7947.945052140361,6460.525865617498,12188.138030545477,-187500.02235174447,-187500.02235174447,-187500.02235174447,-187500.02235174447
não,1934.8787587736558,-7899.575877139077,7001.259267480286,12124.59202105904,-187500.02235174447,-187500.02235174447,-187500.02235174447,-187500.02235174447
não,2005.8231956748004,-7850.290280615125,7253.901035058622,12126.693085037838,-187500.02235174447,-187500.02235174447,-187500.02235174447,-187500.02235174447
não,1772.336873094663,-7880.532190863156,6840.349059146531,12195.491754471273,-187500.02235174447,-187500.02235174447,-187500.02235174447,-187500.02235174447
não,1642.6520517649712,-7936.2550897902365,6465.3761941643,12215.764786692238,-187500.02235174447,-187500.02235174447,-187500.02235174447,-187500.02235174447
não,1902.9157642025668,-7910.014141799706,6909.103025091055,12144.082742224067,-187500.02235174447,-187500.02235174447,-187500.02235174447,-187500.02235174447
não,2010.807634688334,-7851.877254471452,7263.221712496485,12128.011837960701,-187500.02235174447,-187500.02235174447,-187500.02235174447,-187500.02235174447
não,1794.979190227889,-7870.540961091633,6928.750208467271,12186.327539244598,-187500.02235174447,-187500.02235174447,-187500.02235174447,-187500.02235174447
não,1628.9057289249574,-7926.062694318616,6479.681310615696,12233.46736830084,-187500.02235174447,-187500.02235174447,-187500.02235174447,-187500.02235174447
não,1829.6020423891596,-7920.050075060139,6795.846735936015,12166.479190168286,-187500.02235174447,-187500.02235174447,-187500.02235174447,-187500.02235174447
não,2015.3450388127612,-7850.290280615125,7261.1653520065975,12129.151776927922,-187500.02235174447,-187500.02235174447,-187500.02235174447,-187500.02235174447
não,1865.074260839732,-7851.407867837891,7031.34471551713,12169.094344269555,-187500.02235174447,-187500.02235174447,-187500.02235174447,-187500.02235174447
não,1622.8707579220245,-7918.418397714901,6507.509232462554,12208.746338933272,-187500.02235174447,-187500.02235174447,-187500.02235174447,-187500.02235174447
não,1761.2280561003754,-7930.018953087206,6686.032615427091,12159.237224964765,-187500.02235174447,-187500.02235174447,-187500.02235174447,-187500.02235174447
não,2013.4898440229708,-7862.31551913208,7237.7407238174355,12134.44914036383,-187500.02235174447,-187500.02235174447,-187500.02235174447,-187500.02235174447
não,1892.1198716306535,-7851.765495749176,7109.888745533079,12158.767838331205,-187500.02235174447,-187500.02235174447,-187500.02235174447,-187500.02235174447
não,1659.5499705731834,-7905.141461508449,6570.20587565969,12216.927077403912,-187500.02235174447,-187500.02235174447,-187500.02235174447,-187500.02235174447
não,1738.0269453557667,-7931.114188565516,6591.596495103418,12192.183696291888,-187500.02235174447,-187500.02235174447,-187500.02235174447,-187500.02235174447
não,1993.5297362243816,-7872.84319077053,7169.523199739838,12118.735864011749,-187500.02235174447,-187500.02235174447,-187500.02235174447,-187500.02235174447
não,1931.4142383830833,-7841.461341555279,7186.957560414978,12141.758160800715,-187500.02235174447,-187500.02235174447,-187500.02235174447,-187500.02235174447
não,1676.76081380377,-7892.266856702192,6661.512751759619,12208.902801144457,-187500.02235174447,-187500.02235174447,-187500.02235174447,-187500.02235174447
não,1686.5508778751944,-7940.591328214566,6522.663715203252,12202.733719674794,-187500.02235174447,-187500.02235174447,-187500.02235174447,-187500.02235174447
não,1962.6843288760579,-7887.394176410935,7090.398024368051,12131.655172306917,-187500.02235174447,-187500.02235174447,-187500.02235174447,-187500.02235174447
não,1952.424878171072,-7843.472998556256,7229.604688835703,12134.717361297293,-187500.02235174447,-187500.02235174447,-187500.02235174447,-187500.02235174447
não,1715.0940555446216,-7878.229961184259,6760.374517485442,12192.206048036343,-187500.02235174447,-187500.02235174447,-187500.02235174447,-187500.02235174447
não,1624.3906765449856,-7925.548604196144,6470.718261089118,12199.13508881749,-187500.02235174447,-187500.02235174447,-187500.02235174447,-187500.02235174447
não,1901.7087700019802,-7890.4116619124015,6993.033825520733,12145.625012591483,-187500.02235174447,-187500.02235174447,-187500.02235174447,-187500.02235174447
não,1991.0486925898426,-7842.578928778044,7262.260587484907,12133.68918105235,-187500.02235174447,-187500.02235174447,-187500.02235174447,-187500.02235174447
não,1777.0530911747328,-7869.4010221244125,6865.248902469743,12195.000016093258,-187500.02235174447,-187500.02235174447,-187500.02235174447,-187500.02235174447
não,1605.1681763134213,-7927.180281541381,6477.356729192345,12224.750187963271,-187500.02235174447,-187500.02235174447,-187500.02235174447,-187500.02235174447
não,1872.3385777877068,-7905.007351041717,6900.2293825422985,12159.080762753578,-187500.02235174447,-187500.02235174447,-187500.02235174447,-187500.02235174447
não,2033.4276000771047,-7845.752876490698,7298.269247802406,12125.888422237447,-187500.02235174447,-187500.02235174447,-187500.02235174447,-187500.02235174447
não,1807.3173531672185,-7852.2572341271925,6952.688926778905,12176.671585639906,-187500.02235174447,-187500.02235174447,-187500.02235174447,-187500.02235174447
não,1610.6890571938823,-7914.730359879775,6471.858200056338,12207.27112379922,-187500.02235174447,-187500.02235174447,-187500.02235174447,-187500.02235174447
não,1807.004428744844,-7912.539888923156,6772.936197869325,12157.583195875073,-187500.02235174447,-187500.02235174447,-187500.02235174447,-187500.02235174447
não,1979.2022680285297,-7851.184350393338,7255.219787981486,12131.49871009573,-187500.02235174447,-187500.02235174447,-187500.02235174447,-187500.02235174447
não,1834.497074424872,-7852.033716682639,7051.751858204825,12175.97868156179,-187500.02235174447,-187500.02235174447,-187500.02235174447,-187500.02235174447
não,1650.6763280244265,-7904.940295808351,6522.708418692162,12224.191394351888,-187500.02235174447,-187500.02235174447,-187500.02235174447,-187500.02235174447
não,1749.7169077058923,-7923.693409406354,6667.503019273641,12186.975739833802,-187500.02235174447,-187500.02235174447,-187500.02235174447,-187500.02235174447
não,1978.5317156948706,-7858.135742918938,7210.851575237701,12099.267494591177,-187500.02235174447,-187500.02235174447,-187500.02235174447,-187500.02235174447
não,1904.0557031697874,-7840.299050843603,7133.089856277687,12152.151721972434,-187500.02235174447,-187500.02235174447,-187500.02235174447,-187500.02235174447
não,1641.7132784978485,-7890.478717145767,6597.631466106352,12209.03691161119,-187500.02235174447,-187500.02235174447,-187500.02235174447,-187500.02235174447
não,1690.1048052435883,-7925.012162329217,6574.877390250849,12181.521914186707,-187500.02235174447,-187500.02235174447,-187500.02235174447,-187500.02235174447
não,1971.870895847189,-7874.69838556032,7159.844894390691,12140.461759622307,-187500.02235174447,-187500.02235174447,-187500.02235174447,-187500.02235174447
não,1938.879721031156,-7840.209643865782,7202.089691411221,12154.051620251133,-187500.02235174447,-187500.02235174447,-187500.02235174447,-187500.02235174447
não,1677.7889940487141,-7875.32423440507,6684.266827615122,12202.465498741329,-187500.02235174447,-187500.02235174447,-187500.02235174447,-187500.02235174447
não,1634.9630516723457,-7925.9285838518845,6510.124386563824,12196.855210883048,-187500.02235174447,-187500.02235174447,-187500.02235174447,-187500.02235174447
não,1926.7874272808347,-7880.666301329888,7068.314500846208,12118.177070400367,-187500.02235174447,-187500.02235174447,-187500.02235174447,-187500.02235174447
não,1961.2985207198287,-7833.481768784734,7237.517206372882,12121.216907646289,-187500.02235174447,-187500.02235174447,-187500.02235174447,-187500.02235174447
não,1713.820006110669,-7870.563312836089,6789.387081788431,12185.344062488564,-187500.02235174447,-187500.02235174447,-187500.02235174447,-187500.02235174447
não,1614.824129918114,-7931.337706010068,6483.145831006269,12203.001940608257,-187500.02235174447,-187500.02235174447,-187500.02235174447,-187500.02235174447
não,1897.5289937888379,-7893.719720091787,6965.652938562982,12136.0137624757,-187500.02235174447,-187500.02235174447,-187500.02235174447,-187500.02235174447
não,1999.229431060485,-7840.0531816545945,7280.521962704893,12138.226585176777,-187500.02235174447,-187500.02235174447,-187500.02235174447,-187500.02235174447
não,1768.8947044485456,-7865.333004633547,6889.344082992564,12176.805696106638,-187500.02235174447,-187500.02235174447,-187500.02235174447,-187500.02235174447
não,1615.8746619075134,-7920.430054715879,6470.941778533671,12201.347911518564,-187500.02235174447,-187500.02235174447,-187500.02235174447,-187500.02235174447
não,1860.7603741598577,-7907.108415020516,6850.943786018346,12137.35486714302,-187500.02235174447,-187500.02235174447,-187500.02235174447,-187500.02235174447
não,1992.9932943574543,-7842.713039244776,7263.333471218762,12111.53860229714,-187500.02235174447,-187500.02235174447,-187500.02235174447,-187500.02235174447
não,1818.1579492280423,-7854.492408572723,6971.710261310371,12146.027343991678,-187500.02235174447,-187500.02235174447,-187500.02235174447,-187500.02235174447
não,1626.7152579683375,-7916.563202925111,6483.212886239635,12200.431489995897,-187500.02235174447,-187500.02235174447,-187500.02235174447,-187500.02235174447
não,1815.274574193308,-7913.501013934734,6751.925558081336,12167.529722157684,-187500.02235174447,-187500.02235174447,-187500.02235174447,-187500.02235174447
não,2009.3771230431944,-7844.2776613566475,7255.108029259209,12122.535660569152,-187500.02235174447,-187500.02235174447,-187500.02235174447,-187500.02235174447
não,1836.262862236841,-7837.572138020056,7078.2610271288195,12152.844626050548,-187500.02235174447,-187500.02235174447,-187500.02235174447,-187500.02235174447
não,1600.69782742236,-7892.736243335753,6538.19817759969,12200.74441441827,-187500.02235174447,-187500.02235174447,-187500.02235174447,-187500.02235174447
não,1719.4749974578617,-7913.009275556717,6652.616757466407,12178.54913217415,-187500.02235174447,-187500.02235174447,-187500.02235174447,-187500.02235174447
não,1958.7504218519239,-7850.2008736373045,7212.550307816304,12134.40443687492,-187500.02235174447,-187500.02235174447,-187500.02235174447,-187500.02235174447
não,1878.4406040240056,-7828.720847215754,7160.023708346333,12155.370373173997,-187500.02235174447,-187500.02235174447,-187500.02235174447,-187500.02235174447
não,1630.984441159301,-7879.414603640391,6618.083312282957,12191.624902680505,-187500.02235174447,-187500.02235174447,-187500.02235174447,-187500.02235174447
não,1671.5528573456834,-7919.245412259747,6562.226302889145,12184.449992710352,-187500.02235174447,-187500.02235174447,-187500.02235174447,-187500.02235174447
não,1926.295688902818,-7869.132801190949,7130.5641091542375,12120.054616934613,-187500.02235174447,-187500.02235174447,-187500.02235174447,-187500.02235174447
não,1932.1741976945636,-7833.347658318003,7202.156746644587,12114.600791287517,-187500.02235174447,-187500.02235174447,-187500.02235174447,-187500.02235174447
não,1688.5848866206275,-7876.799449539119,6717.794444298082,12185.0758415551,-187500.02235174447,-187500.02235174447,-187500.02235174447,-187500.02235174447
não,1623.4295515334072,-7927.314392008114,6501.273095759523,12213.775481435714,-187500.02235174447,-187500.02235174447,-187500.02235174447,-187500.02235174447
não,1915.455092841994,-7881.582722852555,7043.124084845077,12123.228564647266,-187500.02235174447,-187500.02235174447,-187500.02235174447,-187500.02235174447
não,1979.1575645396192,-7823.803463435586,7272.4976864454375,12131.029323462168,-187500.02235174447,-187500.02235174447,-187500.02235174447,-187500.02235174447
$SILENCE,1733.4224859979734,-7860.46032434229,6828.100303185022,12185.522876444207,-187500.02235174447,-187500.02235174447,-187500.02235174447,-187500.02235174447
$SILENCE,1602.083635578589,-7917.837252359063,6467.432554654188,12192.36251024753,-187500.02235174447,-187500.02235174447,-187500.02235174447,-187500.02235174447
$SILENCE,1840.4649901944388,-7886.388347910446,6940.216653372843,12130.112901939501,-187500.02235174447,-187500.02235174447,-187500.02235174447,-187500.02235174447
$SILENCE,1975.3354162377616,-7826.016286136662,7285.104070318231,12129.755274028215,-187500.02235174447,-187500.02235174447,-187500.02235174447,-187500.02235174447
$SILENCE,1772.3592248391183,-7851.541978304623,6921.172967096922,12173.050603038146,-187500.02235174447,-187500.02235174447,-187500.02235174447,-187500.02235174447
$SILENCE,1593.7687866412148,-7909.812976099608,6484.375176951311,12194.351815504053,-187500.02235174447,-187500.02235174447,-187500.02235174447,-187500.02235174447
$SILENCE,1811.6759433360035,-7900.648760872932,6836.348096889031,12126.961305971303,-187500.02235174447,-187500.02235174447,-187500.02235174447,-187500.02235174447
$SILENCE,1952.6260438711697,-7837.013344408673,7273.302349245829,12109.281076107154,-187500.02235174447,-187500.02235174447,-187500.02235174447,-187500.02235174447
$SILENCE,1800.6118298306264,-7839.472036298756,7021.465244467884,12163.729925600283,-187500.02235174447,-187500.02235174447,-187500.02235174447,-187500.02235174447
$SILENCE,1606.3975222584634,-7901.207554484315,6504.156470794257,12204.32069353112,-187500.02235174447,-187500.02235174447,-187500.02235174447,-187500.02235174447
$SILENCE,1759.886951433057,-7915.75854012472,6719.917860021336,12157.918472041902,-187500.02235174447,-187500.02235174447,-187500.02235174447,-187500.02235174447
$SILENCE,1979.1575645396192,-7846.110504401983,7250.034183267854,12115.49486106573,-187500.02235174447,-187500.02235174447,-187500.02235174447,-187500.02235174447
$SILENCE,1848.6904321539919,-7833.213547851271,7115.990771769378,12156.398553418941,-187500.02235174447,-187500.02235174447,-187500.02235174447,-187500.02235174447
$SILENCE,1606.1069495805443,-7890.501068890223,6582.789907788027,12196.69874867186,-187500.02235174447,-187500.02235174447,-187500.02235174447,-187500.02235174447
$SILENCE,1700.0289797817445,-7913.053979045628,6634.981231091169,12158.54432088665,-187500.02235174447,-187500.02235174447,-187500.02235174447,-187500.02235174447
$SILENCE,1971.6250266581808,-7854.045373683617,7193.081938395731,12095.735918967239,-187500.02235174447,-187500.02235174447,-187500.02235174447,-187500.02235174447
$SILENCE,1885.973141905444,-7837.952117675796,7170.461973006961,12122.937991969347,-187500.02235174447,-187500.02235174447,-187500.02235174447,-187500.02235174447
$SILENCE,1631.0291446482117,-7882.834420542053,6662.2056558377335,12186.394594477964,-187500.02235174447,-187500.02235174447,-187500.02235174447,-187500.02235174447
$SILENCE,1657.7841827612142,-7923.067560561605,6551.9668521841595,12156.711477841316,-187500.02235174447,-187500.02235174447,-187500.02235174447,-187500.02235174447
$SILENCE,1931.2130726829855,-7863.008423210195,7112.414492656529,12091.645549731917,-187500.02235174447,-187500.02235174447,-187500.02235174447,-187500.02235174447
$SILENCE,1905.2850491148292,-7837.035696153128,7223.055627710299,12112.67854126436,-187500.02235174447,-187500.02235174447,-187500.02235174447,-187500.02235174447
$SILENCE,1670.211752678365,-7862.829609254552,6758.273453506644,12179.711422885826,-187500.02235174447,-187500.02235174447,-187500.02235174447,-187500.02235174447
$SILENCE,1603.0447605901672,-7909.835327844064,6512.918354620738,12185.008786321734,-187500.02235174447,-187500.02235174447,-187500.02235174447,-187500.02235174447
$SILENCE,1883.5591535042709,-7877.470001872779,7032.395247506529,12122.669771035884,-187500.02235174447,-187500.02235174447,-187500.02235174447,-187500.02235174447
$SILENCE,1969.9486458240326,-7826.955059403785,7292.34603552175,12118.177070400367,-187500.02235174447,-187500.02235174447,-187500.02235174447,-187500.02235174447
$SILENCE,1719.6538114135042,-7852.547806805112,6866.634710625972,12156.622070863496,-187500.02235174447,-187500.02235174447,-187500.02235174447,-187500.02235174447
$SILENCE,1581.5647341686172,-7918.865432604008,6492.734729377596,12185.589931677572,-187500.02235174447,-187500.02235174447,-187500.02235174447,-187500.02235174447
$SILENCE,1836.978118059411,-7894.926714292374,6920.234193829799,12112.2091546308,-187500.02235174447,-187500.02235174447,-187500.02235174447,-187500.02235174447
$SILENCE,1988.031207088376,-7834.688762985321,7293.7988989113455,12105.414224316386,-187500.02235174447,-187500.02235174447,-187500.02235174447,-187500.02235174447
$SILENCE,1783.4456900889506,-7849.686783514832,6951.481932578317,12153.179902217378,-187500.02235174447,-187500.02235174447,-187500.02235174447,-187500.02235174447
$SILENCE,1570.7911933411592,-7908.807147599119,6498.747348636073,12188.048623567656,-187500.02235174447,-187500.02235174447,-187500.02235174447,-187500.02235174447
$SILENCE,1779.981169698378,-7906.639028386954,6819.360771102998,12121.574535557573,-187500.02235174447,-187500.02235174447,-187500.02235174447,-187500.02235174447
$SILENCE,1962.2372939869517,-7846.401077079902,7268.876703843678,12065.806933141583,-187500.02235174447,-187500.02235174447,-187500.02235174447,-187500.02235174447
$SILENCE,1820.4825306513944,-7843.450646811802,7052.10948611611,12132.415131618398,-187500.02235174447,-187500.02235174447,-187500.02235174447,-187500.02235174447
$SILENCE,1588.180850527388,-7895.351397437024,6526.932898394215,12186.752222389248,-187500.02235174447,-187500.02235174447,-187500.02235174447,-187500.02235174447
$SILENCE,1729.823855140669,-7905.610848142011,6716.542746608585,12140.64057357795,-187500.02235174447,-187500.02235174447,-187500.02235174447,-187500.02235174447
$SILENCE,1968.8310586012674,-7845.8646352129745,7254.839808325745,12101.949703925813,-187500.02235174447,-187500.02235174447,-187500.02235174447,-187500.02235174447
$SILENCE,1836.754600614858,-7830.397228049902,7133.067504533232,12130.247012406233,-187500.02235174447,-187500.02235174447,-187500.02235174447,-187500.02235174447
$SILENCE,1596.763920398226,-7885.449574643323,6614.998771548125,12186.036966566679,-187500.02235174447,-187500.02235174447,-187500.02235174447,-187500.02235174447
$SILENCE,1689.791880821214,-7912.338723223058,6633.304850257022,12159.1701697314,-187500.02235174447,-187500.02235174447,-187500.02235174447,-187500.02235174447
$SILENCE,1947.2169217129854,-7860.08034468655,7197.641694264615,12092.2043433433,-187500.02235174447,-187500.02235174447,-187500.02235174447,-187500.02235174447
$SILENCE,1879.4017290355837,-7831.537167017123,7194.825374463246,12092.718433465772,-187500.02235174447,-187500.02235174447,-187500.02235174447,-187500.02235174447
$SILENCE,1635.3877348169965,-7874.340757649035,6671.9510164202475,12148.150759714934,-187500.02235174447,-187500.02235174447,-187500.02235174447,-187500.02235174447
$SILENCE,1626.3799818015077,-7919.4689297043005,6544.121389880346,12162.791152333159,-187500.02235174447,-187500.02235174447,-187500.02235174447,-187500.02235174447
$SILENCE,1905.9108979595778,-7874.474868115768,7121.086969505188,12102.083814392545,-187500.02235174447,-187500.02235174447,-187500.02235174447,-187500.02235174447
$SILENCE,1930.81074128279,-7829.234937338226,7248.335450689251,12097.68052073485,-187500.02235174447,-187500.02235174447,-187500.02235174447,-187500.02235174447
$SILENCE,1703.0241135387557,-7864.573045322067,6780.178163072845,12158.097285997545,-187500.02235174447,-187500.02235174447,-187500.02235174447,-187500.02235174447
$SILENCE,1591.734777895782,-7915.825595358086,6491.326569476912,12161.137123243467,-187500.02235174447,-187500.02235174447,-187500.02235174447,-187500.02235174447
$SILENCE,1867.8011736632793,-7883.952007764818,7009.90939258449,12091.466735776274,-187500.02235174447,-187500.02235174447,-187500.02235174447,-187500.02235174447
$SILENCE,1952.0001950264211,-7832.498292028701,7302.180803082086,12105.034244660646,-187500.02235174447,-187500.02235174447,-187500.02235174447,-187500.02235174447
$SILENCE,1728.6839161734483,-7855.230016139748,6896.898972618458,12153.291660939654,-187500.02235174447,-187500.02235174447,-187500.02235174447,-187500.02235174447
$SILENCE,1569.8300683295809,-7916.965534325306,6490.454851443154,12162.388820932963,-187500.02235174447,-187500.02235174447,-187500.02235174447,-187500.02235174447
$SILENCE,1816.3251061827073,-7886.231885699259,6905.258525044743,12103.894305693426,-187500.02235174447,-187500.02235174447,-187500.02235174447,-187500.02235174447
$SILENCE,1964.8971515771332,-7825.569251247555,7298.738634435968,12079.597959470506,-187500.02235174447,-187500.02235174447,-187500.02235174447,-187500.02235174447
$SILENCE,1778.0812714196768,-7844.769399734664,6996.408938933485,12131.275192651176,-187500.02235174447,-187500.02235174447,-187500.02235174447,-187500.02235174447
$SILENCE,1577.1614405109217,-7904.5603161526105,6508.962095852148,12173.967024560812,-187500.02235174447,-187500.02235174447,-187500.02235174447,-187500.02235174447
$SILENCE,1772.8286114726798,-7903.889763818952,6795.779680702649,12124.59202105904,-187500.02235174447,-187500.02235174447,-187500.02235174447,-187500.02235174447
$SILENCE,1946.4346106570497,-7839.896719443407,7293.77654716689,12095.400642800409,-187500.02235174447,-187500.02235174447,-187500.02235174447,-187500.02235174447
$SILENCE,1788.0948529356544,-7835.873405441453,7099.137556450076,12146.183806202866,-187500.02235174447,-187500.02235174447,-187500.02235174447,-187500.02235174447
$SILENCE,1611.6501822054604,-7887.416528155391,6581.2029339317005,12174.950501316847,-187500.02235174447,-187500.02235174447,-187500.02235174447,-187500.02235174447
$SILENCE,1720.369067236074,-7907.80131909863,6689.8547637289485,12118.557050056106,-187500.02235174447,-187500.02235174447,-187500.02235174447,-187500.02235174447
$SILENCE,1944.065325744787,-7849.686783514832,7233.650354582114,12069.96435761027,-187500.02235174447,-187500.02235174447,-187500.02235174447,-187500.02235174447
$SILENCE,1853.0937258116874,-7824.384608791424,7170.573731729238,12116.433634332852,-187500.02235174447,-187500.02235174447,-187500.02235174447,-187500.02235174447
$SILENCE,1598.7979291436588,-7883.773193809176,6627.471044954186,12187.355719489542,-187500.02235174447,-187500.02235174447,-187500.02235174447,-187500.02235174447
$SILENCE,1652.956205958868,-7910.125900521983,6610.707236612706,12157.583195875073,-187500.02235174447,-187500.02235174447,-187500.02235174447,-187500.02235174447
$SILENCE,1929.648450571114,-7856.481713829246,7160.18017055752,12070.38904075492,-187500.02235174447,-187500.02235174447,-187500.02235174447,-187500.02235174447
$SILENCE,1896.5008135438936,-7820.7412744452095,7244.267433198385,12105.347169083021,-187500.02235174447,-187500.02235174447,-187500.02235174447,-187500.02235174447
$SILENCE,1627.2069963463541,-7868.84222851303,6712.2735634176215,12169.496675669752,-187500.02235174447,-187500.02235174447,-187500.02235174447,-187500.02235174447
$SILENCE,1601.7707111562147,-7919.379522726479,6536.298279320989,12149.536567871162,-187500.02235174447,-187500.02235174447,-187500.02235174447,-187500.02235174447
$SILENCE,1881.9274761590334,-7867.076440701061,7087.425242355495,12101.435613803342,-187500.02235174447,-187500.02235174447,-187500.02235174447,-187500.02235174447
$SILENCE,1913.3763806076504,-7824.474015769246,7266.261549742407,12092.293750321121,-187500.02235174447,-187500.02235174447,-187500.02235174447,-187500.02235174447
$SILENCE,1682.661674339971,-7862.2931673876255,6815.002180934212,12147.413152147908,-187500.02235174447,-187500.02235174447,-187500.02235174447,-187500.02235174447
$SILENCE,1585.9009725929468,-7910.394121455446,6488.2196769976235,12170.949539059346,-187500.02235174447,-187500.02235174447,-187500.02235174447,-187500.02235174447
$SILENCE,1860.5368567153046,-7881.89564727493,6983.444927149407,12104.184878371345,-187500.02235174447,-187500.02235174447,-187500.02235174447,-187500.02235174447
$SILENCE,1954.3471281942284,-7827.0221146371505,7307.366407795716,12098.574590513063,-187500.02235174447,-187500.02235174447,-187500.02235174447,-187500.02235174447
$SILENCE,1714.825834611158,-7845.752876490698,6930.89597593498,12137.913660754402,-187500.02235174447,-187500.02235174447,-187500.02235174447,-187500.02235174447
$SILENCE,1554.4297163998745,-7907.466042931801,6493.695854389174,12161.830027321581,-187500.02235174447,-187500.02235174447,-187500.02235174447,-187500.02235174447
$SILENCE,1816.9286032830005,-7891.886877046451,6883.711443389827,12106.285942350143,-187500.02235174447,-187500.02235174447,-187500.02235174447,-187500.02235174447
$SILENCE,1959.555084652315,-7829.994896649707,7301.107919348231,12078.547427481108,-187500.02235174447,-187500.02235174447,-187500.02235174447,-187500.02235174447
$SILENCE,1769.3864428265624,-7837.907414186885,7023.6110119355935,12129.554108328119,-187500.02235174447,-187500.02235174447,-187500.02235174447,-187500.02235174447
$SILENCE,1542.6950505608381,-7904.359150452513,6514.170052310235,12160.31010869862,-187500.02235174447,-187500.02235174447,-187500.02235174447,-187500.02235174447
$SILENCE,1735.7023639324148,-7902.079272518072,6772.332700769031,12121.887459979947,-187500.02235174447,-187500.02235174447,-187500.02235174447,-187500.02235174447
$SILENCE,1980.6327796736693,-7832.990030406718,7292.793070410857,12101.212096358788,-187500.02235174447,-187500.02235174447,-187500.02235174447,-187500.02235174447
$SILENCE,1859.7321939149135,-7832.990030406718,7148.780780885313,12151.950556272335,-187500.02235174447,-187500.02235174447,-187500.02235174447,-187500.02235174447
$SILENCE,1583.3305219805864,-7892.199801468826,6581.91818975427,12180.784306619682,-187500.02235174447,-187500.02235174447,-187500.02235174447,-187500.02235174447
$SILENCE,1680.2923894277085,-7908.9636098103065,6662.473876771197,12137.958364243314,-187500.02235174447,-187500.02235174447,-187500.02235174447,-187500.02235174447
$SILENCE,1937.5386163638375,-7841.573100277556,7229.627040580159,12082.034299616134,-187500.02235174447,-187500.02235174447,-187500.02235174447,-187500.02235174447
$SILENCE,1852.5796356892154,-7824.697533213799,7192.880772695634,12106.01772141668,-187500.02235174447,-187500.02235174447,-187500.02235174447,-187500.02235174447
$SILENCE,1629.0845428805999,-7877.782926295153,6696.873211487915,12163.282890711176,-187500.02235174447,-187500.02235174447,-187500.02235174447,-187500.02235174447
$SILENCE,1679.241857438309,-7907.890726076452,6627.113417042901,12152.442294650353,-187500.02235174447,-187500.02235174447,-187500.02235174447,-187500.02235174447
$SILENCE,1915.8127207532789,-7857.711059774288,7144.377487227618,12090.863238675982,-187500.02235174447,-187500.02235174447,-187500.02235174447,-187500.02235174447
$SILENCE,1897.685456000025,-7823.624649479944,7262.126477018175,12102.486145792742,-187500.02235174447,-187500.02235174447,-187500.02235174447,-187500.02235174447
$SILENCE,1635.4547900503624,-7867.255254656703,6728.90326129237,12160.734791843272,-187500.02235174447,-187500.02235174447,-187500.02235174447,-187500.02235174447
$SILENCE,1626.111760868044,-7909.1424237659485,6552.995032429103,12157.426733663886,-187500.02235174447,-187500.02235174447,-187500.02235174447,-187500.02235174447
$SILENCE,1880.9887028919106,-7868.708118046298,7051.885968671557,12103.514326037684,-187500.02235174447,-187500.02235174447,-187500.02235174447,-187500.02235174447
$SILENCE,1943.1489042221194,-7829.972544905251,7278.644416170647,12083.397756027909,-187500.02235174447,-187500.02235174447,-187500.02235174447,-187500.02235174447
$SILENCE,1691.1553372329877,-7862.539036576633,6850.608509851517,12160.26540520971,-187500.02235174447,-187500.02235174447,-187500.02235174447,-187500.02235174447
$SILENCE,1573.473402675796,-7912.539888923156,6500.289619003489,12192.541324203174,-187500.02235174447,-187500.02235174447,-187500.02235174447,-187500.02235174447
$SILENCE,1872.3832812766173,-7890.32225493458,6974.973616000845,12099.803936458104,-187500.02235174447,-187500.02235174447,-187500.02235174447,-187500.02235174447
$SILENCE,1970.1721632685858,-7834.778169963142,7329.338172595284,12081.63196821594,-187500.02235174447,-187500.02235174447,-187500.02235174447,-187500.02235174447
$SILENCE,1759.596378755138,-7844.478827056745,6973.341938655608,12147.63666959246,-187500.02235174447,-187500.02235174447,-187500.02235174447,-187500.02235174447
$SILENCE,1582.9058388359356,-7903.956819052318,6507.933915607205,12181.879542097991,-187500.02235174447,-187500.02235174447,-187500.02235174447,-187500.02235174447
$SILENCE,1809.239603190375,-7896.737205593254,6866.791172837159,12109.549297040618,-187500.02235174447,-187500.02235174447,-187500.02235174447,-187500.02235174447
$SILENCE,1979.6045994287254,-7838.1756351203485,7315.569498010815,12079.82147691506,-187500.02235174447,-187500.02235174447,-187500.02235174447,-187500.02235174447
$SILENCE,1811.363018913629,-7842.020135166662,7066.191085122953,12121.932163468859,-187500.02235174447,-187500.02235174447,-187500.02235174447,-187500.02235174447
$SILENCE,1583.375225469497,-7896.625446870977,6545.283680592022,12165.607472134529,-187500.02235174447,-187500.02235174447,-187500.02235174447,-187500.02235174447
$SILENCE,1742.8996256470234,-7910.260010988714,6747.075229534535,12110.242201118732,-187500.02235174447,-187500.02235174447,-187500.02235174447,-187500.02235174447
$SILENCE,1964.5171719213931,-7850.133818403938,7268.027337554377,12039.141302006401,-187500.02235174447,-187500.02235174447,-187500.02235174447,-187500.02235174447
$SILENCE,1883.6038569931816,-7837.594489764511,7162.817676403246,12097.479355034751,-187500.02235174447,-187500.02235174447,-187500.02235174447,-187500.02235174447
$SILENCE,1634.046630149678,-7895.060824759105,6636.814074136505,12164.668698867405,-187500.02235174447,-187500.02235174447,-187500.02235174447,-187500.02235174447
$SILENCE,1732.9083958755014,-7925.414493729412,6723.181214711812,12135.007933975212,-187500.02235174447,-187500.02235174447,-187500.02235174447,-187500.02235174447
$SILENCE,1979.872820362189,-7860.683841786843,7258.661956627603,12063.035316829124,-187500.02235174447,-187500.02235174447,-187500.02235174447,-187500.02235174447
$SILENCE,1903.9439444475108,-7839.047353154106,7253.319889702784,12085.163543839877,-187500.02235174447,-187500.02235174447,-187500.02235174447,-187500.02235174447
$SILENCE,1642.853217465069,-7895.060824759105,6728.433874658808,12134.605602575017,-187500.02235174447,-187500.02235174447,-187500.02235174447,-187500.02235174447
$SILENCE,1680.7170725723593,-7936.053924090139,6586.92498051226,12102.352035326008,-187500.02235174447,-187500.02235174447,-187500.02235174447,-187500.02235174447
$SILENCE,1961.7679073533902,-7874.6089785825,7167.198618316486,12052.15001727939,-187500.02235174447,-187500.02235174447,-187500.02235174447,-187500.02235174447
$SILENCE,1974.9554365820215,-7843.182425878338,7325.516024293426,12086.05761361809,-187500.02235174447,-187500.02235174447,-187500.02235174447,-187500.02235174447
$SILENCE,1719.3632387355851,-7880.241618185237,6824.278154883165,12122.133329168955,-187500.02235174447,-187500.02235174447,-187500.02235174447,-187500.02235174447
$SILENCE,1644.6190052770385,-7933.729342666787,6575.570294328963,12101.659131247894,-187500.02235174447,-187500.02235174447,-187500.02235174447,-187500.02235174447
$SILENCE,1914.3822091081393,-7894.189106725348,7101.059806473232,12042.650525885883,-187500.02235174447,-187500.02235174447,-187500.02235174447,-187500.02235174447
$SILENCE,1979.224619772985,-7835.716943230265,7381.820068576345,12056.95564233728,-187500.02235174447,-187500.02235174447,-187500.02235174447,-187500.02235174447
$SILENCE,1729.175654551465,-7868.059917457094,6921.284725819198,12115.293695365632,-187500.02235174447,-187500.02235174447,-187500.02235174447,-187500.02235174447
$SILENCE,1667.3507293880857,-7932.388237999468,6578.252503663601,12126.000180959723,-187500.02235174447,-187500.02235174447,-187500.02235174447,-187500.02235174447
$SILENCE,1892.008112908377,-7907.644856887443,6978.125211969043,12050.786560867617,-187500.02235174447,-187500.02235174447,-187500.02235174447,-187500.02235174447
$SILENCE,2015.6356114906803,-7853.777152750154,7365.100963723775,12037.487272916707,-187500.02235174447,-187500.02235174447,-187500.02235174447,-187500.02235174447
$SILENCE,1815.8333678046904,-7868.976338979762,7041.58181447766,12082.503686249696,-187500.02235174447,-187500.02235174447,-187500.02235174447,-187500.02235174447
$SILENCE,1604.274106535209,-7928.18611004187,6536.320631065444,12108.632875517951,-187500.02235174447,-187500.02235174447,-187500.02235174447,-187500.02235174447
$SILENCE,1789.1006814361433,-7931.963554854818,6836.862187011503,12041.532938663118,-187500.02235174447,-187500.02235174447,-187500.02235174447,-187500.02235174447
$SILENCE,1999.1176723382084,-7854.090077172527,7319.883384690689,12034.425083926331,-187500.02235174447,-187500.02235174447,-187500.02235174447,-187500.02235174447
$SILENCE,1860.2239322929304,-7850.446742826312,7122.003391027855,12096.272360834166,-187500.02235174447,-187500.02235174447,-187500.02235174447,-187500.02235174447
$SILENCE,1624.636545733994,-7907.577801654077,6632.164911289801,12141.177015444877,-187500.02235174447,-187500.02235174447,-187500.02235174447,-187500.02235174447
$SILENCE,1772.2474661168417,-7919.647743659943,6795.3326458135425,12076.044032102112,-187500.02235174447,-187500.02235174447,-187500.02235174447,-187500.02235174447
$SILENCE,2003.4762625069932,-7854.291242872625,7296.525811734893,12032.882813558916,-187500.02235174447,-187500.02235174447,-187500.02235174447,-187500.02235174447
$SILENCE,1897.32782808874,-7842.198949122304,7202.916705956067,12074.39000301242,-187500.02235174447,-187500.02235174447,-187500.02235174447,-187500.02235174447
$SILENCE,1636.9970604177786,-7893.742071836242,6679.237685112677,12127.11776818249,-187500.02235174447,-187500.02235174447,-187500.02235174447,-187500.02235174447
$SILENCE,1687.981389520334,-7930.577746698588,6659.232873825178,12074.501761734697,-187500.02235174447,-187500.02235174447,-187500.02235174447,-187500.02235174447
$SILENCE,1974.776622626379,-7867.612882567988,7228.062418468287,12043.298726475088,-187500.02235174447,-187500.02235174447,-187500.02235174447,-187500.02235174447
$SILENCE,1930.2519476714074,-7835.091094385517,7270.2625119999075,12078.323910036554,-187500.02235174447,-187500.02235174447,-187500.02235174447,-187500.02235174447
$SILENCE,1687.5790581201386,-7888.176487466871,6768.488200722719,12118.847622734025,-187500.02235174447,-187500.02235174447,-187500.02235174447,-187500.02235174447
$SILENCE,1643.0990866540774,-7925.101569307038,6565.288491879523,12093.523096266163,-187500.02235174447,-187500.02235174447,-187500.02235174447,-187500.02235174447
$SILENCE,1932.0624389722873,-7878.3193681620805,7162.102420580676,12045.086866031512,-187500.02235174447,-187500.02235174447,-187500.02235174447,-187500.02235174447
$SILENCE,1938.5444448643264,-7840.410809565879,7323.616126014725,12051.81474111256,-187500.02235174447,-187500.02235174447,-187500.02235174447,-187500.02235174447
$SILENCE,1703.269982727764,-7870.496257602723,6836.281041655665,12118.735864011749,-187500.02235174447,-187500.02235174447,-187500.02235174447,-187500.02235174447
$SILENCE,1639.142827885488,-7921.100607049538,6529.637459473308,12121.194555901833,-187500.02235174447,-187500.02235174447,-187500.02235174447,-187500.02235174447
$SILENCE,1917.6902672875246,-7884.488449631745,7062.212474609909,12064.555235452084,-187500.02235174447,-187500.02235174447,-187500.02235174447,-187500.02235174447
$SILENCE,1978.3081982503174,-7828.273812326648,7346.683126292602,12069.852598887992,-187500.02235174447,-187500.02235174447,-187500.02235174447,-187500.02235174447
$SILENCE,1743.793695425236,-7856.146437662415,6936.282746348709,12121.418073346385,-187500.02235174447,-187500.02235174447,-187500.02235174447,-187500.02235174447
$SILENCE,1604.8105484021364,-7918.552508181633,6542.713229979662,12151.771742316692,-187500.02235174447,-187500.02235174447,-187500.02235174447,-187500.02235174447
$SILENCE,1882.7321389594244,-7900.671112617388,6970.167990942954,12086.01291012918,-187500.02235174447,-187500.02235174447,-187500.02235174447,-187500.02235174447
$SILENCE,2005.487919507971,-7833.5488240181,7373.035833005409,12037.487272916707,-187500.02235174447,-187500.02235174447,-187500.02235174447,-187500.02235174447
$SILENCE,1763.9996724128334,-7842.690687500321,7022.538128201739,12087.130497351945,-187500.02235174447,-187500.02235174447,-187500.02235174447,-187500.02235174447
$SILENCE,1588.8514028610473,-7903.778005096675,6565.959044213181,12150.944727771846,-187500.02235174447,-187500.02235174447,-187500.02235174447,-187500.02235174447
$SILENCE,1802.1988036869532,-7905.90142081993,6828.279117140665,12126.78249201566,-187500.02235174447,-187500.02235174447,-187500.02235174447,-187500.02235174447
$SILENCE,1992.9485908685435,-7843.607109022989,7305.734730450479,12062.476523217741,-187500.02235174447,-187500.02235174447,-187500.02235174447,-187500.02235174447
$SILENCE,1819.7449230843692,-7838.689725242821,7110.715760077926,12082.816610672071,-187500.02235174447,-187500.02235174447,-187500.02235174447,-187500.02235174447
$SILENCE,1603.6482576904605,-7895.686673603854,6570.429393104243,12137.108997954012,-187500.02235174447,-187500.02235174447,-187500.02235174447,-187500.02235174447
$SILENCE,1746.9229396489789,-7910.997618555739,6715.067531474535,12124.144986169933,-187500.02235174447,-187500.02235174447,-187500.02235174447,-187500.02235174447
$SILENCE,1978.0623290613091,-7851.676088771354,7277.973863836988,12064.555235452084,-187500.02235174447,-187500.02235174447,-187500.02235174447,-187500.02235174447
$SILENCE,1889.907048929578,-7837.3486205755025,7199.116909398665,12082.816610672071,-187500.02235174447,-187500.02235174447,-187500.02235174447,-187500.02235174447
$SILENCE,1626.8717201795246,-7880.867467029985,6651.163894076812,12140.081779966567,-187500.02235174447,-187500.02235174447,-187500.02235174447,-187500.02235174447
$SILENCE,1690.4400814104179,-7916.6526099029315,6617.88214658286,12127.654210049417,-187500.02235174447,-187500.02235174447,-187500.02235174447,-187500.02235174447
$SILENCE,1991.6521896901359,-7862.65079529891,7210.069264181765,12079.463849003774,-187500.02235174447,-187500.02235174447,-187500.02235174447,-187500.02235174447
$SILENCE,1946.2557967014072,-7825.479844269735,7271.871837600689,12097.881686434948,-187500.02235174447,-187500.02235174447,-187500.02235174447,-187500.02235174447
não,1650.3634036020524,-7859.387440608435,6738.179235241322,12146.139102713956,-187500.02235174447,-187500.02235174447,-187500.02235174447,-187500.02235174447
não,1618.7356851977927,-7909.656513888421,6539.427523544732,12136.572556087083,-187500.02235174447,-187500.02235174447,-187500.02235174447,-187500.02235174447
não,1948.356860680206,-7867.389365123435,7125.557318396249,12090.72912820925,-187500.02235174447,-187500.02235174447,-187500.02235174447,-187500.02235174447
não,1976.5647621828036,-7822.216489579259,7323.25849810344,12096.384119556442,-187500.02235174447,-187500.02235174447,-187500.02235174447,-187500.02235174447
não,1711.8754043430574,-7850.2008736373045,6838.091532956545,12133.845643263538,-187500.02235174447,-187500.02235174447,-187500.02235174447,-187500.02235174447
não,1605.8834321359911,-7906.728435364776,6519.62387795733,12150.45298939383,-187500.02235174447,-187500.02235174447,-187500.02235174447,-187500.02235174447
não,1891.7622437193686,-7878.788754795642,7015.363218231585,12086.549351996107,-187500.02235174447,-187500.02235174447,-187500.02235174447,-187500.02235174447
não,1969.7921836128455,-7822.55176574609,7302.069044359809,12062.968261595757,-187500.02235174447,-187500.02235174447,-187500.02235174447,-187500.02235174447
não,1756.0648031311994,-7841.349582833002,6933.645240502982,12131.92339324038,-187500.02235174447,-187500.02235174447,-187500.02235174447,-187500.02235174447
não,1588.180850527388,-7902.526307407178,6516.092302333392,12179.532608930185,-187500.02235174447,-187500.02235174447,-187500.02235174447,-187500.02235174447
não,1838.229815748908,-7886.097775232527,6891.802774882648,12109.21402087379,-187500.02235174447,-187500.02235174447,-187500.02235174447,-187500.02235174447
não,2026.5879662737807,-7826.284507070126,7333.003858685954,12082.749555438704,-187500.02235174447,-187500.02235174447,-187500.02235174447,-187500.02235174447
não,1728.147474306521,-7837.907414186885,6848.418038894897,12203.359568519541,-187500.02235174447,-187500.02235174447,-187500.02235174447,-187500.02235174447
não,1594.1934697858655,-7890.344606679036,6533.43725603071,12177.811524607127,-187500.02235174447,-187500.02235174447,-187500.02235174447,-187500.02235174447
não,1778.170678397498,-7895.03847301465,6777.026567104646,12133.063332207601,-187500.02235174447,-187500.02235174447,-187500.02235174447,-187500.02235174447
não,1974.9107330931108,-7828.2514605821925,7286.311064518817,12080.804953671093,-187500.02235174447,-187500.02235174447,-187500.02235174447,-187500.02235174447
não,1846.2093885194527,-7821.635344223421,7126.183167240998,12125.553146070617,-187500.02235174447,-187500.02235174447,-187500.02235174447,-187500.02235174447
não,1609.280897293198,-7878.095850717527,6596.290361439033,12175.285777483676,-187500.02235174447,-187500.02235174447,-187500.02235174447,-187500.02235174447
não,1905.8214909817566,-7858.202798152304,7066.056974656221,12136.192576431344,-187500.02235174447,-187500.02235174447,-187500.02235174447,-187500.02235174447
não,1980.7892418848567,-7811.018265607151,7210.337485115228,12209.0816151001,-187500.02235174447,-187500.02235174447,-187500.02235174447,-187500.02235174447
não,1688.1378517315213,-7872.396155881424,6505.363464994844,12315.990008829835,-187500.02235174447,-187500.02235174447,-187500.02235174447,-187500.02235174447
não,1665.7190520428483,-7851.877254471452,6737.754552096671,12200.342083018075,-187500.02235174447,-187500.02235174447,-187500.02235174447,-187500.02235174447
não,1617.8416154195804,-7849.195045136816,6591.976474759159,12295.158182997488,-187500.02235174447,-187500.02235174447,-187500.02235174447,-187500.02235174447
não,1984.9466663535436,-7781.133983270405,7264.965148564,12236.194281124388,-187500.02235174447,-187500.02235174447,-187500.02235174447,-187500.02235174447
não,1701.3253809601524,-7871.7479552922205,6550.558692283475,12284.317586936664,-187500.02235174447,-187500.02235174447,-187500.02235174447,-187500.02235174447
não,1740.5079889903056,-7820.227184322737,6932.75117072477,12194.910609115435,-187500.02235174447,-187500.02235174447,-187500.02235174447,-187500.02235174447
não,1589.1643272834215,-7864.774211022164,6517.411055256254,12265.586825083117,-187500.02235174447,-187500.02235174447,-187500.02235174447,-187500.02235174447
não,1931.1460174496196,-7781.156335014861,7205.129528657142,12242.631583527516,-187500.02235174447,-187500.02235174447,-187500.02235174447,-187500.02235174447
não,1971.423860958083,-7839.717905487765,7040.374820277074,12244.866757973046,-187500.02235174447,-187500.02235174447,-187500.02235174447,-187500.02235174447
não,2044.2011409045626,-7783.369157715936,7302.650189715647,12234.629659012517,-187500.02235174447,-187500.02235174447,-187500.02235174447,-187500.02235174447
não,1810.9606875134334,-7791.393433975391,6875.977739808291,12303.405976701497,-187500.02235174447,-187500.02235174447,-187500.02235174447,-187500.02235174447
não,1675.8220405366471,-7859.119219674972,6482.542333905975,12324.48367172285,-187500.02235174447,-187500.02235174447,-187500.02235174447,-187500.02235174447
não,1938.7009070755134,-7842.534225289134,6930.426589301418,12263.57516808214,-187500.02235174447,-187500.02235174447,-187500.02235174447,-187500.02235174447
não,2064.6306353367136,-7781.044576292584,7309.512175263426,12242.408066082962,-187500.02235174447,-187500.02235174447,-187500.02235174447,-187500.02235174447
não,1860.55920845976,-7796.646093922388,6990.865706308568,12284.943435781412,-187500.02235174447,-187500.02235174447,-187500.02235174447,-187500.02235174447
não,1668.3789096330297,-7856.906396973896,6510.414959241743,12316.168822785476,-187500.02235174447,-187500.02235174447,-187500.02235174447,-187500.02235174447
não,1885.0120168938658,-7854.64887078391,6823.898175227425,12256.020278456244,-187500.02235174447,-187500.02235174447,-187500.02235174447,-187500.02235174447
não,2079.583952377314,-7805.989123104707,7302.292561804362,12221.263315828242,-187500.02235174447,-187500.02235174447,-187500.02235174447,-187500.02235174447
não,1924.3510871352062,-7811.062969096061,7088.45342260044,12262.502284348284,-187500.02235174447,-187500.02235174447,-187500.02235174447,-187500.02235174447
não,1702.0629885271776,-7836.320440330558,6577.380785629844,12307.96573257038,-187500.02235174447,-187500.02235174447,-187500.02235174447,-187500.02235174447
não,1835.5699581587266,-7855.475885328757,6723.829415301016,12251.28170863172,-187500.02235174447,-187500.02235174447,-187500.02235174447,-187500.02235174447
não,2077.5052401429703,-7806.525564971634,7275.828096369279,12205.572391220618,-187500.02235174447,-187500.02235174447,-187500.02235174447,-187500.02235174447
não,1965.232427743963,-7791.013454319651,7179.894409167101,12231.098083388577,-187500.02235174447,-187500.02235174447,-187500.02235174447,-187500.02235174447
não,1715.5634421781829,-7843.137722389427,6643.0725625839905,12289.078508505645,-187500.02235174447,-187500.02235174447,-187500.02235174447,-187500.02235174447
não,1788.206611657931,-7873.916074504385,6645.084219584968,12261.921138992446,-187500.02235174447,-187500.02235174447,-187500.02235174447,-187500.02235174447
não,2074.577161619325,-7807.866669638953,7247.57549137777,12208.031083110702,-187500.02235174447,-187500.02235174447,-187500.02235174447,-187500.02235174447
não,2026.5432627848702,-7781.603369903966,7257.097334515731,12219.765748949738,-187500.02235174447,-187500.02235174447,-187500.02235174447,-187500.02235174447
não,1747.2582158158084,-7847.608071280489,6692.849897485959,12247.057228929667,-187500.02235174447,-187500.02235174447,-187500.02235174447,-187500.02235174447
não,1733.4224859979734,-7888.623522355977,6542.534416024019,12238.004772425267,-187500.02235174447,-187500.02235174447,-187500.02235174447,-187500.02235174447
não,2039.775495502412,-7827.357390803981,7145.383315728107,12185.187600277377,-187500.02235174447,-187500.02235174447,-187500.02235174447,-187500.02235174447
não,2061.7919637908894,-7787.481878695712,7314.071931132309,12193.256580025743,-187500.02235174447,-187500.02235174447,-187500.02235174447,-187500.02235174447
não,1791.9170012375118,-7839.494388043212,6802.909887183891,12227.812376953647,-187500.02235174447,-187500.02235174447,-187500.02235174447,-187500.02235174447
não,1738.4516285004174,-7868.4622488572895,6524.876537904327,12255.707354033872,-187500.02235174447,-187500.02235174447,-187500.02235174447,-187500.02235174447
não,1998.3130095378174,-7849.84324572602,7025.466206725384,12168.021460535701,-187500.02235174447,-187500.02235174447,-187500.02235174447,-187500.02235174447
não,2071.4702691400375,-7804.424500992835,7314.898945677155,12151.391762660953,-187500.02235174447,-187500.02235174447,-187500.02235174447,-187500.02235174447
não,1853.429001978517,-7843.9870886787285,6945.826941231125,12194.776498648704,-187500.02235174447,-187500.02235174447,-187500.02235174447,-187500.02235174447
não,1727.6110324395936,-7887.863563044497,6570.608207059885,12228.974667665323,-187500.02235174447,-187500.02235174447,-187500.02235174447,-187500.02235174447
não,1956.6940613620357,-7872.306748903603,6909.6171152135275,12171.038946037168,-187500.02235174447,-187500.02235174447,-187500.02235174447,-187500.02235174447
não,2095.543097918403,-7840.008478165684,7320.598640513259,12102.977884170758,-187500.02235174447,-187500.02235174447,-187500.02235174447,-187500.02235174447
não,1892.4774995419384,-7838.622670009455,7017.911317099491,12162.612338377518,-187500.02235174447,-187500.02235174447,-187500.02235174447,-187500.02235174447
não,1706.019247295767,-7895.686673603854,6530.7773984405285,12203.717196430827,-187500.02235174447,-187500.02235174447,-187500.02235174447,-187500.02235174447
não,1892.9468861755,-7892.982112524762,6797.970151659269,12152.129370227978,-187500.02235174447,-187500.02235174447,-187500.02235174447,-187500.02235174447
não,2096.772443863445,-7838.846187454008,7318.609335256736,12116.29952386612,-187500.02235174447,-187500.02235174447,-187500.02235174447,-187500.02235174447
não,1937.6280233416587,-7834.666411240865,7104.636085586082,12153.649288850938,-187500.02235174447,-187500.02235174447,-187500.02235174447,-187500.02235174447
não,1706.980372307345,-7895.686673603854,6552.682108006729,12191.110812558034,-187500.02235174447,-187500.02235174447,-187500.02235174447,-187500.02235174447
não,1836.106400025654,-7910.058845288617,6694.70509227575,12139.970021244291,-187500.02235174447,-187500.02235174447,-187500.02235174447,-187500.02235174447
não,2096.2807054854284,-7852.100771916005,7256.4714856709825,12102.44144230383,-187500.02235174447,-187500.02235174447,-187500.02235174447,-187500.02235174447
não,2008.3265910537948,-7836.1192746304605,7180.833182434223,12137.712495054306,-187500.02235174447,-187500.02235174447,-187500.02235174447,-187500.02235174447
não,1731.0979045746215,-7888.087080489049,6626.2640507536,12169.83195183658,-187500.02235174447,-187500.02235174447,-187500.02235174447,-187500.02235174447
não,1789.9500477254448,-7920.810034371619,6596.804451561506,12159.21487322031,-187500.02235174447,-187500.02235174447,-187500.02235174447,-187500.02235174447
não,2066.21760919304,-7872.284397159147,7184.23064759143,12107.358826083997,-187500.02235174447,-187500.02235174447,-187500.02235174447,-187500.02235174447
não,2021.290602837873,-7835.493425785712,7243.798046564823,12122.1109774245,-187500.02235174447,-187500.02235174447,-187500.02235174447,-187500.02235174447
não,1773.0297771727774,-7878.922865262373,6738.268642219144,12186.305187500142,-187500.02235174447,-187500.02235174447,-187500.02235174447,-187500.02235174447
não,1743.9054541475123,-7931.2706507767025,6532.319668807944,12175.375184461498,-187500.02235174447,-187500.02235174447,-187500.02235174447,-187500.02235174447
não,2027.1691116296188,-7885.5613333656,7093.549620336249,12116.746558755227,-187500.02235174447,-187500.02235174447,-187500.02235174447,-187500.02235174447
não,2056.2710829104285,-7838.488559542723,7293.73184367798,12118.668808778384,-187500.02235174447,-187500.02235174447,-187500.02235174447,-187500.02235174447
não,1814.8275393042015,-7870.719775047276,6836.079875955567,12172.447105937852,-187500.02235174447,-187500.02235174447,-187500.02235174447,-187500.02235174447
não,1710.3331339756412,-7923.246374517247,6499.350845736367,12186.998091578256,-187500.02235174447,-187500.02235174447,-187500.02235174447,-187500.02235174447
não,1977.6823494055689,-7892.713891591298,6984.361348672074,12120.501651823719,-187500.02235174447,-187500.02235174447,-187500.02235174447,-187500.02235174447
não,2063.7589173029564,-7842.26600435567,7294.894134389656,12104.96718942728,-187500.02235174447,-187500.02235174447,-187500.02235174447,-187500.02235174447
não,1849.0257083208214,-7865.2883011446365,6927.453807288863,12161.338288943565,-187500.02235174447,-187500.02235174447,-187500.02235174447,-187500.02235174447
não,1690.4177296659625,-7921.659400660921,6499.686121903196,12199.738585917781,-187500.02235174447,-187500.02235174447,-187500.02235174447,-187500.02235174447
não,1923.9934592239213,-7908.091891776549,6876.111850275022,12140.193538688844,-187500.02235174447,-187500.02235174447,-187500.02235174447,-187500.02235174447
não,2070.9114755286546,-7845.015268923673,7303.186631582575,12104.453099304808,-187500.02235174447,-187500.02235174447,-187500.02235174447,-187500.02235174447
não,1882.7768424483352,-7849.575024792555,7031.255308539308,12150.45298939383,-187500.02235174447,-187500.02235174447,-187500.02235174447,-187500.02235174447
não,1663.8191537641471,-7907.04135978715,6527.111712349858,12196.162306804932,-187500.02235174447,-187500.02235174447,-187500.02235174447,-187500.02235174447
não,1830.4514086784613,-7909.991790055251,6761.246235519199,12152.732867328272,-187500.02235174447,-187500.02235174447,-187500.02235174447,-187500.02235174447
não,2039.6190332912247,-7846.110504401983,7289.887343631666,12091.980825898747,-187500.02235174447,-187500.02235174447,-187500.02235174447,-187500.02235174447
não,1889.7505867183909,-7838.957946176285,7109.531117621794,12137.913660754402,-187500.02235174447,-187500.02235174447,-187500.02235174447,-187500.02235174447
não,1640.1710081304323,-7901.498127162234,6560.482866821631,12188.830934623593,-187500.02235174447,-187500.02235174447,-187500.02235174447,-187500.02235174447
não,1750.8344949286575,-7919.535984937666,6649.196940564745,12153.559881873118,-187500.02235174447,-187500.02235174447,-187500.02235174447,-187500.02235174447
não,2008.7959776873563,-7862.0025947097065,7201.128566399642,12092.15963985439,-187500.02235174447,-187500.02235174447,-187500.02235174447,-187500.02235174447
não,1921.5347673338376,-7838.801483965098,7172.048946863288,12108.856392962503,-187500.02235174447,-187500.02235174447,-187500.02235174447,-187500.02235174447
não,1654.0067379482673,-7887.975321766773,6616.295172726533,12169.295509969654,-187500.02235174447,-187500.02235174447,-187500.02235174447,-187500.02235174447
não,1671.1952294343985,-7933.841101389063,6533.616069986352,12148.955422515324,-187500.02235174447,-187500.02235174447,-187500.02235174447,-187500.02235174447
não,1945.2052647120076,-7875.0336617271505,7118.516518892828,12092.025529387658,-187500.02235174447,-187500.02235174447,-187500.02235174447,-187500.02235174447
não,1926.2509854139073,-7833.749989718198,7216.461863095983,12096.048843389612,-187500.02235174447,-187500.02235174447,-187500.02235174447,-187500.02235174447
não,1660.75696477377,-7868.752821535209,6719.537880365597,12160.555977887629,-187500.02235174447,-187500.02235174447,-187500.02235174447,-187500.02235174447
não,1605.279935035698,-7926.085046063072,6482.475278672609,12163.282890711176,-187500.02235174447,-187500.02235174447,-187500.02235174447,-187500.02235174447
não,1891.426967552539,-7887.79650781113,7029.802445149714,12111.49389880823,-187500.02235174447,-187500.02235174447,-187500.02235174447,-187500.02235174447
não,1939.5055698759045,-7816.78501567662,7256.113857759698,12114.667846520882,-187500.02235174447,-187500.02235174447,-187500.02235174447,-187500.02235174447
não,1699.5819448926384,-7853.263062627681,6825.842776995037,12168.93788205837,-187500.02235174447,-187500.02235174447,-187500.02235174447,-187500.02235174447
não,1583.151708024944,-7910.975266811284,6466.449077898154,12194.396518992964,-187500.02235174447,-187500.02235174447,-187500.02235174447,-187500.02235174447
não,1849.428039721017,-7878.721699562276,6930.605403257061,12126.335457126554,-187500.02235174447,-187500.02235174447,-187500.02235174447,-187500.02235174447
não,1951.8213810707787,-7820.07072211155,7276.118669047198,12107.805860973103,-187500.02235174447,-187500.02235174447,-187500.02235174447,-187500.02235174447
não,1744.240730314342,-7843.718867745265,6927.118531122033,12166.54624540165,-187500.02235174447,-187500.02235174447,-187500.02235174447,-187500.02235174447
não,1573.696920120349,-7902.615714385,6466.382022664789,12199.492716728773,-187500.02235174447,-187500.02235174447,-187500.02235174447,-187500.02235174447
não,1801.2153269309197,-7891.931580535363,6809.190727375833,12141.311125911609,-187500.02235174447,-187500.02235174447,-187500.02235174447,-187500.02235174447
não,1967.9146370785998,-7834.554652518589,7264.048727041331,12108.096433651022,-187500.02235174447,-187500.02235174447,-187500.02235174447,-187500.02235174447
não,1798.7566350408358,-7822.529414001634,7026.025000336766,12170.569559403606,-187500.02235174447,-187500.02235174447,-187500.02235174447,-187500.02235174447
não,1573.763975353715,-7881.247446685726,6503.7764911385175,12223.766711207238,-187500.02235174447,-187500.02235174447,-187500.02235174447,-187500.02235174447
não,1728.1027708176102,-7917.479624447778,6691.352330607454,12165.562768645617,-187500.02235174447,-187500.02235174447,-187500.02235174447,-187500.02235174447
não,1946.4122589125943,-7867.0540889566055,7216.215993906974,12107.738805739738,-187500.02235174447,-187500.02235174447,-187500.02235174447,-187500.02235174447
não,1836.0393447922881,-7788.621817662933,7105.708969319937,12163.461704666819,-187500.02235174447,-187500.02235174447,-187500.02235174447,-187500.02235174447
não,1597.2333070317875,-7850.960832948785,6577.067861207469,12234.89787994598,-187500.02235174447,-187500.02235174447,-187500.02235174447,-187500.02235174447
não,1679.8900580275129,-7913.791586612652,6598.97257077367,12207.494641243773,-187500.02235174447,-187500.02235174447,-187500.02235174447,-187500.02235174447
não,1932.844750028223,-7870.406850624901,7162.75062116988,12156.577367374584,-187500.02235174447,-187500.02235174447,-187500.02235174447,-187500.02235174447
não,1852.4455252224834,-7831.090132128016,7157.810885645257,12151.324707427586,-187500.02235174447,-187500.02235174447,-187500.02235174447,-187500.02235174447
não,1601.0778070781002,-7840.299050843603,6637.3728677478875,12205.438280753886,-187500.02235174447,-187500.02235174447,-187500.02235174447,-187500.02235174447
não,1632.1914353598877,-7896.670150359888,6533.549014752986,12213.171984335422,-187500.02235174447,-187500.02235174447,-187500.02235174447,-187500.02235174447
não,1919.2325376549409,-7844.657641012388,7104.077291974699,12144.105093968523,-187500.02235174447,-187500.02235174447,-187500.02235174447,-187500.02235174447
não,1921.780636522846,-7801.585829447011,7234.410313893594,12156.107980741022,-187500.02235174447,-187500.02235174447,-187500.02235174447,-187500.02235174447
não,1680.2253341943426,-7854.112428916983,6750.875026091937,12215.474214014319,-187500.02235174447,-187500.02235174447,-187500.02235174447,-187500.02235174447
não,1605.8387286470806,-7892.4680224022895,6473.623987868308,12213.194336079876,-187500.02235174447,-187500.02235174447,-187500.02235174447,-187500.02235174447
não,1873.590275477204,-7865.020080211173,6995.3807586885405,12144.55212885763,-187500.02235174447,-187500.02235174447,-187500.02235174447,-187500.02235174447
não,1937.6950785750246,-7820.003666878184,7258.259625227407,12148.35192541503,-187500.02235174447,-187500.02235174447,-187500.02235174447,-187500.02235174447
não,1714.4235032109623,-7827.491501270712,6847.099285972034,12214.46838551383,-187500.02235174447,-187500.02235174447,-187500.02235174447,-187500.02235174447
não,1578.9942835562567,-7906.862545831507,6454.6473568257525,12228.147653120477,-187500.02235174447,-187500.02235174447,-187500.02235174447,-187500.02235174447
não,1831.0549057787546,-7872.418507625879,6884.449050956852,12158.857245309026,-187500.02235174447,-187500.02235174447,-187500.02235174447,-187500.02235174447
não,1960.1809334970635,-7840.254347354692,7259.377212450173,12122.625067546973,-187500.02235174447,-187500.02235174447,-187500.02235174447,-187500.02235174447
não,1747.0346983712552,-7851.564330049077,6927.856138689058,12163.21583547781,-187500.02235174447,-187500.02235174447,-187500.02235174447,-187500.02235174447
não,1576.2226672437987,-7850.223225381759,6497.294485246478,12220.79392919468,-187500.02235174447,-187500.02235174447,-187500.02235174447,-187500.02235174447
não,1771.755727738825,-7857.398135351913,6782.480392751741,12188.339196245575,-187500.02235174447,-187500.02235174447,-187500.02235174447,-187500.02235174447
não,1991.942762368055,-7815.332152287025,7281.39368073865,12178.415021707418,-187500.02235174447,-187500.02235174447,-187500.02235174447,-187500.02235174447
não,1812.5700131142157,-7813.298143541592,7043.124084845077,12217.84349892658,-187500.02235174447,-187500.02235174447,-187500.02235174447,-187500.02235174447
não,1579.7989463566478,-7870.786830280642,6486.09626127437,12260.28946164721,-187500.02235174447,-187500.02235174447,-187500.02235174447,-187500.02235174447
não,1728.1027708176102,-7887.908266533407,6652.862626655416,12206.377054021008,-187500.02235174447,-187500.02235174447,-187500.02235174447,-187500.02235174447
não,1967.422898700583,-7834.21937635176,7207.007075191388,12146.40732364742,-187500.02235174447,-187500.02235174447,-187500.02235174447,-187500.02235174447
não,1856.781763646813,-7821.88121341243,7106.759501309336,12179.107925785533,-187500.02235174447,-187500.02235174447,-187500.02235174447,-187500.02235174447
não,1617.8192636751253,-7833.057085640084,6579.884181008838,12253.695697032894,-187500.02235174447,-187500.02235174447,-187500.02235174447,-187500.02235174447
não,1677.341959159608,-7882.297978675125,6582.097003709913,12224.906650174458,-187500.02235174447,-187500.02235174447,-187500.02235174447,-187500.02235174447
não,1946.81459031279,-7843.31653634507,7158.079106578721,12166.74741110175,-187500.02235174447,-187500.02235174447,-187500.02235174447,-187500.02235174447
não,1895.7632059768684,-7818.617858721956,7180.900237667589,12179.197332763355,-187500.02235174447,-187500.02235174447,-187500.02235174447,-187500.02235174447
não,1644.149618643477,-7854.626519039455,6667.279501829088,12239.479987559318,-187500.02235174447,-187500.02235174447,-187500.02235174447,-187500.02235174447
não,1639.9027871969686,-7863.053126699106,6507.62099118483,12246.543138807196,-187500.02235174447,-187500.02235174447,-187500.02235174447,-187500.02235174447
não,1917.6232120541588,-7843.495350300712,7063.620634510593,12180.829010108591,-187500.02235174447,-187500.02235174447,-187500.02235174447,-187500.02235174447
não,1930.4307616270498,-7811.822928407541,7227.570680090271,12167.909701813425,-187500.02235174447,-187500.02235174447,-187500.02235174447,-187500.02235174447
não,1696.4974041578062,-7833.325306573547,6771.1480583129005,12235.300211346175,-187500.02235174447,-187500.02235174447,-187500.02235174447,-187500.02235174447
não,1613.9971153732677,-7883.817897298086,6463.766868563517,12249.717086519848,-187500.02235174447,-187500.02235174447,-187500.02235174447,-187500.02235174447
não,1886.8895634281116,-7851.877254471452,6971.442040376907,12179.331443230087,-187500.02235174447,-187500.02235174447,-187500.02235174447,-187500.02235174447
não,1962.7513841094237,-7809.699512684288,7269.524904432882,12176.202199006344,-187500.02235174447,-187500.02235174447,-187500.02235174447,-187500.02235174447
não,1747.6381954715487,-7838.108579886983,6873.0496612846455,12230.583993266106,-187500.02235174447,-187500.02235174447,-187500.02235174447,-187500.02235174447
não,1593.7687866412148,-7854.715926017276,6458.044821982959,12258.546025579695,-187500.02235174447,-187500.02235174447,-187500.02235174447,-187500.02235174447
não,1835.815827347735,-7863.74603077722,6861.493809401251,12187.31101600063,-187500.02235174447,-187500.02235174447,-187500.02235174447,-187500.02235174447
não,1992.5686112128035,-7807.576096961034,7274.174067279586,12165.02632677869,-187500.02235174447,-187500.02235174447,-187500.02235174447,-187500.02235174447
não,1803.3163909097186,-7815.533317987123,6978.5275433692395,12210.51212674524,-187500.02235174447,-187500.02235174447,-187500.02235174447,-187500.02235174447
não,1606.375170514008,-7876.08419371655,6487.169145008224,12255.66265054496,-187500.02235174447,-187500.02235174447,-187500.02235174447,-187500.02235174447
não,1800.298905408252,-7882.186219952849,6749.153941768878,12210.199202322865,-187500.02235174447,-187500.02235174447,-187500.02235174447,-187500.02235174447
não,1996.3684077702055,-7823.714056457765,7235.125569716164,12164.467533167308,-187500.02235174447,-187500.02235174447,-187500.02235174447,-187500.02235174447
não,1845.6729466525253,-7803.530431214623,7058.792657708247,12210.378016278508,-187500.02235174447,-187500.02235174447,-187500.02235174447,-187500.02235174447
não,1613.1477490839661,-7853.441876583323,6539.427523544732,12270.52656060774,-187500.02235174447,-187500.02235174447,-187500.02235174447,-187500.02235174447
não,1730.784980152247,-7879.839286785042,6646.626489952385,12222.135033862,-187500.02235174447,-187500.02235174447,-187500.02235174447,-187500.02235174447
não,2002.8504136622446,-7825.546899503101,7228.62121207967,12152.330535928075,-187500.02235174447,-187500.02235174447,-187500.02235174447,-187500.02235174447
não,1917.4667498429717,-7795.014416577151,7173.859438164168,12181.723079886804,-187500.02235174447,-187500.02235174447,-187500.02235174447,-187500.02235174447
não,1658.4323833504181,-7856.973452207262,6615.35639945941,12246.878414974024,-187500.02235174447,-187500.02235174447,-187500.02235174447,-187500.02235174447
não,1700.9454013044121,-7877.000615239217,6584.801564789005,12238.228289869821,-187500.02235174447,-187500.02235174447,-187500.02235174447,-187500.02235174447
não,1959.420974185583,-7829.391399549413,7113.7108938349365,12179.309091485631,-187500.02235174447,-187500.02235174447,-187500.02235174447,-187500.02235174447
não,1960.3150439637952,-7809.163070817361,7192.076109895243,12177.811524607127,-187500.02235174447,-187500.02235174447,-187500.02235174447,-187500.02235174447
não,1705.9074885734904,-7841.059010155083,6694.638037042384,12232.506243289263,-187500.02235174447,-187500.02235174447,-187500.02235174447,-187500.02235174447
não,1679.5100783717726,-7877.872333272974,6499.395549225277,12243.145673649988,-187500.02235174447,-187500.02235174447,-187500.02235174447,-187500.02235174447
não,1969.2333900014628,-7859.521551075167,7060.089058886655,12184.427640965896,-187500.02235174447,-187500.02235174447,-187500.02235174447,-187500.02235174447
não,1990.2663815339067,-7793.315683998548,7275.336357991262,12200.096213829067,-187500.02235174447,-187500.02235174447,-187500.02235174447,-187500.02235174447
não,1731.075552830166,-7830.844262939008,6814.44338732283,12243.860929472557,-187500.02235174447,-187500.02235174447,-187500.02235174447,-187500.02235174447
não,1628.1681213579325,-7879.2581414292035,6454.714412059118,12232.819167711636,-187500.02235174447,-187500.02235174447,-187500.02235174447,-187500.02235174447
não,1935.0799244737536,-7850.066763170572,6950.5878628001055,12179.398498463452,-187500.02235174447,-187500.02235174447,-187500.02235174447,-187500.02235174447
não,2051.487809596993,-7816.0474081095945,7281.617198183203,12177.208027506833,-187500.02235174447,-187500.02235174447,-187500.02235174447,-187500.02235174447
não,1823.432960919495,-7806.25734403817,6920.524766507718,12244.37501959503,-187500.02235174447,-187500.02235174447,-187500.02235174447,-187500.02235174447
não,1639.634566263505,-7856.749934762709,6475.993272780571,12280.584845612628,-187500.02235174447,-187500.02235174447,-187500.02235174447,-187500.02235174447
não,1878.8876389131117,-7867.41171686789,6847.59102435005,12209.059263355644,-187500.02235174447,-187500.02235174447,-187500.02235174447,-187500.02235174447
não,2046.8162950058336,-7792.712186898254,7292.167221566108,12166.121562257,-187500.02235174447,-187500.02235174447,-187500.02235174447,-187500.02235174447
não,1851.5738071887265,-7801.094091068994,7027.701381170915,12222.447958284374,-187500.02235174447,-187500.02235174447,-187500.02235174447,-187500.02235174447
não,1625.3294498121084,-7854.693574272821,6514.773549410528,12271.554740852684,-187500.02235174447,-187500.02235174447,-187500.02235174447,-187500.02235174447
não,1824.528196397805,-7869.199856424315,6734.33473519501,12203.448975497364,-187500.02235174447,-187500.02235174447,-187500.02235174447,-187500.02235174447
não,2064.2730074254287,-7817.232050565726,7260.763020606401,12165.138085500967,-187500.02235174447,-187500.02235174447,-187500.02235174447,-187500.02235174447
não,1929.4472848710163,-7806.659675438366,7114.6496671020595,12218.581106493606,-187500.02235174447,-187500.02235174447,-187500.02235174447,-187500.02235174447
não,1685.7462150748033,-7866.852923256508,6577.850172263405,12278.796706056202,-187500.02235174447,-187500.02235174447,-187500.02235174447,-187500.02235174447
não,1783.1774691554867,-7875.279530916158,6653.980213878181,12255.908519733968,-187500.02235174447,-187500.02235174447,-187500.02235174447,-187500.02235174447
não,2041.1166001697304,-7802.234030036215,7219.702866042003,12197.235190538788,-187500.02235174447,-187500.02235174447,-187500.02235174447,-187500.02235174447
não,1964.9642068104993,-7791.34873048648,7186.644635992603,12207.159365076945,-187500.02235174447,-187500.02235174447,-187500.02235174447,-187500.02235174447
não,1718.692686401926,-7836.812178708575,6657.400030779842,12253.785104010714,-187500.02235174447,-187500.02235174447,-187500.02235174447,-187500.02235174447
não,1747.593491982638,-7893.451499158324,6565.690823279718,12234.652010756972,-187500.02235174447,-187500.02235174447,-187500.02235174447,-187500.02235174447
não,2026.386800573683,-7837.840358953519,7148.110228551654,12168.244977980254,-187500.02235174447,-187500.02235174447,-187500.02235174447,-187500.02235174447
não,2013.5568992563367,-7792.01928282014,7263.19936075203,12188.74152764577,-187500.02235174447,-187500.02235174447,-187500.02235174447,-187500.02235174447
não,1752.5555792517162,-7804.804480648575,6737.061648018557,12280.137810723521,-187500.02235174447,-187500.02235174447,-187500.02235174447,-187500.02235174447
não,1721.7101719033924,-7871.36797563648,6535.158340353768,12296.946322553913,-187500.02235174447,-187500.02235174447,-187500.02235174447,-187500.02235174447
não,1977.8611633612113,-7844.881158456941,7028.349581760119,12204.678321442405,-187500.02235174447,-187500.02235174447,-187500.02235174447,-187500.02235174447
não,2020.6647539931244,-7800.244724779693,7265.903921831122,12180.963120575325,-187500.02235174447,-187500.02235174447,-187500.02235174447,-187500.02235174447
não,1809.4407688904726,-7825.949230903296,6842.83010278107,12243.32448760563,-187500.02235174447,-187500.02235174447,-187500.02235174447,-187500.02235174447
não,1702.8452995831133,-7878.051147228617,6492.71237763314,12284.33993868112,-187500.02235174447,-187500.02235174447,-187500.02235174447,-187500.02235174447
não,1948.3792124246613,-7838.242690353715,6943.0776766631225,12210.243905811776,-187500.02235174447,-187500.02235174447,-187500.02235174447,-187500.02235174447
não,2069.033928994409,-7786.230181006215,7293.597733211248,12189.255617768244,-187500.02235174447,-187500.02235174447,-187500.02235174447,-187500.02235174447
não,1870.8857143981118,-7809.8783266399305,6953.538293068206,12245.89493821799,-187500.02235174447,-187500.02235174447,-187500.02235174447,-187500.02235174447
não,1693.792843078714,-7871.0997547030165,6492.108880532847,12283.982310769834,-187500.02235174447,-187500.02235174447,-187500.02235174447,-187500.02235174447
não,1907.9672584494663,-7869.646891313421,6831.900099742425,12227.722969975826,-187500.02235174447,-187500.02235174447,-187500.02235174447,-187500.02235174447
não,2081.6179611227467,-7782.92212282683,7294.7376721784685,12192.161344547432,-187500.02235174447,-187500.02235174447,-187500.02235174447,-187500.02235174447
não,1914.1810434080414,-7807.620800449944,7050.276643070775,12233.020333411734,-187500.02235174447,-187500.02235174447,-187500.02235174447,-187500.02235174447
não,1699.2466687258088,-7866.338833134036,6543.0485061464915,12288.899694550002,-187500.02235174447,-187500.02235174447,-187500.02235174447,-187500.02235174447
não,1842.6331094066036,-7883.594379853533,6730.154958981867,12241.178720137921,-187500.02235174447,-187500.02235174447,-187500.02235174447,-187500.02235174447
não,2071.9843592625093,-7800.624704435433,7250.6600321126025,12192.56367594763,-187500.02235174447,-187500.02235174447,-187500.02235174447,-187500.02235174447
não,1978.5764191837811,-7778.608236146955,7131.07819927671,12221.062150128146,-187500.02235174447,-187500.02235174447,-187500.02235174447,-187500.02235174447
$SILENCE,1742.1173145910877,-7848.569196292066,6595.306884682999,12280.473086890352,-187500.02235174447,-187500.02235174447,-187500.02235174447,-187500.02235174447
$SILENCE,1826.3833911875954,-7885.427222898868,6623.2242135076785,12247.638374285505,-187500.02235174447,-187500.02235174447,-187500.02235174447,-187500.02235174447
$SILENCE,2088.681112370624,-7833.660582740376,7198.736929742924,12183.824143865604,-187500.02235174447,-187500.02235174447,-187500.02235174447,-187500.02235174447
$SILENCE,2030.1195418977193,-7796.534335200112,7207.297647869307,12217.664684970938,-187500.02235174447,-187500.02235174447,-187500.02235174447,-187500.02235174447
$SILENCE,1773.7450329953472,-7840.589623521522,6686.837278227482,12278.617892100561,-187500.02235174447,-187500.02235174447,-187500.02235174447,-187500.02235174447
$SILENCE,1774.2591231178194,-7882.186219952849,6557.9571196981815,12270.437153629919,-187500.02235174447,-187500.02235174447,-187500.02235174447,-187500.02235174447
$SILENCE,2054.8852747541996,-7835.962812419273,7125.490263162883,12205.147708075967,-187500.02235174447,-187500.02235174447,-187500.02235174447,-187500.02235174447
$SILENCE,2048.4703240955264,-7796.288466011103,7261.277110728874,12206.108833087545,-187500.02235174447,-187500.02235174447,-187500.02235174447,-187500.02235174447
$SILENCE,1798.7789867852912,-7817.656733710377,6781.251046806699,12262.882264004025,-187500.02235174447,-187500.02235174447,-187500.02235174447,-187500.02235174447
$SILENCE,1722.9395178484342,-7873.5584465931,6499.172031780724,12276.09214497711,-187500.02235174447,-187500.02235174447,-187500.02235174447,-187500.02235174447
$SILENCE,2006.1361200971749,-7832.542995517611,7030.2494800388195,12234.316734590142,-187500.02235174447,-187500.02235174447,-187500.02235174447,-187500.02235174447
$SILENCE,2082.6908448566014,-7782.676253637822,7308.975733396499,12250.745266764792,-187500.02235174447,-187500.02235174447,-187500.02235174447,-187500.02235174447
$SILENCE,1853.943092100989,-7809.185422561815,6893.590914439073,12283.088240991621,-187500.02235174447,-187500.02235174447,-187500.02235174447,-187500.02235174447
$SILENCE,1702.0853402716327,-7863.2319406547485,6470.651205855752,12266.436191372419,-187500.02235174447,-187500.02235174447,-187500.02235174447,-187500.02235174447
$SILENCE,1954.0565555163093,-7844.501178801201,6898.955333108346,12200.0291585957,-187500.02235174447,-187500.02235174447,-187500.02235174447,-187500.02235174447
$SILENCE,2104.8190718673554,-7795.595561932989,7319.8610329462335,12177.856228096036,-187500.02235174447,-187500.02235174447,-187500.02235174447,-187500.02235174447
$SILENCE,1883.1568221040754,-7822.931745401829,6957.181627414421,12223.56554550714,-187500.02235174447,-187500.02235174447,-187500.02235174447,-187500.02235174447
$SILENCE,1706.175709506954,-7849.463266070279,6482.7658513505285,12273.745211809304,-187500.02235174447,-187500.02235174447,-187500.02235174447,-187500.02235174447
$SILENCE,1910.0236189393545,-7849.17269339236,6798.372483059465,12233.646182256483,-187500.02235174447,-187500.02235174447,-187500.02235174447,-187500.02235174447
$SILENCE,2092.5032606724812,-7790.387605474903,7281.147811549642,12200.766766162726,-187500.02235174447,-187500.02235174447,-187500.02235174447,-187500.02235174447
$SILENCE,1937.4939128749268,-7791.125213041928,7074.572989293693,12232.841519456091,-187500.02235174447,-187500.02235174447,-187500.02235174447,-187500.02235174447
$SILENCE,1715.1611107779875,-7845.8646352129745,6545.954232925682,12291.425441673451,-187500.02235174447,-187500.02235174447,-187500.02235174447,-187500.02235174447
$SILENCE,1856.2229700354303,-7867.858751756997,6681.450507813753,12244.531481806218,-187500.02235174447,-187500.02235174447,-187500.02235174447,-187500.02235174447
$SILENCE,2085.730682102523,-7808.134890572416,7223.033275965843,12175.621053650506,-187500.02235174447,-187500.02235174447,-187500.02235174447,-187500.02235174447
$SILENCE,1985.2372390314627,-7793.15922178736,7140.8906150925895,12204.588914464584,-187500.02235174447,-187500.02235174447,-187500.02235174447,-187500.02235174447
$SILENCE,1738.0269453557667,-7847.652774769399,6607.198012733223,12271.66649957496,-187500.02235174447,-187500.02235174447,-187500.02235174447,-187500.02235174447
$SILENCE,1804.6127920881263,-7873.3349291485465,6582.186410687735,12237.893013702991,-187500.02235174447,-187500.02235174447,-187500.02235174447,-187500.02235174447
$SILENCE,2076.5664668758473,-7812.962867374763,7164.874036893134,12193.301283514653,-187500.02235174447,-187500.02235174447,-187500.02235174447,-187500.02235174447
$SILENCE,2028.4655128080265,-7775.747212856676,7208.28112462534,12214.826013425114,-187500.02235174447,-187500.02235174447,-187500.02235174447,-187500.02235174447
$SILENCE,1779.9588179539226,-7824.339905302514,6703.690493546784,12268.604310584584,-187500.02235174447,-187500.02235174447,-187500.02235174447,-187500.02235174447
$SILENCE,1774.6167510291043,-7873.647853570921,6532.274965319034,12254.321545877641,-187500.02235174447,-187500.02235174447,-187500.02235174447,-187500.02235174447
$SILENCE,2058.1486294446745,-7828.877309426941,7082.865486486613,12183.667681654417,-187500.02235174447,-187500.02235174447,-187500.02235174447,-187500.02235174447
$SILENCE,2079.7851180774114,-7784.710262383254,7254.660994370102,12186.50635320024,-187500.02235174447,-187500.02235174447,-187500.02235174447,-187500.02235174447
$SILENCE,1834.295908724774,-7819.601335477989,6792.404567289897,12247.884243474513,-187500.02235174447,-187500.02235174447,-187500.02235174447,-187500.02235174447
$SILENCE,1736.305861032708,-7870.8091820250975,6489.024339798015,12268.671365817949,-187500.02235174447,-187500.02235174447,-187500.02235174447,-187500.02235174447
$SILENCE,2005.3091055523284,-7831.447760039301,6987.647055107004,12205.527687731706,-187500.02235174447,-187500.02235174447,-187500.02235174447,-187500.02235174447
$SILENCE,2094.3808072067272,-7784.307930983059,7289.39560525365,12197.637521938983,-187500.02235174447,-187500.02235174447,-187500.02235174447,-187500.02235174447
$SILENCE,1881.4133860365614,-7807.933724872319,6914.087464104589,12252.242833643299,-187500.02235174447,-187500.02235174447,-187500.02235174447,-187500.02235174447
$SILENCE,1731.790808652736,-7874.519571604678,6485.448060685166,12254.701525533383,-187500.02235174447,-187500.02235174447,-187500.02235174447,-187500.02235174447
$SILENCE,1959.9797677969657,-7858.761591763687,6889.388786481475,12191.669606169417,-187500.02235174447,-187500.02235174447,-187500.02235174447,-187500.02235174447
$SILENCE,2103.053284055386,-7787.392471717892,7293.910657633622,12171.21775999281,-187500.02235174447,-187500.02235174447,-187500.02235174447,-187500.02235174447
$SILENCE,1930.5425203493262,-7794.5003264546785,6998.308837212186,12226.605382753061,-187500.02235174447,-187500.02235174447,-187500.02235174447,-187500.02235174447
$SILENCE,1742.2514250578197,-7855.006498695195,6503.754139394062,12272.471162375352,-187500.02235174447,-187500.02235174447,-187500.02235174447,-187500.02235174447
$SILENCE,1927.9050145036001,-7863.611920310488,6764.621348931951,12220.101025116566,-187500.02235174447,-187500.02235174447,-187500.02235174447,-187500.02235174447
$SILENCE,2138.7490199505114,-7800.44589047979,7306.8746694177,12169.451972180841,-187500.02235174447,-187500.02235174447,-187500.02235174447,-187500.02235174447
$SILENCE,1973.5249249368817,-7791.9745793312295,7109.888745533079,12208.768690677725,-187500.02235174447,-187500.02235174447,-187500.02235174447,-187500.02235174447
$SILENCE,1766.9948061698444,-7857.040507440628,6570.295282637511,12257.204920912376,-187500.02235174447,-187500.02235174447,-187500.02235174447,-187500.02235174447
$SILENCE,1874.7749179333352,-7872.2173419257815,6673.761507721128,12229.354647321064,-187500.02235174447,-187500.02235174447,-187500.02235174447,-187500.02235174447
$SILENCE,2113.156272549185,-7815.935649387318,7221.3121916427845,12171.709498370827,-187500.02235174447,-187500.02235174447,-187500.02235174447,-187500.02235174447
$SILENCE,2037.540321056881,-7793.136870042905,7176.429888776528,12186.104021800045,-187500.02235174447,-187500.02235174447,-187500.02235174447,-187500.02235174447
$SILENCE,1789.1230331805984,-7851.430219582346,6615.69167562624,12247.772484752237,-187500.02235174447,-187500.02235174447,-187500.02235174447,-187500.02235174447
$SILENCE,1838.36392621564,-7887.08125198856,6577.358433885388,12228.371170565031,-187500.02235174447,-187500.02235174447,-187500.02235174447,-187500.02235174447
$SILENCE,2097.3088857303724,-7830.643097238911,7147.327917495718,12165.249844223243,-187500.02235174447,-187500.02235174447,-187500.02235174447,-187500.02235174447
$SILENCE,2078.6228273657357,-7798.456585223268,7222.76505503238,12186.372242733509,-187500.02235174447,-187500.02235174447,-187500.02235174447,-187500.02235174447
$SILENCE,1831.591347645682,-7836.946289175307,6724.209394956755,12244.173853894932,-187500.02235174447,-187500.02235174447,-187500.02235174447,-187500.02235174447
$SILENCE,1795.917963495012,-7886.790679310642,6514.1029970768695,12237.915365447447,-187500.02235174447,-187500.02235174447,-187500.02235174447,-187500.02235174447
$SILENCE,2071.380862162216,-7841.193120621815,7068.247445612842,12171.038946037168,-187500.02235174447,-187500.02235174447,-187500.02235174447,-187500.02235174447
$SILENCE,2117.8501388847994,-7795.573210188533,7290.736709920969,12171.843608837558,-187500.02235174447,-187500.02235174447,-187500.02235174447,-187500.02235174447
$SILENCE,1892.7904239643126,-7833.5488240181,6848.730963317271,12221.017446639235,-187500.02235174447,-187500.02235174447,-187500.02235174447,-187500.02235174447
$SILENCE,1777.9024574640343,-7892.825650313574,6494.455813700654,12230.002847910268,-187500.02235174447,-187500.02235174447,-187500.02235174447,-187500.02235174447
$SILENCE,2021.06708539332,-7857.040507440628,6968.6704240644485,12155.482131896273,-187500.02235174447,-187500.02235174447,-187500.02235174447,-187500.02235174447
$SILENCE,2123.639240698724,-7801.407015491369,7300.951457137044,12156.577367374584,-187500.02235174447,-187500.02235174447,-187500.02235174447,-187500.02235174447
$SILENCE,1938.164465208586,-7823.132911101928,6930.2254236013205,12214.267219813732,-187500.02235174447,-187500.02235174447,-187500.02235174447,-187500.02235174447
$SILENCE,1781.434033087973,-7885.494278132234,6494.656979400752,12249.962955708857,-187500.02235174447,-187500.02235174447,-187500.02235174447,-187500.02235174447
$SILENCE,1995.362579269717,-7876.397118138924,6855.637652353961,12176.917454828914,-187500.02235174447,-187500.02235174447,-187500.02235174447,-187500.02235174447
$SILENCE,2160.0725841608746,-7811.733521429721,7298.358654780228,12138.383047387964,-187500.02235174447,-187500.02235174447,-187500.02235174447,-187500.02235174447
$SILENCE,1999.229431060485,-7817.9249546438405,7041.894738900035,12181.45485895334,-187500.02235174447,-187500.02235174447,-187500.02235174447,-187500.02235174447
$SILENCE,1788.4524808469394,-7878.699347817821,6535.784189198517,12219.966914649835,-187500.02235174447,-187500.02235174447,-187500.02235174447,-187500.02235174447
$SILENCE,1950.2791107033624,-7888.824688056075,6747.566967912551,12172.290643726665,-187500.02235174447,-187500.02235174447,-187500.02235174447,-187500.02235174447
$SILENCE,2156.3621945812934,-7824.429312280335,7252.783447835857,12131.051675206623,-187500.02235174447,-187500.02235174447,-187500.02235174447,-187500.02235174447
$SILENCE,2031.348887842761,-7812.918163885852,7114.783777568791,12177.073917040101,-187500.02235174447,-187500.02235174447,-187500.02235174447,-187500.02235174447
$SILENCE,1792.9004779935453,-7866.495295345223,6586.634407834341,12233.13209213401,-187500.02235174447,-187500.02235174447,-187500.02235174447,-187500.02235174447
$SILENCE,1893.1704036200529,-7892.445670657835,6649.55456847603,12195.268237026721,-187500.02235174447,-187500.02235174447,-187500.02235174447,-187500.02235174447
$SILENCE,2148.673194488668,-7831.2465943392035,7215.947772973511,12144.328611413075,-187500.02235174447,-187500.02235174447,-187500.02235174447,-187500.02235174447
$SILENCE,2074.7783273194227,-7802.099919569483,7211.656238038092,12182.17011477591,-187500.02235174447,-187500.02235174447,-187500.02235174447,-187500.02235174447
$SILENCE,1826.8974813100674,-7852.883082971941,6686.502002060653,12224.258449585253,-187500.02235174447,-187500.02235174447,-187500.02235174447,-187500.02235174447
$SILENCE,1865.0519090952766,-7898.7488625942315,6574.229189661645,12189.479135212796,-187500.02235174447,-187500.02235174447,-187500.02235174447,-187500.02235174447
$SILENCE,2138.838426928333,-7849.284452114636,7147.886711107101,12126.40251235992,-187500.02235174447,-187500.02235174447,-187500.02235174447,-187500.02235174447
$SILENCE,2131.32824079135,-7805.787957404609,7276.67746265858,12140.931146255869,-187500.02235174447,-187500.02235174447,-187500.02235174447,-187500.02235174447
$SILENCE,1856.6700049245364,-7842.6012805225,6748.416334201853,12214.982475636301,-187500.02235174447,-187500.02235174447,-187500.02235174447,-187500.02235174447
$SILENCE,1798.8236902742017,-7893.473850902778,6517.165186067246,12216.70355995936,-187500.02235174447,-187500.02235174447,-187500.02235174447,-187500.02235174447
$SILENCE,2079.5616006328587,-7853.419524838869,7040.151302832521,12144.194500946343,-187500.02235174447,-187500.02235174447,-187500.02235174447,-187500.02235174447
$SILENCE,2148.986118911042,-7809.341884773003,7279.985520837966,12138.092474710045,-187500.02235174447,-187500.02235174447,-187500.02235174447,-187500.02235174447
$SILENCE,1914.7398370194242,-7834.599356007499,6871.4626874283185,12204.99124586478,-187500.02235174447,-187500.02235174447,-187500.02235174447,-187500.02235174447
$SILENCE,1791.7381872818694,-7891.216324712793,6519.489767490598,12229.689923487893,-187500.02235174447,-187500.02235174447,-187500.02235174447,-187500.02235174447
$SILENCE,2058.1933329335848,-7867.925806990363,6973.006662488779,12157.627899363983,-187500.02235174447,-187500.02235174447,-187500.02235174447,-187500.02235174447
$SILENCE,2171.1590494107068,-7812.135852829916,7316.128291622197,12118.177070400367,-187500.02235174447,-187500.02235174447,-187500.02235174447,-187500.02235174447
$SILENCE,1952.6707473600802,-7826.26215532567,6945.558720297661,12158.007879019724,-187500.02235174447,-187500.02235174447,-187500.02235174447,-187500.02235174447
$SILENCE,1773.2309428728752,-7885.851906043519,6500.401377725766,12206.131184832,-187500.02235174447,-187500.02235174447,-187500.02235174447,-187500.02235174447
$SILENCE,1988.098262321742,-7878.006443739706,6834.962288732802,12163.998146533746,-187500.02235174447,-187500.02235174447,-187500.02235174447,-187500.02235174447
$SILENCE,2190.2027356866283,-7817.50027149919,7316.217698600019,12135.92435549788,-187500.02235174447,-187500.02235174447,-187500.02235174447,-187500.02235174447
$SILENCE,2032.35471634325,-7815.823890665042,7084.407756854029,12168.982585547279,-187500.02235174447,-187500.02235174447,-187500.02235174447,-187500.02235174447
$SILENCE,1790.6653035480147,-7870.65271981391,6551.877445206338,12208.098138344067,-187500.02235174447,-187500.02235174447,-187500.02235174447,-187500.02235174447
$SILENCE,1923.7922935238237,-7881.582722852555,6750.76326736966,12165.495713412252,-187500.02235174447,-187500.02235174447,-187500.02235174447,-187500.02235174447
$SILENCE,2169.5497238099247,-7826.932707659329,7313.110806120731,12135.253803164222,-187500.02235174447,-187500.02235174447,-187500.02235174447,-187500.02235174447
$SILENCE,2045.2740246384174,-7809.766567917653,7179.648539978092,12158.700783097838,-187500.02235174447,-187500.02235174447,-187500.02235174447,-187500.02235174447
$SILENCE,1781.6128470436154,-7855.274719628659,6633.17073979029,12194.08359457059,-187500.02235174447,-187500.02235174447,-187500.02235174447,-187500.02235174447
$SILENCE,1893.103348386687,-7887.841211300041,6669.402917552343,12182.952425831847,-187500.02235174447,-187500.02235174447,-187500.02235174447,-187500.02235174447
$SILENCE,2141.833560685344,-7824.608126235978,7232.152787703609,12107.738805739738,-187500.02235174447,-187500.02235174447,-187500.02235174447,-187500.02235174447
$SILENCE,2068.832763294311,-7806.369102760447,7235.796122049824,12105.30246559411,-187500.02235174447,-187500.02235174447,-187500.02235174447,-187500.02235174447
$SILENCE,1818.2473562058635,-7846.199911379804,6725.103464734968,12187.579236934094,-187500.02235174447,-187500.02235174447,-187500.02235174447,-187500.02235174447
$SILENCE,1857.3405572581958,-7900.84992657303,6606.952143544215,12198.263370783732,-187500.02235174447,-187500.02235174447,-187500.02235174447,-187500.02235174447
$SILENCE,2166.420479586182,-7855.542940562123,7141.628222659615,12116.523041310673,-187500.02235174447,-187500.02235174447,-187500.02235174447,-187500.02235174447
$SILENCE,2161.257226617006,-7810.146547573394,7276.990387080955,12115.919544210381,-187500.02235174447,-187500.02235174447,-187500.02235174447,-187500.02235174447
$SILENCE,1887.5154122728602,-7844.300013101103,6793.790375446127,12187.51218170073,-187500.02235174447,-187500.02235174447,-187500.02235174447,-187500.02235174447
$SILENCE,1804.1434054545648,-7888.779984567164,6519.132139579313,12196.922266116413,-187500.02235174447,-187500.02235174447,-187500.02235174447,-187500.02235174447
$SILENCE,2093.553792661881,-7865.265949400181,7013.932706586445,12111.203326130311,-187500.02235174447,-187500.02235174447,-187500.02235174447,-187500.02235174447
$SILENCE,2187.6546368187232,-7801.809346891564,7348.270100148929,12111.628009274962,-187500.02235174447,-187500.02235174447,-187500.02235174447,-187500.02235174447
$SILENCE,1959.1304015076641,-7829.391399549413,6869.69689961635,12195.60351319355,-187500.02235174447,-187500.02235174447,-187500.02235174447,-187500.02235174447
$SILENCE,1802.3776176425956,-7888.7129293337985,6464.392717408266,12220.481004772308,-187500.02235174447,-187500.02235174447,-187500.02235174447,-187500.02235174447
$SILENCE,2049.252635151462,-7873.267873915181,6881.073937544101,12136.796073531637,-187500.02235174447,-187500.02235174447,-187500.02235174447,-187500.02235174447
$SILENCE,2202.317381181405,-7807.419634749846,7278.5997126817365,12115.718378510282,-187500.02235174447,-187500.02235174447,-187500.02235174447,-187500.02235174447
$SILENCE,1996.5025182369375,-7817.075588354539,6992.430328420441,12159.751315087238,-187500.02235174447,-187500.02235174447,-187500.02235174447,-187500.02235174447
$SILENCE,1816.1686439715202,-7878.073498973072,6519.355657023866,12201.571428963118,-187500.02235174447,-187500.02235174447,-187500.02235174447,-187500.02235174447
$SILENCE,2006.449044519549,-7875.41364138289,6789.901171910903,12153.828102806581,-187500.02235174447,-187500.02235174447,-187500.02235174447,-187500.02235174447
$SILENCE,2182.0443489604413,-7810.414768506857,7271.156581778119,12108.029378417657,-187500.02235174447,-187500.02235174447,-187500.02235174447,-187500.02235174447
$SILENCE,2060.6296730792133,-7806.369102760447,7083.558390564727,12158.857245309026,-187500.02235174447,-187500.02235174447,-187500.02235174447,-187500.02235174447
$SILENCE,1866.2141998069526,-7868.529304090656,6555.006689430081,12210.51212674524,-187500.02235174447,-187500.02235174447,-187500.02235174447,-187500.02235174447
$SILENCE,1923.7028865460024,-7870.205684924804,6693.967484708725,12186.819277622615,-187500.02235174447,-187500.02235174447,-187500.02235174447,-187500.02235174447
$SILENCE,2177.5292965804692,-7817.209698821271,7212.639714794125,12123.988523958746,-187500.02235174447,-187500.02235174447,-187500.02235174447,-187500.02235174447
$SILENCE,2086.5353449029144,-7809.900678384385,7142.142312782087,12135.49967235323,-187500.02235174447,-187500.02235174447,-187500.02235174447,-187500.02235174447
$SILENCE,1818.783798072791,-7850.670260270866,6624.185338519256,12198.151612061456,-187500.02235174447,-187500.02235174447,-187500.02235174447,-187500.02235174447
$SILENCE,1925.6251365691587,-7887.975321766773,6597.407948661798,12178.660890896428,-187500.02235174447,-187500.02235174447,-187500.02235174447,-187500.02235174447
$SILENCE,2194.0472357329413,-7827.402094292891,7162.013013602855,12120.63576229045,-187500.02235174447,-187500.02235174447,-187500.02235174447,-187500.02235174447
$SILENCE,2138.0784676168523,-7799.708282912766,7204.883659468134,12144.887405024458,-187500.02235174447,-187500.02235174447,-187500.02235174447,-187500.02235174447
$SILENCE,1888.811813451268,-7848.055106169594,6694.526278320108,12185.701690399848,-187500.02235174447,-187500.02235174447,-187500.02235174447,-187500.02235174447
$SILENCE,1885.3472930606954,-7882.365033908491,6520.294430290989,12202.443146996875,-187500.02235174447,-187500.02235174447,-187500.02235174447,-187500.02235174447
$SILENCE,2153.791743968933,-7830.441931538812,7095.963608737423,12157.136160985967,-187500.02235174447,-187500.02235174447,-187500.02235174447,-187500.02235174447
$SILENCE,2191.208564187117,-7801.138794557905,7271.737727133957,12126.06723619309,-187500.02235174447,-187500.02235174447,-187500.02235174447,-187500.02235174447
$SILENCE,1994.7367304249683,-7828.184405348827,6810.48712855424,12184.69586189936,-187500.02235174447,-187500.02235174447,-187500.02235174447,-187500.02235174447
$SILENCE,1869.3881475196063,-7892.736243335753,6478.89899955976,12194.552981204151,-187500.02235174447,-187500.02235174447,-187500.02235174447,-187500.02235174447
$SILENCE,2068.9668737610427,-7855.319423117569,6981.768546315258,12132.124558940479,-187500.02235174447,-187500.02235174447,-187500.02235174447,-187500.02235174447
$SILENCE,2203.904355037732,-7805.922067871341,7277.593884181248,12116.813613988592,-187500.02235174447,-187500.02235174447,-187500.02235174447,-187500.02235174447
$SILENCE,2050.0796496963085,-7825.457492525279,6901.324618020609,12180.180809519388,-187500.02235174447,-187500.02235174447,-187500.02235174447,-187500.02235174447
$SILENCE,1868.8293539082235,-7877.335891406047,6487.61617989733,12219.542231505184,-187500.02235174447,-187500.02235174447,-187500.02235174447,-187500.02235174447
$SILENCE,2051.6889752970906,-7857.286376629637,6866.344137948053,12147.010820747713,-187500.02235174447,-187500.02235174447,-187500.02235174447,-187500.02235174447
$SILENCE,2224.1326837697848,-7805.586791704512,7302.627837971192,12107.917619695381,-187500.02235174447,-187500.02235174447,-187500.02235174447,-187500.02235174447
$SILENCE,2080.6791878556237,-7808.1795940613265,7001.438081435929,12170.54720765915,-187500.02235174447,-187500.02235174447,-187500.02235174447,-187500.02235174447
$SILENCE,1876.8983336565893,-7907.130766764971,6487.906752575249,12149.491864382251,-187500.02235174447,-187500.02235174447,-187500.02235174447,-187500.02235174447
$SILENCE,2020.9553266710434,-7871.725603547765,6764.174314042844,12157.0691057526,-187500.02235174447,-187500.02235174447,-187500.02235174447,-187500.02235174447
$SILENCE,2184.1901164281508,-7810.21360280676,7224.7096567999915,12106.576515028062,-187500.02235174447,-187500.02235174447,-187500.02235174447,-187500.02235174447
$SILENCE,2080.7015396000793,-7802.703416669777,7076.137611405566,12145.870881780493,-187500.02235174447,-187500.02235174447,-187500.02235174447,-187500.02235174447
$SILENCE,1838.4533331934613,-7856.347603362514,6562.762744756073,12226.158347863955,-187500.02235174447,-187500.02235174447,-187500.02235174447,-187500.02235174447
$SILENCE,2004.6609049631245,-7881.783888552653,6639.384524748865,12190.149687546455,-187500.02235174447,-187500.02235174447,-187500.02235174447,-187500.02235174447
$SILENCE,2234.0345065634856,-7811.2864865406145,7195.026540163343,12130.582288573061,-187500.02235174447,-187500.02235174447,-187500.02235174447,-187500.02235174447
$SILENCE,2131.864682658277,-7800.35648350197,7131.3240684657185,12131.811634518104,-187500.02235174447,-187500.02235174447,-187500.02235174447,-187500.02235174447
$SILENCE,1882.8886011706118,-7852.033716682639,6614.574088403474,12205.907667387446,-187500.02235174447,-187500.02235174447,-187500.02235174447,-187500.02235174447
$SILENCE,1940.846674543223,-7885.270760687681,6576.7996402740055,12213.171984335422,-187500.02235174447,-187500.02235174447,-187500.02235174447,-187500.02235174447
$SILENCE,2222.143378513262,-7818.059065110572,7167.288025294308,12154.699820840338,-187500.02235174447,-187500.02235174447,-187500.02235174447,-187500.02235174447
$SILENCE,2144.336956064338,-7790.2758467526255,7202.804947233791,12144.619184090994,-187500.02235174447,-187500.02235174447,-187500.02235174447,-187500.02235174447
$SILENCE,1844.6447664075813,-7843.674164256355,6689.117156161923,12207.673455199416,-187500.02235174447,-187500.02235174447,-187500.02235174447,-187500.02235174447
$SILENCE,1822.650649863559,-7894.613789869999,6465.264435442024,12207.047606354667,-187500.02235174447,-187500.02235174447,-187500.02235174447,-187500.02235174447
$SILENCE,2182.2455146605394,-7825.2563268251815,7050.768381448792,12173.162361760422,-187500.02235174447,-187500.02235174447,-187500.02235174447,-187500.02235174447
$SILENCE,2173.215409900595,-7780.508134425657,7248.804837322812,12165.696879112349,-187500.02235174447,-187500.02235174447,-187500.02235174447,-187500.02235174447
$SILENCE,1913.6669532855694,-7804.089224826005,6804.228640106755,12237.267164858242,-187500.02235174447,-187500.02235174447,-187500.02235174447,-187500.02235174447
$SILENCE,1832.8877488240898,-7846.624594524455,6464.727993575096,12259.261281402265,-187500.02235174447,-187500.02235174447,-187500.02235174447,-187500.02235174447
$SILENCE,2113.670362671657,-7831.336001317025,6957.673365792438,12182.326576987098,-187500.02235174447,-187500.02235174447,-187500.02235174447,-187500.02235174447
$SILENCE,2165.1017266633185,-7805.407977748869,7257.566721149293,12148.128407970478,-187500.02235174447,-187500.02235174447,-187500.02235174447,-187500.02235174447
$SILENCE,1966.908808578111,-7808.06783533905,6891.467498715819,12229.824033954625,-187500.02235174447,-187500.02235174447,-187500.02235174447,-187500.02235174447
$SILENCE,1834.6982401249695,-7846.289318357625,6463.588054607875,12276.00273799929,-187500.02235174447,-187500.02235174447,-187500.02235174447,-187500.02235174447
$SILENCE,1994.8484891472447,-7834.733466474232,6808.408416319897,12221.598591995073,-187500.02235174447,-187500.02235174447,-187500.02235174447,-187500.02235174447
$SILENCE,2162.0395376729416,-7776.618930890433,7260.427744439572,12191.714309658326,-187500.02235174447,-187500.02235174447,-187500.02235174447,-187500.02235174447
$SILENCE,2066.418774893138,-7787.9289135848185,7025.555613703205,12228.661743242948,-187500.02235174447,-187500.02235174447,-187500.02235174447,-187500.02235174447
$SILENCE,1825.6234318761149,-7866.562350578589,6493.584095666897,12233.646182256483,-187500.02235174447,-187500.02235174447,-187500.02235174447,-187500.02235174447
$SILENCE,1982.2868087633622,-7842.243652611215,6723.382380411909,12242.653935271972,-187500.02235174447,-187500.02235174447,-187500.02235174447,-187500.02235174447
$SILENCE,2212.5321283974804,-7756.032974247096,7272.832962612268,12240.508167804262,-187500.02235174447,-187500.02235174447,-187500.02235174447,-187500.02235174447
$SILENCE,2033.4946553104705,-7745.952337497752,7099.78575703928,12267.821999528647,-187500.02235174447,-187500.02235174447,-187500.02235174447,-187500.02235174447
$SILENCE,1812.9276410255006,-7832.095960628505,6556.0795731639355,12282.1494677245,-187500.02235174447,-187500.02235174447,-187500.02235174447,-187500.02235174447
$SILENCE,1930.5648720937816,-7857.733411518742,6641.284423027566,12235.791949724193,-187500.02235174447,-187500.02235174447,-187500.02235174447,-187500.02235174447
$SILENCE,2175.696453535134,-7785.44786995028,7189.483307538428,12195.64821668246,-187500.02235174447,-187500.02235174447,-187500.02235174447,-187500.02235174447
$SILENCE,2098.6276386532354,-7758.782238815098,7153.094667565188,12217.03883612619,-187500.02235174447,-187500.02235174447,-187500.02235174447,-187500.02235174447
$SILENCE,1854.5689409457375,-7798.568343945545,6665.670176228306,12306.110537780589,-187500.02235174447,-187500.02235174447,-187500.02235174447,-187500.02235174447
$SILENCE,1891.4046158080837,-7854.894739972919,6556.01251793057,12284.38464217003,-187500.02235174447,-187500.02235174447,-187500.02235174447,-187500.02235174447
$SILENCE,2174.444755845637,-7811.107672584972,7117.6448008590705,12200.36443476253,-187500.02235174447,-187500.02235174447,-187500.02235174447,-187500.02235174447
$SILENCE,2141.3641740517824,-7770.673366865321,7243.239252953441,12220.928039661412,-187500.02235174447,-187500.02235174447,-187500.02235174447,-187500.02235174447
$SILENCE,1841.7613913728467,-7812.269963296648,6737.911014307859,12279.400203156496,-187500.02235174447,-187500.02235174447,-187500.02235174447,-187500.02235174447
$SILENCE,1820.5495858847603,-7839.2261671097485,6477.915522803727,12305.954075569402,-187500.02235174447,-187500.02235174447,-187500.02235174447,-187500.02235174447
$SILENCE,2117.581917951336,-7790.007625819162,7019.833567122647,12222.447958284374,-187500.02235174447,-187500.02235174447,-187500.02235174447,-187500.02235174447
$SILENCE,2205.6254393607906,-7766.203017974261,7268.586131165759,12202.51020223024,-187500.02235174447,-187500.02235174447,-187500.02235174447,-187500.02235174447
$SILENCE,1964.070137032287,-7789.940570585796,6859.817428567104,12275.242778687809,-187500.02235174447,-187500.02235174447,-187500.02235174447,-187500.02235174447
$SILENCE,1841.2920047392852,-7853.419524838869,6489.3819677093,12288.0503282607,-187500.02235174447,-187500.02235174447,-187500.02235174447,-187500.02235174447
$SILENCE,2089.1281472597298,-7833.3029548290915,6926.090350877089,12216.971780892824,-187500.02235174447,-187500.02235174447,-187500.02235174447,-187500.02235174447
$SILENCE,2199.6575235912233,-7764.236064462193,7310.450948530549,12196.542286460673,-187500.02235174447,-187500.02235174447,-187500.02235174447,-187500.02235174447
$SILENCE,1997.9553816265325,-7769.801648831564,6948.777371499225,12263.597519826595,-187500.02235174447,-187500.02235174447,-187500.02235174447,-187500.02235174447
$SILENCE,1832.7089348684474,-7836.365143819469,6512.158395309258,12301.975465056357,-187500.02235174447,-187500.02235174447,-187500.02235174447,-187500.02235174447
$SILENCE,2033.44995182156,-7826.463321025768,6805.502689540707,12254.768580766748,-187500.02235174447,-187500.02235174447,-187500.02235174447,-187500.02235174447
$SILENCE,2199.9480962691423,-7769.287558709092,7252.247005968929,12214.736606447294,-187500.02235174447,-187500.02235174447,-187500.02235174447,-187500.02235174447
$SILENCE,2059.959120745554,-7773.48968666669,7052.690631471948,12251.415819098453,-187500.02235174447,-187500.02235174447,-187500.02235174447,-187500.02235174447
$SILENCE,1832.2171964904305,-7839.472036298756,6532.38672404131,12289.48083990584,-187500.02235174447,-187500.02235174447,-187500.02235174447,-187500.02235174447
$SILENCE,1982.6220849301917,-7842.713039244776,6692.827545741505,12246.163159151454,-187500.02235174447,-187500.02235174447,-187500.02235174447,-187500.02235174447
$SILENCE,2237.1637507872288,-7776.440116934791,7237.785427306346,12198.375129506008,-187500.02235174447,-187500.02235174447,-187500.02235174447,-187500.02235174447
$SILENCE,2120.7558656639894,-7773.422631433325,7140.130655781109,12226.650086241973,-187500.02235174447,-187500.02235174447,-187500.02235174447,-187500.02235174447
$SILENCE,1866.683586440514,-7824.809291936075,6613.612963391896,12287.71505209387,-187500.02235174447,-187500.02235174447,-187500.02235174447,-187500.02235174447
$SILENCE,1942.970090266477,-7850.357335848491,6620.251431495122,12268.00081348429,-187500.02235174447,-187500.02235174447,-187500.02235174447,-187500.02235174447
$SILENCE,2213.5826603868795,-7788.0406723070955,7186.7340429704245,12213.84253666908,-187500.02235174447,-187500.02235174447,-187500.02235174447,-187500.02235174447
$SILENCE,2174.4000523567265,-7763.654919106355,7210.516299070871,12228.70644673186,-187500.02235174447,-187500.02235174447,-187500.02235174447,-187500.02235174447
$SILENCE,1920.7301045334466,-7808.648980694888,6698.840164999982,12283.445868902907,-187500.02235174447,-187500.02235174447,-187500.02235174447,-187500.02235174447
$SILENCE,1915.589203308726,-7856.884045229441,6545.395439314299,12263.262243659765,-187500.02235174447,-187500.02235174447,-187500.02235174447,-187500.02235174447
$SILENCE,2205.8489568053433,-7807.732559172221,7108.88291703259,12202.51020223024,-187500.02235174447,-187500.02235174447,-187500.02235174447,-187500.02235174447
$SILENCE,2222.858634335832,-7769.734593598198,7259.7571921059125,12209.998036622768,-187500.02235174447,-187500.02235174447,-187500.02235174447,-187500.02235174447
$SILENCE,1968.875762090178,-7803.441024236802,6794.550334757607,12268.514903606761,-187500.02235174447,-187500.02235174447,-187500.02235174447,-187500.02235174447
$SILENCE,1896.1878891215194,-7860.348565620014,6512.5830784539085,12274.035784487223,-187500.02235174447,-187500.02235174447,-187500.02235174447,-187500.02235174447
$SILENCE,2177.305779135916,-7828.184405348827,7017.307819999197,12202.800774908159,-187500.02235174447,-187500.02235174447,-187500.02235174447,-187500.02235174447
$SILENCE,2247.4455532366696,-7772.685023866299,7296.257590801429,12196.430527738397,-187500.02235174447,-187500.02235174447,-187500.02235174447,-187500.02235174447
$SILENCE,2017.9601929140322,-7793.785070632109,6906.063187845134,12257.964880223857,-187500.02235174447,-187500.02235174447,-187500.02235174447,-187500.02235174447
$SILENCE,1872.0256533653323,-7853.777152750154,6499.306142247456,12283.535275880728,-187500.02235174447,-187500.02235174447,-187500.02235174447,-187500.02235174447
$SILENCE,2128.8695489012657,-7835.895757185907,6906.5102227342395,12213.864888413536,-187500.02235174447,-187500.02235174447,-187500.02235174447,-187500.02235174447
$SILENCE,2279.6097135078567,-7777.088317523995,7302.001989126443,12183.622978165506,-187500.02235174447,-187500.02235174447,-187500.02235174447,-187500.02235174447
$SILENCE,2081.863830311755,-7787.459526951257,7002.734482614337,12233.221499111833,-187500.02235174447,-187500.02235174447,-187500.02235174447,-187500.02235174447
$SILENCE,1879.491136013405,-7847.473960813757,6519.892098890794,12278.103801978088,-187500.02235174447,-187500.02235174447,-187500.02235174447,-187500.02235174447
não,2085.5518681468807,-7851.184350393338,6795.064424880079,12216.569449492628,-187500.02235174447,-187500.02235174447,-187500.02235174447,-187500.02235174447
não,2303.4143213527586,-7788.755928129665,7313.088454376275,12171.038946037168,-187500.02235174447,-187500.02235174447,-187500.02235174447,-187500.02235174447
não,2135.5303687489472,-7783.30210248257,7100.143384950565,12214.289571558187,-187500.02235174447,-187500.02235174447,-187500.02235174447,-187500.02235174447
não,1907.1178921601645,-7842.936556689329,6572.798678016506,12263.977499482335,-187500.02235174447,-187500.02235174447,-187500.02235174447,-187500.02235174447
não,2029.44898956406,-7857.912225474385,6696.314417876532,12229.935792676903,-187500.02235174447,-187500.02235174447,-187500.02235174447,-187500.02235174447
não,2262.4212220217255,-7802.323437014036,7221.781578276346,12176.246902495253,-187500.02235174447,-187500.02235174447,-187500.02235174447,-187500.02235174447
não,2176.702282035623,-7784.464393194246,7164.203484559475,12199.492716728773,-187500.02235174447,-187500.02235174447,-187500.02235174447,-187500.02235174447
não,1923.7699417793683,-7831.581870506034,6631.963745589704,12255.595595311594,-187500.02235174447,-187500.02235174447,-187500.02235174447,-187500.02235174447
não,1976.6094656717141,-7863.813086010586,6603.733492342651,12239.904670703969,-187500.02235174447,-187500.02235174447,-187500.02235174447,-187500.02235174447
não,2252.698213183667,-7809.274829539637,7180.028519633833,12179.398498463452,-187500.02235174447,-187500.02235174447,-187500.02235174447,-187500.02235174447
não,2221.6292883907904,-7779.614064647444,7236.399619150116,12189.903818357447,-187500.02235174447,-187500.02235174447,-187500.02235174447,-187500.02235174447
não,1962.460811431505,-7821.456530267779,6726.690438591295,12244.442074828396,-187500.02235174447,-187500.02235174447,-187500.02235174447,-187500.02235174447
não,1936.3316221632508,-7868.350490135013,6537.952308410681,12244.911461461958,-187500.02235174447,-187500.02235174447,-187500.02235174447,-187500.02235174447
não,2219.550576156447,-7823.244669824204,7099.204611683442,12180.73960313077,-187500.02235174447,-187500.02235174447,-187500.02235174447,-187500.02235174447
não,2247.1102770698403,-7780.01639604764,7285.618160440703,12179.51025718573,-187500.02235174447,-187500.02235174447,-187500.02235174447,-187500.02235174447
não,2008.907736409633,-7813.767530175153,6830.938974730847,12234.696714245882,-187500.02235174447,-187500.02235174447,-187500.02235174447,-187500.02235174447
não,1911.7894067513237,-7868.9316354908515,6503.441214971687,12249.068885930645,-187500.02235174447,-187500.02235174447,-187500.02235174447,-187500.02235174447
não,2177.9986832140307,-7836.208681608282,6994.754909843792,12187.825106123104,-187500.02235174447,-187500.02235174447,-187500.02235174447,-187500.02235174447
não,2270.0655186254407,-7780.932817570308,7310.316838063817,12175.1740187614,-187500.02235174447,-187500.02235174447,-187500.02235174447,-187500.02235174447
não,2063.0660132248418,-7801.272905024637,6940.328412095119,12229.332295576609,-187500.02235174447,-187500.02235174447,-187500.02235174447,-187500.02235174447
não,1912.102331173698,-7863.611920310488,6511.666656931241,12255.66265054496,-187500.02235174447,-187500.02235174447,-187500.02235174447,-187500.02235174447
não,2148.7402497220337,-7853.106600416494,6892.741548149771,12191.31197825813,-187500.02235174447,-187500.02235174447,-187500.02235174447,-187500.02235174447
não,2297.334646860915,-7790.454660708268,7319.503405034949,12164.735754100771,-187500.02235174447,-187500.02235174447,-187500.02235174447,-187500.02235174447
não,2118.4536359850927,-7795.707320655266,7043.168788333987,12213.060225613144,-187500.02235174447,-187500.02235174447,-187500.02235174447,-187500.02235174447
não,1915.075113186254,-7853.866559727974,6540.880386934327,12258.456618601873,-187500.02235174447,-187500.02235174447,-187500.02235174447,-187500.02235174447
não,2085.931847802621,-7857.085210929538,6779.686424694828,12210.065091856133,-187500.02235174447,-187500.02235174447,-187500.02235174447,-187500.02235174447
não,2286.315236844449,-7793.136870042905,7291.519020976904,12172.178885004389,-187500.02235174447,-187500.02235174447,-187500.02235174447,-187500.02235174447
não,2147.1756276101623,-7784.73261412771,7129.670039376026,12214.580144236106,-187500.02235174447,-187500.02235174447,-187500.02235174447,-187500.02235174447
não,1909.0177904388656,-7841.036658410628,6594.748091071617,12270.057173974177,-187500.02235174447,-187500.02235174447,-187500.02235174447,-187500.02235174447
não,2015.4344457905825,-7868.953987235307,6675.7061094887395,12227.432397297907,-187500.02235174447,-187500.02235174447,-187500.02235174447,-187500.02235174447
não,2269.3279110584153,-7808.224297550238,7236.667840083581,12164.758105845227,-187500.02235174447,-187500.02235174447,-187500.02235174447,-187500.02235174447
não,2187.8558025188213,-7782.944474571285,7204.749549001402,12196.922266116413,-187500.02235174447,-187500.02235174447,-187500.02235174447,-187500.02235174447
não,1937.0245262413653,-7829.458454782779,6690.949999207259,12254.410952855464,-187500.02235174447,-187500.02235174447,-187500.02235174447,-187500.02235174447
não,1971.2003435135298,-7868.752821535209,6618.038608794047,12233.80264446767,-187500.02235174447,-187500.02235174447,-187500.02235174447,-187500.02235174447
não,2237.409619976237,-7823.982277391229,7154.74869665488,12167.417963435408,-187500.02235174447,-187500.02235174447,-187500.02235174447,-187500.02235174447
não,2234.883872852787,-7784.598503660978,7283.114765061709,12184.137068287977,-187500.02235174447,-187500.02235174447,-187500.02235174447,-187500.02235174447
não,1958.3033869628177,-7823.423483779846,6744.080095777524,12246.923118462935,-187500.02235174447,-187500.02235174447,-187500.02235174447,-187500.02235174447
não,1918.4725783434606,-7874.027833226662,6521.43436925821,12244.933813206413,-187500.02235174447,-187500.02235174447,-187500.02235174447,-187500.02235174447
não,2211.995686530553,-7838.332097331536,7063.754744977325,12172.60356814904,-187500.02235174447,-187500.02235174447,-187500.02235174447,-187500.02235174447
não,2259.671957453723,-7790.856992108464,7288.948570364544,12167.037983779668,-187500.02235174447,-187500.02235174447,-187500.02235174447,-187500.02235174447
não,2014.8085969458339,-7820.160129089371,6856.196445965344,12222.313847817642,-187500.02235174447,-187500.02235174447,-187500.02235174447,-187500.02235174447
não,1897.6407525111142,-7877.782926295153,6502.994180082582,12242.855100972069,-187500.02235174447,-187500.02235174447,-187500.02235174447,-187500.02235174447
não,2174.4671075900924,-7844.255309612193,6975.800630545692,12184.494696199263,-187500.02235174447,-187500.02235174447,-187500.02235174447,-187500.02235174447
não,2287.298713600482,-7789.381776974414,7325.203099871052,12164.512236656217,-187500.02235174447,-187500.02235174447,-187500.02235174447,-187500.02235174447
não,2079.181620977118,-7813.096977841495,6971.218522932354,12212.680245957405,-187500.02235174447,-187500.02235174447,-187500.02235174447,-187500.02235174447
não,1889.035330895821,-7872.373804136969,6504.223526027623,12233.690885745393,-187500.02235174447,-187500.02235174447,-187500.02235174447,-187500.02235174447
não,2112.351609748794,-7862.807257510097,6853.313070930609,12177.208027506833,-187500.02235174447,-187500.02235174447,-187500.02235174447,-187500.02235174447
não,2285.30940834396,-7799.574172446034,7299.722111192002,12148.798960304137,-187500.02235174447,-187500.02235174447,-187500.02235174447,-187500.02235174447
não,2113.312734760372,-7806.369102760447,7057.496256529839,12196.586989949583,-187500.02235174447,-187500.02235174447,-187500.02235174447,-187500.02235174447
não,1897.0596071552764,-7864.08130694405,6551.877445206338,12244.710295761859,-187500.02235174447,-187500.02235174447,-187500.02235174447,-187500.02235174447
não,2064.831801036811,-7875.100716960516,6774.903151381392,12198.151612061456,-187500.02235174447,-187500.02235174447,-187500.02235174447,-187500.02235174447
não,2290.472661313136,-7811.130024329427,7299.4985937474485,12146.675544580883,-187500.02235174447,-187500.02235174447,-187500.02235174447,-187500.02235174447
não,2168.8791714762656,-7802.904582369874,7149.965423341445,12180.784306619682,-187500.02235174447,-187500.02235174447,-187500.02235174447,-187500.02235174447
não,1925.5804330802482,-7852.860731227485,6606.281591210555,12237.356571836064,-187500.02235174447,-187500.02235174447,-187500.02235174447,-187500.02235174447
não,2007.2090038310296,-7883.102641475516,6640.792684649549,12207.025254610213,-187500.02235174447,-187500.02235174447,-187500.02235174447,-187500.02235174447
não,2271.0713471259296,-7820.9200884008515,7216.215993906974,12142.987506745758,-187500.02235174447,-187500.02235174447,-187500.02235174447,-187500.02235174447
não,2221.115198268318,-7793.11451829845,7239.662973840592,12177.856228096036,-187500.02235174447,-187500.02235174447,-187500.02235174447,-187500.02235174447
não,1952.2460642154294,-7853.352469605502,6698.974275466714,12227.074769386623,-187500.02235174447,-187500.02235174447,-187500.02235174447,-187500.02235174447
não,1970.1051080352197,-7891.842173557541,6576.710233296184,12217.530574504206,-187500.02235174447,-187500.02235174447,-187500.02235174447,-187500.02235174447
não,2266.5562947459575,-7831.403056550391,7150.725382652925,12155.280966196176,-187500.02235174447,-187500.02235174447,-187500.02235174447,-187500.02235174447
não,2237.8790066097986,-7816.561498232067,7274.330529490773,12143.725114312783,-187500.02235174447,-187500.02235174447,-187500.02235174447,-187500.02235174447
não,1974.8660296042003,-7866.472943600767,6800.2053261047995,12190.283798013186,-187500.02235174447,-187500.02235174447,-187500.02235174447,-187500.02235174447
não,1928.8661395151782,-7885.18135370986,6520.2720785465335,12220.838632683592,-187500.02235174447,-187500.02235174447,-187500.02235174447,-187500.02235174447
não,2212.8897563087653,-7855.051202184106,7060.290224586753,12142.719285812294,-187500.02235174447,-187500.02235174447,-187500.02235174447,-187500.02235174447
não,2319.7087430606775,-7795.886134610908,7397.17571701714,12150.251823693732,-187500.02235174447,-187500.02235174447,-187500.02235174447,-187500.02235174447
não,2078.4216616656377,-7804.849184137486,6955.885226236013,12223.118510618033,-187500.02235174447,-187500.02235174447,-187500.02235174447,-187500.02235174447
não,1915.7903690088237,-7906.191993497849,6580.800602531505,12196.721100416316,-187500.02235174447,-187500.02235174447,-187500.02235174447,-187500.02235174447
não,2141.699450218612,-7899.017083527695,6900.564658709128,12148.284870181666,-187500.02235174447,-187500.02235174447,-187500.02235174447,-187500.02235174447
não,2273.0383006379966,-7829.972544905251,7227.838901023734,12117.283000622154,-187500.02235174447,-187500.02235174447,-187500.02235174447,-187500.02235174447
não,2067.9610452605543,-7849.396210836913,6912.120510592522,12154.1186754845,-187500.02235174447,-187500.02235174447,-187500.02235174447,-187500.02235174447
não,1891.9634094194664,-7907.510746420711,6460.302348172945,12204.343045275575,-187500.02235174447,-187500.02235174447,-187500.02235174447,-187500.02235174447
não,2111.70340915959,-7909.857679588518,6789.655302721894,12137.220756676288,-187500.02235174447,-187500.02235174447,-187500.02235174447,-187500.02235174447
não,2298.5639928059572,-7847.339850347024,7267.53559917636,12089.0527473751,-187500.02235174447,-187500.02235174447,-187500.02235174447,-187500.02235174447
não,2136.3573832937936,-7837.706248486787,7058.949119919434,12118.53469831165,-187500.02235174447,-187500.02235174447,-187500.02235174447,-187500.02235174447
não,1922.3394301342287,-7902.503955662723,6566.1155064243685,12218.312885560143,-187500.02235174447,-187500.02235174447,-187500.02235174447,-187500.02235174447
não,2059.333271900806,-7928.7449036532535,6706.2832959035995,12146.228509691777,-187500.02235174447,-187500.02235174447,-187500.02235174447,-187500.02235174447
não,2297.0664259274517,-7866.048260456117,7240.154712218608,12088.605712485994,-187500.02235174447,-187500.02235174447,-187500.02235174447,-187500.02235174447
não,2200.6186486028014,-7847.205739880293,7155.933339111011,12126.78249201566,-187500.02235174447,-187500.02235174447,-187500.02235174447,-187500.02235174447
não,1941.517226876882,-7897.966551538295,6616.988076804648,12180.337271730576,-187500.02235174447,-187500.02235174447,-187500.02235174447,-187500.02235174447
não,2012.2828498223842,-7922.866394861508,6618.128015771868,12150.609451605016,-187500.02235174447,-187500.02235174447,-187500.02235174447,-187500.02235174447
não,2275.586399505901,-7874.541923349134,7188.6115895046705,12080.760250182182,-187500.02235174447,-187500.02235174447,-187500.02235174447,-187500.02235174447
não,2232.3581257293376,-7851.832550982542,7223.547366088315,12105.72714873876,-187500.02235174447,-187500.02235174447,-187500.02235174447,-187500.02235174447
não,1981.6609599186136,-7895.776080581675,6706.573868581519,12159.46074240932,-187500.02235174447,-187500.02235174447,-187500.02235174447,-187500.02235174447
não,1967.713471378502,-7939.540796225167,6539.472227033642,12135.678486308872,-187500.02235174447,-187500.02235174447,-187500.02235174447,-187500.02235174447
não,2263.4270505222144,-7888.13178397796,7115.879013047102,12093.76896545517,-187500.02235174447,-187500.02235174447,-187500.02235174447,-187500.02235174447
não,2273.9100186717533,-7845.797579979609,7279.292616759851,12090.81853518707,-187500.02235174447,-187500.02235174447,-187500.02235174447,-187500.02235174447
não,2020.0389051483758,-7881.985054252751,6809.078968653556,12138.427750876876,-187500.02235174447,-187500.02235174447,-187500.02235174447,-187500.02235174447
não,1921.3783051226503,-7938.758485169231,6509.967924352637,12154.051620251133,-187500.02235174447,-187500.02235174447,-187500.02235174447,-187500.02235174447
não,2199.2104887021173,-7907.622505142988,7011.831642607647,12095.62416024496,-187500.02235174447,-187500.02235174447,-187500.02235174447,-187500.02235174447
não,2283.7447862320887,-7851.74314400472,7294.357692522728,12073.697098934306,-187500.02235174447,-187500.02235174447,-187500.02235174447,-187500.02235174447
não,2055.801696276867,-7877.738222806242,6903.872716888513,12127.788320516149,-187500.02235174447,-187500.02235174447,-187500.02235174447,-187500.02235174447
não,1889.7729384628462,-7938.154988068937,6488.823174097917,12150.698858582839,-187500.02235174447,-187500.02235174447,-187500.02235174447,-187500.02235174447
não,2141.5206362629697,-7921.480586705278,6899.514126719729,12093.567799755074,-187500.02235174447,-187500.02235174447,-187500.02235174447,-187500.02235174447
não,2295.054768926474,-7858.0686876855725,7333.786169741889,12069.986709354724,-187500.02235174447,-187500.02235174447,-187500.02235174447,-187500.02235174447
não,2069.45861213906,-7869.4010221244125,6997.235953478331,12120.769872757182,-187500.02235174447,-187500.02235174447,-187500.02235174447,-187500.02235174447
não,1858.3463857586844,-7928.633144930976,6507.442177229188,12151.794094061148,-187500.02235174447,-187500.02235174447,-187500.02235174447,-187500.02235174447
não,2036.221568134018,-7931.717685665809,6750.316232480554,12101.927352181357,-187500.02235174447,-187500.02235174447,-187500.02235174447,-187500.02235174447
não,2226.3231547264045,-7872.574969837066,7230.655220825103,12067.952700609292,-187500.02235174447,-187500.02235174447,-187500.02235174447,-187500.02235174447
não,2082.0426442673975,-7864.975376722262,7056.892759429546,12125.083759437057,-187500.02235174447,-187500.02235174447,-187500.02235174447,-187500.02235174447
não,1833.3124319687406,-7918.776025626186,6527.424636772232,12182.036004309179,-187500.02235174447,-187500.02235174447,-187500.02235174447,-187500.02235174447
não,1949.8767793031668,-7930.3318775095795,6643.050210839536,12155.951518529835,-187500.02235174447,-187500.02235174447,-187500.02235174447,-187500.02235174447
não,2197.9364392681646,-7863.813086010586,7196.121775641654,12109.63870401844,-187500.02235174447,-187500.02235174447,-187500.02235174447,-187500.02235174447
não,2104.7520166339896,-7854.201835894804,7130.921737065522,12117.148890155422,-187500.02235174447,-187500.02235174447,-187500.02235174447,-187500.02235174447
não,1852.3784699891175,-7901.386368439958,6600.760710330094,12180.091402541568,-187500.02235174447,-187500.02235174447,-187500.02235174447,-187500.02235174447
não,1898.8700984561563,-7931.650630432443,6556.0795731639355,12171.195408248355,-187500.02235174447,-187500.02235174447,-187500.02235174447,-187500.02235174447
não,2169.1920958986398,-7872.709080303798,7126.071408518721,12102.843773704026,-187500.02235174447,-187500.02235174447,-187500.02235174447,-187500.02235174447
não,2126.097932588808,-7844.03179216764,7186.108194125676,12105.369520827475,-187500.02235174447,-187500.02235174447,-187500.02235174447,-187500.02235174447
não,1858.458144480961,-7882.610903097499,6677.002510667147,12167.1720942464,-187500.02235174447,-187500.02235174447,-187500.02235174447,-187500.02235174447
não,1832.8653970796345,-7928.633144930976,6490.119575276324,12181.879542097991,-187500.02235174447,-187500.02235174447,-187500.02235174447,-187500.02235174447
não,2111.7257609040453,-7884.399042653924,7038.005535364811,12117.372407599976,-187500.02235174447,-187500.02235174447,-187500.02235174447,-187500.02235174447
não,2122.7228191760564,-7831.2465943392035,7223.055627710299,12106.77768072816,-187500.02235174447,-187500.02235174447,-187500.02235174447,-187500.02235174447
não,1874.9313801445223,-7869.646891313421,6766.945930355303,12160.913605798914,-187500.02235174447,-187500.02235174447,-187500.02235174447,-187500.02235174447
não,1784.2727046337968,-7919.156005281927,6448.768848034007,12187.333367745086,-187500.02235174447,-187500.02235174447,-187500.02235174447,-187500.02235174447
não,2058.394498633683,-7887.349472922025,6938.607327772061,12138.40539913242,-187500.02235174447,-187500.02235174447,-187500.02235174447,-187500.02235174447
não,2151.9365491791427,-7831.358353061481,7260.159523506109,12127.788320516149,-187500.02235174447,-187500.02235174447,-187500.02235174447,-187500.02235174447
não,1932.330659905751,-7850.26792887067,6890.662835915427,12180.113754286022,-187500.02235174447,-187500.02235174447,-187500.02235174447,-187500.02235174447
não,1768.3135590927077,-7916.85377560303,6447.94183348916,12199.60447545105,-187500.02235174447,-187500.02235174447,-187500.02235174447,-187500.02235174447
não,1996.9495531260436,-7903.37567369648,6813.839890222537,12135.946707242336,-187500.02235174447,-187500.02235174447,-187500.02235174447,-187500.02235174447
não,2152.227121857062,-7840.902547943896,7240.311174429796,12106.509459794695,-187500.02235174447,-187500.02235174447,-187500.02235174447,-187500.02235174447
não,1971.6697301470913,-7851.407867837891,6969.989176987312,12155.862111552015,-187500.02235174447,-187500.02235174447,-187500.02235174447,-187500.02235174447
não,1757.338852565152,-7911.712874378309,6466.337319175878,12213.954295391357,-187500.02235174447,-187500.02235174447,-187500.02235174447,-187500.02235174447
não,1927.8379592702343,-7918.463101203812,6693.811022497538,12170.256634981231,-187500.02235174447,-187500.02235174447,-187500.02235174447,-187500.02235174447
não,2144.2699008309723,-7847.384553835936,7214.584316561737,12122.133329168955,-187500.02235174447,-187500.02235174447,-187500.02235174447,-187500.02235174447
não,2021.7823412158898,-7828.765550704665,7074.349471849141,12165.696879112349,-187500.02235174447,-187500.02235174447,-187500.02235174447,-187500.02235174447
não,1778.2153818864087,-7888.5117636337,6537.728790966129,12212.948466890868,-187500.02235174447,-187500.02235174447,-187500.02235174447,-187500.02235174447
não,1886.911915172567,-7914.439787201856,6611.9589343022035,12180.873713597503,-187500.02235174447,-187500.02235174447,-187500.02235174447,-187500.02235174447
não,2154.484648047048,-7849.798542237108,7201.396787333106,12121.619239046484,-187500.02235174447,-187500.02235174447,-187500.02235174447,-187500.02235174447
não,2067.6481208381797,-7825.189271591816,7168.338557283707,12160.153646487433,-187500.02235174447,-187500.02235174447,-187500.02235174447,-187500.02235174447
não,1794.1745274274979,-7884.600208354022,6597.9890940176365,12219.542231505184,-187500.02235174447,-187500.02235174447,-187500.02235174447,-187500.02235174447
não,1828.9538417999556,-7918.485452948267,6524.161282081757,12221.062150128146,-187500.02235174447,-187500.02235174447,-187500.02235174447,-187500.02235174447
não,2112.865699871266,-7866.070612200572,7101.104509962143,12162.902911055437,-187500.02235174447,-187500.02235174447,-187500.02235174447,-187500.02235174447
não,2101.868641599255,-7827.938536159818,7201.240325121918,12136.460797364807,-187500.02235174447,-187500.02235174447,-187500.02235174447,-187500.02235174447
não,1845.0470978077767,-7864.327176133058,6704.383397624898,12186.528704944696,-187500.02235174447,-187500.02235174447,-187500.02235174447,-187500.02235174447
não,1795.6944460504587,-7915.04328430215,6469.779487821996,12195.514106215729,-187500.02235174447,-187500.02235174447,-187500.02235174447,-187500.02235174447
não,2084.478984413026,-7875.346586149524,7011.876346096557,12136.93018399837,-187500.02235174447,-187500.02235174447,-187500.02235174447,-187500.02235174447
não,2133.250490814506,-7828.005591393184,7241.786389563846,12142.048733478634,-187500.02235174447,-187500.02235174447,-187500.02235174447,-187500.02235174447
não,1890.4434907965053,-7855.2523678842035,6811.3588465879975,12202.107870830045,-187500.02235174447,-187500.02235174447,-187500.02235174447,-187500.02235174447
não,1767.263027103308,-7914.439787201856,6442.979746220082,12217.307057059654,-187500.02235174447,-187500.02235174447,-187500.02235174447,-187500.02235174447
não,2030.0748384088085,-7885.986016510251,6898.620056941517,12149.648326593438,-187500.02235174447,-187500.02235174447,-187500.02235174447,-187500.02235174447
não,2142.057078129897,-7829.0784751270385,7249.5424448898375,12133.040980463145,-187500.02235174447,-187500.02235174447,-187500.02235174447,-187500.02235174447
não,1934.9234622625665,-7849.798542237108,6902.017522098723,12181.276044997698,-187500.02235174447,-187500.02235174447,-187500.02235174447,-187500.02235174447
não,1757.8752944320793,-7910.8411563445525,6446.220749166102,12219.341065805087,-187500.02235174447,-187500.02235174447,-187500.02235174447,-187500.02235174447
não,1980.3422069957505,-7900.08996726155,6785.386119530931,12162.50057965524,-187500.02235174447,-187500.02235174447,-187500.02235174447,-187500.02235174447
não,2158.9773486825643,-7839.36027757648,7242.881625042156,12137.332515398564,-187500.02235174447,-187500.02235174447,-187500.02235174447,-187500.02235174447
não,1994.8484891472447,-7843.003611922695,7009.216488506376,12189.166210790421,-187500.02235174447,-187500.02235174447,-187500.02235174447,-187500.02235174447
não,1770.4369748159618,-7896.84896431553,6491.348921221366,12228.997019409779,-187500.02235174447,-187500.02235174447,-187500.02235174447,-187500.02235174447
não,1931.9953837389212,-7902.436900429357,6684.736214248684,12184.248827010255,-187500.02235174447,-187500.02235174447,-187500.02235174447,-187500.02235174447
não,2162.66538651769,-7842.064838655572,7215.388979362128,12131.677524051373,-187500.02235174447,-187500.02235174447,-187500.02235174447,-187500.02235174447
não,2039.3731641022164,-7837.460379297779,7087.224076655398,12161.02536452119,-187500.02235174447,-187500.02235174447,-187500.02235174447,-187500.02235174447
não,1788.9889227138667,-7888.802336311619,6553.375012084844,12219.206955338354,-187500.02235174447,-187500.02235174447,-187500.02235174447,-187500.02235174447
não,1883.4473947819943,-7907.108415020516,6588.623713090863,12201.191449307376,-187500.02235174447,-187500.02235174447,-187500.02235174447,-187500.02235174447
não,2162.6206830287797,-7846.64694626891,7161.543626969294,12152.844626050548,-187500.02235174447,-187500.02235174447,-187500.02235174447,-187500.02235174447
não,2093.643199639702,-7820.7412744452095,7162.013013602855,12177.163324017922,-187500.02235174447,-187500.02235174447,-187500.02235174447,-187500.02235174447
não,1828.5515103997602,-7869.065745957583,6640.435056738264,12235.859004957558,-187500.02235174447,-187500.02235174447,-187500.02235174447,-187500.02235174447
não,1834.2735569803187,-7914.395083712946,6506.883383617805,12218.536403004695,-187500.02235174447,-187500.02235174447,-187500.02235174447,-187500.02235174447
não,2125.472083744059,-7863.880141243952,7074.751803249336,12142.808692790115,-187500.02235174447,-187500.02235174447,-187500.02235174447,-187500.02235174447
não,2127.4613890005817,-7821.411826778869,7210.829223493246,12149.245995193243,-187500.02235174447,-187500.02235174447,-187500.02235174447,-187500.02235174447
não,1868.359967274662,-7863.187237165837,6728.56798512554,12207.874620899514,-187500.02235174447,-187500.02235174447,-187500.02235174447,-187500.02235174447
não,1799.0472077187549,-7918.32899073708,6454.423839381199,12221.352722806065,-187500.02235174447,-187500.02235174447,-187500.02235174447,-187500.02235174447
não,2082.3108652008614,-7882.074461230572,6968.268092664253,12146.519082369696,-187500.02235174447,-187500.02235174447,-187500.02235174447,-187500.02235174447
não,2161.0337091724527,-7822.954097146285,7239.57356686277,12151.704687083327,-187500.02235174447,-187500.02235174447,-187500.02235174447,-187500.02235174447
não,1936.6892500745357,-7847.518664302667,6840.483169613263,12223.1855658514,-187500.02235174447,-187500.02235174447,-187500.02235174447,-187500.02235174447
não,1792.5428500822604,-7908.181298754371,6447.047763710948,12232.394484566985,-187500.02235174447,-187500.02235174447,-187500.02235174447,-187500.02235174447
não,2044.871693238222,-7884.667263587387,6872.893199073458,12173.251768738242,-187500.02235174447,-187500.02235174447,-187500.02235174447,-187500.02235174447
não,2178.4010146142264,-7827.73737045972,7255.5327124038595,12156.912643541413,-187500.02235174447,-187500.02235174447,-187500.02235174447,-187500.02235174447
não,1989.8864018781665,-7842.958908433785,6943.658822018961,12197.302245772153,-187500.02235174447,-187500.02235174447,-187500.02235174447,-187500.02235174447
não,1791.693483792959,-7900.8052230841195,6459.743554561563,12222.403254795463,-187500.02235174447,-187500.02235174447,-187500.02235174447,-187500.02235174447
não,2000.4811287499822,-7901.364016695502,6756.8876453504145,12171.59773964855,-187500.02235174447,-187500.02235174447,-187500.02235174447,-187500.02235174447
não,2201.1774422141843,-7834.129969373938,7243.753343075913,12143.54630035714,-187500.02235174447,-187500.02235174447,-187500.02235174447,-187500.02235174447
não,2044.4470100935712,-7832.095960628505,7034.004573107311,12192.250751525255,-187500.02235174447,-187500.02235174447,-187500.02235174447,-187500.02235174447
não,1809.3290101681962,-7896.2231154707815,6511.890174375793,12240.597574782083,-187500.02235174447,-187500.02235174447,-187500.02235174447,-187500.02235174447
não,1947.19456996853,-7907.510746420711,6656.08127785698,12200.006806851246,-187500.02235174447,-187500.02235174447,-187500.02235174447,-187500.02235174447
não,2188.302837407927,-7846.445780568813,7196.7699762308575,12132.102207196023,-187500.02235174447,-187500.02235174447,-187500.02235174447,-187500.02235174447
não,2085.8647925692553,-7831.425408294846,7106.848908287157,12151.503521383229,-187500.02235174447,-187500.02235174447,-187500.02235174447,-187500.02235174447
não,1837.0675250372321,-7881.761536808198,6572.709271038684,12212.590838979584,-187500.02235174447,-187500.02235174447,-187500.02235174447,-187500.02235174447
não,1899.808871723279,-7909.298885977136,6562.293358122512,12202.197277807865,-187500.02235174447,-187500.02235174447,-187500.02235174447,-187500.02235174447
não,2180.6808925486675,-7853.777152750154,7142.142312782087,12155.057448751622,-187500.02235174447,-187500.02235174447,-187500.02235174447,-187500.02235174447
não,2140.380697295749,-7830.330172816536,7182.017824890355,12173.721155371804,-187500.02235174447,-187500.02235174447,-187500.02235174447,-187500.02235174447
não,1883.6932639710028,-7873.491391359734,6668.106516373935,12227.61121125355,-187500.02235174447,-187500.02235174447,-187500.02235174447,-187500.02235174447
não,1866.4153655070504,-7919.04424655965,6494.276999745011,12214.75895819175,-187500.02235174447,-187500.02235174447,-187500.02235174447,-187500.02235174447
não,2145.2310258425505,-7868.752821535209,7049.717849459393,12143.54630035714,-187500.02235174447,-187500.02235174447,-187500.02235174447,-187500.02235174447
não,2163.6265115292686,-7827.044466381606,7221.7145230429805,12149.983602760269,-187500.02235174447,-187500.02235174447,-187500.02235174447,-187500.02235174447
não,1922.8982237456114,-7866.003556967206,6760.151000040889,12206.265295298732,-187500.02235174447,-187500.02235174447,-187500.02235174447,-187500.02235174447
não,1833.1336180130982,-7914.9538773243285,6449.059420711926,12222.626772240017,-187500.02235174447,-187500.02235174447,-187500.02235174447,-187500.02235174447
não,2114.5644324498694,-7873.580798337555,6954.767639013248,12161.450047665841,-187500.02235174447,-187500.02235174447,-187500.02235174447,-187500.02235174447
não,2199.5234131244915,-7820.7412744452095,7259.041936283343,12148.150759714934,-187500.02235174447,-187500.02235174447,-187500.02235174447,-187500.02235174447
não,1978.9787505839768,-7850.290280615125,6873.586103151572,12198.531591717196,-187500.02235174447,-187500.02235174447,-187500.02235174447,-187500.02235174447
não,1822.0918562521765,-7914.797415113141,6449.1264759452915,12226.001885652768,-187500.02235174447,-187500.02235174447,-187500.02235174447,-187500.02235174447
não,2063.870676025233,-7896.357225937513,6846.9875272497575,12167.373259946497,-187500.02235174447,-187500.02235174447,-187500.02235174447,-187500.02235174447
não,2218.902375567243,-7829.033771638128,7266.350956720228,12138.807730532615,-187500.02235174447,-187500.02235174447,-187500.02235174447,-187500.02235174447
não,2031.8182744763226,-7842.690687500321,6973.0960694666,12184.070013054612,-187500.02235174447,-187500.02235174447,-187500.02235174447,-187500.02235174447
não,1821.041324262777,-7908.784795854664,6468.438383154677,12221.687998972893,-187500.02235174447,-187500.02235174447,-187500.02235174447,-187500.02235174447
não,1991.7863001568676,-7917.099644792038,6717.682685575805,12153.001088261735,-187500.02235174447,-187500.02235174447,-187500.02235174447,-187500.02235174447
não,2207.9947242730527,-7842.310707844581,7239.618270351681,12123.720303025282,-187500.02235174447,-187500.02235174447,-187500.02235174447,-187500.02235174447
não,2101.019275309953,-7829.413751293869,7084.608922554126,12187.243960767266,-187500.02235174447,-187500.02235174447,-187500.02235174447,-187500.02235174447
$SILENCE,1859.8439526371901,-7889.919923534385,6543.607299757874,12226.873603686525,-187500.02235174447,-187500.02235174447,-187500.02235174447,-187500.02235174447
$SILENCE,1973.5696284257924,-7918.105473292527,6639.876263126882,12184.382937476987,-187500.02235174447,-187500.02235174447,-187500.02235174447,-187500.02235174447
$SILENCE,2221.9645645576197,-7857.711059774288,7196.747624486402,12121.261611135198,-187500.02235174447,-187500.02235174447,-187500.02235174447,-187500.02235174447
$SILENCE,2138.2796333169504,-7830.620745494455,7146.255033761863,12160.77949533218,-187500.02235174447,-187500.02235174447,-187500.02235174447,-187500.02235174447
$SILENCE,1886.7554529613797,-7884.264932187192,6619.536175672552,12212.568487235128,-187500.02235174447,-187500.02235174447,-187500.02235174447,-187500.02235174447
$SILENCE,1926.9215377475666,-7920.877089604985,6560.728736010639,12189.657949168439,-187500.02235174447,-187500.02235174447,-187500.02235174447,-187500.02235174447
$SILENCE,2208.7099800956225,-7866.294129645125,7140.51063543685,12130.537585084152,-187500.02235174447,-187500.02235174447,-187500.02235174447,-187500.02235174447
$SILENCE,2179.2727326479835,-7830.888966427919,7215.679552040047,12142.115788712,-187500.02235174447,-187500.02235174447,-187500.02235174447,-187500.02235174447
$SILENCE,1923.4793691014493,-7869.244559913226,6706.685627303795,12199.090385328578,-187500.02235174447,-187500.02235174447,-187500.02235174447,-187500.02235174447
$SILENCE,1894.2879908428183,-7921.815862872108,6497.473299202121,12197.481059727796,-187500.02235174447,-187500.02235174447,-187500.02235174447,-187500.02235174447
$SILENCE,2181.0385204599525,-7888.7129293337985,7046.230977324364,12126.760140271204,-187500.02235174447,-187500.02235174447,-187500.02235174447,-187500.02235174447
$SILENCE,2214.8567098208323,-7843.383591578436,7248.1342849891535,12129.2635356502,-187500.02235174447,-187500.02235174447,-187500.02235174447,-187500.02235174447
$SILENCE,1974.48604994846,-7867.0540889566055,6799.981808660246,12183.913550843425,-187500.02235174447,-187500.02235174447,-187500.02235174447,-187500.02235174447
$SILENCE,1865.3201300287403,-7919.670095404398,6455.384964392778,12196.27406552721,-187500.02235174447,-187500.02235174447,-187500.02235174447,-187500.02235174447
$SILENCE,2140.380697295749,-7896.580743382066,6946.18456914241,12149.670678337894,-187500.02235174447,-187500.02235174447,-187500.02235174447,-187500.02235174447
$SILENCE,2250.463038738136,-7843.920033445363,7286.2887127743625,12134.985582230758,-187500.02235174447,-187500.02235174447,-187500.02235174447,-187500.02235174447
$SILENCE,2035.8862919671885,-7863.835437755041,6925.777426454714,12181.320748486609,-187500.02235174447,-187500.02235174447,-187500.02235174447,-187500.02235174447
$SILENCE,1865.8565718956677,-7921.726455894287,6484.9339705626935,12205.818260409626,-187500.02235174447,-187500.02235174447,-187500.02235174447,-187500.02235174447
$SILENCE,2091.4303769386265,-7914.37273196849,6846.3393266605535,12139.075951466079,-187500.02235174447,-187500.02235174447,-187500.02235174447,-187500.02235174447
$SILENCE,2267.7185854576333,-7854.537112061634,7283.561799950815,12104.833078960548,-187500.02235174447,-187500.02235174447,-187500.02235174447,-187500.02235174447
$SILENCE,2094.492565929004,-7848.837417225531,7016.659619409993,12140.081779966567,-187500.02235174447,-187500.02235174447,-187500.02235174447,-187500.02235174447
$SILENCE,1881.167516847553,-7911.981095311773,6517.120482578335,12187.355719489542,-187500.02235174447,-187500.02235174447,-187500.02235174447,-187500.02235174447
$SILENCE,2054.192370676085,-7931.784740899175,6741.308479465066,12134.69500955284,-187500.02235174447,-187500.02235174447,-187500.02235174447,-187500.02235174447
$SILENCE,2284.013007165552,-7871.189161680837,7262.685270629558,12083.330700794542,-187500.02235174447,-187500.02235174447,-187500.02235174447,-187500.02235174447
$SILENCE,2165.0123196854975,-7860.572083064567,7120.975210782911,12120.524003568175,-187500.02235174447,-187500.02235174447,-187500.02235174447,-187500.02235174447
$SILENCE,1915.388037608628,-7916.47379594729,6577.134916440835,12172.447105937852,-187500.02235174447,-187500.02235174447,-187500.02235174447,-187500.02235174447
$SILENCE,2015.5238527684037,-7938.646726446954,6637.238757281156,12133.577422330072,-187500.02235174447,-187500.02235174447,-187500.02235174447,-187500.02235174447
$SILENCE,2275.474640783625,-7878.565237351088,7212.349142116206,12070.143171565911,-187500.02235174447,-187500.02235174447,-187500.02235174447,-187500.02235174447
$SILENCE,2194.024883988486,-7859.678013286354,7196.904086697589,12084.425936272854,-187500.02235174447,-187500.02235174447,-187500.02235174447,-187500.02235174447
$SILENCE,1945.5405408788374,-7907.980133054273,6672.0627751425245,12139.075951466079,-187500.02235174447,-187500.02235174447,-187500.02235174447,-187500.02235174447
$SILENCE,1980.7221866514906,-7947.185092828881,6564.953215712692,12128.995314716734,-187500.02235174447,-187500.02235174447,-187500.02235174447,-187500.02235174447
$SILENCE,2272.5465622599795,-7895.351397437024,7141.404705215062,12070.366689010465,-187500.02235174447,-187500.02235174447,-187500.02235174447,-187500.02235174447
$SILENCE,2265.1928383341838,-7858.560426063589,7254.48218041446,12078.256854803189,-187500.02235174447,-187500.02235174447,-187500.02235174447,-187500.02235174447
$SILENCE,2012.1487393556524,-7898.860621316508,6765.180142543333,12133.711532796804,-187500.02235174447,-187500.02235174447,-187500.02235174447,-187500.02235174447
$SILENCE,1963.6007503987255,-7951.655441719943,6522.596659969886,12132.72805604077,-187500.02235174447,-187500.02235174447,-187500.02235174447,-187500.02235174447
$SILENCE,2250.463038738136,-7911.265839489203,7066.749878734337,12057.827360371037,-187500.02235174447,-187500.02235174447,-187500.02235174447,-187500.02235174447
$SILENCE,2317.1606441927725,-7861.086173187038,7338.770608755423,12054.76517138066,-187500.02235174447,-187500.02235174447,-187500.02235174447,-187500.02235174447
$SILENCE,2060.093231212286,-7899.933505050362,6864.086611758067,12116.768910499683,-187500.02235174447,-187500.02235174447,-187500.02235174447,-187500.02235174447
$SILENCE,1956.7611165954015,-7952.303642309147,6516.852261644872,12135.633782819961,-187500.02235174447,-187500.02235174447,-187500.02235174447,-187500.02235174447
$SILENCE,2192.3261514098826,-7922.776987883686,6935.27691784822,12082.548389738608,-187500.02235174447,-187500.02235174447,-187500.02235174447,-187500.02235174447
$SILENCE,2339.17711248125,-7862.561388321089,7336.758951754446,12057.91676734886,-187500.02235174447,-187500.02235174447,-187500.02235174447,-187500.02235174447
$SILENCE,2104.1708712781515,-7874.810144282597,6953.47123783484,12111.985637186246,-187500.02235174447,-187500.02235174447,-187500.02235174447,-187500.02235174447
$SILENCE,1924.3510871352062,-7937.573842713099,6505.76579639504,12144.686239324361,-187500.02235174447,-187500.02235174447,-187500.02235174447,-187500.02235174447
$SILENCE,2116.732551662034,-7931.203595543337,6812.878765210959,12095.087718378034,-187500.02235174447,-187500.02235174447,-187500.02235174447,-187500.02235174447
$SILENCE,2293.490146814602,-7869.132801190949,7279.9184656046,12059.682555160827,-187500.02235174447,-187500.02235174447,-187500.02235174447,-187500.02235174447
$SILENCE,2132.356421036294,-7869.244559913226,7061.050183898233,12099.20043935781,-187500.02235174447,-187500.02235174447,-187500.02235174447,-187500.02235174447
$SILENCE,1910.850633484201,-7923.8722233619965,6546.557730025975,12148.240166692754,-187500.02235174447,-187500.02235174447,-187500.02235174447,-187500.02235174447
$SILENCE,2061.411984135149,-7933.572880455599,6729.417351414842,12106.241238861232,-187500.02235174447,-187500.02235174447,-187500.02235174447,-187500.02235174447
$SILENCE,2299.569821306446,-7870.496257602723,7271.3800992226725,12065.225787785745,-187500.02235174447,-187500.02235174447,-187500.02235174447,-187500.02235174447
$SILENCE,2179.0268634589747,-7862.427277854357,7141.561167426249,12097.479355034751,-187500.02235174447,-187500.02235174447,-187500.02235174447,-187500.02235174447
$SILENCE,1923.8146452682788,-7915.356208724525,6599.464309151686,12152.621108605994,-187500.02235174447,-187500.02235174447,-187500.02235174447,-187500.02235174447
$SILENCE,2009.8465096767557,-7941.1277700814935,6619.714989628195,12125.508442581708,-187500.02235174447,-187500.02235174447,-187500.02235174447,-187500.02235174447
$SILENCE,2287.9022107007754,-7882.65560658641,7210.873926982156,12070.456095988286,-187500.02235174447,-187500.02235174447,-187500.02235174447,-187500.02235174447
$SILENCE,2222.9927448025637,-7855.542940562123,7215.768959017869,12083.375404283453,-187500.02235174447,-187500.02235174447,-187500.02235174447,-187500.02235174447
$SILENCE,1952.5589886378038,-7898.033606771662,6687.105499160945,12140.193538688844,-187500.02235174447,-187500.02235174447,-187500.02235174447,-187500.02235174447
$SILENCE,1963.5113434209043,-7941.731267181786,6547.049468403991,12139.031247977167,-187500.02235174447,-187500.02235174447,-187500.02235174447,-187500.02235174447
$SILENCE,2249.6807276822005,-7891.931580535363,7110.939277522479,12072.713622178271,-187500.02235174447,-187500.02235174447,-187500.02235174447,-187500.02235174447
$SILENCE,2240.0024223330524,-7846.892815457919,7254.839808325745,12074.993500112712,-187500.02235174447,-187500.02235174447,-187500.02235174447,-187500.02235174447
$SILENCE,1983.002064585932,-7885.114298476494,6784.447346263808,12133.44331186334,-187500.02235174447,-187500.02235174447,-187500.02235174447,-187500.02235174447
$SILENCE,1914.449264341505,-7939.585499714077,6521.322610535934,12146.40732364742,-187500.02235174447,-187500.02235174447,-187500.02235174447,-187500.02235174447
$SILENCE,2191.543840353947,-7902.168679495893,7019.051256066711,12083.084831605534,-187500.02235174447,-187500.02235174447,-187500.02235174447,-187500.02235174447
$SILENCE,2256.0956783408737,-7850.804370737597,7275.246951013441,12072.82538090055,-187500.02235174447,-187500.02235174447,-187500.02235174447,-187500.02235174447
$SILENCE,2035.4392570780824,-7874.318405904581,6877.318844475609,12131.275192651176,-187500.02235174447,-187500.02235174447,-187500.02235174447,-187500.02235174447
$SILENCE,1901.5076043018823,-7935.182206056382,6476.552066391953,12156.30914644112,-187500.02235174447,-187500.02235174447,-187500.02235174447,-187500.02235174447
$SILENCE,2155.5798835253577,-7913.255144745725,6907.426644256908,12093.478392777251,-187500.02235174447,-187500.02235174447,-187500.02235174447,-187500.02235174447
$SILENCE,2305.4483300981915,-7847.183388135838,7333.808521486345,12068.466790731763,-187500.02235174447,-187500.02235174447,-187500.02235174447,-187500.02235174447
$SILENCE,2076.1417837311965,-7859.70036503081,6975.912389267968,12120.568707057084,-187500.02235174447,-187500.02235174447,-187500.02235174447,-187500.02235174447
$SILENCE,1890.1529181185865,-7921.681752405376,6510.236145286101,12153.001088261735,-187500.02235174447,-187500.02235174447,-187500.02235174447,-187500.02235174447
$SILENCE,2080.2992081998837,-7917.4125692144125,6788.627122476951,12108.811689473592,-187500.02235174447,-187500.02235174447,-187500.02235174447,-187500.02235174447
$SILENCE,2287.4998793005802,-7856.884045229441,7284.902904618133,12066.522188964153,-187500.02235174447,-187500.02235174447,-187500.02235174447,-187500.02235174447
$SILENCE,2119.7947406524113,-7851.69844051581,7077.277550372786,12102.374387070464,-187500.02235174447,-187500.02235174447,-187500.02235174447,-187500.02235174447
$SILENCE,1883.8720779266453,-7918.485452948267,6524.921241393237,12148.64249809295,-187500.02235174447,-187500.02235174447,-187500.02235174447,-187500.02235174447
$SILENCE,2038.3449838572724,-7935.159854311926,6669.55937976353,12106.509459794695,-187500.02235174447,-187500.02235174447,-187500.02235174447,-187500.02235174447
$SILENCE,2285.7117397441557,-7866.383536622947,7226.2966306563185,12052.887624846415,-187500.02235174447,-187500.02235174447,-187500.02235174447,-187500.02235174447
$SILENCE,2188.302837407927,-7850.804370737597,7158.682603679014,12086.281131062644,-187500.02235174447,-187500.02235174447,-187500.02235174447,-187500.02235174447
$SILENCE,1925.7368952914353,-7904.157984752415,6612.49537616913,12127.006009460212,-187500.02235174447,-187500.02235174447,-187500.02235174447,-187500.02235174447
$SILENCE,1978.3081982503174,-7935.182206056382,6586.92498051226,12096.898209678915,-187500.02235174447,-187500.02235174447,-187500.02235174447,-187500.02235174447
$SILENCE,2264.6116929783457,-7879.414603640391,7180.363795800662,12046.33856372101,-187500.02235174447,-187500.02235174447,-187500.02235174447,-187500.02235174447
$SILENCE,2231.1287797842956,-7848.345678847513,7219.792273019823,12066.00809884168,-187500.02235174447,-187500.02235174447,-187500.02235174447,-187500.02235174447
$SILENCE,1979.425785473083,-7893.809127069609,6705.389226125387,12122.15568091341,-187500.02235174447,-187500.02235174447,-187500.02235174447,-187500.02235174447
$SILENCE,1957.4093171846055,-7939.473740991801,6528.229299572623,12115.718378510282,-187500.02235174447,-187500.02235174447,-187500.02235174447,-187500.02235174447
$SILENCE,2240.7176781556223,-7893.339740436047,7086.30765513273,12046.092694532,-187500.02235174447,-187500.02235174447,-187500.02235174447,-187500.02235174447
$SILENCE,2262.3541667883596,-7848.390382336424,7266.462715442505,12049.780732367128,-187500.02235174447,-187500.02235174447,-187500.02235174447,-187500.02235174447
$SILENCE,2013.422788789605,-7881.0239292411725,6804.452157551308,12110.108090652,-187500.02235174447,-187500.02235174447,-187500.02235174447,-187500.02235174447
$SILENCE,1927.9944214814213,-7939.630203202988,6486.386833952289,12123.094454180535,-187500.02235174447,-187500.02235174447,-187500.02235174447,-187500.02235174447
$SILENCE,2192.192040943151,-7906.057883031116,6984.629569605538,12055.391020225408,-187500.02235174447,-187500.02235174447,-187500.02235174447,-187500.02235174447
$SILENCE,2281.9789984201193,-7853.911263216885,7285.6405121851585,12049.467807944753,-187500.02235174447,-187500.02235174447,-187500.02235174447,-187500.02235174447
$SILENCE,2069.860943539255,-7875.2124756827925,6907.337237279086,12096.942913167824,-187500.02235174447,-187500.02235174447,-187500.02235174447,-187500.02235174447
$SILENCE,1907.3190578602623,-7928.655496675432,6476.864990814328,12121.172204157378,-187500.02235174447,-187500.02235174447,-187500.02235174447,-187500.02235174447
$SILENCE,2141.4982845185145,-7913.255144745725,6864.332480947075,12060.353107494488,-187500.02235174447,-187500.02235174447,-187500.02235174447,-187500.02235174447
$SILENCE,2297.446405583192,-7853.821856239064,7286.020491840898,12035.654429871372,-187500.02235174447,-187500.02235174447,-187500.02235174447,-187500.02235174447
$SILENCE,2108.0377230689196,-7858.739240019231,7005.059064037689,12087.756346196693,-187500.02235174447,-187500.02235174447,-187500.02235174447,-187500.02235174447
$SILENCE,1909.4424735835164,-7920.966496582806,6518.081607589914,12133.376256629976,-187500.02235174447,-187500.02235174447,-187500.02235174447,-187500.02235174447
$SILENCE,2090.581010649325,-7925.682714662876,6765.5154187101625,12076.669880946862,-187500.02235174447,-187500.02235174447,-187500.02235174447,-187500.02235174447
$SILENCE,2300.1286149178286,-7861.108524931494,7272.810610867812,12033.933345548314,-187500.02235174447,-187500.02235174447,-187500.02235174447,-187500.02235174447
$SILENCE,2163.894732462732,-7857.21932139627,7111.3639606671295,12077.943930380814,-187500.02235174447,-187500.02235174447,-187500.02235174447,-187500.02235174447
$SILENCE,1929.3802296376502,-7911.332894722569,6593.943428271226,12120.63576229045,-187500.02235174447,-187500.02235174447,-187500.02235174447,-187500.02235174447
$SILENCE,2030.1865971310851,-7930.935374609873,6675.259074599633,12085.007081628692,-187500.02235174447,-187500.02235174447,-187500.02235174447,-187500.02235174447
$SILENCE,2292.1937456361948,-7875.883028016452,7220.328714886751,12036.1908717383,-187500.02235174447,-187500.02235174447,-187500.02235174447,-187500.02235174447
$SILENCE,2206.474805650092,-7845.127027645949,7184.409461547072,12060.308404005576,-187500.02235174447,-187500.02235174447,-187500.02235174447,-187500.02235174447
$SILENCE,1941.0478402433207,-7902.593362640544,6633.617774679396,12127.967134471792,-187500.02235174447,-187500.02235174447,-187500.02235174447,-187500.02235174447
$SILENCE,1981.8844773631665,-7940.47956949229,6572.485753594131,12119.428768089863,-187500.02235174447,-187500.02235174447,-187500.02235174447,-187500.02235174447
$SILENCE,2266.511591257047,-7882.789717053141,7140.242414503386,12053.759342880172,-187500.02235174447,-187500.02235174447,-187500.02235174447,-187500.02235174447
$SILENCE,2246.149152058262,-7847.228091624748,7227.570680090271,12058.184988282323,-187500.02235174447,-187500.02235174447,-187500.02235174447,-187500.02235174447
$SILENCE,1989.5287739668815,-7890.366958423491,6741.1520172538785,12115.450157576819,-187500.02235174447,-187500.02235174447,-187500.02235174447,-187500.02235174447
$SILENCE,1950.6590903591027,-7938.646726446954,6529.659811217763,12119.92050646788,-187500.02235174447,-187500.02235174447,-187500.02235174447,-187500.02235174447
$SILENCE,2242.3940589897707,-7897.072481760083,7068.761535735314,12060.800142383594,-187500.02235174447,-187500.02235174447,-187500.02235174447,-187500.02235174447
$SILENCE,2283.2306961096165,-7850.0891149150275,7284.187648795563,12067.550369209095,-187500.02235174447,-187500.02235174447,-187500.02235174447,-187500.02235174447
$SILENCE,2032.1982541320629,-7878.945217006829,6848.3956871504415,12134.82912001957,-187500.02235174447,-187500.02235174447,-187500.02235174447,-187500.02235174447
$SILENCE,1905.5979735372036,-7930.197767042848,6488.443194442177,12137.69014330985,-187500.02235174447,-187500.02235174447,-187500.02235174447,-187500.02235174447
$SILENCE,2157.1668573816846,-7896.84896431553,6938.56262428315,12055.1451510364,-187500.02235174447,-187500.02235174447,-187500.02235174447,-187500.02235174447
$SILENCE,2271.8536581818653,-7845.484655557234,7283.382985995172,12046.651488143383,-187500.02235174447,-187500.02235174447,-187500.02235174447,-187500.02235174447
$SILENCE,2066.0834987263083,-7864.483638344245,6937.221519615832,12114.712550009794,-187500.02235174447,-187500.02235174447,-187500.02235174447,-187500.02235174447
$SILENCE,1892.8798309421338,-7922.955801839328,6481.3800431943,12143.434541634864,-187500.02235174447,-187500.02235174447,-187500.02235174447,-187500.02235174447
$SILENCE,2129.405990768193,-7914.1268627794825,6840.214948679799,12086.39288978492,-187500.02235174447,-187500.02235174447,-187500.02235174447,-187500.02235174447
$SILENCE,2308.2199464106498,-7849.284452114636,7287.026320341387,12065.29284301911,-187500.02235174447,-187500.02235174447,-187500.02235174447,-187500.02235174447
$SILENCE,2126.5226157334587,-7852.592510294022,7032.507006228806,12107.24706736172,-187500.02235174447,-187500.02235174447,-187500.02235174447,-187500.02235174447
$SILENCE,1894.1762321205417,-7909.656513888421,6519.869747146338,12142.965155001302,-187500.02235174447,-187500.02235174447,-187500.02235174447,-187500.02235174447
$SILENCE,2066.4634783820484,-7918.463101203812,6734.044162517091,12108.476413306764,-187500.02235174447,-187500.02235174447,-187500.02235174447,-187500.02235174447
$SILENCE,2305.828309753932,-7858.046335941117,7270.754250377924,12071.528979722141,-187500.02235174447,-187500.02235174447,-187500.02235174447,-187500.02235174447
$SILENCE,2182.8490117608326,-7850.424391081857,7142.634051160104,12109.951628440813,-187500.02235174447,-187500.02235174447,-187500.02235174447,-187500.02235174447
$SILENCE,1912.2364416404298,-7897.60892362701,6592.892896281826,12160.041887765157,-187500.02235174447,-187500.02235174447,-187500.02235174447,-187500.02235174447
$SILENCE,1997.8659746487112,-7915.982057569273,6633.237795023656,12124.904945481414,-187500.02235174447,-187500.02235174447,-187500.02235174447,-187500.02235174447
$SILENCE,2272.323044815427,-7859.230978397248,7203.475499567449,12069.852598887992,-187500.02235174447,-187500.02235174447,-187500.02235174447,-187500.02235174447
$SILENCE,2202.1162154813073,-7836.007515908184,7183.425984791039,12091.265570076177,-187500.02235174447,-187500.02235174447,-187500.02235174447,-187500.02235174447
$SILENCE,1967.9816923119656,-7888.958798522806,6687.440775327776,12152.956384772824,-187500.02235174447,-187500.02235174447,-187500.02235174447,-187500.02235174447
$SILENCE,1986.7571576544235,-7925.012162329217,6592.959951515192,12147.346096914542,-187500.02235174447,-187500.02235174447,-187500.02235174447,-187500.02235174447
$SILENCE,2238.6613176657343,-7871.077402958561,7107.228887942897,12070.277282032643,-187500.02235174447,-187500.02235174447,-187500.02235174447,-187500.02235174447
$SILENCE,2245.858579380343,-7829.234937338226,7262.707622374013,12081.497857749207,-187500.02235174447,-187500.02235174447,-187500.02235174447,-187500.02235174447
$SILENCE,1969.613369657203,-7874.832496027053,6736.972241040736,12147.21198644781,-187500.02235174447,-187500.02235174447,-187500.02235174447,-187500.02235174447
$SILENCE,1918.9866684659326,-7928.9237176088955,6500.1331567923025,12162.21000697732,-187500.02235174447,-187500.02235174447,-187500.02235174447,-187500.02235174447
$SILENCE,2209.8499190628436,-7887.237714199748,7033.848110896124,12100.742709725228,-187500.02235174447,-187500.02235174447,-187500.02235174447,-187500.02235174447
$SILENCE,2273.0606523824517,-7835.247556596703,7282.265398772407,12096.25000908971,-187500.02235174447,-187500.02235174447,-187500.02235174447,-187500.02235174447
$SILENCE,2031.9523849430545,-7860.639138297933,6853.983623264268,12142.87574802348,-187500.02235174447,-187500.02235174447,-187500.02235174447,-187500.02235174447
$SILENCE,1907.1178921601645,-7917.680790147876,6475.278016958001,12159.21487322031,-187500.02235174447,-187500.02235174447,-187500.02235174447,-187500.02235174447
$SILENCE,2157.6585957597013,-7893.093871247038,6914.847423416069,12097.457003290298,-187500.02235174447,-187500.02235174447,-187500.02235174447,-187500.02235174447
$SILENCE,2277.0392628954964,-7835.381667063435,7281.147811549642,12089.522134008663,-187500.02235174447,-187500.02235174447,-187500.02235174447,-187500.02235174447
$SILENCE,2069.995054005987,-7847.295146858114,6952.6442232899935,12137.556032843118,-187500.02235174447,-187500.02235174447,-187500.02235174447,-187500.02235174447
$SILENCE,1879.6475982245922,-7908.158947009915,6486.789165352484,12178.191504262866,-187500.02235174447,-187500.02235174447,-187500.02235174447,-187500.02235174447
$SILENCE,2095.9230775741435,-7903.398025440935,6802.485204039241,12128.458872849807,-187500.02235174447,-187500.02235174447,-187500.02235174447,-187500.02235174447
$SILENCE,2297.31229511646,-7842.936556689329,7289.619122698203,12096.294712578621,-187500.02235174447,-187500.02235174447,-187500.02235174447,-187500.02235174447
$SILENCE,2140.537159506936,-7844.657641012388,7066.504009545328,12136.371390386987,-187500.02235174447,-187500.02235174447,-187500.02235174447,-187500.02235174447
$SILENCE,1900.8594037126786,-7899.464118416801,6518.975677368126,12167.708536113327,-187500.02235174447,-187500.02235174447,-187500.02235174447,-187500.02235174447
$SILENCE,2036.0874576672863,-7910.8411563445525,6680.623493268907,12120.568707057084,-187500.02235174447,-187500.02235174447,-187500.02235174447,-187500.02235174447
$SILENCE,2280.3249693304265,-7851.564330049077,7233.650354582114,12082.146058338412,-187500.02235174447,-187500.02235174447,-187500.02235174447,-187500.02235174447
$SILENCE,2173.014244200497,-7837.080399642039,7127.8595480751455,12114.77960524316,-187500.02235174447,-187500.02235174447,-187500.02235174447,-187500.02235174447
$SILENCE,1929.7602092933905,-7889.5622956231,6597.698521339717,12173.385879204974,-187500.02235174447,-187500.02235174447,-187500.02235174447,-187500.02235174447
$SILENCE,2002.4480822620492,-7921.681752405376,6612.473024424676,12154.945690029346,-187500.02235174447,-187500.02235174447,-187500.02235174447,-187500.02235174447
$SILENCE,2271.965416904142,-7862.762554021187,7186.085842381221,12099.267494591177,-187500.02235174447,-187500.02235174447,-187500.02235174447,-187500.02235174447
$SILENCE,2201.1103869808185,-7829.637268738422,7198.200487875997,12116.29952386612,-187500.02235174447,-187500.02235174447,-187500.02235174447,-187500.02235174447
$SILENCE,1948.7144885914909,-7876.5088768612,6675.549647277552,12161.0700680101,-187500.02235174447,-187500.02235174447,-187500.02235174447,-187500.02235174447
$SILENCE,1961.6114451422031,-7926.308563507625,6528.3410582949,12162.03119302168,-187500.02235174447,-187500.02235174447,-187500.02235174447,-187500.02235174447
$SILENCE,2238.6613176657343,-7875.234827427248,7100.6798268174925,12110.35395984101,-187500.02235174447,-187500.02235174447,-187500.02235174447,-187500.02235174447
$SILENCE,2231.732276884589,-7830.464283283268,7249.564796634293,12106.509459794695,-187500.02235174447,-187500.02235174447,-187500.02235174447,-187500.02235174447
$SILENCE,2001.1069775947308,-7870.116277946982,6773.539694969618,12154.92333828489,-187500.02235174447,-187500.02235174447,-187500.02235174447,-187500.02235174447
$SILENCE,1921.1547876780974,-7922.084083805572,6481.022415283015,12173.184713504877,-187500.02235174447,-187500.02235174447,-187500.02235174447,-187500.02235174447
$SILENCE,2178.5574768254137,-7880.755708307709,6992.653845864993,12117.01477968869,-187500.02235174447,-187500.02235174447,-187500.02235174447,-187500.02235174447
$SILENCE,2265.215190078639,-7824.764588447165,7305.131233350186,12100.58624751404,-187500.02235174447,-187500.02235174447,-187500.02235174447,-187500.02235174447
$SILENCE,2042.3235943703169,-7854.715926017276,6866.053565270134,12156.398553418941,-187500.02235174447,-187500.02235174447,-187500.02235174447,-187500.02235174447
$SILENCE,1913.1752149075528,-7912.673999389887,6489.001988053559,12188.093327056567,-187500.02235174447,-187500.02235174447,-187500.02235174447,-187500.02235174447
$SILENCE,2129.048362856908,-7896.692502104343,6873.384937451475,12144.060390479612,-187500.02235174447,-187500.02235174447,-187500.02235174447,-187500.02235174447
$SILENCE,2254.754573673555,-7833.191196106815,7260.092468272743,12101.994407414724,-187500.02235174447,-187500.02235174447,-187500.02235174447,-187500.02235174447
$SILENCE,2082.422623923138,-7843.0483154116055,6957.583958814616,12153.381067917475,-187500.02235174447,-187500.02235174447,-187500.02235174447,-187500.02235174447
$SILENCE,1892.0975198861981,-7905.789662097653,6477.379080936799,12201.37026326302,-187500.02235174447,-187500.02235174447,-187500.02235174447,-187500.02235174447
$SILENCE,2078.488716899004,-7904.023874285684,6758.854598862481,12153.090495239556,-187500.02235174447,-187500.02235174447,-187500.02235174447,-187500.02235174447
$SILENCE,2274.7370332165997,-7838.309745587081,7256.784410093357,12115.763081999194,-187500.02235174447,-187500.02235174447,-187500.02235174447,-187500.02235174447
$SILENCE,2146.639185743235,-7838.130931631438,7069.901474702535,12150.810617305115,-187500.02235174447,-187500.02235174447,-187500.02235174447,-187500.02235174447
$SILENCE,1903.5639647917708,-7894.27851370317,6534.174863597735,12213.41785352443,-187500.02235174447,-187500.02235174447,-187500.02235174447,-187500.02235174447
$SILENCE,2021.4917685379708,-7911.489356933756,6663.345594804954,12173.11765827151,-187500.02235174447,-187500.02235174447,-187500.02235174447,-187500.02235174447
$SILENCE,2272.792431448988,-7846.624594524455,7212.192679905019,12117.484166322252,-187500.02235174447,-187500.02235174447,-187500.02235174447,-187500.02235174447
$SILENCE,2166.867514475288,-7825.323382058547,7133.738056866891,12153.336364428564,-187500.02235174447,-187500.02235174447,-187500.02235174447,-187500.02235174447
$SILENCE,1929.9613749934883,-7881.582722852555,6607.823861577972,12215.764786692238,-187500.02235174447,-187500.02235174447,-187500.02235174447,-187500.02235174447
$SILENCE,1990.8475268897448,-7918.70897039282,6565.891988979815,12191.93782710288,-187500.02235174447,-187500.02235174447,-187500.02235174447,-187500.02235174447
$SILENCE,2259.247274309072,-7860.482676086745,7145.31626049474,12132.906869996414,-187500.02235174447,-187500.02235174447,-187500.02235174447,-187500.02235174447
$SILENCE,2222.2327854910836,-7826.664486725866,7203.788423989824,12147.904890525924,-187500.02235174447,-187500.02235174447,-187500.02235174447,-187500.02235174447
$SILENCE,1979.1128610507085,-7873.89372275993,6689.832411984493,12204.0301208532,-187500.02235174447,-187500.02235174447,-187500.02235174447,-187500.02235174447
$SILENCE,1942.0089652548988,-7918.016066314705,6491.795956110473,12202.241981296776,-187500.02235174447,-187500.02235174447,-187500.02235174447,-187500.02235174447
$SILENCE,2226.434913448681,-7869.445725613324,7052.601224494127,12145.245032935743,-187500.02235174447,-187500.02235174447,-187500.02235174447,-187500.02235174447
$SILENCE,2267.472716268625,-7825.636306480922,7248.558968133804,12153.001088261735,-187500.02235174447,-187500.02235174447,-187500.02235174447,-187500.02235174447
$SILENCE,2026.319745340317,-7857.979280707751,6794.237410335232,12212.546135490673,-187500.02235174447,-187500.02235174447,-187500.02235174447,-187500.02235174447
$SILENCE,1920.484235344438,-7913.098682534538,6460.905845273238,12224.79489145218,-187500.02235174447,-187500.02235174447,-187500.02235174447,-187500.02235174447
$SILENCE,2188.5263548524804,-7880.576894352066,6938.987307427801,12160.891254054459,-187500.02235174447,-187500.02235174447,-187500.02235174447,-187500.02235174447
$SILENCE,2287.611638022857,-7824.921050658352,7261.947663062533,12159.103114498033,-187500.02235174447,-187500.02235174447,-187500.02235174447,-187500.02235174447
$SILENCE,2077.6617023541576,-7845.059972412583,6889.768766137215,12210.1321470895,-187500.02235174447,-187500.02235174447,-187500.02235174447,-187500.02235174447
$SILENCE,1918.5396335768264,-7905.923772564384,6460.570569106409,12245.55966205116,-187500.02235174447,-187500.02235174447,-187500.02235174447,-187500.02235174447
$SILENCE,2140.8053804404,-7889.137612478449,6829.73198053026,12185.880504355491,-187500.02235174447,-187500.02235174447,-187500.02235174447,-187500.02235174447
$SILENCE,2308.085835943918,-7829.8384344385195,7259.444267683539,12153.35871617302,-187500.02235174447,-187500.02235174447,-187500.02235174447,-187500.02235174447
$SILENCE,2143.9793281530533,-7839.963774676773,6990.373967930552,12198.866867884026,-187500.02235174447,-187500.02235174447,-187500.02235174447,-187500.02235174447
$SILENCE,1934.0517442288094,-7900.648760872932,6489.784299109495,12247.437208585407,-187500.02235174447,-187500.02235174447,-187500.02235174447,-187500.02235174447
$SILENCE,2122.208729053584,-7902.280438218169,6735.877005562425,12209.372187778019,-187500.02235174447,-187500.02235174447,-187500.02235174447,-187500.02235174447
$SILENCE,2340.2499962151046,-7831.358353061481,7269.591959666248,12162.791152333159,-187500.02235174447,-187500.02235174447,-187500.02235174447,-187500.02235174447
$SILENCE,2191.7673577985,-7823.602297735489,7083.804259753735,12195.111774815534,-187500.02235174447,-187500.02235174447,-187500.02235174447,-187500.02235174447
$SILENCE,1957.6998898625243,-7889.852868301019,6530.084494362413,12262.368173881552,-187500.02235174447,-187500.02235174447,-187500.02235174447,-187500.02235174447
$SILENCE,2069.704481328068,-7910.416473199902,6609.544945901031,12228.505281031763,-187500.02235174447,-187500.02235174447,-187500.02235174447,-187500.02235174447
$SILENCE,2322.7485803065993,-7849.418562581368,7176.832220176723,12174.16819026091,-187500.02235174447,-187500.02235174447,-187500.02235174447,-187500.02235174447
não,2259.671957453723,-7829.346696060503,7149.741905896892,12196.877562627502,-187500.02235174447,-187500.02235174447,-187500.02235174447,-187500.02235174447
não,2005.1079398522306,-7871.189161680837,6615.289344226044,12252.868682488046,-187500.02235174447,-187500.02235174447,-187500.02235174447,-187500.02235174447
não,2037.9873559459872,-7910.32706622208,6542.422657301743,12238.340048592097,-187500.02235174447,-187500.02235174447,-187500.02235174447,-187500.02235174447
não,2331.7786850665434,-7859.812123753086,7114.672018846514,12173.45293443834,-187500.02235174447,-187500.02235174447,-187500.02235174447,-187500.02235174447
não,2315.1042837028845,-7822.931745401829,7209.957505459489,12185.902856099947,-187500.02235174447,-187500.02235174447,-187500.02235174447,-187500.02235174447
não,2073.034891251909,-7863.880141243952,6727.964488025247,12246.632545785016,-187500.02235174447,-187500.02235174447,-187500.02235174447,-187500.02235174447
não,2027.5714430298142,-7916.116168036005,6497.115671290836,12249.225348141832,-187500.02235174447,-187500.02235174447,-187500.02235174447,-187500.02235174447
não,2310.365713878359,-7873.536094848645,7039.614860965594,12179.197332763355,-187500.02235174447,-187500.02235174447,-187500.02235174447,-187500.02235174447
não,2351.17999925375,-7825.83747218102,7252.135247246653,12166.74741110175,-187500.02235174447,-187500.02235174447,-187500.02235174447,-187500.02235174447
não,2113.9385836051206,-7852.748972505209,6818.5784600470615,12224.236097840798,-187500.02235174447,-187500.02235174447,-187500.02235174447,-187500.02235174447
não,2012.4393120335715,-7914.260973246214,6477.2449704700675,12245.38084809552,-187500.02235174447,-187500.02235174447,-187500.02235174447,-187500.02235174447
não,2272.8147831934434,-7892.959760780306,6925.777426454714,12174.347004216554,-187500.02235174447,-187500.02235174447,-187500.02235174447,-187500.02235174447
não,2384.238229303149,-7834.733466474232,7272.654148656625,12155.839759807559,-187500.02235174447,-187500.02235174447,-187500.02235174447,-187500.02235174447
não,2185.57592458438,-7856.660527784888,6933.131150380511,12208.500469744262,-187500.02235174447,-187500.02235174447,-187500.02235174447,-187500.02235174447
não,2009.645343976658,-7919.446577959845,6476.663825114229,12240.552871293172,-187500.02235174447,-187500.02235174447,-187500.02235174447,-187500.02235174447
não,2226.792541359966,-7906.884897575963,6815.248050123221,12174.995204805757,-187500.02235174447,-187500.02235174447,-187500.02235174447,-187500.02235174447
não,2406.567622014001,-7842.757742733686,7262.7523258629235,12142.316954412097,-187500.02235174447,-187500.02235174447,-187500.02235174447,-187500.02235174447
não,2242.7516869010556,-7850.782018993142,7029.19894804942,12188.383899734486,-187500.02235174447,-187500.02235174447,-187500.02235174447,-187500.02235174447
não,2016.4402742910713,-7913.992752312751,6505.497575461576,12223.766711207238,-187500.02235174447,-187500.02235174447,-187500.02235174447,-187500.02235174447
não,2167.8733429757767,-7926.733246652276,6698.236667899689,12178.660890896428,-187500.02235174447,-187500.02235174447,-187500.02235174447,-187500.02235174447
não,2406.52291852509,-7856.5040655737,7248.782485578357,12142.942803256847,-187500.02235174447,-187500.02235174447,-187500.02235174447,-187500.02235174447
não,2284.9070769437644,-7845.596414279511,7110.961629266933,12163.59581513355,-187500.02235174447,-187500.02235174447,-187500.02235174447,-187500.02235174447
não,2048.962062473543,-7904.627371385976,6572.262236149578,12213.060225613144,-187500.02235174447,-187500.02235174447,-187500.02235174447,-187500.02235174447
não,2132.1105518472855,-7932.477644977289,6612.987114547148,12182.348928731553,-187500.02235174447,-187500.02235174447,-187500.02235174447,-187500.02235174447
não,2399.325656810481,-7872.932597748351,7188.9468656715,12124.547317570128,-187500.02235174447,-187500.02235174447,-187500.02235174447,-187500.02235174447
não,2337.411324669281,-7846.758704991187,7186.37641505914,12147.234338192266,-187500.02235174447,-187500.02235174447,-187500.02235174447,-187500.02235174447
não,2085.708330358068,-7895.083176503561,6677.650711256351,12205.125356331511,-187500.02235174447,-187500.02235174447,-187500.02235174447,-187500.02235174447
não,2090.0892722713083,-7936.836235146075,6541.305070078978,12190.17203929091,-187500.02235174447,-187500.02235174447,-187500.02235174447,-187500.02235174447
não,2368.6143599288894,-7889.025853756172,7109.553469366249,12126.380160615465,-187500.02235174447,-187500.02235174447,-187500.02235174447,-187500.02235174447
não,2379.410252500803,-7855.386478350935,7245.429723910061,12133.175090929877,-187500.02235174447,-187500.02235174447,-187500.02235174447,-187500.02235174447
não,2135.0162786264755,-7886.857734544008,6756.462962205764,12184.2264752658,-187500.02235174447,-187500.02235174447,-187500.02235174447,-187500.02235174447
não,2059.4673823675375,-7939.607851458532,6486.118613018824,12190.037928824178,-187500.02235174447,-187500.02235174447,-187500.02235174447,-187500.02235174447
não,2342.328708449448,-7905.476737675279,7010.5799449181495,12123.452082091819,-187500.02235174447,-187500.02235174447,-187500.02235174447,-187500.02235174447
não,2406.9699534141964,-7853.263062627681,7273.950549835033,12121.105148924013,-187500.02235174447,-187500.02235174447,-187500.02235174447,-187500.02235174447
não,2179.160973925707,-7882.946179264329,6864.868922814003,12170.435448936874,-187500.02235174447,-187500.02235174447,-187500.02235174447,-187500.02235174447
não,2043.418829848627,-7945.508711994734,6474.987444280082,12185.969911333314,-187500.02235174447,-187500.02235174447,-187500.02235174447,-187500.02235174447
não,2297.669923027745,-7924.8109966291195,6904.1632895664325,12123.563840814095,-187500.02235174447,-187500.02235174447,-187500.02235174447,-187500.02235174447
não,2424.2031483892383,-7861.533208076145,7278.800878381834,12094.886552677937,-187500.02235174447,-187500.02235174447,-187500.02235174447,-187500.02235174447
não,2227.954832071642,-7873.89372275993,6963.775392028737,12144.619184090994,-187500.02235174447,-187500.02235174447,-187500.02235174447,-187500.02235174447
não,2039.2390536354847,-7939.76431366972,6488.152621764258,12179.89023684147,-187500.02235174447,-187500.02235174447,-187500.02235174447,-187500.02235174447
não,2248.0043468480526,-7936.746828168253,6792.561029501085,12122.379198357965,-187500.02235174447,-187500.02235174447,-187500.02235174447,-187500.02235174447
não,2428.1370554133723,-7875.011309982695,7263.668747385592,12075.48523849073,-187500.02235174447,-187500.02235174447,-187500.02235174447,-187500.02235174447
não,2280.21321060815,-7877.358243150502,7061.564274020705,12113.617314531484,-187500.02235174447,-187500.02235174447,-187500.02235174447,-187500.02235174447
não,2065.480001626015,-7935.673944434398,6542.892043935304,12160.958309287824,-187500.02235174447,-187500.02235174447,-187500.02235174447,-187500.02235174447
não,2207.7265033395893,-7950.426095774901,6698.102557432957,12124.793186759138,-187500.02235174447,-187500.02235174447,-187500.02235174447,-187500.02235174447
não,2450.444096379769,-7885.695443832332,7246.524959388371,12077.2510263027,-187500.02235174447,-187500.02235174447,-187500.02235174447,-187500.02235174447
não,2358.0866882904397,-7870.853885514008,7157.207388544964,12107.604695273007,-187500.02235174447,-187500.02235174447,-187500.02235174447,-187500.02235174447
não,2089.8434030822996,-7928.476682719789,6607.3097714555,12149.514216126707,-187500.02235174447,-187500.02235174447,-187500.02235174447,-187500.02235174447
não,2157.2115608705953,-7962.607796503044,6598.860812051394,12122.982695458257,-187500.02235174447,-187500.02235174447,-187500.02235174447,-187500.02235174447
não,2430.886319981375,-7903.845060330041,7171.400746274084,12063.281186018132,-187500.02235174447,-187500.02235174447,-187500.02235174447,-187500.02235174447
não,2394.721197452688,-7872.753783792709,7252.224654224474,12084.58239848404,-187500.02235174447,-187500.02235174447,-187500.02235174447,-187500.02235174447
não,2150.8189619563773,-7914.573897668589,6752.976090070736,12148.97777425978,-187500.02235174447,-187500.02235174447,-187500.02235174447,-187500.02235174447
não,2137.51967400547,-7953.2200638318145,6568.037756447525,12146.809655047615,-187500.02235174447,-187500.02235174447,-187500.02235174447,-187500.02235174447
não,2421.3868285878693,-7911.332894722569,7090.889762746068,12067.639776186918,-187500.02235174447,-187500.02235174447,-187500.02235174447,-187500.02235174447
não,2415.262450607115,-7893.160926480405,7223.368552132672,12045.086866031512,-187500.02235174447,-187500.02235174447,-187500.02235174447,-187500.02235174447
não,2185.3971106287377,-7918.217232014804,6813.68342801135,12112.030340675157,-187500.02235174447,-187500.02235174447,-187500.02235174447,-187500.02235174447
não,2112.6198306822575,-7959.567959257121,6527.469340261143,12132.392779873942,-187500.02235174447,-187500.02235174447,-187500.02235174447,-187500.02235174447
não,2371.8106593859984,-7936.56801421261,6967.28461590822,12054.474598702742,-187500.02235174447,-187500.02235174447,-187500.02235174447,-187500.02235174447
não,2459.4742011397125,-7876.374766394469,7275.403413224628,12056.86623535946,-187500.02235174447,-187500.02235174447,-187500.02235174447,-187500.02235174447
não,2259.895474898276,-7893.138574735949,6920.234193829799,12125.173166414877,-187500.02235174447,-187500.02235174447,-187500.02235174447,-187500.02235174447
não,2067.6481208381797,-7989.34048287159,6451.294595157457,12109.795166229625,-187500.02235174447,-187500.02235174447,-187500.02235174447,-187500.02235174447
não,2325.8778245303424,-7956.014031888728,6883.420870711908,12058.564967938062,-187500.02235174447,-187500.02235174447,-187500.02235174447,-187500.02235174447
não,2485.983370063707,-7891.149269479427,7300.079739103287,12032.90516530337,-187500.02235174447,-187500.02235174447,-187500.02235174447,-187500.02235174447
não,2290.5844200354127,-7926.532080952178,6991.4468516644065,12073.495933234208,-187500.02235174447,-187500.02235174447,-187500.02235174447,-187500.02235174447
não,2107.5012812019922,-7976.644692020976,6503.195345782679,12121.552183813117,-187500.02235174447,-187500.02235174447,-187500.02235174447,-187500.02235174447
não,2298.4522340836807,-7970.38620357349,6765.917750110359,12074.68057569034,-187500.02235174447,-187500.02235174447,-187500.02235174447,-187500.02235174447
não,2492.8900591003967,-7915.915002335907,7264.763982863901,12025.059702999557,-187500.02235174447,-187500.02235174447,-187500.02235174447,-187500.02235174447
não,2349.1906939972278,-7910.394121455446,7112.526251378805,12064.354069751987,-187500.02235174447,-187500.02235174447,-187500.02235174447,-187500.02235174447
não,2126.187339566629,-7945.687525950376,6602.437091164243,12131.409303117909,-187500.02235174447,-187500.02235174447,-187500.02235174447,-187500.02235174447
não,2231.240538506572,-7965.24530234877,6665.133734361379,12082.816610672071,-187500.02235174447,-187500.02235174447,-187500.02235174447,-187500.02235174447
não,2436.854235750942,-7935.85275839004,7185.258827836375,11999.936342231793,-187500.02235174447,-187500.02235174447,-187500.02235174447,-187500.02235174447
não,2362.3335197369483,-7910.684694133365,7168.964406128455,12053.66993590235,-187500.02235174447,-187500.02235174447,-187500.02235174447,-187500.02235174447
não,2112.776292893445,-7962.741906969775,6642.737286417161,12104.944837682824,-187500.02235174447,-187500.02235174447,-187500.02235174447,-187500.02235174447
não,2143.442886286126,-7999.398767876479,6561.399288344299,12073.205360556289,-187500.02235174447,-187500.02235174447,-187500.02235174447,-187500.02235174447
não,2427.6229652909,-7935.606889201033,7147.037344817799,12029.641810612895,-187500.02235174447,-187500.02235174447,-187500.02235174447,-187500.02235174447
não,2396.017598631096,-7905.27557197518,7221.870985254167,12050.227767256232,-187500.02235174447,-187500.02235174447,-187500.02235174447,-187500.02235174447
não,2141.431229285148,-7945.396953272457,6722.421255400331,12112.25385811971,-187500.02235174447,-187500.02235174447,-187500.02235174447,-187500.02235174447
não,2119.70533367459,-7990.614532305543,6521.188500069202,12116.008951188202,-187500.02235174447,-187500.02235174447,-187500.02235174447,-187500.02235174447
não,2400.5773544999784,-7953.532988254188,7067.353375834629,12048.86431084446,-187500.02235174447,-187500.02235174447,-187500.02235174447,-187500.02235174447
não,2431.7133345262214,-7915.177394768882,7261.590035151248,12046.539729421107,-187500.02235174447,-187500.02235174447,-187500.02235174447,-187500.02235174447
não,2188.280485663472,-7938.870243891507,6814.1751663893665,12100.58624751404,-187500.02235174447,-187500.02235174447,-187500.02235174447,-187500.02235174447
não,2077.996978520987,-7990.972160216828,6477.08850825888,12122.714474524793,-187500.02235174447,-187500.02235174447,-187500.02235174447,-187500.02235174447
não,2355.8962173338195,-7967.033441905194,6958.321566381642,12055.838055114515,-187500.02235174447,-187500.02235174447,-187500.02235174447,-187500.02235174447
não,2436.8765874953974,-7920.027723315683,7275.425764969083,12031.139377491401,-187500.02235174447,-187500.02235174447,-187500.02235174447,-187500.02235174447
não,2219.7517418565444,-7938.087932835571,6916.2555833167535,12096.942913167824,-187500.02235174447,-187500.02235174447,-187500.02235174447,-187500.02235174447
não,2058.5062573559594,-7999.0634917096495,6476.082679758391,12130.984619973258,-187500.02235174447,-187500.02235174447,-187500.02235174447,-187500.02235174447
não,2287.4551758116695,-7983.752546757763,6837.644498067439,12069.517322721164,-187500.02235174447,-187500.02235174447,-187500.02235174447,-187500.02235174447
não,2429.209939147227,-7915.736188380264,7262.260587484907,12032.391075180898,-187500.02235174447,-187500.02235174447,-187500.02235174447,-187500.02235174447
não,2249.0772305819073,-7926.912060607918,7000.879287824547,12082.458982760785,-187500.02235174447,-187500.02235174447,-187500.02235174447,-187500.02235174447
não,2034.969870444521,-7988.044081693182,6502.256572515556,12132.25866940721,-187500.02235174447,-187500.02235174447,-187500.02235174447,-187500.02235174447
não,2199.679875335679,-7989.899276482974,6728.724447336727,12086.459945018285,-187500.02235174447,-187500.02235174447,-187500.02235174447,-187500.02235174447
não,2402.432549289769,-7924.1627960399155,7237.7407238174355,12045.399790453886,-187500.02235174447,-187500.02235174447,-187500.02235174447,-187500.02235174447
não,2260.342509787382,-7917.3008104921355,7084.452460342939,12068.735011665227,-187500.02235174447,-187500.02235174447,-187500.02235174447,-187500.02235174447
não,2015.099169623753,-7973.738965241786,6552.302128350989,12112.343265097532,-187500.02235174447,-187500.02235174447,-187500.02235174447,-187500.02235174447
não,2117.023124339953,-7998.214125420347,6614.238812236645,12077.653357702895,-187500.02235174447,-187500.02235174447,-187500.02235174447,-187500.02235174447
não,2368.077918061962,-7936.188034556871,7170.238455562408,12022.04221749809,-187500.02235174447,-187500.02235174447,-187500.02235174447,-187500.02235174447
não,2275.318178572438,-7908.874202832485,7137.671963891025,12045.444493942798,-187500.02235174447,-187500.02235174447,-187500.02235174447,-187500.02235174447
não,2024.0398674058758,-7960.126752868504,6618.21742274969,12108.699930751316,-187500.02235174447,-187500.02235174447,-187500.02235174447,-187500.02235174447
não,2046.6598327946465,-8002.505660355767,6521.836700658406,12095.713567222783,-187500.02235174447,-187500.02235174447,-187500.02235174447,-187500.02235174447
não,2318.1217692043506,-7942.848854404552,7094.68955930347,12024.14328147689,-187500.02235174447,-187500.02235174447,-187500.02235174447,-187500.02235174447
não,2312.377370879337,-7903.643894629943,7230.655220825103,12046.316211976555,-187500.02235174447,-187500.02235174447,-187500.02235174447,-187500.02235174447
não,2048.73854502899,-7949.733191696787,6711.781825039605,12112.835003475548,-187500.02235174447,-187500.02235174447,-187500.02235174447,-187500.02235174447
não,1992.1886315570632,-7994.4366806074,6481.201229238657,12118.422939589374,-187500.02235174447,-187500.02235174447,-187500.02235174447,-187500.02235174447
não,2246.506779969547,-7960.238511590781,6962.523694339239,12044.215147997755,-187500.02235174447,-187500.02235174447,-187500.02235174447,-187500.02235174447
não,2314.1208069468507,-7897.22894397127,7237.897186028623,12038.157825250368,-187500.02235174447,-187500.02235174447,-187500.02235174447,-187500.02235174447
não,2064.250655680973,-7929.594269942555,6787.665997465372,12106.844735961526,-187500.02235174447,-187500.02235174447,-187500.02235174447,-187500.02235174447
não,1952.5142851488931,-7989.385186360501,6432.3403158593555,12125.173166414877,-187500.02235174447,-187500.02235174447,-187500.02235174447,-187500.02235174447
não,2190.7168258091006,-7963.233645347792,6856.710536087816,12060.598976683495,-187500.02235174447,-187500.02235174447,-187500.02235174447,-187500.02235174447
não,2312.98086797963,-7900.425243428379,7226.564851589782,12050.585395167518,-187500.02235174447,-187500.02235174447,-187500.02235174447,-187500.02235174447
não,2111.5692986928584,-7913.992752312751,6896.541344707173,12111.270381363676,-187500.02235174447,-187500.02235174447,-187500.02235174447,-187500.02235174447
não,1922.5405958343263,-7975.169476886926,6426.864138467806,12138.07012296559,-187500.02235174447,-187500.02235174447,-187500.02235174447,-187500.02235174447
não,2125.13680757723,-7976.577636787611,6745.756476611671,12072.937139622825,-187500.02235174447,-187500.02235174447,-187500.02235174447,-187500.02235174447
não,2310.6562865562782,-7917.1219965364935,7214.651371795103,12058.922595849348,-187500.02235174447,-187500.02235174447,-187500.02235174447,-187500.02235174447
não,2150.148409622718,-7891.931580535363,6997.794747089714,12100.541544025129,-187500.02235174447,-187500.02235174447,-187500.02235174447,-187500.02235174447
não,1922.2053196674967,-7949.979060885795,6480.597732138363,12140.908794511413,-187500.02235174447,-187500.02235174447,-187500.02235174447,-187500.02235174447
não,2074.957141275065,-7967.234607605292,6661.9150831598145,12106.576515028062,-187500.02235174447,-187500.02235174447,-187500.02235174447,-187500.02235174447
não,2298.631048039323,-7911.668170889398,7193.685435496025,12063.370592995954,-187500.02235174447,-187500.02235174447,-187500.02235174447,-187500.02235174447
não,2182.111404193807,-7892.602132869021,7076.182314894476,12104.386044071442,-187500.02235174447,-187500.02235174447,-187500.02235174447,-187500.02235174447
não,1947.6416048576361,-7944.100552094049,6540.76862821205,12160.555977887629,-187500.02235174447,-187500.02235174447,-187500.02235174447,-187500.02235174447
não,2026.9232424406105,-7978.611645533043,6562.539227311519,12134.40443687492,-187500.02235174447,-187500.02235174447,-187500.02235174447,-187500.02235174447
não,2286.114071144351,-7919.1783570263815,7132.575766155215,12081.2519885602,-187500.02235174447,-187500.02235174447,-187500.02235174447,-187500.02235174447
não,2229.608861161335,-7891.5292491351665,7144.958632583455,12094.417166044375,-187500.02235174447,-187500.02235174447,-187500.02235174447,-187500.02235174447
não,1980.7221866514906,-7932.164720554915,6627.202824020723,12150.40828590492,-187500.02235174447,-187500.02235174447,-187500.02235174447,-187500.02235174447
não,1978.554067439326,-7971.4814390518,6490.410147954243,12141.847567778537,-187500.02235174447,-187500.02235174447,-187500.02235174447,-187500.02235174447
não,2259.403736520259,-7921.2347175162695,7052.511817516305,12080.58143622654,-187500.02235174447,-187500.02235174447,-187500.02235174447,-187500.02235174447
não,2263.0917743553846,-7887.3047694331135,7186.242304592408,12093.0537096326,-187500.02235174447,-187500.02235174447,-187500.02235174447,-187500.02235174447
não,2011.7240562110017,-7922.955801839328,6712.161804695345,12150.587099860562,-187500.02235174447,-187500.02235174447,-187500.02235174447,-187500.02235174447
não,1938.455037886505,-7980.3997850894675,6424.092522155348,12155.616242363007,-187500.02235174447,-187500.02235174447,-187500.02235174447,-187500.02235174447
não,2227.2172245046168,-7935.226909545292,6953.605348301572,12098.462831790786,-187500.02235174447,-187500.02235174447,-187500.02235174447,-187500.02235174447
não,2296.8652602273537,-7882.476792630768,7234.231499937952,12089.186857841833,-187500.02235174447,-187500.02235174447,-187500.02235174447,-187500.02235174447
não,2069.3021499278725,-7903.353321952024,6837.711553300805,12139.858262522015,-187500.02235174447,-187500.02235174447,-187500.02235174447,-187500.02235174447
não,1928.419104626072,-7963.010127903239,6460.212941195124,12157.560844130618,-187500.02235174447,-187500.02235174447,-187500.02235174447,-187500.02235174447
não,2142.8393891858327,-7961.2666918357245,6820.187785647844,12104.609561515996,-187500.02235174447,-187500.02235174447,-187500.02235174447,-187500.02235174447
não,2298.765158506055,-7890.970455523784,7237.494854628427,12083.151886838901,-187500.02235174447,-187500.02235174447,-187500.02235174447,-187500.02235174447
não,2107.4565777130815,-7889.696406089832,6920.971801396823,12156.64442260795,-187500.02235174447,-187500.02235174447,-187500.02235174447,-187500.02235174447
não,1934.5434826068263,-7947.766238184719,6455.1167434593135,12203.13605107499,-187500.02235174447,-187500.02235174447,-187500.02235174447,-187500.02235174447
não,2124.2650895434726,-7940.658383447932,6727.115121735946,12161.427695921386,-187500.02235174447,-187500.02235174447,-187500.02235174447,-187500.02235174447
não,2306.6776760432335,-7894.680845103365,7194.981836674433,12095.400642800409,-187500.02235174447,-187500.02235174447,-187500.02235174447,-187500.02235174447
não,2155.669290503179,-7899.508821905712,7009.842337351124,12111.985637186246,-187500.02235174447,-187500.02235174447,-187500.02235174447,-187500.02235174447
não,1933.291784917329,-7946.536892239677,6491.080700287903,12152.039963250156,-187500.02235174447,-187500.02235174447,-187500.02235174447,-187500.02235174447
não,2062.7977922913783,-7966.653462249454,6615.132882014857,12125.44138734834,-187500.02235174447,-187500.02235174447,-187500.02235174447,-187500.02235174447
não,2300.732112018122,-7905.163813252904,7151.2841762643075,12090.3044450646,-187500.02235174447,-187500.02235174447,-187500.02235174447,-187500.02235174447
não,2217.337753455371,-7863.008423210195,7084.2512946428415,12128.391817616442,-187500.02235174447,-187500.02235174447,-187500.02235174447,-187500.02235174447
não,1986.8018611433342,-7919.9383163378625,6585.82974503395,12222.827937940114,-187500.02235174447,-187500.02235174447,-187500.02235174447,-187500.02235174447
não,2048.895007240177,-7976.979968187806,6574.475058850653,12235.769597979737,-187500.02235174447,-187500.02235174447,-187500.02235174447,-187500.02235174447
não,2321.9439175062084,-7918.932487837374,7122.6962951059695,12129.97879147277,-187500.02235174447,-187500.02235174447,-187500.02235174447,-187500.02235174447
não,2271.5854372484014,-7872.306748903603,7158.660251934559,12079.48620074823,-187500.02235174447,-187500.02235174447,-187500.02235174447,-187500.02235174447
não,2006.9854863864764,-7910.416473199902,6659.054059869535,12141.042904978145,-187500.02235174447,-187500.02235174447,-187500.02235174447,-187500.02235174447
não,1993.485032735471,-7961.2666918357245,6484.531639162498,12159.818370320603,-187500.02235174447,-187500.02235174447,-187500.02235174447,-187500.02235174447
não,2299.279248628527,-7916.406740713924,7027.589622448639,12106.487108050242,-187500.02235174447,-187500.02235174447,-187500.02235174447,-187500.02235174447
não,2321.1616064502728,-7875.011309982695,7205.733025757436,12104.87778244946,-187500.02235174447,-187500.02235174447,-187500.02235174447,-187500.02235174447
não,2087.384711192216,-7904.180336496871,6777.473601993752,12172.715326871315,-187500.02235174447,-187500.02235174447,-187500.02235174447,-187500.02235174447
não,1996.8824978926777,-7957.355136556046,6453.194493436157,12194.284760270688,-187500.02235174447,-187500.02235174447,-187500.02235174447,-187500.02235174447
não,2285.9352571887084,-7928.9237176088955,6945.379906342019,12125.664904792895,-187500.02235174447,-187500.02235174447,-187500.02235174447,-187500.02235174447
não,2375.2528280321158,-7881.873295530474,7256.002099037421,12106.509459794695,-187500.02235174447,-187500.02235174447,-187500.02235174447,-187500.02235174447
não,2148.226159599562,-7891.886877046451,6879.352853221042,12165.272195967698,-187500.02235174447,-187500.02235174447,-187500.02235174447,-187500.02235174447
não,1997.6648089486134,-7946.872168406507,6458.13422896078,12184.829972366093,-187500.02235174447,-187500.02235174447,-187500.02235174447,-187500.02235174447
não,2249.0995823263625,-7940.971307870306,6842.070143469589,12115.1595848989,-187500.02235174447,-187500.02235174447,-187500.02235174447,-187500.02235174447
não,2404.846537690942,-7876.799449539119,7254.281014714363,12084.895322906414,-187500.02235174447,-187500.02235174447,-187500.02235174447,-187500.02235174447
não,2219.7293901120893,-7884.063766487095,6982.126174226543,12127.698913538326,-187500.02235174447,-187500.02235174447,-187500.02235174447,-187500.02235174447
não,2023.5704807723143,-7943.228834060292,6521.926107636226,12171.21775999281,-187500.02235174447,-187500.02235174447,-187500.02235174447,-187500.02235174447
não,2186.760567040511,-7945.084028850082,6742.157845754367,12134.046808963634,-187500.02235174447,-187500.02235174447,-187500.02235174447,-187500.02235174447
não,2396.397578286836,-7885.047243243128,7234.6338313381475,12089.991520642225,-187500.02235174447,-187500.02235174447,-187500.02235174447,-187500.02235174447
não,2254.464000995636,-7879.9063420184075,7068.0462799127445,12124.569669314584,-187500.02235174447,-187500.02235174447,-187500.02235174447,-187500.02235174447
não,2011.0535038773423,-7939.4290375028895,6518.305125034467,12170.927187314892,-187500.02235174447,-187500.02235174447,-187500.02235174447,-187500.02235174447
não,2144.694583975623,-7959.724421468309,6639.228062537678,12139.433579377364,-187500.02235174447,-187500.02235174447,-187500.02235174447,-187500.02235174447
não,2397.403406787325,-7894.367920680991,7196.591162275215,12088.918636908369,-187500.02235174447,-187500.02235174447,-187500.02235174447,-187500.02235174447
não,2301.894402729798,-7867.8140482680865,7143.639879660593,12120.434596590352,-187500.02235174447,-187500.02235174447,-187500.02235174447,-187500.02235174447
não,2028.7337337414901,-7915.579726169077,6616.630448893363,12181.45485895334,-187500.02235174447,-187500.02235174447,-187500.02235174447,-187500.02235174447
não,2082.2661617119506,-7958.159799356437,6559.320576109955,12159.036059264668,-187500.02235174447,-187500.02235174447,-187500.02235174447,-187500.02235174447
não,2380.147860067828,-7907.778967354175,7122.115149750131,12083.978901383747,-187500.02235174447,-187500.02235174447,-187500.02235174447,-187500.02235174447
não,2355.7397551226327,-7870.205684924804,7202.335560600229,12102.843773704026,-187500.02235174447,-187500.02235174447,-187500.02235174447,-187500.02235174447
não,2088.1446705036965,-7906.348455709035,6719.627287343417,12166.613300635017,-187500.02235174447,-187500.02235174447,-187500.02235174447,-187500.02235174447
não,2041.4742280810153,-7954.292947565669,6493.226467755612,12158.969004031302,-187500.02235174447,-187500.02235174447,-187500.02235174447,-187500.02235174447
não,2345.234435228638,-7919.379522726479,7036.977355119867,12093.165468354879,-187500.02235174447,-187500.02235174447,-187500.02235174447,-187500.02235174447
não,2393.8941829078417,-7875.056013471605,7251.263529212896,12089.835058431037,-187500.02235174447,-187500.02235174447,-187500.02235174447,-187500.02235174447
não,2139.7548484510003,-7903.219211485292,6815.918602456881,12145.69206782485,-187500.02235174447,-187500.02235174447,-187500.02235174447,-187500.02235174447
não,2021.581175515792,-7956.349308055557,6466.337319175878,12167.93205355788,-187500.02235174447,-187500.02235174447,-187500.02235174447,-187500.02235174447
não,2293.5795537924237,-7927.42615073039,6933.0417434026895,12109.01285517369,-187500.02235174447,-187500.02235174447,-187500.02235174447,-187500.02235174447
não,2384.1711740697833,-7859.722716775265,7271.8494858562335,12106.487108050242,-187500.02235174447,-187500.02235174447,-187500.02235174447,-187500.02235174447
não,2155.5351800364474,-7869.423373868868,6918.714275206838,12157.583195875073,-187500.02235174447,-187500.02235174447,-187500.02235174447,-187500.02235174447
não,1991.5404309678593,-7934.019915344706,6487.9291043197045,12190.50731545774,-187500.02235174447,-187500.02235174447,-187500.02235174447,-187500.02235174447
não,2238.571910687913,-7931.896499621452,6831.028381708668,12130.582288573061,-187500.02235174447,-187500.02235174447,-187500.02235174447,-187500.02235174447
não,2407.9757819146853,-7872.910246003896,7264.115782274697,12090.527962509152,-187500.02235174447,-187500.02235174447,-187500.02235174447,-187500.02235174447
não,2249.0101753485415,-7879.012272240195,7013.128043786054,12131.319896140087,-187500.02235174447,-187500.02235174447,-187500.02235174447,-187500.02235174447
não,2039.5519780578588,-7941.61950845951,6502.748310893573,12169.094344269555,-187500.02235174447,-187500.02235174447,-187500.02235174447,-187500.02235174447
não,2215.370799943304,-7950.940185897373,6707.46793835973,12118.758215756205,-187500.02235174447,-187500.02235174447,-187500.02235174447,-187500.02235174447
não,2439.5140933411235,-7881.739185063742,7230.43170338055,12081.274340304655,-187500.02235174447,-187500.02235174447,-187500.02235174447,-187500.02235174447
não,2301.4473678406916,-7864.617748810977,7097.014140726822,12127.050712949123,-187500.02235174447,-187500.02235174447,-187500.02235174447,-187500.02235174447
não,2034.6792977666018,-7917.4125692144125,6577.023157718559,12188.36154799003,-187500.02235174447,-187500.02235174447,-187500.02235174447,-187500.02235174447
não,2128.757790178989,-7944.704049194343,6631.963745589704,12159.013707520213,-187500.02235174447,-187500.02235174447,-187500.02235174447,-187500.02235174447
não,2390.4073107728136,-7883.70613857581,7185.102365625187,12099.133384124445,-187500.02235174447,-187500.02235174447,-187500.02235174447,-187500.02235174447
não,2331.532815877535,-7857.465190585279,7183.716557468958,12124.904945481414,-187500.02235174447,-187500.02235174447,-187500.02235174447,-187500.02235174447
não,2097.6218101527465,-7907.555449909622,6679.662368257328,12172.380050704485,-187500.02235174447,-187500.02235174447,-187500.02235174447,-187500.02235174447
não,2113.8715283717547,-7943.877034649496,6571.502276838098,12158.700783097838,-187500.02235174447,-187500.02235174447,-187500.02235174447,-187500.02235174447
não,2392.6201334738894,-7899.37471143898,7091.850887757646,12102.776718470659,-187500.02235174447,-187500.02235174447,-187500.02235174447,-187500.02235174447
não,2388.6415229608447,-7857.0181556961725,7222.697999799014,12113.371445342476,-187500.02235174447,-187500.02235174447,-187500.02235174447,-187500.02235174447
não,2121.091141830819,-7880.912170518896,6751.769095870149,12173.519989671708,-187500.02235174447,-187500.02235174447,-187500.02235174447,-187500.02235174447
não,2061.9484260020768,-7926.643839674454,6516.964020367149,12197.950446361358,-187500.02235174447,-187500.02235174447,-187500.02235174447,-187500.02235174447
não,2354.6221678998672,-7898.637103871954,7027.701381170915,12116.076006421568,-187500.02235174447,-187500.02235174447,-187500.02235174447,-187500.02235174447
não,2452.9921952476734,-7867.456420356802,7271.335395733762,12090.460907275785,-187500.02235174447,-187500.02235174447,-187500.02235174447,-187500.02235174447
não,2217.538919155469,-7892.356263680013,6862.790210579659,12149.804788804626,-187500.02235174447,-187500.02235174447,-187500.02235174447,-187500.02235174447
não,2058.997995733976,-7941.910081137429,6477.04380476997,12176.202199006344,-187500.02235174447,-187500.02235174447,-187500.02235174447,-187500.02235174447
não,2336.5843101244345,-7920.944144838351,6912.455786759351,12106.643570261427,-187500.02235174447,-187500.02235174447,-187500.02235174447,-187500.02235174447
não,2476.148602503372,-7863.969548221773,7284.344111006751,12093.903075921902,-187500.02235174447,-187500.02235174447,-187500.02235174447,-187500.02235174447
não,2272.5242105155244,-7873.781964037653,6956.913406480958,12138.919489254891,-187500.02235174447,-187500.02235174447,-187500.02235174447,-187500.02235174447
não,2071.8726005402327,-7929.23664203127,6508.6491714297745,12191.781364891693,-187500.02235174447,-187500.02235174447,-187500.02235174447,-187500.02235174447
não,2256.699175441167,-7918.954839581828,6831.676582297872,12157.31497494161,-187500.02235174447,-187500.02235174447,-187500.02235174447,-187500.02235174447
não,2416.7153139967104,-7848.9715276922625,7277.325663247784,12116.992427944235,-187500.02235174447,-187500.02235174447,-187500.02235174447,-187500.02235174447
não,2288.1033764008735,-7850.312632359581,7058.524436774784,12159.416038920408,-187500.02235174447,-187500.02235174447,-187500.02235174447,-187500.02235174447
não,2078.4440134100932,-7917.859604103519,6546.378916070333,12205.997074365268,-187500.02235174447,-187500.02235174447,-187500.02235174447,-187500.02235174447
$SILENCE,2228.088942538374,-7941.060714848128,6698.504888833152,12143.948631757336,-187500.02235174447,-187500.02235174447,-187500.02235174447,-187500.02235174447
$SILENCE,2447.583073089489,-7869.624539568966,7230.007020235899,12106.01772141668,-187500.02235174447,-187500.02235174447,-187500.02235174447,-187500.02235174447
$SILENCE,2334.46089440118,-7851.474923071257,7133.60394640016,12139.187710188355,-187500.02235174447,-187500.02235174447,-187500.02235174447,-187500.02235174447
$SILENCE,2103.835595111322,-7905.633199886465,6617.457463438209,12199.425661495408,-187500.02235174447,-187500.02235174447,-187500.02235174447,-187500.02235174447
$SILENCE,2160.3631568387937,-7931.225947287792,6615.266992481589,12175.375184461498,-187500.02235174447,-187500.02235174447,-187500.02235174447,-187500.02235174447
$SILENCE,2444.789105032576,-7866.160019178394,7183.09070862421,12114.44432907633,-187500.02235174447,-187500.02235174447,-187500.02235174447,-187500.02235174447
$SILENCE,2400.2197265886934,-7841.371934577458,7214.606668306193,12133.44331186334,-187500.02235174447,-187500.02235174447,-187500.02235174447,-187500.02235174447
$SILENCE,2117.1348830622296,-7892.557429380111,6695.621513798418,12199.000978350758,-187500.02235174447,-187500.02235174447,-187500.02235174447,-187500.02235174447
$SILENCE,2099.5887636648135,-7927.403798985934,6534.688953720207,12193.569504448118,-187500.02235174447,-187500.02235174447,-187500.02235174447,-187500.02235174447
$SILENCE,2403.95246791273,-7873.089059959539,7090.1745069234985,12129.196480416833,-187500.02235174447,-187500.02235174447,-187500.02235174447,-187500.02235174447
$SILENCE,2416.581203529978,-7835.985164163729,7247.57549137777,12131.49871009573,-187500.02235174447,-187500.02235174447,-187500.02235174447,-187500.02235174447
$SILENCE,2145.834522942844,-7871.32327214757,6785.1178985974675,12200.587952207085,-187500.02235174447,-187500.02235174447,-187500.02235174447,-187500.02235174447
$SILENCE,2066.575237104325,-7927.292040263658,6499.172031780724,12212.970818635324,-187500.02235174447,-187500.02235174447,-187500.02235174447,-187500.02235174447
$SILENCE,2353.6833946327442,-7891.03751075715,7002.645075636516,12149.916547526902,-187500.02235174447,-187500.02235174447,-187500.02235174447,-187500.02235174447
$SILENCE,2416.558851785523,-7819.377818033436,7260.114820017197,12131.990448473745,-187500.02235174447,-187500.02235174447,-187500.02235174447,-187500.02235174447
$SILENCE,2174.243590145539,-7846.1552078908935,6889.455841714841,12202.1302225745,-187500.02235174447,-187500.02235174447,-187500.02235174447,-187500.02235174447
$SILENCE,1997.8883263931664,-7907.488394676256,6487.817345597428,12228.840557198591,-187500.02235174447,-187500.02235174447,-187500.02235174447,-187500.02235174447
$SILENCE,2301.3579608628706,-7898.547696894133,6896.653103429449,12151.436466149864,-187500.02235174447,-187500.02235174447,-187500.02235174447,-187500.02235174447
$SILENCE,2463.0281285081064,-7832.542995517611,7283.338282506262,12133.376256629976,-187500.02235174447,-187500.02235174447,-187500.02235174447,-187500.02235174447
$SILENCE,2255.6262917073122,-7839.628498509944,6994.889020310524,12200.118565573523,-187500.02235174447,-187500.02235174447,-187500.02235174447,-187500.02235174447
$SILENCE,2025.5374342843813,-7895.999598026228,6522.082569847414,12256.355554623075,-187500.02235174447,-187500.02235174447,-187500.02235174447,-187500.02235174447
$SILENCE,2208.084131250874,-7896.558391637611,6796.62904699195,12216.681208214904,-187500.02235174447,-187500.02235174447,-187500.02235174447,-187500.02235174447
$SILENCE,2430.1487124143496,-7844.881158456941,7271.335395733762,12156.443256907853,-187500.02235174447,-187500.02235174447,-187500.02235174447,-187500.02235174447
$SILENCE,2291.7243590026333,-7836.141626374916,7067.174561878987,12194.910609115435,-187500.02235174447,-187500.02235174447,-187500.02235174447,-187500.02235174447
$SILENCE,2045.4304868496047,-7869.356318635502,6540.299241578489,12238.138882891999,-187500.02235174447,-187500.02235174447,-187500.02235174447,-187500.02235174447
$SILENCE,2168.5885987983465,-7905.387330697457,6662.563283749018,12168.960233802823,-187500.02235174447,-187500.02235174447,-187500.02235174447,-187500.02235174447
$SILENCE,2431.9592037152297,-7834.97933566324,7218.8534997527,12122.669771035884,-187500.02235174447,-187500.02235174447,-187500.02235174447,-187500.02235174447
$SILENCE,2362.981720326152,-7815.645076709399,7163.264711292352,12164.60164363404,-187500.02235174447,-187500.02235174447,-187500.02235174447,-187500.02235174447
$SILENCE,2106.7413218905117,-7880.822763541075,6638.825731137483,12223.029103640212,-187500.02235174447,-187500.02235174447,-187500.02235174447,-187500.02235174447
$SILENCE,2154.3058340914054,-7920.1171302935045,6591.73060557015,12199.112737073034,-187500.02235174447,-187500.02235174447,-187500.02235174447,-187500.02235174447
$SILENCE,2425.8124739900204,-7855.677051028854,7152.290004764796,12151.771742316692,-187500.02235174447,-187500.02235174447,-187500.02235174447,-187500.02235174447
$SILENCE,2374.7387379096435,-7817.209698821271,7206.04595017981,12162.299413955143,-187500.02235174447,-187500.02235174447,-187500.02235174447,-187500.02235174447
$SILENCE,2118.0513045848975,-7861.309690631591,6707.624400570918,12221.151557105966,-187500.02235174447,-187500.02235174447,-187500.02235174447,-187500.02235174447
$SILENCE,2090.9833420495206,-7902.369845195991,6522.596659969886,12230.002847910268,-187500.02235174447,-187500.02235174447,-187500.02235174447,-187500.02235174447
$SILENCE,2369.4860779626465,-7846.669298013366,7067.934521190467,12174.749335616749,-187500.02235174447,-187500.02235174447,-187500.02235174447,-187500.02235174447
$SILENCE,2417.7434942416544,-7805.922067871341,7262.707622374013,12172.424754193396,-187500.02235174447,-187500.02235174447,-187500.02235174447,-187500.02235174447
$SILENCE,2163.4029940847154,-7847.205739880293,6813.01287567769,12235.926060190925,-187500.02235174447,-187500.02235174447,-187500.02235174447,-187500.02235174447
$SILENCE,2070.8444202952887,-7909.790624355152,6487.347958963866,12236.462502057851,-187500.02235174447,-187500.02235174447,-187500.02235174447,-187500.02235174447
$SILENCE,2353.8845603328423,-7875.391289638435,6963.238950161809,12173.02825129369,-187500.02235174447,-187500.02235174447,-187500.02235174447,-187500.02235174447
$SILENCE,2445.549064344056,-7818.103768599483,7266.7979916093345,12153.73869582876,-187500.02235174447,-187500.02235174447,-187500.02235174447,-187500.02235174447
$SILENCE,2219.3270587118936,-7837.0580478975835,6908.410121012941,12206.824088910114,-187500.02235174447,-187500.02235174447,-187500.02235174447,-187500.02235174447
$SILENCE,2047.8444752507778,-7896.826612571074,6486.8115170969395,12249.068885930645,-187500.02235174447,-187500.02235174447,-187500.02235174447,-187500.02235174447
$SILENCE,2305.828309753932,-7881.94035076384,6854.743582575748,12204.410100508941,-187500.02235174447,-187500.02235174447,-187500.02235174447,-187500.02235174447
$SILENCE,2474.1145937579386,-7816.874422654441,7280.030224326876,12175.419887950407,-187500.02235174447,-187500.02235174447,-187500.02235174447,-187500.02235174447
$SILENCE,2271.384271548304,-7820.473053511746,7011.5187181852725,12219.765748949738,-187500.02235174447,-187500.02235174447,-187500.02235174447,-187500.02235174447
$SILENCE,2041.45187633656,-7884.980188009762,6507.0621975734475,12240.84344397109,-187500.02235174447,-187500.02235174447,-187500.02235174447,-187500.02235174447
$SILENCE,2241.678803167201,-7900.112319006004,6745.532959167119,12188.473306712307,-187500.02235174447,-187500.02235174447,-187500.02235174447,-187500.02235174447
$SILENCE,2459.653015095355,-7822.194137834805,7240.154712218608,12159.393687175952,-187500.02235174447,-187500.02235174447,-187500.02235174447,-187500.02235174447
$SILENCE,2308.398760366292,-7804.871535881942,7072.226056125886,12196.31876901612,-187500.02235174447,-187500.02235174447,-187500.02235174447,-187500.02235174447
$SILENCE,2063.3789376472164,-7873.401984381912,6553.218549873656,12238.60826952556,-187500.02235174447,-187500.02235174447,-187500.02235174447,-187500.02235174447
$SILENCE,2195.6118578448127,-7906.862545831507,6653.957862133725,12223.744359462782,-187500.02235174447,-187500.02235174447,-187500.02235174447,-187500.02235174447
$SILENCE,2476.148602503372,-7842.489521800223,7236.421970894572,12231.768635722237,-187500.02235174447,-187500.02235174447,-187500.02235174447,-187500.02235174447
$SILENCE,2398.4092352878138,-7805.475032982235,7224.441435866527,12294.040595774723,-187500.02235174447,-187500.02235174447,-187500.02235174447,-187500.02235174447
$SILENCE,2099.186432264618,-7834.822873452053,6663.233836082678,12271.308871663676,-187500.02235174447,-187500.02235174447,-187500.02235174447,-187500.02235174447
$SILENCE,2122.2981360314056,-7901.632237628965,6534.331325808922,12221.486833272797,-187500.02235174447,-187500.02235174447,-187500.02235174447,-187500.02235174447
$SILENCE,2435.8707589949086,-7855.587644051033,7135.906176079056,12208.098138344067,-187500.02235174447,-187500.02235174447,-187500.02235174447,-187500.02235174447
$SILENCE,2425.4771978231906,-7780.798707103576,7273.995253323943,12216.033007625701,-187500.02235174447,-187500.02235174447,-187500.02235174447,-187500.02235174447
$SILENCE,2134.0998571038076,-7835.605184507988,6733.4630171612525,12179.487905441274,-187500.02235174447,-187500.02235174447,-187500.02235174447,-187500.02235174447
$SILENCE,2070.397385406183,-7885.159001965404,6465.063269741925,12173.184713504877,-187500.02235174447,-187500.02235174447,-187500.02235174447,-187500.02235174447
$SILENCE,2378.627941444867,-7834.800521707598,7018.134834544044,12135.969058986791,-187500.02235174447,-187500.02235174447,-187500.02235174447,-187500.02235174447
$SILENCE,2435.0884479389724,-7784.218524005238,7259.533674661359,12162.388820932963,-187500.02235174447,-187500.02235174447,-187500.02235174447,-187500.02235174447
$SILENCE,2175.5176395794915,-7816.114463342961,6813.325800100065,12208.433414510897,-187500.02235174447,-187500.02235174447,-187500.02235174447,-187500.02235174447
$SILENCE,2068.5645423608476,-7873.692557059831,6469.243045955068,12249.828845242126,-187500.02235174447,-187500.02235174447,-187500.02235174447,-187500.02235174447
$SILENCE,2360.1877522692384,-7879.459307129301,6938.875548705524,12189.479135212796,-187500.02235174447,-187500.02235174447,-187500.02235174447,-187500.02235174447
$SILENCE,2468.750175088665,-7828.542033260112,7277.4821254589715,12161.49475115475,-187500.02235174447,-187500.02235174447,-187500.02235174447,-187500.02235174447
$SILENCE,2258.219094064128,-7838.779132220642,6969.698604309393,12209.305132544654,-187500.02235174447,-187500.02235174447,-187500.02235174447,-187500.02235174447
$SILENCE,2080.4109669221602,-7882.923827519874,6501.42955797071,12235.143749134988,-187500.02235174447,-187500.02235174447,-187500.02235174447,-187500.02235174447
$SILENCE,2298.0946061723957,-7871.122106447471,6819.561936803096,12178.482076940785,-187500.02235174447,-187500.02235174447,-187500.02235174447,-187500.02235174447
$SILENCE,2476.8638583259417,-7811.219431307249,7273.905846346122,12172.514161171219,-187500.02235174447,-187500.02235174447,-187500.02235174447,-187500.02235174447
$SILENCE,2310.6115830673675,-7808.447814994791,7044.420486023484,12241.290478860197,-187500.02235174447,-187500.02235174447,-187500.02235174447,-187500.02235174447
$SILENCE,2086.647103625191,-7866.607054067499,6554.738468496617,12286.463354404374,-187500.02235174447,-187500.02235174447,-187500.02235174447,-187500.02235174447
$SILENCE,2265.6622249677453,-7868.909283746396,6766.990633844213,12235.881356702013,-187500.02235174447,-187500.02235174447,-187500.02235174447,-187500.02235174447
$SILENCE,2498.299181258581,-7805.16210855986,7241.026430252366,12167.485018668775,-187500.02235174447,-187500.02235174447,-187500.02235174447,-187500.02235174447
$SILENCE,2351.0235370425626,-7814.415730764357,7079.4903730738615,12178.660890896428,-187500.02235174447,-187500.02235174447,-187500.02235174447,-187500.02235174447
$SILENCE,2103.8802986002324,-7870.473905858267,6570.541151826519,12236.104874146566,-187500.02235174447,-187500.02235174447,-187500.02235174447,-187500.02235174447
$SILENCE,2187.2299536740725,-7885.583685110055,6598.659646351296,12207.494641243773,-187500.02235174447,-187500.02235174447,-187500.02235174447,-187500.02235174447
$SILENCE,2467.744346588176,-7798.054253823073,7178.329787055229,12168.826123336092,-187500.02235174447,-187500.02235174447,-187500.02235174447,-187500.02235174447
$SILENCE,2425.8124739900204,-7781.692776881788,7192.478441295439,12201.817298152126,-187500.02235174447,-187500.02235174447,-187500.02235174447,-187500.02235174447
$SILENCE,2148.293214832928,-7861.734373776242,6660.037536625569,12241.066961415645,-187500.02235174447,-187500.02235174447,-187500.02235174447,-187500.02235174447
$SILENCE,2175.919970979687,-7893.004464269217,6586.880277023349,12231.679228744415,-187500.02235174447,-187500.02235174447,-187500.02235174447,-187500.02235174447
$SILENCE,2472.9299513018077,-7830.0172483941615,7157.028574589322,12173.296472227154,-187500.02235174447,-187500.02235174447,-187500.02235174447,-187500.02235174447
$SILENCE,2450.824076035509,-7802.614009691955,7227.52597660136,12183.60062642105,-187500.02235174447,-187500.02235174447,-187500.02235174447,-187500.02235174447
$SILENCE,2180.47972684857,-7840.589623521522,6746.158808011867,12231.634525255506,-187500.02235174447,-187500.02235174447,-187500.02235174447,-187500.02235174447
$SILENCE,2106.6295631682356,-7897.877144560474,6493.0923572888805,12231.768635722237,-187500.02235174447,-187500.02235174447,-187500.02235174447,-187500.02235174447
$SILENCE,2407.372284814392,-7850.714963759776,7021.91227935699,12158.991355775757,-187500.02235174447,-187500.02235174447,-187500.02235174447,-187500.02235174447
$SILENCE,2479.389605449391,-7787.705396140265,7270.374270722184,12153.001088261735,-187500.02235174447,-187500.02235174447,-187500.02235174447,-187500.02235174447
$SILENCE,2245.545654957969,-7826.440969281312,6890.3052080041425,12214.378978536008,-187500.02235174447,-187500.02235174447,-187500.02235174447,-187500.02235174447
$SILENCE,2097.1077200302743,-7884.622560098477,6515.332343021911,12234.1379206345,-187500.02235174447,-187500.02235174447,-187500.02235174447,-187500.02235174447
$SILENCE,2349.2577492305936,-7864.550693577611,6925.79977819917,12156.063277252111,-187500.02235174447,-187500.02235174447,-187500.02235174447,-187500.02235174447
$SILENCE,2529.971603151751,-7810.861803395964,7320.30806783534,12138.606564832517,-187500.02235174447,-187500.02235174447,-187500.02235174447,-187500.02235174447
$SILENCE,2326.6154320973674,-7819.891908155908,6990.664540608471,12189.836763124082,-187500.02235174447,-187500.02235174447,-187500.02235174447,-187500.02235174447
$SILENCE,2120.7558656639894,-7878.475830373268,6524.764779182051,12228.035894398201,-187500.02235174447,-187500.02235174447,-187500.02235174447,-187500.02235174447
$SILENCE,2321.6980483172,-7873.17846693736,6841.578405091573,12166.278024468187,-187500.02235174447,-187500.02235174447,-187500.02235174447,-187500.02235174447
$SILENCE,2538.3758590669468,-7816.606201720978,7293.105994833231,12120.054616934613,-187500.02235174447,-187500.02235174447,-187500.02235174447,-187500.02235174447
$SILENCE,2387.143956082339,-7816.181518576327,7087.246428399852,12165.629823878984,-187500.02235174447,-187500.02235174447,-187500.02235174447,-187500.02235174447
$SILENCE,2161.994834184031,-7875.279530916158,6607.220364477678,12223.029103640212,-187500.02235174447,-187500.02235174447,-187500.02235174447,-187500.02235174447
$SILENCE,2279.2967890854825,-7884.555504865111,6747.969299312747,12163.618166878006,-187500.02235174447,-187500.02235174447,-187500.02235174447,-187500.02235174447
$SILENCE,2483.2564572401593,-7808.224297550238,7250.391811179139,12115.405454087908,-187500.02235174447,-187500.02235174447,-187500.02235174447,-187500.02235174447
$SILENCE,2416.894127952353,-7806.458509738268,7211.075092682254,12155.035097007169,-187500.02235174447,-187500.02235174447,-187500.02235174447,-187500.02235174447
$SILENCE,2157.345671337327,-7861.7120220317875,6674.789687966071,12207.427586010408,-187500.02235174447,-187500.02235174447,-187500.02235174447,-187500.02235174447
$SILENCE,2196.86355553431,-7889.875220045474,6693.408691097342,12162.947614544346,-187500.02235174447,-187500.02235174447,-187500.02235174447,-187500.02235174447
$SILENCE,2490.1854980213047,-7829.011419893673,7209.108139170187,12079.307386792587,-187500.02235174447,-187500.02235174447,-187500.02235174447,-187500.02235174447
$SILENCE,2429.9028432253413,-7812.515832485657,7175.17819108703,12115.628971532462,-187500.02235174447,-187500.02235174447,-187500.02235174447,-187500.02235174447
$SILENCE,2171.5613808109024,-7848.0327544251395,6746.00234580068,12206.93584763239,-187500.02235174447,-187500.02235174447,-187500.02235174447,-187500.02235174447
$SILENCE,2132.2670140584723,-7878.766403051187,6637.529329959075,12188.965045090325,-187500.02235174447,-187500.02235174447,-187500.02235174447,-187500.02235174447
$SILENCE,2462.782259319098,-7851.541978304623,7115.051998502255,12112.432672075352,-187500.02235174447,-187500.02235174447,-187500.02235174447,-187500.02235174447
$SILENCE,2551.6304435289435,-7818.908431399875,7277.571532436792,12121.976866957768,-187500.02235174447,-187500.02235174447,-187500.02235174447,-187500.02235174447
$SILENCE,2257.570893474924,-7843.942385189818,6820.344247859031,12142.763989301204,-187500.02235174447,-187500.02235174447,-187500.02235174447,-187500.02235174447
$SILENCE,2163.3359388513495,-7893.786775325153,6526.463511760654,12187.378071233998,-187500.02235174447,-187500.02235174447,-187500.02235174447,-187500.02235174447
$SILENCE,2405.919421424797,-7847.585719536033,7027.857843382102,12136.796073531637,-187500.02235174447,-187500.02235174447,-187500.02235174447,-187500.02235174447
$SILENCE,2505.7423121621982,-7804.491556226201,7273.615273668203,12120.389893101441,-187500.02235174447,-187500.02235174447,-187500.02235174447,-187500.02235174447
$SILENCE,2302.0061614520746,-7838.26504209817,6918.378999040008,12149.536567871162,-187500.02235174447,-187500.02235174447,-187500.02235174447,-187500.02235174447
$SILENCE,2150.0813543893523,-7896.781909082164,6527.178767583224,12168.379088446985,-187500.02235174447,-187500.02235174447,-187500.02235174447,-187500.02235174447
$SILENCE,2356.007976056096,-7862.65079529891,6901.056397087145,12106.174183627867,-187500.02235174447,-187500.02235174447,-187500.02235174447,-187500.02235174447
$SILENCE,2523.8025216820865,-7809.945381873296,7295.698797190046,12093.992482899725,-187500.02235174447,-187500.02235174447,-187500.02235174447,-187500.02235174447
$SILENCE,2342.5522258940014,-7817.343809288002,7003.561497159183,12162.344117444054,-187500.02235174447,-187500.02235174447,-187500.02235174447,-187500.02235174447
$SILENCE,2122.7004674316013,-7874.385461137947,6513.0524650874695,12190.820239880115,-187500.02235174447,-187500.02235174447,-187500.02235174447,-187500.02235174447
$SILENCE,2339.17711248125,-7882.968531008784,6840.550224846629,12151.369410916497,-187500.02235174447,-187500.02235174447,-187500.02235174447,-187500.02235174447
$SILENCE,2560.526437822156,-7815.68978019831,7323.884346948189,12108.051730162113,-187500.02235174447,-187500.02235174447,-187500.02235174447,-187500.02235174447
$SILENCE,2368.1896767842386,-7792.466317709246,7069.4544398134285,12138.383047387964,-187500.02235174447,-187500.02235174447,-187500.02235174447,-187500.02235174447
$SILENCE,2145.0969153758188,-7865.891798244929,6556.1913318862125,12185.969911333314,-187500.02235174447,-187500.02235174447,-187500.02235174447,-187500.02235174447
$SILENCE,2223.9762215585974,-7878.542885606634,6699.376606866909,12171.642443137462,-187500.02235174447,-187500.02235174447,-187500.02235174447,-187500.02235174447
$SILENCE,2512.7607599211647,-7827.647963481899,7235.058514482798,12109.30342785161,-187500.02235174447,-187500.02235174447,-187500.02235174447,-187500.02235174447
$SILENCE,2474.427518180313,-7816.1591668318715,7186.778746459335,12139.098303210534,-187500.02235174447,-187500.02235174447,-187500.02235174447,-187500.02235174447
$SILENCE,2197.154128212229,-7855.878216728952,6670.922836175303,12192.340158503075,-187500.02235174447,-187500.02235174447,-187500.02235174447,-187500.02235174447
$SILENCE,2212.956811542131,-7886.298940932625,6608.226192978167,12157.627899363983,-187500.02235174447,-187500.02235174447,-187500.02235174447,-187500.02235174447
$SILENCE,2488.7326346317095,-7832.297126328604,7173.479458508427,12109.348131340521,-187500.02235174447,-187500.02235174447,-187500.02235174447,-187500.02235174447
$SILENCE,2462.8046110635532,-7794.768547388143,7228.777674290857,12147.524910870185,-187500.02235174447,-187500.02235174447,-187500.02235174447,-187500.02235174447
$SILENCE,2203.211450959617,-7847.004574180195,6719.85080478797,12192.250751525255,-187500.02235174447,-187500.02235174447,-187500.02235174447,-187500.02235174447
$SILENCE,2180.345616381838,-7895.485507903756,6515.935840122204,12173.922321071903,-187500.02235174447,-187500.02235174447,-187500.02235174447,-187500.02235174447
$SILENCE,2494.1864602788046,-7842.131893888938,7083.044300442255,12126.40251235992,-187500.02235174447,-187500.02235174447,-187500.02235174447,-187500.02235174447
$SILENCE,2511.5984692094885,-7795.081471810517,7277.996215581444,12134.896175252936,-187500.02235174447,-187500.02235174447,-187500.02235174447,-187500.02235174447
$SILENCE,2298.675751528234,-7833.88410018493,6829.150835174422,12185.232303766288,-187500.02235174447,-187500.02235174447,-187500.02235174447,-187500.02235174447
$SILENCE,2168.186267398151,-7889.4728886452785,6519.534470979509,12208.835745911092,-187500.02235174447,-187500.02235174447,-187500.02235174447,-187500.02235174447
$SILENCE,2429.3216978695036,-7869.2222081687705,6983.377871916041,12132.035151962657,-187500.02235174447,-187500.02235174447,-187500.02235174447,-187500.02235174447
$SILENCE,2525.613012982966,-7809.163070817361,7315.591849755269,12112.58913428654,-187500.02235174447,-187500.02235174447,-187500.02235174447,-187500.02235174447
$SILENCE,2292.1043386583733,-7813.45460575278,6957.159275669966,12163.796980833647,-187500.02235174447,-187500.02235174447,-187500.02235174447,-187500.02235174447
$SILENCE,2155.445773058626,-7869.758650035697,6506.481052217609,12198.196315550365,-187500.02235174447,-187500.02235174447,-187500.02235174447,-187500.02235174447
$SILENCE,2451.762849302632,-7886.678920588365,6847.389858649953,12141.713457311806,-187500.02235174447,-187500.02235174447,-187500.02235174447,-187500.02235174447
$SILENCE,2563.3204058790693,-7815.667428453855,7286.735747663468,12112.767948242183,-187500.02235174447,-187500.02235174447,-187500.02235174447,-187500.02235174447
$SILENCE,2388.1274328383724,-7825.010457636173,7035.569195219183,12155.63859410746,-187500.02235174447,-187500.02235174447,-187500.02235174447,-187500.02235174447
$SILENCE,2153.501171291014,-7883.393214153435,6538.19817759969,12214.423682024919,-187500.02235174447,-187500.02235174447,-187500.02235174447,-187500.02235174447
$SILENCE,2332.203368211194,-7886.120126976983,6745.644717889395,12158.320803442099,-187500.02235174447,-187500.02235174447,-187500.02235174447,-187500.02235174447
$SILENCE,2544.4778853032453,-7815.645076709399,7266.350956720228,12103.87195394897,-187500.02235174447,-187500.02235174447,-187500.02235174447,-187500.02235174447
$SILENCE,2399.392712043847,-7821.992972134706,7094.756614536836,12115.830137232559,-187500.02235174447,-187500.02235174447,-187500.02235174447,-187500.02235174447
$SILENCE,2187.2076019296173,-7875.860676271996,6577.201971674201,12199.246847539765,-187500.02235174447,-187500.02235174447,-187500.02235174447,-187500.02235174447
$SILENCE,2241.1647130447286,-7891.305731690613,6664.530237261086,12170.413097192419,-187500.02235174447,-187500.02235174447,-187500.02235174447,-187500.02235174447
$SILENCE,2569.064804204083,-7813.186384819315,7218.250002652408,12132.504538596218,-187500.02235174447,-187500.02235174447,-187500.02235174447,-187500.02235174447
$SILENCE,2526.2165100832594,-7798.568343945545,7213.980819461444,12153.828102806581,-187500.02235174447,-187500.02235174447,-187500.02235174447,-187500.02235174447
$SILENCE,2226.3008029819493,-7883.393214153435,6658.674080213796,12197.03402483869,-187500.02235174447,-187500.02235174447,-187500.02235174447,-187500.02235174447
$SILENCE,2183.5642675834024,-7895.664321859399,6566.1155064243685,12197.212838794332,-187500.02235174447,-187500.02235174447,-187500.02235174447,-187500.02235174447
$SILENCE,2517.5440332346,-7849.485617814734,7107.519460620816,12139.411227632909,-187500.02235174447,-187500.02235174447,-187500.02235174447,-187500.02235174447
$SILENCE,2509.5197569751454,-7817.209698821271,7255.420953681583,12118.691160522838,-187500.02235174447,-187500.02235174447,-187500.02235174447,-187500.02235174447
$SILENCE,2233.542768185469,-7855.565292306578,6729.752627581672,12159.326631942587,-187500.02235174447,-187500.02235174447,-187500.02235174447,-187500.02235174447
$SILENCE,2205.379570171782,-7896.245467215236,6517.500462234076,12186.662815411428,-187500.02235174447,-187500.02235174447,-187500.02235174447,-187500.02235174447
$SILENCE,2450.332337657492,-7842.467170055768,7023.007514835301,12186.126373544499,-187500.02235174447,-187500.02235174447,-187500.02235174447,-187500.02235174447
$SILENCE,2532.6091089974775,-7797.651922422877,7271.782430622868,12165.294547712154,-187500.02235174447,-187500.02235174447,-187500.02235174447,-187500.02235174447
$SILENCE,2266.0645563679404,-7808.157242316872,6843.835931281559,12209.327484289108,-187500.02235174447,-187500.02235174447,-187500.02235174447,-187500.02235174447
$SILENCE,2135.4409617711262,-7897.0501300156275,6430.373362347289,12231.411007810952,-187500.02235174447,-187500.02235174447,-187500.02235174447,-187500.02235174447
$SILENCE,2378.7397001671434,-7869.691594802332,6913.729836193304,12173.788210605171,-187500.02235174447,-187500.02235174447,-187500.02235174447,-187500.02235174447
$SILENCE,2512.649001198888,-7789.381776974414,7281.863067372212,12167.306204713132,-187500.02235174447,-187500.02235174447,-187500.02235174447,-187500.02235174447
$SILENCE,2311.662115056767,-7816.449739509791,6959.081525693122,12197.548114961162,-187500.02235174447,-187500.02235174447,-187500.02235174447,-187500.02235174447
$SILENCE,2138.3690402947714,-7870.69742330282,6497.562706179942,12242.251603871777,-187500.02235174447,-187500.02235174447,-187500.02235174447,-187500.02235174447
$SILENCE,2268.120916857829,-7869.423373868868,6782.592151474018,12192.831896881093,-187500.02235174447,-187500.02235174447,-187500.02235174447,-187500.02235174447
$SILENCE,2554.714984263776,-7813.767530175153,7259.600729894725,12157.203216219332,-187500.02235174447,-187500.02235174447,-187500.02235174447,-187500.02235174447
$SILENCE,2397.269296320593,-7786.319587984037,7025.063875325189,12232.640353755995,-187500.02235174447,-187500.02235174447,-187500.02235174447,-187500.02235174447
$SILENCE,2064.2059521920623,-7848.636251525432,6497.9650375801375,12245.649069028983,-187500.02235174447,-187500.02235174447,-187500.02235174447,-187500.02235174447
$SILENCE,2182.066700704897,-7861.868484242975,6681.294045602566,12193.055414325645,-187500.02235174447,-187500.02235174447,-187500.02235174447,-187500.02235174447
$SILENCE,2526.8423589280083,-7803.0163410921505,7276.67746265858,12210.333312789597,-187500.02235174447,-187500.02235174447,-187500.02235174447,-187500.02235174447
$SILENCE,2431.1321891703833,-7792.041634564595,7130.429998687506,12231.209842110855,-187500.02235174447,-187500.02235174447,-187500.02235174447,-187500.02235174447
$SILENCE,2139.7548484510003,-7833.414713551369,6582.4322798767425,12261.764676781258,-187500.02235174447,-187500.02235174447,-187500.02235174447,-187500.02235174447
$SILENCE,2215.1025790098406,-7878.341719906536,6609.075559267469,12231.969801422334,-187500.02235174447,-187500.02235174447,-187500.02235174447,-187500.02235174447
$SILENCE,2478.8978670713745,-7836.298088586103,7191.629075006137,12172.558864660128,-187500.02235174447,-187500.02235174447,-187500.02235174447,-187500.02235174447
$SILENCE,2423.085561166473,-7795.886134610908,7234.052685982309,12221.911516417447,-187500.02235174447,-187500.02235174447,-187500.02235174447,-187500.02235174447
$SILENCE,2187.6546368187232,-7826.306858814581,6668.441792540764,12259.730668035827,-187500.02235174447,-187500.02235174447,-187500.02235174447,-187500.02235174447
$SILENCE,2152.0483079014193,-7861.2426353982255,6547.451799804187,12232.372132822531,-187500.02235174447,-187500.02235174447,-187500.02235174447,-187500.02235174447
$SILENCE,2402.007866145118,-7809.610105706466,7086.352358621641,12185.701690399848,-187500.02235174447,-187500.02235174447,-187500.02235174447,-187500.02235174447
$SILENCE,2427.712372268721,-7752.546102112067,7202.4696710669605,12214.624847725016,-187500.02235174447,-187500.02235174447,-187500.02235174447,-187500.02235174447
$SILENCE,2229.0053640610413,-7827.804425693086,6791.823421934059,12266.95028149489,-187500.02235174447,-187500.02235174447,-187500.02235174447,-187500.02235174447
$SILENCE,2090.357493204772,-7863.298995888114,6547.630613759829,12263.485761104317,-187500.02235174447,-187500.02235174447,-187500.02235174447,-187500.02235174447
$SILENCE,2357.282025490049,-7842.467170055768,7012.882174597046,12222.55971700665,-187500.02235174447,-187500.02235174447,-187500.02235174447,-187500.02235174447
$SILENCE,2512.1796145653266,-7798.367178245447,7309.6462857301585,12163.282890711176,-187500.02235174447,-187500.02235174447,-187500.02235174447,-187500.02235174447
$SILENCE,2265.081079611907,-7816.606201720978,6846.540492360651,12206.041777854178,-187500.02235174447,-187500.02235174447,-187500.02235174447,-187500.02235174447
$SILENCE,2113.2009760380956,-7854.470056828268,6501.876592859816,12290.129040495043,-187500.02235174447,-187500.02235174447,-187500.02235174447,-187500.02235174447
$SILENCE,2299.301600372982,-7831.917146672863,6862.83491406857,12236.2389846133,-187500.02235174447,-187500.02235174447,-187500.02235174447,-187500.02235174447
$SILENCE,2486.5421636750893,-7806.950248116285,7234.544424360326,12180.605492664039,-187500.02235174447,-187500.02235174447,-187500.02235174447,-187500.02235174447
$SILENCE,2285.1529461327727,-7803.6421899369,6970.011528731768,12266.346784394596,-187500.02235174447,-187500.02235174447,-187500.02235174447,-187500.02235174447
$SILENCE,2057.9474637445765,-7848.859768969985,6504.37998823881,12300.924933066957,-187500.02235174447,-187500.02235174447,-187500.02235174447,-187500.02235174447
$SILENCE,2253.726393428611,-7851.36316434898,6776.378366515442,12216.949429148368,-187500.02235174447,-187500.02235174447,-187500.02235174447,-187500.02235174447
$SILENCE,2511.7325796762207,-7795.4390997218015,7271.156581778119,12170.949539059346,-187500.02235174447,-187500.02235174447,-187500.02235174447,-187500.02235174447
$SILENCE,2353.9292638217526,-7794.5897334325,7089.146326678554,12217.709388459849,-187500.02235174447,-187500.02235174447,-187500.02235174447,-187500.02235174447
$SILENCE,2097.867679341755,-7856.302899873603,6552.458590562176,12281.14363922401,-187500.02235174447,-187500.02235174447,-187500.02235174447,-187500.02235174447
$SILENCE,2236.6943641536673,-7870.943292491829,6679.997644424158,12237.937717191902,-187500.02235174447,-187500.02235174447,-187500.02235174447,-187500.02235174447
$SILENCE,2421.2527181211376,-7779.6364163919,7212.706770027491,12198.285722528188,-187500.02235174447,-187500.02235174447,-187500.02235174447,-187500.02235174447
$SILENCE,2379.3879007563473,-7776.194247745782,7151.12771405312,12233.0873886451,-187500.02235174447,-187500.02235174447,-187500.02235174447,-187500.02235174447
não,2157.032746914953,-7852.2572341271925,6633.7965886350385,12264.782162282725,-187500.02235174447,-187500.02235174447,-187500.02235174447,-187500.02235174447
não,2203.569078870902,-7885.360167665502,6599.151384729313,12248.063057430156,-187500.02235174447,-187500.02235174447,-187500.02235174447,-187500.02235174447
não,2481.2224484947265,-7823.177614590838,7171.959539885466,12194.150649803954,-187500.02235174447,-187500.02235174447,-187500.02235174447,-187500.02235174447
não,2434.507302583135,-7788.420651962835,7226.386037634139,12204.097176086567,-187500.02235174447,-187500.02235174447,-187500.02235174447,-187500.02235174447
não,2167.3592528533045,-7830.93366991683,6719.224955943222,12255.32737437813,-187500.02235174447,-187500.02235174447,-187500.02235174447,-187500.02235174447
não,2122.767522664967,-7868.752821535209,6539.092247377903,12273.365232153563,-187500.02235174447,-187500.02235174447,-187500.02235174447,-187500.02235174447
não,2407.841671447953,-7810.101844084484,7093.706082547436,12220.995094894779,-187500.02235174447,-187500.02235174447,-187500.02235174447,-187500.02235174447
não,2444.565587588023,-7783.369157715936,7258.304328716318,12200.722062673816,-187500.02235174447,-187500.02235174447,-187500.02235174447,-187500.02235174447
não,2209.6487533627455,-7822.97644889074,6811.470605310275,12250.275880131232,-187500.02235174447,-187500.02235174447,-187500.02235174447,-187500.02235174447
não,2143.2640723304835,-7878.341719906536,6510.86199413085,12274.415764142963,-187500.02235174447,-187500.02235174447,-187500.02235174447,-187500.02235174447
não,2420.4480553207463,-7842.8695014559635,6997.504174411795,12209.014559866735,-187500.02235174447,-187500.02235174447,-187500.02235174447,-187500.02235174447
não,2478.1826112488047,-7778.630587891411,7301.77847168189,12201.102042329556,-187500.02235174447,-187500.02235174447,-187500.02235174447,-187500.02235174447
não,2254.419297506726,-7793.226277020726,6927.364400311041,12268.649014073493,-187500.02235174447,-187500.02235174447,-187500.02235174447,-187500.02235174447
não,2122.544005220414,-7864.08130694405,6513.097168576381,12290.28550270623,-187500.02235174447,-187500.02235174447,-187500.02235174447,-187500.02235174447
não,2367.5191244505795,-7864.908321488896,6887.041853313667,12198.039853339178,-187500.02235174447,-187500.02235174447,-187500.02235174447,-187500.02235174447
não,2545.9978039262064,-7797.070777067039,7335.4178470871275,12171.061297781624,-187500.02235174447,-187500.02235174447,-187500.02235174447,-187500.02235174447
não,2339.2888712035265,-7804.111576570461,7020.77234038977,12225.398388552474,-187500.02235174447,-187500.02235174447,-187500.02235174447,-187500.02235174447
não,2139.486627517537,-7864.684804044343,6543.584948013419,12270.817133285658,-187500.02235174447,-187500.02235174447,-187500.02235174447,-187500.02235174447
não,2299.5251178175354,-7865.444763355824,6767.348261755498,12226.046589141679,-187500.02235174447,-187500.02235174447,-187500.02235174447,-187500.02235174447
não,2509.095073830494,-7802.993989347696,7250.458866412505,12186.036966566679,-187500.02235174447,-187500.02235174447,-187500.02235174447,-187500.02235174447
não,2377.6221129443784,-7793.650960165377,7105.083120475188,12225.197222852377,-187500.02235174447,-187500.02235174447,-187500.02235174447,-187500.02235174447
não,2138.9501856506095,-7847.697478258309,6589.406024146799,12281.076583990643,-187500.02235174447,-187500.02235174447,-187500.02235174447,-187500.02235174447
não,2264.7010999561667,-7870.853885514008,6679.550609535052,12245.202034139877,-187500.02235174447,-187500.02235174447,-187500.02235174447,-187500.02235174447
não,2526.328268805536,-7815.779187176131,7236.600784850215,12179.532608930185,-187500.02235174447,-187500.02235174447,-187500.02235174447,-187500.02235174447
não,2443.358593387436,-7799.395358490391,7190.287970338818,12200.163269062432,-187500.02235174447,-187500.02235174447,-187500.02235174447,-187500.02235174447
não,2194.896602022243,-7848.613899780978,6666.720708217706,12256.422609856441,-187500.02235174447,-187500.02235174447,-187500.02235174447,-187500.02235174447
não,2225.384381459282,-7886.053071743617,6594.748091071617,12237.244813113788,-187500.02235174447,-187500.02235174447,-187500.02235174447,-187500.02235174447
não,2514.884175644419,-7832.230071095237,7169.567903228749,12176.738640873271,-187500.02235174447,-187500.02235174447,-187500.02235174447,-187500.02235174447
não,2486.9891985641957,-7796.266114266648,7253.409296680606,12187.646292167461,-187500.02235174447,-187500.02235174447,-187500.02235174447,-187500.02235174447
não,2234.928576341698,-7838.510911287179,6760.083944807523,12240.061132915156,-187500.02235174447,-187500.02235174447,-187500.02235174447,-187500.02235174447
não,2192.9967037435417,-7891.015159012695,6537.8852531773155,12236.641316013494,-187500.02235174447,-187500.02235174447,-187500.02235174447,-187500.02235174447
não,2481.691835128288,-7848.859768969985,7077.031681183777,12170.726021614793,-187500.02235174447,-187500.02235174447,-187500.02235174447,-187500.02235174447
não,2536.4983125327008,-7800.468242224246,7299.811518169823,12174.682280383382,-187500.02235174447,-187500.02235174447,-187500.02235174447,-187500.02235174447
não,2297.960495705664,-7834.129969373938,6864.198370480343,12225.398388552474,-187500.02235174447,-187500.02235174447,-187500.02235174447,-187500.02235174447
não,2181.820831515888,-7893.675016602876,6514.482976732609,12242.966859694347,-187500.02235174447,-187500.02235174447,-187500.02235174447,-187500.02235174447
não,2456.680233082799,-7868.730469790754,6979.421613147451,12177.900931584947,-187500.02235174447,-187500.02235174447,-187500.02235174447,-187500.02235174447
não,2566.740222780731,-7810.615934206955,7318.6316870011915,12158.097285997545,-187500.02235174447,-187500.02235174447,-187500.02235174447,-187500.02235174447
não,2348.7436591081214,-7823.512890757667,6969.989176987312,12213.0825773576,-187500.02235174447,-187500.02235174447,-187500.02235174447,-187500.02235174447
não,2171.762546511,-7884.443746142834,6522.440197758699,12249.627679542027,-187500.02235174447,-187500.02235174447,-187500.02235174447,-187500.02235174447
não,2408.7133894817102,-7881.627426341466,6864.958329791824,12184.494696199263,-187500.02235174447,-187500.02235174447,-187500.02235174447,-187500.02235174447
não,2590.477775392267,-7816.896774398897,7314.027227643398,12153.0681434951,-187500.02235174447,-187500.02235174447,-187500.02235174447,-187500.02235174447
não,2404.913592924308,-7812.02409410764,7071.577855536682,12203.94071387538,-187500.02235174447,-187500.02235174447,-187500.02235174447,-187500.02235174447
não,2183.5642675834024,-7867.434068612346,6590.992998003126,12250.812321998159,-187500.02235174447,-187500.02235174447,-187500.02235174447,-187500.02235174447
não,2328.112998975873,-7876.106545461005,6772.399756002397,12212.769652935225,-187500.02235174447,-187500.02235174447,-187500.02235174447,-187500.02235174447
não,2563.5662750680776,-7814.862765653464,7294.044768100353,12163.88638781147,-187500.02235174447,-187500.02235174447,-187500.02235174447,-187500.02235174447
não,2431.6239275484,-7797.11548055595,7164.449353748483,12201.929056874402,-187500.02235174447,-187500.02235174447,-187500.02235174447,-187500.02235174447
não,2183.117232694296,-7856.638176040433,6623.470082696686,12257.070810445644,-187500.02235174447,-187500.02235174447,-187500.02235174447,-187500.02235174447
não,2264.7010999561667,-7882.499144375222,6666.363080306421,12224.906650174458,-187500.02235174447,-187500.02235174447,-187500.02235174447,-187500.02235174447
não,2515.1300448334273,-7826.575079748044,7199.966275687966,12170.346041959054,-187500.02235174447,-187500.02235174447,-187500.02235174447,-187500.02235174447
não,2455.562645860034,-7795.886134610908,7217.802967763301,12198.822164395115,-187500.02235174447,-187500.02235174447,-187500.02235174447,-187500.02235174447
não,2190.8062327869216,-7840.723733988254,6705.65744705885,12261.89878724799,-187500.02235174447,-187500.02235174447,-187500.02235174447,-187500.02235174447
não,2197.020017745497,-7878.699347817821,6591.9988265036145,12252.846330743592,-187500.02235174447,-187500.02235174447,-187500.02235174447,-187500.02235174447
não,2480.2389717386927,-7825.792768692108,7156.4474292334835,12185.656986910939,-187500.02235174447,-187500.02235174447,-187500.02235174447,-187500.02235174447
não,2480.9095240723523,-7790.499364197179,7274.777564379879,12191.893123613969,-187500.02235174447,-187500.02235174447,-187500.02235174447,-187500.02235174447
não,2238.2589862655386,-7830.576042005545,6795.690273724827,12250.387638853508,-187500.02235174447,-187500.02235174447,-187500.02235174447,-187500.02235174447
não,2171.00258719952,-7884.5108013762,6535.381857798321,12254.85798774457,-187500.02235174447,-187500.02235174447,-187500.02235174447,-187500.02235174447
não,2461.977596518707,-7846.065800913072,7067.040451412256,12193.100117814556,-187500.02235174447,-187500.02235174447,-187500.02235174447,-187500.02235174447
não,2515.532376233623,-7789.359425229958,7323.079684147798,12190.59672243556,-187500.02235174447,-187500.02235174447,-187500.02235174447,-187500.02235174447
não,2281.2413908530943,-7817.030884865629,6906.107891334044,12243.883281217013,-187500.02235174447,-187500.02235174447,-187500.02235174447,-187500.02235174447
não,2160.832543472355,-7881.828592041564,6520.987334369103,12265.989156483312,-187500.02235174447,-187500.02235174447,-187500.02235174447,-187500.02235174447
não,2416.7600174856207,-7862.203760409804,6953.203016901376,12200.74441441827,-187500.02235174447,-187500.02235174447,-187500.02235174447,-187500.02235174447
não,2545.260196359181,-7804.0668730815505,7324.420788815116,12175.68810888387,-187500.02235174447,-187500.02235174447,-187500.02235174447,-187500.02235174447
não,2345.592063139923,-7818.371989532947,7005.483747182339,12226.359513564053,-187500.02235174447,-187500.02235174447,-187500.02235174447,-187500.02235174447
não,2154.7528689805113,-7875.480696616256,6542.1097328793685,12266.838522772614,-187500.02235174447,-187500.02235174447,-187500.02235174447,-187500.02235174447
não,2363.9875488266407,-7872.2173419257815,6853.335422675064,12211.808527923647,-187500.02235174447,-187500.02235174447,-187500.02235174447,-187500.02235174447
não,2553.4856383187343,-7813.320495286048,7316.083588133287,12168.60260589154,-187500.02235174447,-187500.02235174447,-187500.02235174447,-187500.02235174447
não,2383.344159524937,-7816.449739509791,7111.609829856137,12208.947504633368,-187500.02235174447,-187500.02235174447,-187500.02235174447,-187500.02235174447
não,2154.864627702788,-7868.574007579567,6593.719910826673,12257.830769757125,-187500.02235174447,-187500.02235174447,-187500.02235174447,-187500.02235174447
não,2311.5727080789457,-7888.042377000139,6735.586432884506,12213.194336079876,-187500.02235174447,-187500.02235174447,-187500.02235174447,-187500.02235174447
não,2559.1182779214714,-7820.897736656397,7279.493782459949,12162.522931399695,-187500.02235174447,-187500.02235174447,-187500.02235174447,-187500.02235174447
não,2455.137962715383,-7800.35648350197,7169.702013695481,12202.487850485784,-187500.02235174447,-187500.02235174447,-187500.02235174447,-187500.02235174447
não,2192.0579304764187,-7854.7829812506425,6644.905405629326,12261.027069214233,-187500.02235174447,-187500.02235174447,-187500.02235174447,-187500.02235174447
não,2259.694309198178,-7893.071519502583,6661.2668825706105,12229.578164765617,-187500.02235174447,-187500.02235174447,-187500.02235174447,-187500.02235174447
não,2553.9326732078403,-7832.967678662262,7280.9466458495435,12176.448068195352,-187500.02235174447,-187500.02235174447,-187500.02235174447,-187500.02235174447
não,2531.3350595635247,-7776.440116934791,7299.520945491904,12200.900876629457,-187500.02235174447,-187500.02235174447,-187500.02235174447,-187500.02235174447
não,2208.799387073444,-7872.530266348156,6672.956844920736,12204.119527831022,-187500.02235174447,-187500.02235174447,-187500.02235174447,-187500.02235174447
não,2206.8100818169214,-7922.687580905865,6543.942575924704,12198.88921962848,-187500.02235174447,-187500.02235174447,-187500.02235174447,-187500.02235174447
não,2503.5741929500336,-7853.330117861047,7092.677902302493,12161.271233710198,-187500.02235174447,-187500.02235174447,-187500.02235174447,-187500.02235174447
não,2533.9278619203405,-7791.25932350866,7307.9475531515545,12179.26438799672,-187500.02235174447,-187500.02235174447,-187500.02235174447,-187500.02235174447
não,2290.338550846404,-7824.697533213799,6878.414079953919,12231.209842110855,-187500.02235174447,-187500.02235174447,-187500.02235174447,-187500.02235174447
não,2174.2659418899943,-7930.778912398686,6504.7152644056405,12193.837725381582,-187500.02235174447,-187500.02235174447,-187500.02235174447,-187500.02235174447
não,2464.8609715534417,-7897.854792816019,7005.394340204518,12133.666829307895,-187500.02235174447,-187500.02235174447,-187500.02235174447,-187500.02235174447
não,2552.8821412184407,-7827.290335570614,7306.204117084041,12140.595870089039,-187500.02235174447,-187500.02235174447,-187500.02235174447,-187500.02235174447
não,2327.822426297954,-7863.790734266131,6916.769673439226,12187.422774722907,-187500.02235174447,-187500.02235174447,-187500.02235174447,-187500.02235174447
não,2177.6857587916566,-7944.838159661074,6477.870819314817,12192.675434669905,-187500.02235174447,-187500.02235174447,-187500.02235174447,-187500.02235174447
não,2423.5102443111236,-7918.105473292527,6872.803792095637,12131.319896140087,-187500.02235174447,-187500.02235174447,-187500.02235174447,-187500.02235174447
não,2569.578894326555,-7853.821856239064,7286.244009285451,12084.269474061666,-187500.02235174447,-187500.02235174447,-187500.02235174447,-187500.02235174447
não,2381.5783717129675,-7870.764478536186,6997.504174411795,12127.408340860407,-187500.02235174447,-187500.02235174447,-187500.02235174447,-187500.02235174447
não,2200.0375032469638,-7928.14140655296,6545.641308503307,12205.974722620813,-187500.02235174447,-187500.02235174447,-187500.02235174447,-187500.02235174447
não,2391.6143049734005,-7942.37946777099,6809.034265164646,12144.775646302181,-187500.02235174447,-187500.02235174447,-187500.02235174447,-187500.02235174447
não,2599.3737696854796,-7877.246484428226,7280.812535382812,12079.016814114668,-187500.02235174447,-187500.02235174447,-187500.02235174447,-187500.02235174447
não,2455.786163304587,-7873.603150082011,7082.261989386319,12105.861259205492,-187500.02235174447,-187500.02235174447,-187500.02235174447,-187500.02235174447
não,2199.7469305690447,-7935.361020012024,6569.892951237315,12157.35967843052,-187500.02235174447,-187500.02235174447,-187500.02235174447,-187500.02235174447
não,2334.885577545831,-7954.00237488775,6724.1870432123005,12133.376256629976,-187500.02235174447,-187500.02235174447,-187500.02235174447,-187500.02235174447
não,2583.8169555445857,-7904.448557430334,7232.599822592714,12061.694212161805,-187500.02235174447,-187500.02235174447,-187500.02235174447,-187500.02235174447
não,2478.875515326919,-7892.713891591298,7150.1665890415425,12061.873026117448,-187500.02235174447,-187500.02235174447,-187500.02235174447,-187500.02235174447
não,2233.0733815519075,-7946.1792643283925,6645.084219584968,12124.323800125576,-187500.02235174447,-187500.02235174447,-187500.02235174447,-187500.02235174447
não,2302.4978998300912,-7980.377433345013,6603.420567920276,12109.750462740716,-187500.02235174447,-187500.02235174447,-187500.02235174447,-187500.02235174447
não,2586.0744817345717,-7924.274554762192,7181.5707900012485,12052.798217868592,-187500.02235174447,-187500.02235174447,-187500.02235174447,-187500.02235174447
não,2551.36222259548,-7886.298940932625,7258.706660116513,12062.253005773187,-187500.02235174447,-187500.02235174447,-187500.02235174447,-187500.02235174447
não,2296.820556738443,-7927.917889108407,6764.598997187495,12125.329628626065,-187500.02235174447,-187500.02235174447,-187500.02235174447,-187500.02235174447
não,2249.3901550042815,-7987.664102037443,6544.501369536087,12108.029378417657,-187500.02235174447,-187500.02235174447,-187500.02235174447,-187500.02235174447
não,2530.686858974321,-7940.881900892485,7088.4757743448945,12044.86334858696,-187500.02235174447,-187500.02235174447,-187500.02235174447,-187500.02235174447
não,2572.7975455281194,-7891.75276657972,7295.810555912323,12056.754476637183,-187500.02235174447,-187500.02235174447,-187500.02235174447,-187500.02235174447
não,2348.0284032855516,-7925.883880362974,6870.5239141611955,12114.667846520882,-187500.02235174447,-187500.02235174447,-187500.02235174447,-187500.02235174447
não,2237.834303120888,-7981.003282189761,6548.0329451600255,12124.547317570128,-187500.02235174447,-187500.02235174447,-187500.02235174447,-187500.02235174447
não,2481.9600560617514,-7962.38427905849,6965.943511240901,12064.801104641094,-187500.02235174447,-187500.02235174447,-187500.02235174447,-187500.02235174447
não,2596.4680429062896,-7902.235734729259,7310.205079341541,12043.186967752812,-187500.02235174447,-187500.02235174447,-187500.02235174447,-187500.02235174447
não,2348.27427247456,-7918.9995430707395,6913.640429215483,12110.421015074375,-187500.02235174447,-187500.02235174447,-187500.02235174447,-187500.02235174447
não,2182.3349216383604,-7980.57859904511,6480.530676904998,12143.792169546148,-187500.02235174447,-187500.02235174447,-187500.02235174447,-187500.02235174447
não,2417.2517558636378,-7968.218084361325,6851.971966263291,12082.995424627714,-187500.02235174447,-187500.02235174447,-187500.02235174447,-187500.02235174447
não,2569.4671356042786,-7905.700255119831,7283.450041228538,12059.548444694095,-187500.02235174447,-187500.02235174447,-187500.02235174447,-187500.02235174447
não,2373.0623570754956,-7914.551545924133,7016.033770565245,12108.342302840032,-187500.02235174447,-187500.02235174447,-187500.02235174447,-187500.02235174447
não,2153.6576335022014,-7975.3482908425685,6515.846433144383,12161.852379066037,-187500.02235174447,-187500.02235174447,-187500.02235174447,-187500.02235174447
não,2331.7116298331775,-7980.556247300655,6736.324040451532,12113.572611042573,-187500.02235174447,-187500.02235174447,-187500.02235174447,-187500.02235174447
não,2538.0852863890277,-7912.271667989692,7242.09931398622,12063.929386607337,-187500.02235174447,-187500.02235174447,-187500.02235174447,-187500.02235174447
não,2382.383034513359,-7898.435938171857,7089.548658078749,12096.942913167824,-187500.02235174447,-187500.02235174447,-187500.02235174447,-187500.02235174447
não,2138.9054821616987,-7957.310433067136,6564.908512223782,12147.144931214445,-187500.02235174447,-187500.02235174447,-187500.02235174447,-187500.02235174447
não,2242.796390389966,-7980.556247300655,6629.8626816109045,12117.618276788984,-187500.02235174447,-187500.02235174447,-187500.02235174447,-187500.02235174447
não,2513.073684343539,-7922.754636139231,7190.712653483469,12066.745706408705,-187500.02235174447,-187500.02235174447,-187500.02235174447,-187500.02235174447
não,2436.854235750942,-7899.821746328086,7169.27733055083,12093.478392777251,-187500.02235174447,-187500.02235174447,-187500.02235174447,-187500.02235174447
não,2164.8782092187657,-7949.152046340949,6637.3728677478875,12142.272250923188,-187500.02235174447,-187500.02235174447,-187500.02235174447,-187500.02235174447
não,2189.95686649762,-7991.352139872568,6543.540244524508,12128.794149016638,-187500.02235174447,-187500.02235174447,-187500.02235174447,-187500.02235174447
não,2483.524678173623,-7936.47860723479,7111.967457767422,12070.165523310367,-187500.02235174447,-187500.02235174447,-187500.02235174447,-187500.02235174447
não,2471.611198378944,-7897.139536993449,7218.339409630229,12086.750517696204,-187500.02235174447,-187500.02235174447,-187500.02235174447,-187500.02235174447
não,2214.9014133097426,-7935.070447334105,6731.965450282747,12143.278079423677,-187500.02235174447,-187500.02235174447,-187500.02235174447,-187500.02235174447
não,2153.836447457844,-7983.037290935194,6485.895095574271,12141.981678245269,-187500.02235174447,-187500.02235174447,-187500.02235174447,-187500.02235174447
não,2442.688041053777,-7948.749714940753,7015.72084614287,12073.875912889947,-187500.02235174447,-187500.02235174447,-187500.02235174447,-187500.02235174447
não,2493.8288323675197,-7900.961685295307,7257.7008316160245,12082.861314160982,-187500.02235174447,-187500.02235174447,-187500.02235174447,-187500.02235174447
não,2238.7283728991,-7916.339685480558,6836.97394573378,12152.822274306092,-187500.02235174447,-187500.02235174447,-187500.02235174447,-187500.02235174447
não,2101.7568828769786,-7971.1238111405155,6469.779487821996,12170.03311753668,-187500.02235174447,-187500.02235174447,-187500.02235174447,-187500.02235174447
não,2364.7475081381212,-7948.481494007289,6918.714275206838,12104.944837682824,-187500.02235174447,-187500.02235174447,-187500.02235174447,-187500.02235174447
não,2481.043634539084,-7887.170658966382,7271.223637011485,12091.600846243007,-187500.02235174447,-187500.02235174447,-187500.02235174447,-187500.02235174447
não,2264.634044722801,-7900.626409128477,6932.37119106903,12139.29946891063,-187500.02235174447,-187500.02235174447,-187500.02235174447,-187500.02235174447
não,2089.4634234265595,-7956.349308055557,6504.603505683363,12168.379088446985,-187500.02235174447,-187500.02235174447,-187500.02235174447,-187500.02235174447
não,2299.994504451097,-7949.867302163519,6805.502689540707,12119.764044256694,-187500.02235174447,-187500.02235174447,-187500.02235174447,-187500.02235174447
não,2491.2136782662487,-7884.980188009762,7273.034128312365,12082.928369394347,-187500.02235174447,-187500.02235174447,-187500.02235174447,-187500.02235174447
não,2310.5445278340017,-7890.813993312597,7017.084302554644,12132.616297318495,-187500.02235174447,-187500.02235174447,-187500.02235174447,-187500.02235174447
não,2080.6344843667134,-7957.735116211787,6488.286732230989,12179.644367652461,-187500.02235174447,-187500.02235174447,-187500.02235174447,-187500.02235174447
não,2243.5339979569912,-7961.400802302457,6686.278484616099,12132.97392522978,-187500.02235174447,-187500.02235174447,-187500.02235174447,-187500.02235174447
não,2473.175820490816,-7903.554487652122,7216.886546240634,12090.192686342321,-187500.02235174447,-187500.02235174447,-187500.02235174447,-187500.02235174447
não,2357.237322001138,-7886.008368254706,7105.328989664196,12119.808747745605,-187500.02235174447,-187500.02235174447,-187500.02235174447,-187500.02235174447
não,2111.2340225260286,-7932.276479277191,6575.011500717581,12173.385879204974,-187500.02235174447,-187500.02235174447,-187500.02235174447,-187500.02235174447
não,2193.5554973549247,-7962.093706380571,6600.358378929899,12148.553091115129,-187500.02235174447,-187500.02235174447,-187500.02235174447,-187500.02235174447
não,2462.8046110635532,-7902.839231829552,7166.930397383023,12094.797145700115,-187500.02235174447,-187500.02235174447,-187500.02235174447,-187500.02235174447
não,2402.946639412241,-7878.922865262373,7177.435717277017,12122.267439635687,-187500.02235174447,-187500.02235174447,-187500.02235174447,-187500.02235174447
não,2140.9394909071316,-7927.672019919399,6659.836370925471,12184.181771776888,-187500.02235174447,-187500.02235174447,-187500.02235174447,-187500.02235174447
não,2137.89965366121,-7968.441601805878,6520.9202791357375,12171.776553604193,-187500.02235174447,-187500.02235174447,-187500.02235174447,-187500.02235174447
não,2428.5170350691124,-7919.334819237569,7085.368881865607,12101.502669036707,-187500.02235174447,-187500.02235174447,-187500.02235174447,-187500.02235174447
não,2435.0884479389724,-7877.425298383868,7223.703828299503,12105.570686527573,-187500.02235174447,-187500.02235174447,-187500.02235174447,-187500.02235174447
não,2182.5807908273687,-7914.32802847958,6749.757438869172,12171.1730565039,-187500.02235174447,-187500.02235174447,-187500.02235174447,-187500.02235174447
não,2107.3671707352605,-7967.569883772121,6465.934987775682,12179.197332763355,-187500.02235174447,-187500.02235174447,-187500.02235174447,-187500.02235174447
não,2389.8708689058863,-7931.985906599272,6981.835601548624,12112.432672075352,-187500.02235174447,-187500.02235174447,-187500.02235174447,-187500.02235174447
não,2463.3187011860255,-7879.392251895935,7258.036107782854,12106.844735961526,-187500.02235174447,-187500.02235174447,-187500.02235174447,-187500.02235174447
não,2231.352297228849,-7896.2231154707815,6862.231416968277,12161.539454643662,-187500.02235174447,-187500.02235174447,-187500.02235174447,-187500.02235174447
não,2079.583952377314,-7956.505770266745,6459.296519672456,12181.36545197552,-187500.02235174447,-187500.02235174447,-187500.02235174447,-187500.02235174447
não,2332.471589144658,-7940.3678107700125,6871.865018828514,12120.747521012727,-187500.02235174447,-187500.02235174447,-187500.02235174447,-187500.02235174447
não,2467.29731169907,-7884.9578362653065,7260.919482817589,12097.971093412769,-187500.02235174447,-187500.02235174447,-187500.02235174447,-187500.02235174447
não,2278.0674431404404,-7895.396100925935,6953.381830857019,12156.35384993003,-187500.02235174447,-187500.02235174447,-187500.02235174447,-187500.02235174447
não,2086.4906414140037,-7949.152046340949,6479.502496660054,12197.45870798334,-187500.02235174447,-187500.02235174447,-187500.02235174447,-187500.02235174447
não,2284.8176699659434,-7949.263805063225,6767.303558266588,12139.768855544193,-187500.02235174447,-187500.02235174447,-187500.02235174447,-187500.02235174447
não,2477.9367420597964,-7884.9578362653065,7248.849540811723,12099.356901568997,-187500.02235174447,-187500.02235174447,-187500.02235174447,-187500.02235174447
não,2319.798150038499,-7886.701272332821,7044.353430790118,12141.646402078439,-187500.02235174447,-187500.02235174447,-187500.02235174447,-187500.02235174447
não,2078.131088987719,-7944.4134765164235,6512.806595898462,12186.573408433605,-187500.02235174447,-187500.02235174447,-187500.02235174447,-187500.02235174447
não,2213.895584809254,-7963.054831392149,6645.464199240709,12145.69206782485,-187500.02235174447,-187500.02235174447,-187500.02235174447,-187500.02235174447
não,2467.2079047212487,-7897.295999204636,7202.514374555872,12104.386044071442,-187500.02235174447,-187500.02235174447,-187500.02235174447,-187500.02235174447
não,2364.9039703493086,-7873.670205315377,7128.910080064546,12135.745541542237,-187500.02235174447,-187500.02235174447,-187500.02235174447,-187500.02235174447
não,2119.7947406524113,-7925.213328029315,6617.189242504745,12191.289626513675,-187500.02235174447,-187500.02235174447,-187500.02235174447,-187500.02235174447
não,2173.304816878416,-7957.578654000599,6595.061015493991,12176.738640873271,-187500.02235174447,-187500.02235174447,-187500.02235174447,-187500.02235174447
não,2428.360572857925,-7903.599191141033,7117.9800770259,12115.897192465925,-187500.02235174447,-187500.02235174447,-187500.02235174447,-187500.02235174447
não,2395.95054339773,-7874.497219860223,7173.859438164168,12121.038093690646,-187500.02235174447,-187500.02235174447,-187500.02235174447,-187500.02235174447
não,2142.638223485735,-7920.720627393798,6669.626434996896,12180.829010108591,-187500.02235174447,-187500.02235174447,-187500.02235174447,-187500.02235174447
não,2118.23011854054,-7965.982909915795,6490.074871787414,12180.873713597503,-187500.02235174447,-187500.02235174447,-187500.02235174447,-187500.02235174447
não,2412.8708139503974,-7915.04328430215,7049.293166314741,12117.573573300073,-187500.02235174447,-187500.02235174447,-187500.02235174447,-187500.02235174447
não,2436.071924695006,-7866.182370922848,7229.425874880061,12121.328666368565,-187500.02235174447,-187500.02235174447,-187500.02235174447,-187500.02235174447
não,2184.5700960838913,-7901.319313206592,6772.5562182135845,12175.55399841714,-187500.02235174447,-187500.02235174447,-187500.02235174447,-187500.02235174447
não,2087.898801314688,-7957.28808132268,6454.245025425556,12188.853286368047,-187500.02235174447,-187500.02235174447,-187500.02235174447,-187500.02235174447
não,2366.5803511834565,-7925.414493729412,6944.396429585985,12124.547317570128,-187500.02235174447,-187500.02235174447,-187500.02235174447,-187500.02235174447
não,2459.6977185842657,-7870.362147135991,7250.704735601514,12110.488070307742,-187500.02235174447,-187500.02235174447,-187500.02235174447,-187500.02235174447
não,2235.085038552885,-7891.149269479427,6873.899027573947,12169.697841369849,-187500.02235174447,-187500.02235174447,-187500.02235174447,-187500.02235174447
não,2068.475135383026,-7950.493151008267,6451.473409113099,12204.253638297754,-187500.02235174447,-187500.02235174447,-187500.02235174447,-187500.02235174447
não,2318.9934872381077,-7937.551490968644,6842.897158014436,12147.100227725534,-187500.02235174447,-187500.02235174447,-187500.02235174447,-187500.02235174447
não,2472.907599557352,-7874.161943693393,7261.075945028776,12120.881631479459,-187500.02235174447,-187500.02235174447,-187500.02235174447,-187500.02235174447
não,2273.30652157146,-7877.201780939315,6974.57128460065,12170.524855914695,-187500.02235174447,-187500.02235174447,-187500.02235174447,-187500.02235174447
não,2062.574274846825,-7935.629240945487,6474.451002413154,12215.854193670059,-187500.02235174447,-187500.02235174447,-187500.02235174447,-187500.02235174447
não,2242.8187421344214,-7940.412514258924,6726.623383357929,12166.83681807957,-187500.02235174447,-187500.02235174447,-187500.02235174447,-187500.02235174447
não,2456.1661429603273,-7871.256216914203,7228.196528935019,12125.083759437057,-187500.02235174447,-187500.02235174447,-187500.02235174447,-187500.02235174447
não,2346.150856751306,-7868.171676179371,7059.150285619532,12157.426733663886,-187500.02235174447,-187500.02235174447,-187500.02235174447,-187500.02235174447
não,2117.961897607076,-7929.080179820083,6529.905680406771,12213.50726050225,-187500.02235174447,-187500.02235174447,-187500.02235174447,-187500.02235174447
não,2222.277488979994,-7952.2812905646915,6625.817015864493,12184.673510154906,-187500.02235174447,-187500.02235174447,-187500.02235174447,-187500.02235174447
não,2471.6335501234,-7885.94131302134,7190.176211616542,12132.482186851763,-187500.02235174447,-187500.02235174447,-187500.02235174447,-187500.02235174447
não,2398.051607376529,-7865.265949400181,7152.357059998162,12169.139047758466,-187500.02235174447,-187500.02235174447,-187500.02235174447,-187500.02235174447
não,2136.6256042272576,-7913.724531379286,6620.653762895318,12226.761844964249,-187500.02235174447,-187500.02235174447,-187500.02235174447,-187500.02235174447
não,2173.1707064116845,-7951.856607420041,6553.7326399961285,12211.27208605672,-187500.02235174447,-187500.02235174447,-187500.02235174447,-187500.02235174447
não,2441.4363433642798,-7894.099699747527,7122.450425916962,12147.12257946999,-187500.02235174447,-187500.02235174447,-187500.02235174447,-187500.02235174447
$SILENCE,2396.308171309015,-7856.280548129148,7204.973066445955,12163.238187222265,-187500.02235174447,-187500.02235174447,-187500.02235174447,-187500.02235174447
$SILENCE,2143.5322932639474,-7901.94516205134,6710.507775605653,12223.945525162879,-187500.02235174447,-187500.02235174447,-187500.02235174447,-187500.02235174447
$SILENCE,2133.3622495367827,-7954.181188843392,6496.601581168364,12226.426568797418,-187500.02235174447,-187500.02235174447,-187500.02235174447,-187500.02235174447
$SILENCE,2425.9242327122965,-7909.030665043672,7029.578927705161,12149.60362310453,-187500.02235174447,-187500.02235174447,-187500.02235174447,-187500.02235174447
$SILENCE,2471.7006053567657,-7861.577911565056,7246.681421599558,12142.674582323383,-187500.02235174447,-187500.02235174447,-187500.02235174447,-187500.02235174447
$SILENCE,2227.418390204715,-7887.237714199748,6822.668829282383,12211.026216867713,-187500.02235174447,-187500.02235174447,-187500.02235174447,-187500.02235174447
$SILENCE,2083.450804168082,-7941.485397992778,6465.778525564495,12232.103911889066,-187500.02235174447,-187500.02235174447,-187500.02235174447,-187500.02235174447
$SILENCE,2345.927339306753,-7913.322199979091,6936.953298682368,12170.994242548257,-187500.02235174447,-187500.02235174447,-187500.02235174447,-187500.02235174447
$SILENCE,2438.687078796277,-7854.246539383715,7274.576398679781,12160.26540520971,-187500.02235174447,-187500.02235174447,-187500.02235174447,-187500.02235174447
$SILENCE,2243.958681101642,-7874.765440793686,6911.919344892424,12195.156478304443,-187500.02235174447,-187500.02235174447,-187500.02235174447,-187500.02235174447
$SILENCE,2108.283592257928,-7943.385296271479,6466.337319175878,12220.592763494584,-187500.02235174447,-187500.02235174447,-187500.02235174447,-187500.02235174447
$SILENCE,2332.60569961139,-7929.460159475823,6819.137253658445,12170.949539059346,-187500.02235174447,-187500.02235174447,-187500.02235174447,-187500.02235174447
$SILENCE,2502.9930475941956,-7866.539998834133,7264.674575886081,12135.745541542237,-187500.02235174447,-187500.02235174447,-187500.02235174447,-187500.02235174447
$SILENCE,2335.0420397570183,-7870.250388413715,7014.692665897926,12184.204123521344,-187500.02235174447,-187500.02235174447,-187500.02235174447,-187500.02235174447
$SILENCE,2106.0037143234867,-7928.18611004187,6500.200212025668,12227.342990320087,-187500.02235174447,-187500.02235174447,-187500.02235174447,-187500.02235174447
$SILENCE,2269.1938005916836,-7937.015049101717,6712.1841564398,12185.724042144304,-187500.02235174447,-187500.02235174447,-187500.02235174447,-187500.02235174447
$SILENCE,2502.233088282715,-7877.3805948949575,7247.173159977575,12145.960288758313,-187500.02235174447,-187500.02235174447,-187500.02235174447,-187500.02235174447
$SILENCE,2361.6406156588337,-7867.389365123435,7115.7672543248245,12189.322673001609,-187500.02235174447,-187500.02235174447,-187500.02235174447,-187500.02235174447
$SILENCE,2106.964839335065,-7920.452406460334,6597.54205912853,12239.99407768179,-187500.02235174447,-187500.02235174447,-187500.02235174447,-187500.02235174447
$SILENCE,2230.949965828653,-7948.414438773923,6639.272766026588,12198.620998695016,-187500.02235174447,-187500.02235174447,-187500.02235174447,-187500.02235174447
$SILENCE,2504.2894487726035,-7889.316426434091,7190.690301739014,12138.807730532615,-187500.02235174447,-187500.02235174447,-187500.02235174447,-187500.02235174447
$SILENCE,2424.069037922506,-7856.45936208479,7194.400691318595,12166.926225057392,-187500.02235174447,-187500.02235174447,-187500.02235174447,-187500.02235174447
$SILENCE,2136.223272827062,-7911.869336589496,6624.006524563614,12227.074769386623,-187500.02235174447,-187500.02235174447,-187500.02235174447,-187500.02235174447
$SILENCE,2166.6887005196454,-7954.784685943686,6523.669543703741,12211.294437801176,-187500.02235174447,-187500.02235174447,-187500.02235174447,-187500.02235174447
$SILENCE,2455.8755702824083,-7903.822708585586,7109.732283321891,12153.604585362029,-187500.02235174447,-187500.02235174447,-187500.02235174447,-187500.02235174447
$SILENCE,2452.34399465847,-7863.880141243952,7238.09835172872,12162.768800588705,-187500.02235174447,-187500.02235174447,-187500.02235174447,-187500.02235174447
$SILENCE,2206.541860883458,-7901.0957957620385,6754.652470904884,12220.592763494584,-187500.02235174447,-187500.02235174447,-187500.02235174447,-187500.02235174447
$SILENCE,2143.3311275638493,-7954.360002799035,6494.9699038231265,12232.32742933362,-187500.02235174447,-187500.02235174447,-187500.02235174447,-187500.02235174447
$SILENCE,2425.343087356459,-7915.445615702345,7023.275735768764,12169.049640780646,-187500.02235174447,-187500.02235174447,-187500.02235174447,-187500.02235174447
$SILENCE,2478.853163582464,-7862.360222620991,7270.173105022086,12157.113809241511,-187500.02235174447,-187500.02235174447,-187500.02235174447,-187500.02235174447
$SILENCE,2248.339623014882,-7891.618656112988,6852.128428474478,12210.378016278508,-187500.02235174447,-187500.02235174447,-187500.02235174447,-187500.02235174447
$SILENCE,2106.5625079348692,-7949.9343573968845,6474.003967524049,12240.195243381888,-187500.02235174447,-187500.02235174447,-187500.02235174447,-187500.02235174447
$SILENCE,2349.481266675147,-7924.229851273281,6920.681228718905,12194.08359457059,-187500.02235174447,-187500.02235174447,-187500.02235174447,-187500.02235174447
$SILENCE,2489.2914282430925,-7865.891798244929,7286.020491840898,12161.762972088216,-187500.02235174447,-187500.02235174447,-187500.02235174447,-187500.02235174447
$SILENCE,2316.60185058139,-7882.834420542053,6967.776354286237,12206.041777854178,-187500.02235174447,-187500.02235174447,-187500.02235174447,-187500.02235174447
$SILENCE,2118.4759877295483,-7945.66517420592,6492.488860188587,12249.0912376751,-187500.02235174447,-187500.02235174447,-187500.02235174447,-187500.02235174447
$SILENCE,2323.441484384714,-7941.977136370795,6795.667921980372,12190.79788813566,-187500.02235174447,-187500.02235174447,-187500.02235174447,-187500.02235174447
$SILENCE,2514.1242163329384,-7877.358243150502,7270.173105022086,12155.862111552015,-187500.02235174447,-187500.02235174447,-187500.02235174447,-187500.02235174447
$SILENCE,2347.5143131630794,-7876.419469883379,7059.194989108442,12203.516030730729,-187500.02235174447,-187500.02235174447,-187500.02235174447,-187500.02235174447
$SILENCE,2106.182528279129,-7931.695333921353,6534.577194997931,12253.405124354975,-187500.02235174447,-187500.02235174447,-187500.02235174447,-187500.02235174447
$SILENCE,2241.2988235114603,-7945.151084083448,6698.7731097666165,12220.682170472404,-187500.02235174447,-187500.02235174447,-187500.02235174447,-187500.02235174447
$SILENCE,2480.686006627799,-7882.745013564231,7231.839863281234,12162.388820932963,-187500.02235174447,-187500.02235174447,-187500.02235174447,-187500.02235174447
$SILENCE,2404.846537690942,-7871.32327214757,7130.787626598791,12182.79596362066,-187500.02235174447,-187500.02235174447,-187500.02235174447,-187500.02235174447
$SILENCE,2152.5847497683467,-7923.715761150809,6595.68686433874,12239.70350500387,-187500.02235174447,-187500.02235174447,-187500.02235174447,-187500.02235174447
$SILENCE,2219.885852323276,-7956.595177244566,6603.621733620374,12226.985362408801,-187500.02235174447,-187500.02235174447,-187500.02235174447,-187500.02235174447
$SILENCE,2496.1310620464164,-7899.665284116899,7175.245246320396,12160.77949533218,-187500.02235174447,-187500.02235174447,-187500.02235174447,-187500.02235174447
$SILENCE,2441.726916042199,-7871.971472736773,7204.436624579028,12176.135143772977,-187500.02235174447,-187500.02235174447,-187500.02235174447,-187500.02235174447
$SILENCE,2191.9461717541426,-7916.406740713924,6703.690493546784,12230.271068843731,-187500.02235174447,-187500.02235174447,-187500.02235174447,-187500.02235174447
$SILENCE,2181.731424538067,-7954.605871988043,6558.627672031841,12224.034932140701,-187500.02235174447,-187500.02235174447,-187500.02235174447,-187500.02235174447
$SILENCE,2451.1817039467937,-7910.528231922178,7082.329044619685,12167.127390757489,-187500.02235174447,-187500.02235174447,-187500.02235174447,-187500.02235174447
$SILENCE,2477.556762404056,-7868.439897112835,7284.299407517839,12173.296472227154,-187500.02235174447,-187500.02235174447,-187500.02235174447,-187500.02235174447
$SILENCE,2199.076378235385,-7904.806185341619,6781.094584595512,12235.099045646079,-187500.02235174447,-187500.02235174447,-187500.02235174447,-187500.02235174447
$SILENCE,2129.8530256572994,-7957.936281911884,6486.9903310525815,12231.500414788774,-187500.02235174447,-187500.02235174447,-187500.02235174447,-187500.02235174447
$SILENCE,2413.1613866283164,-7928.5213862087,6961.964900727857,12167.373259946497,-187500.02235174447,-187500.02235174447,-187500.02235174447,-187500.02235174447
$SILENCE,2509.4974052306898,-7873.3349291485465,7271.916541089599,12162.657041866427,-187500.02235174447,-187500.02235174447,-187500.02235174447,-187500.02235174447
$SILENCE,2277.8439256958873,-7894.434975914357,6893.881487116992,12217.79879543767,-187500.02235174447,-187500.02235174447,-187500.02235174447,-187500.02235174447
$SILENCE,2119.481816230037,-7952.080124864594,6473.3110634459335,12238.317696847642,-187500.02235174447,-187500.02235174447,-187500.02235174447,-187500.02235174447
$SILENCE,2370.0001680851183,-7936.925642123895,6879.621074154506,12174.45876293883,-187500.02235174447,-187500.02235174447,-187500.02235174447,-187500.02235174447
$SILENCE,2520.5838704805224,-7878.766403051187,7289.999102353943,12148.821312048593,-187500.02235174447,-187500.02235174447,-187500.02235174447,-187500.02235174447
$SILENCE,2326.6154320973674,-7887.550638622122,6997.012436033779,12196.74345216077,-187500.02235174447,-187500.02235174447,-187500.02235174447,-187500.02235174447
$SILENCE,2123.5945372098136,-7946.805113173141,6507.688046418196,12241.46929281584,-187500.02235174447,-187500.02235174447,-187500.02235174447,-187500.02235174447
$SILENCE,2314.8360627694206,-7950.739020197275,6774.76904091466,12189.255617768244,-187500.02235174447,-187500.02235174447,-187500.02235174447,-187500.02235174447
$SILENCE,2515.2194518112483,-7887.08125198856,7268.764945121401,12144.440370135353,-187500.02235174447,-187500.02235174447,-187500.02235174447,-187500.02235174447
$SILENCE,2370.2013337852163,-7880.263969929692,7086.5982278106485,12178.325614729598,-187500.02235174447,-187500.02235174447,-187500.02235174447,-187500.02235174447
$SILENCE,2134.6586507151906,-7939.317278780613,6555.9007592082935,12228.929964176414,-187500.02235174447,-187500.02235174447,-187500.02235174447,-187500.02235174447
$SILENCE,2260.4989719985692,-7960.774953457708,6669.089993129968,12192.496620714262,-187500.02235174447,-187500.02235174447,-187500.02235174447,-187500.02235174447
$SILENCE,2516.0017628671844,-7895.910191048407,7226.564851589782,12151.995259761246,-187500.02235174447,-187500.02235174447,-187500.02235174447,-187500.02235174447
$SILENCE,2433.7473432716542,-7877.738222806242,7166.416307260551,12178.616187407517,-187500.02235174447,-187500.02235174447,-187500.02235174447,-187500.02235174447
$SILENCE,2174.5565145679134,-7929.817787387108,6631.337896744954,12222.917344917936,-187500.02235174447,-187500.02235174447,-187500.02235174447,-187500.02235174447
$SILENCE,2212.8897563087653,-7964.708860481842,6579.68301530874,12195.13412655999,-187500.02235174447,-187500.02235174447,-187500.02235174447,-187500.02235174447
$SILENCE,2491.1242712884273,-7908.3154092211025,7157.162685056053,12134.560899086107,-187500.02235174447,-187500.02235174447,-187500.02235174447,-187500.02235174447
$SILENCE,2463.4081081638465,-7873.379632637458,7225.782540533846,12155.97387027429,-187500.02235174447,-187500.02235174447,-187500.02235174447,-187500.02235174447
$SILENCE,2204.664314349212,-7912.47283368979,6720.230784443711,12216.301228559165,-187500.02235174447,-187500.02235174447,-187500.02235174447,-187500.02235174447
$SILENCE,2172.611912800302,-7963.747735470264,6514.706494177162,12214.89306865848,-187500.02235174447,-187500.02235174447,-187500.02235174447,-187500.02235174447
$SILENCE,2458.7142418282324,-7918.641915159455,7063.218303110398,12151.324707427586,-187500.02235174447,-187500.02235174447,-187500.02235174447,-187500.02235174447
$SILENCE,2488.1514892758714,-7871.077402958561,7268.586131165759,12154.521006884695,-187500.02235174447,-187500.02235174447,-187500.02235174447,-187500.02235174447
$SILENCE,2247.534960214491,-7899.888801561452,6827.697971784827,12207.584048221595,-187500.02235174447,-187500.02235174447,-187500.02235174447,-187500.02235174447
$SILENCE,2144.4934182755255,-7961.624319747009,6482.8776100728055,12218.670513471427,-187500.02235174447,-187500.02235174447,-187500.02235174447,-187500.02235174447
$SILENCE,2415.7765407295874,-7930.555394954133,6961.51786583875,12151.771742316692,-187500.02235174447,-187500.02235174447,-187500.02235174447,-187500.02235174447
$SILENCE,2537.660603244377,-7870.093926202528,7321.179785869096,12135.700838053328,-187500.02235174447,-187500.02235174447,-187500.02235174447,-187500.02235174447
$SILENCE,2300.687408529211,-7892.557429380111,6916.635562972494,12193.904780614947,-187500.02235174447,-187500.02235174447,-187500.02235174447,-187500.02235174447
$SILENCE,2147.9132351771873,-7952.817732431618,6504.558802194453,12224.929001918914,-187500.02235174447,-187500.02235174447,-187500.02235174447,-187500.02235174447
$SILENCE,2359.047813302018,-7940.434866003378,6841.936033002858,12176.917454828914,-187500.02235174447,-187500.02235174447,-187500.02235174447,-187500.02235174447
$SILENCE,2518.616916968455,-7885.337815921047,7263.244064240941,12149.558919615618,-187500.02235174447,-187500.02235174447,-187500.02235174447,-187500.02235174447
$SILENCE,2341.9710805381633,-7886.969493266284,7013.060988552688,12189.613245679528,-187500.02235174447,-187500.02235174447,-187500.02235174447,-187500.02235174447
$SILENCE,2126.544967477914,-7939.071409591605,6514.974715110626,12228.32646707612,-187500.02235174447,-187500.02235174447,-187500.02235174447,-187500.02235174447
$SILENCE,2299.1898416507056,-7947.319203295613,6728.836206059004,12166.479190168286,-187500.02235174447,-187500.02235174447,-187500.02235174447,-187500.02235174447
$SILENCE,2523.8248734265417,-7885.404871154413,7251.732915846457,12123.832061747558,-187500.02235174447,-187500.02235174447,-187500.02235174447,-187500.02235174447
$SILENCE,2386.7863281710543,-7872.776135537164,7105.083120475188,12168.915530313914,-187500.02235174447,-187500.02235174447,-187500.02235174447,-187500.02235174447
$SILENCE,2148.024993899464,-7930.488339720767,6568.037756447525,12223.252621084765,-187500.02235174447,-187500.02235174447,-187500.02235174447,-187500.02235174447
$SILENCE,2261.9071318992537,-7958.2715580787135,6634.578899690974,12188.763879390226,-187500.02235174447,-187500.02235174447,-187500.02235174447,-187500.02235174447
$SILENCE,2527.043524628106,-7896.781909082164,7198.468708809461,12130.671695550884,-187500.02235174447,-187500.02235174447,-187500.02235174447,-187500.02235174447
$SILENCE,2448.946529501263,-7871.591493081033,7177.547475999293,12161.762972088216,-187500.02235174447,-187500.02235174447,-187500.02235174447,-187500.02235174447
$SILENCE,2185.57592458438,-7917.636086658966,6648.660498697817,12214.334275047098,-187500.02235174447,-187500.02235174447,-187500.02235174447,-187500.02235174447
$SILENCE,2207.927669039687,-7958.249206334259,6552.547997539998,12197.749280661259,-187500.02235174447,-187500.02235174447,-187500.02235174447,-187500.02235174447
$SILENCE,2490.3866637214023,-7902.883935318463,7127.278402719307,12134.78441653066,-187500.02235174447,-187500.02235174447,-187500.02235174447,-187500.02235174447
$SILENCE,2476.528582159112,-7863.209588910293,7238.5677383622815,12149.268346937699,-187500.02235174447,-187500.02235174447,-187500.02235174447,-187500.02235174447
$SILENCE,2218.924727311698,-7903.934467307862,6748.416334201853,12211.093272101078,-187500.02235174447,-187500.02235174447,-187500.02235174447,-187500.02235174447
$SILENCE,2166.465183075092,-7959.43384879039,6496.065139301436,12211.450900012363,-187500.02235174447,-187500.02235174447,-187500.02235174447,-187500.02235174447
$SILENCE,2460.4129744068355,-7921.078255305083,7035.5244917302725,12147.256689936721,-187500.02235174447,-187500.02235174447,-187500.02235174447,-187500.02235174447
$SILENCE,2510.749102920187,-7872.686728559343,7272.117706789698,12140.2158904333,-187500.02235174447,-187500.02235174447,-187500.02235174447,-187500.02235174447
$SILENCE,2277.821573951432,-7901.319313206592,6840.594928335539,12188.518010201218,-187500.02235174447,-187500.02235174447,-187500.02235174447,-187500.02235174447
$SILENCE,2158.6867760046457,-7954.360002799035,6470.4947436445655,12215.027179125213,-187500.02235174447,-187500.02235174447,-187500.02235174447,-187500.02235174447
$SILENCE,2415.9330029407743,-7929.571918198099,6917.820205428625,12154.766876073703,-187500.02235174447,-187500.02235174447,-187500.02235174447,-187500.02235174447
$SILENCE,2540.1192951344606,-7874.228998926759,7282.8241923837895,12127.900079238425,-187500.02235174447,-187500.02235174447,-187500.02235174447,-187500.02235174447
$SILENCE,2336.9642897801746,-7891.193972968337,6950.610214544561,12178.347966474053,-187500.02235174447,-187500.02235174447,-187500.02235174447,-187500.02235174447
$SILENCE,2149.343746822327,-7950.157874841438,6486.967979308126,12220.235135583298,-187500.02235174447,-187500.02235174447,-187500.02235174447,-187500.02235174447
$SILENCE,2364.6581011603002,-7941.686563692876,6816.2091751348,12164.914568056414,-187500.02235174447,-187500.02235174447,-187500.02235174447,-187500.02235174447
$SILENCE,2544.947271936807,-7874.899551260419,7286.959265108021,12131.141082184444,-187500.02235174447,-187500.02235174447,-187500.02235174447,-187500.02235174447
$SILENCE,2379.410252500803,-7873.491391359734,7048.913186659001,12176.984510062279,-187500.02235174447,-187500.02235174447,-187500.02235174447,-187500.02235174447
$SILENCE,2166.867514475288,-7935.897461878952,6548.703497493684,12213.216687824332,-187500.02235174447,-187500.02235174447,-187500.02235174447,-187500.02235174447
$SILENCE,2309.1587196777728,-7948.727363196298,6709.434891871798,12170.703669870338,-187500.02235174447,-187500.02235174447,-187500.02235174447,-187500.02235174447
$SILENCE,2542.7344492357315,-7889.137612478449,7242.255776197408,12121.418073346385,-187500.02235174447,-187500.02235174447,-187500.02235174447,-187500.02235174447
$SILENCE,2420.9397936987634,-7871.2785686586585,7136.576728412715,12169.273158225198,-187500.02235174447,-187500.02235174447,-187500.02235174447,-187500.02235174447
$SILENCE,2160.698433005623,-7928.0967030640495,6569.982358215137,12228.259411842753,-187500.02235174447,-187500.02235174447,-187500.02235174447,-187500.02235174447
$SILENCE,2254.0393178509853,-7957.1539708559485,6602.0347597640475,12193.301283514653,-187500.02235174447,-187500.02235174447,-187500.02235174447,-187500.02235174447
$SILENCE,2528.1834635953264,-7898.860621316508,7183.4483365354945,12131.92339324038,-187500.02235174447,-187500.02235174447,-187500.02235174447,-187500.02235174447
$SILENCE,2465.8891517983857,-7870.742126791732,7205.554211801793,12160.108942998522,-187500.02235174447,-187500.02235174447,-187500.02235174447,-187500.02235174447
$SILENCE,2208.7770353289884,-7915.132691279971,6692.782842252594,12221.911516417447,-187500.02235174447,-187500.02235174447,-187500.02235174447,-187500.02235174447
$SILENCE,2206.4524539056365,-7957.422191789412,6546.960061426171,12209.372187778019,-187500.02235174447,-187500.02235174447,-187500.02235174447,-187500.02235174447
$SILENCE,2485.8045561080644,-7908.807147599119,7098.645818072059,12141.177015444877,-187500.02235174447,-187500.02235174447,-187500.02235174447,-187500.02235174447
$SILENCE,2498.1650707918493,-7870.742126791732,7237.6289650951585,12141.78051254517,-187500.02235174447,-187500.02235174447,-187500.02235174447,-187500.02235174447
$SILENCE,2254.2628352955385,-7907.019008042695,6765.157790798878,12203.158402819445,-187500.02235174447,-187500.02235174447,-187500.02235174447,-187500.02235174447
$SILENCE,2171.471973833081,-7957.936281911884,6483.324644961911,12217.307057059654,-187500.02235174447,-187500.02235174447,-187500.02235174447,-187500.02235174447
$SILENCE,2448.6559568233442,-7918.194880270348,7005.5284506712505,12152.88932953946,-187500.02235174447,-187500.02235174447,-187500.02235174447,-187500.02235174447
$SILENCE,2520.807387925075,-7864.438934855335,7283.114765061709,12140.238242177755,-187500.02235174447,-187500.02235174447,-187500.02235174447,-187500.02235174447
$SILENCE,2301.983809707619,-7894.211458469804,6869.428678682885,12193.301283514653,-187500.02235174447,-187500.02235174447,-187500.02235174447,-187500.02235174447
$SILENCE,2156.0045666700084,-7953.890616165473,6463.9233307747045,12221.933868161901,-187500.02235174447,-187500.02235174447,-187500.02235174447,-187500.02235174447
$SILENCE,2404.0418748905513,-7933.349363011046,6893.725024905804,12162.54528314415,-187500.02235174447,-187500.02235174447,-187500.02235174447,-187500.02235174447
$SILENCE,2539.649908500899,-7869.803353524609,7304.505384505437,12147.88253878147,-187500.02235174447,-187500.02235174447,-187500.02235174447,-187500.02235174447
$SILENCE,2337.210158969183,-7876.46417337229,6976.784107301725,12193.256580025743,-187500.02235174447,-187500.02235174447,-187500.02235174447,-187500.02235174447
$SILENCE,2146.639185743235,-7938.154988068937,6488.443194442177,12226.605382753061,-187500.02235174447,-187500.02235174447,-187500.02235174447,-187500.02235174447
$SILENCE,2350.2635777310825,-7938.065581091116,6793.946837657313,12175.97868156179,-187500.02235174447,-187500.02235174447,-187500.02235174447,-187500.02235174447
$SILENCE,2547.7412399937202,-7870.205684924804,7284.455869729027,12145.35679165802,-187500.02235174447,-187500.02235174447,-187500.02235174447,-187500.02235174447
$SILENCE,2401.180851600272,-7869.691594802332,7090.554486579238,12191.826068380604,-187500.02235174447,-187500.02235174447,-187500.02235174447,-187500.02235174447
$SILENCE,2157.412726570693,-7932.991735099761,6545.462494547665,12236.954240435869,-187500.02235174447,-187500.02235174447,-187500.02235174447,-187500.02235174447
$SILENCE,2284.1024141433736,-7949.979060885795,6683.752737492649,12197.861039383537,-187500.02235174447,-187500.02235174447,-187500.02235174447,-187500.02235174447
$SILENCE,2529.971603151751,-7883.460269386801,7221.356895131696,12137.310163654109,-187500.02235174447,-187500.02235174447,-187500.02235174447,-187500.02235174447
$SILENCE,2433.7473432716542,-7867.1658476788825,7151.485341964405,12171.709498370827,-187500.02235174447,-187500.02235174447,-187500.02235174447,-187500.02235174447
$SILENCE,2192.3708548987934,-7914.797415113141,6640.50211197163,12237.37892358052,-187500.02235174447,-187500.02235174447,-187500.02235174447,-187500.02235174447
$SILENCE,2237.476675209603,-7946.916871895418,6584.220419433167,12214.177812835911,-187500.02235174447,-187500.02235174447,-187500.02235174447,-187500.02235174447
$SILENCE,2492.3759689779245,-7893.719720091787,7132.419303944029,12150.967079516302,-187500.02235174447,-187500.02235174447,-187500.02235174447,-187500.02235174447
$SILENCE,2470.1806867338046,-7858.2475016412145,7210.561002559782,12165.361602945519,-187500.02235174447,-187500.02235174447,-187500.02235174447,-187500.02235174447
$SILENCE,2212.062741763919,-7901.542830651145,6672.688623987273,12228.214708353844,-187500.02235174447,-187500.02235174447,-187500.02235174447,-187500.02235174447
$SILENCE,2200.663352091712,-7946.872168406507,6505.609334183852,12225.398388552474,-187500.02235174447,-187500.02235174447,-187500.02235174447,-187500.02235174447
$SILENCE,2486.296294486081,-7902.950990551829,7076.852867228135,12158.20904471982,-187500.02235174447,-187500.02235174447,-187500.02235174447,-187500.02235174447
$SILENCE,2521.097960602994,-7853.486580072235,7282.131288305675,12176.515123428719,-187500.02235174447,-187500.02235174447,-187500.02235174447,-187500.02235174447
$SILENCE,2279.8108792079543,-7885.829554299064,6827.228585151266,12230.226365354822,-187500.02235174447,-187500.02235174447,-187500.02235174447,-187500.02235174447
$SILENCE,2179.1386221812513,-7948.883825407484,6470.986482022582,12233.512071789752,-187500.02235174447,-187500.02235174447,-187500.02235174447,-187500.02235174447
$SILENCE,2460.0553464955506,-7914.7750633686865,6956.33226112512,12171.374222203996,-187500.02235174447,-187500.02235174447,-187500.02235174447,-187500.02235174447
$SILENCE,2556.8383999870302,-7862.382574365446,7276.744517891946,12157.02440226369,-187500.02235174447,-187500.02235174447,-187500.02235174447,-187500.02235174447
$SILENCE,2335.4220194127583,-7884.577856609566,6905.347932022564,12208.858097655548,-187500.02235174447,-187500.02235174447,-187500.02235174447,-187500.02235174447
$SILENCE,2174.310645378905,-7939.227871802792,6474.808630324439,12243.816225983648,-187500.02235174447,-187500.02235174447,-187500.02235174447,-187500.02235174447
$SILENCE,2407.729912725677,-7920.1171302935045,6866.075917014589,12183.555922932139,-187500.02235174447,-187500.02235174447,-187500.02235174447,-187500.02235174447
$SILENCE,2555.7655162531755,-7858.359260363492,7294.357692522728,12156.867940052503,-187500.02235174447,-187500.02235174447,-187500.02235174447,-187500.02235174447
$SILENCE,2370.9389413522413,-7865.333004633547,7009.86468909558,12206.354702276552,-187500.02235174447,-187500.02235174447,-187500.02235174447,-187500.02235174447
$SILENCE,2157.971520182076,-7926.33091525208,6502.793014382483,12250.432342342418,-187500.02235174447,-187500.02235174447,-187500.02235174447,-187500.02235174447
$SILENCE,2335.757295579588,-7931.002429843239,6749.913901080358,12203.583085964096,-187500.02235174447,-187500.02235174447,-187500.02235174447,-187500.02235174447
$SILENCE,2546.824818471053,-7867.0540889566055,7262.774677607379,12160.108942998522,-187500.02235174447,-187500.02235174447,-187500.02235174447,-187500.02235174447
$SILENCE,2411.708523238721,-7862.22611215426,7101.752710551347,12202.286684785688,-187500.02235174447,-187500.02235174447,-187500.02235174447,-187500.02235174447
$SILENCE,2176.0317297019637,-7918.70897039282,6564.327366867944,12254.343897622097,-187500.02235174447,-187500.02235174447,-187500.02235174447,-187500.02235174447
$SILENCE,2291.7020072581777,-7941.61950845951,6648.660498697817,12217.195298337378,-187500.02235174447,-187500.02235174447,-187500.02235174447,-187500.02235174447
$SILENCE,2544.500237047701,-7877.537057106145,7219.077017197254,12164.109905256022,-187500.02235174447,-187500.02235174447,-187500.02235174447,-187500.02235174447
$SILENCE,2454.355651659447,-7854.045373683617,7178.732118455425,12186.528704944696,-187500.02235174447,-187500.02235174447,-187500.02235174447,-187500.02235174447
$SILENCE,2200.1269102247848,-7904.716778363798,6637.775199148083,12241.37988583802,-187500.02235174447,-187500.02235174447,-187500.02235174447,-187500.02235174447
$SILENCE,2240.5835676888905,-7944.346421283058,6562.293358122512,12231.053379899668,-187500.02235174447,-187500.02235174447,-187500.02235174447,-187500.02235174447
$SILENCE,2516.4040942673796,-7888.176487466871,7139.348344725174,12170.971890803801,-187500.02235174447,-187500.02235174447,-187500.02235174447,-187500.02235174447
$SILENCE,2495.2593440126593,-7850.446742826312,7230.4093516360945,12189.725004401804,-187500.02235174447,-187500.02235174447,-187500.02235174447,-187500.02235174447
$SILENCE,2250.0160038490303,-7891.864525301997,6741.733162609717,12250.409990597964,-187500.02235174447,-187500.02235174447,-187500.02235174447,-187500.02235174447
$SILENCE,2200.1269102247848,-7942.670040448909,6508.29154351849,12248.174816152432,-187500.02235174447,-187500.02235174447,-187500.02235174447,-187500.02235174447
$SILENCE,2475.8356780809972,-7900.738167850754,7043.347602289629,12173.497637927252,-187500.02235174447,-187500.02235174447,-187500.02235174447,-187500.02235174447
$SILENCE,2524.696591460299,-7853.575987050055,7267.468543942994,12169.83195183658,-187500.02235174447,-187500.02235174447,-187500.02235174447,-187500.02235174447
$SILENCE,2284.5941525213902,-7882.476792630768,6832.2577276537095,12230.338124077098,-187500.02235174447,-187500.02235174447,-187500.02235174447,-187500.02235174447
$SILENCE,2164.85585747431,-7940.1889968143705,6472.640511112275,12253.293365632697,-187500.02235174447,-187500.02235174447,-187500.02235174447,-187500.02235174447
$SILENCE,2427.8688344799084,-7914.37273196849,6936.7968364711805,12188.585065434583,-187500.02235174447,-187500.02235174447,-187500.02235174447,-187500.02235174447
$SILENCE,2547.6294812714436,-7854.715926017276,7288.993273853454,12170.055469281135,-187500.02235174447,-187500.02235174447,-187500.02235174447,-187500.02235174447
$SILENCE,2345.8379323289314,-7870.876237258463,6939.121417894533,12221.687998972893,-187500.02235174447,-187500.02235174447,-187500.02235174447,-187500.02235174447
$SILENCE,2164.9452644521316,-7930.756560654231,6476.552066391953,12256.266147645254,-187500.02235174447,-187500.02235174447,-187500.02235174447,-187500.02235174447
$SILENCE,2385.914610137297,-7922.531118694677,6820.746579259227,12197.548114961162,-187500.02235174447,-187500.02235174447,-187500.02235174447,-187500.02235174447
$SILENCE,2559.3194436215695,-7859.119219674972,7280.63372142717,12164.914568056414,-187500.02235174447,-187500.02235174447,-187500.02235174447,-187500.02235174447
$SILENCE,2396.6434474758444,-7865.4671151002785,7032.171730061977,12212.233211068298,-187500.02235174447,-187500.02235174447,-187500.02235174447,-187500.02235174447
$SILENCE,2176.8140407578994,-7925.23567977377,6509.923220863727,12259.708316291371,-187500.02235174447,-187500.02235174447,-187500.02235174447,-187500.02235174447
$SILENCE,2329.610565854379,-7935.562185712121,6705.724502292216,12212.99317037978,-187500.02235174447,-187500.02235174447,-187500.02235174447,-187500.02235174447
$SILENCE,2552.748030751709,-7870.250388413715,7240.512340129893,12170.949539059346,-187500.02235174447,-187500.02235174447,-187500.02235174447,-187500.02235174447
$SILENCE,2435.5131310836236,-7857.196969651815,7115.633143858093,12205.192411564876,-187500.02235174447,-187500.02235174447,-187500.02235174447,-187500.02235174447
$SILENCE,2190.605067086824,-7912.495185434245,6582.54403859902,12257.048458701189,-187500.02235174447,-187500.02235174447,-187500.02235174447,-187500.02235174447
$SILENCE,2278.9615129186527,-7939.272575291703,6618.820919849983,12231.23219385531,-187500.02235174447,-187500.02235174447,-187500.02235174447,-187500.02235174447
$SILENCE,2539.35933582298,-7878.073498973072,7187.181077859531,12169.764896603216,-187500.02235174447,-187500.02235174447,-187500.02235174447,-187500.02235174447
$SILENCE,2474.0698902690283,-7853.397173094413,7189.170383116053,12192.496620714262,-187500.02235174447,-187500.02235174447,-187500.02235174447,-187500.02235174447
$SILENCE,2218.9694308006087,-7901.051092273127,6661.378641292888,12251.840502243103,-187500.02235174447,-187500.02235174447,-187500.02235174447,-187500.02235174447
$SILENCE,2228.312459982927,-7943.921738138407,6532.945517652693,12239.368228837042,-187500.02235174447,-187500.02235174447,-187500.02235174447,-187500.02235174447
$SILENCE,2512.984277365718,-7891.193972968337,7104.680789074992,12178.213856007322,-187500.02235174447,-187500.02235174447,-187500.02235174447,-187500.02235174447
$SILENCE,2512.581945965522,-7852.07842017155,7237.181930206053,12185.41111772193,-187500.02235174447,-187500.02235174447,-187500.02235174447,-187500.02235174447
$SILENCE,2262.0635941104406,-7890.031682256661,6756.775886628138,12240.172891637432,-187500.02235174447,-187500.02235174447,-187500.02235174447,-187500.02235174447
$SILENCE,2191.1638606982065,-7941.105418337038,6483.458755428643,12246.498435318284,-187500.02235174447,-187500.02235174447,-187500.02235174447,-187500.02235174447
$SILENCE,2477.0873757704944,-7904.962647552807,7008.590639661627,12182.371280476009,-187500.02235174447,-187500.02235174447,-187500.02235174447,-187500.02235174447
$SILENCE,2542.3768213244466,-7855.02885043965,7270.418974211094,12177.163324017922,-187500.02235174447,-187500.02235174447,-187500.02235174447,-187500.02235174447
$SILENCE,2315.014876725063,-7882.454440886312,6863.796039080148,12235.255507857264,-187500.02235174447,-187500.02235174447,-187500.02235174447,-187500.02235174447
$SILENCE,2179.0492152034303,-7941.753618926242,6468.639548854774,12256.556720323173,-187500.02235174447,-187500.02235174447,-187500.02235174447,-187500.02235174447
$SILENCE,2428.204110646738,-7920.698275649343,6892.875658616503,12186.484001455785,-187500.02235174447,-187500.02235174447,-187500.02235174447,-187500.02235174447
$SILENCE,2556.257254631192,-7856.884045229441,7277.415070225606,12169.049640780646,-187500.02235174447,-187500.02235174447,-187500.02235174447,-187500.02235174447
$SILENCE,2356.298548734015,-7869.535132591144,6958.18745591491,12222.425606539919,-187500.02235174447,-187500.02235174447,-187500.02235174447,-187500.02235174447
$SILENCE,2158.3962033267267,-7931.315354265614,6477.8931710592715,12257.339031379108,-187500.02235174447,-187500.02235174447,-187500.02235174447,-187500.02235174447
$SILENCE,2362.7805546260543,-7927.515557708211,6781.385157273431,12205.974722620813,-187500.02235174447,-187500.02235174447,-187500.02235174447,-187500.02235174447
$SILENCE,2557.5536558096,-7863.835437755041,7261.545331662337,12167.842646580058,-187500.02235174447,-187500.02235174447,-187500.02235174447,-187500.02235174447
$SILENCE,2405.9641249137076,-7863.500161588212,7049.136704103555,12211.27208605672,-187500.02235174447,-187500.02235174447,-187500.02235174447,-187500.02235174447
$SILENCE,2173.3942238562377,-7920.251240760236,6521.412017513754,12262.323470392641,-187500.02235174447,-187500.02235174447,-187500.02235174447,-187500.02235174447
$SILENCE,2311.5727080789457,-7936.188034556871,6672.308644331532,12219.676341971915,-187500.02235174447,-187500.02235174447,-187500.02235174447,-187500.02235174447
$SILENCE,2554.0891354190276,-7873.89372275993,7220.596935820215,12170.994242548257,-187500.02235174447,-187500.02235174447,-187500.02235174447,-187500.02235174447
$SILENCE,2445.951395744252,-7858.761591763687,7127.658382375048,12202.621960952516,-187500.02235174447,-187500.02235174447,-187500.02235174447,-187500.02235174447
$SILENCE,2192.4602618766144,-7910.774101111187,6584.421585133266,12256.824941256637,-187500.02235174447,-187500.02235174447,-187500.02235174447,-187500.02235174447
não,2258.330852786404,-7941.083066592582,6575.279721651044,12235.52372879073,-187500.02235174447,-187500.02235174447,-187500.02235174447,-187500.02235174447
não,2532.206777597282,-7884.287283931647,7154.145199554587,12171.776553604193,-187500.02235174447,-187500.02235174447,-187500.02235174447,-187500.02235174447
não,2479.948399060774,-7856.258196384692,7187.404595304084,12187.802754378648,-187500.02235174447,-187500.02235174447,-187500.02235174447,-187500.02235174447
não,2225.697305881656,-7904.001522541228,6670.922836175303,12249.292403375197,-187500.02235174447,-187500.02235174447,-187500.02235174447,-187500.02235174447
não,2214.34261969836,-7946.805113173141,6507.129252806813,12244.799702739681,-187500.02235174447,-187500.02235174447,-187500.02235174447,-187500.02235174447
não,2496.8239661245307,-7898.994731783239,7069.879122958079,12175.755164117238,-187500.02235174447,-187500.02235174447,-187500.02235174447,-187500.02235174447
não,2516.292335545103,-7851.474923071257,7239.752380818413,12184.919379343914,-187500.02235174447,-187500.02235174447,-187500.02235174447,-187500.02235174447
não,2273.373576804826,-7884.242580442737,6772.533866469129,12243.480949816818,-187500.02235174447,-187500.02235174447,-187500.02235174447,-187500.02235174447
não,2180.7255960375783,-7940.658383447932,6460.771734806506,12250.320583620141,-187500.02235174447,-187500.02235174447,-187500.02235174447,-187500.02235174447
não,2451.8969597693635,-7906.974304553784,6962.926025739435,12179.577312419095,-187500.02235174447,-187500.02235174447,-187500.02235174447,-187500.02235174447
não,2537.370030566458,-7854.98414695074,7261.657090384614,12171.284815226176,-187500.02235174447,-187500.02235174447,-187500.02235174447,-187500.02235174447
não,2316.959478492675,-7878.542885606634,6871.060356028123,12226.314810075142,-187500.02235174447,-187500.02235174447,-187500.02235174447,-187500.02235174447
não,2166.487534819548,-7939.160816569426,6449.9534904901375,12252.958089465868,-187500.02235174447,-187500.02235174447,-187500.02235174447,-187500.02235174447
não,2408.176947614783,-7924.9898105847615,6852.106076730022,12192.831896881093,-187500.02235174447,-187500.02235174447,-187500.02235174447,-187500.02235174447
não,2554.2232458857593,-7862.762554021187,7266.641529398147,12169.228454736287,-187500.02235174447,-187500.02235174447,-187500.02235174447,-187500.02235174447
não,2362.0429470590293,-7865.444763355824,6970.860895021069,12215.943600647879,-187500.02235174447,-187500.02235174447,-187500.02235174447,-187500.02235174447
não,2155.9151596921874,-7924.922755351396,6473.378118679299,12258.322508135141,-187500.02235174447,-187500.02235174447,-187500.02235174447,-187500.02235174447
não,2348.855417830398,-7926.956764096829,6741.062610276057,12213.79783318017,-187500.02235174447,-187500.02235174447,-187500.02235174447,-187500.02235174447
não,2557.039565687128,-7865.1765424223595,7247.173159977575,12168.423791935897,-187500.02235174447,-187500.02235174447,-187500.02235174447,-187500.02235174447
não,2412.2896685945593,-7863.74603077722,7066.6381200120595,12200.118565573523,-187500.02235174447,-187500.02235174447,-187500.02235174447,-187500.02235174447
não,2169.728537765567,-7922.374656483491,6529.324535050933,12254.18743541091,-187500.02235174447,-187500.02235174447,-187500.02235174447,-187500.02235174447
não,2293.3560363478705,-7937.685601435376,6633.058981068013,12223.856118185058,-187500.02235174447,-187500.02235174447,-187500.02235174447,-187500.02235174447
não,2548.07651616055,-7874.765440793686,7193.886601196123,12169.764896603216,-187500.02235174447,-187500.02235174447,-187500.02235174447,-187500.02235174447
não,2457.5072476276455,-7858.113391174483,7137.001411557367,12193.569504448118,-187500.02235174447,-187500.02235174447,-187500.02235174447,-187500.02235174447
não,2203.9714102710977,-7908.851851088029,6600.403082418809,12250.342935364597,-187500.02235174447,-187500.02235174447,-187500.02235174447,-187500.02235174447
não,2247.981995103597,-7942.491226493267,6542.936747424215,12233.355609578564,-187500.02235174447,-187500.02235174447,-187500.02235174447,-187500.02235174447
não,2522.5284722481338,-7886.343644421536,7122.852757317157,12170.055469281135,-187500.02235174447,-187500.02235174447,-187500.02235174447,-187500.02235174447
não,2489.179669520816,-7851.161998648882,7199.675703010047,12184.070013054612,-187500.02235174447,-187500.02235174447,-187500.02235174447,-187500.02235174447
não,2235.7779426309994,-7895.2843422036585,6694.70509227575,12242.922156205435,-187500.02235174447,-187500.02235174447,-187500.02235174447,-187500.02235174447
não,2197.087072978863,-7942.915909637918,6480.441269927177,12240.508167804262,-187500.02235174447,-187500.02235174447,-187500.02235174447,-187500.02235174447
não,2481.5130211726455,-7896.670150359888,7037.379686520063,12177.722117629304,-187500.02235174447,-187500.02235174447,-187500.02235174447,-187500.02235174447
não,2517.8346059125192,-7855.207664395293,7238.903014529111,12177.632710651484,-187500.02235174447,-187500.02235174447,-187500.02235174447,-187500.02235174447
não,2275.8099169504544,-7888.534115378156,6785.609636975484,12224.79489145218,-187500.02235174447,-187500.02235174447,-187500.02235174447,-187500.02235174447
não,2168.9685784540866,-7949.532025996688,6443.918519487205,12244.084446917112,-187500.02235174447,-187500.02235174447,-187500.02235174447,-187500.02235174447
não,2436.3848491173803,-7917.5690314256,6924.078693876111,12181.164286275422,-187500.02235174447,-187500.02235174447,-187500.02235174447,-187500.02235174447
não,2553.910321463385,-7861.264987142681,7285.05936682932,12165.719230856805,-187500.02235174447,-187500.02235174447,-187500.02235174447,-187500.02235174447
não,2317.7194378041554,-7868.305786646103,6881.610379411028,12227.812376953647,-187500.02235174447,-187500.02235174447,-187500.02235174447,-187500.02235174447
não,2167.0686801753855,-7929.258993775725,6465.264435442024,12252.66751678795,-187500.02235174447,-187500.02235174447,-187500.02235174447,-187500.02235174447
não,2380.6843019347552,-7920.497109949245,6829.597870063529,12202.286684785688,-187500.02235174447,-187500.02235174447,-187500.02235174447,-187500.02235174447
não,2550.781077239642,-7855.811161495586,7268.027337554377,12177.632710651484,-187500.02235174447,-187500.02235174447,-187500.02235174447,-187500.02235174447
não,2376.504525721613,-7855.162960906382,6974.437174133918,12224.973705407823,-187500.02235174447,-187500.02235174447,-187500.02235174447,-187500.02235174447
não,2158.0385754154418,-7923.559298939622,6446.488970099565,12258.367211624052,-187500.02235174447,-187500.02235174447,-187500.02235174447,-187500.02235174447
não,2301.983809707619,-7951.9907178867725,6660.1492953478455,12187.243960767266,-187500.02235174447,-187500.02235174447,-187500.02235174447,-187500.02235174447
não,2519.108655346472,-7880.152211207415,7208.079958925243,12156.018573763202,-187500.02235174447,-187500.02235174447,-187500.02235174447,-187500.02235174447
não,2410.725046482688,-7857.934577218841,7060.223169353387,12205.907667387446,-187500.02235174447,-187500.02235174447,-187500.02235174447,-187500.02235174447
não,2190.0015699865307,-7897.072481760083,6540.612166000863,12274.639281587515,-187500.02235174447,-187500.02235174447,-187500.02235174447,-187500.02235174447
não,2285.2647048550493,-7921.547641938644,6615.535213415053,12242.765693994248,-187500.02235174447,-187500.02235174447,-187500.02235174447,-187500.02235174447
não,2514.615954710955,-7888.802336311619,7153.809923387757,12139.679448566372,-187500.02235174447,-187500.02235174447,-187500.02235174447,-187500.02235174447
não,2422.012677432618,-7870.9879959807395,7102.959704751934,12160.26540520971,-187500.02235174447,-187500.02235174447,-187500.02235174447,-187500.02235174447
não,2182.7149012941004,-7912.294019734147,6589.964817758181,12251.549929565184,-187500.02235174447,-187500.02235174447,-187500.02235174447,-187500.02235174447
não,2220.578756401391,-7931.42711298789,6509.342075507889,12245.649069028983,-187500.02235174447,-187500.02235174447,-187500.02235174447,-187500.02235174447
não,2488.1291375314163,-7897.854792816019,7063.531227532772,12153.649288850938,-187500.02235174447,-187500.02235174447,-187500.02235174447,-187500.02235174447
não,2449.2147504347267,-7896.781909082164,7147.551434940271,12141.534643356163,-187500.02235174447,-187500.02235174447,-187500.02235174447,-187500.02235174447
não,2212.733294097578,-7922.553470439133,6689.117156161923,12222.067978628635,-187500.02235174447,-187500.02235174447,-187500.02235174447,-187500.02235174447
não,2171.2261046440726,-7952.817732431618,6456.010813237526,12245.246737628788,-187500.02235174447,-187500.02235174447,-187500.02235174447,-187500.02235174447
não,2454.5121138706345,-7901.542830651145,7005.439043693429,12184.472344454807,-187500.02235174447,-187500.02235174447,-187500.02235174447,-187500.02235174447
não,2526.954117650285,-7828.78790244912,7241.585223863748,12185.142896788466,-187500.02235174447,-187500.02235174447,-187500.02235174447,-187500.02235174447
não,2267.763288946544,-7880.912170518896,6784.424994519352,12208.99220812228,-187500.02235174447,-187500.02235174447,-187500.02235174447,-187500.02235174447
não,2109.736455647523,-7967.8381047055855,6383.345292013323,12207.964027877335,-187500.02235174447,-187500.02235174447,-187500.02235174447,-187500.02235174447
não,2391.0331596175624,-7937.596194457555,6858.275158199687,12184.40528922144,-187500.02235174447,-187500.02235174447,-187500.02235174447,-187500.02235174447
não,2507.776320907631,-7875.480696616256,7223.815587021779,12147.971945759291,-187500.02235174447,-187500.02235174447,-187500.02235174447,-187500.02235174447
não,2306.4541585986804,-7894.725548592276,6906.84549890107,12190.283798013186,-187500.02235174447,-187500.02235174447,-187500.02235174447,-187500.02235174447
não,2111.5692986928584,-7970.654424506954,6431.245080381046,12221.33037106161,-187500.02235174447,-187500.02235174447,-187500.02235174447,-187500.02235174447
não,2320.513405861069,-7946.067505606116,6758.206398273278,12168.490847169263,-187500.02235174447,-187500.02235174447,-187500.02235174447,-187500.02235174447
não,2519.421579768846,-7883.013234497695,7234.320906915773,12129.196480416833,-187500.02235174447,-187500.02235174447,-187500.02235174447,-187500.02235174447
não,2333.2986036895045,-7891.797470068631,6959.237987904309,12164.556940145128,-187500.02235174447,-187500.02235174447,-187500.02235174447,-187500.02235174447
não,2115.279688272439,-7954.471761521311,6431.55800480342,12207.137013332489,-187500.02235174447,-187500.02235174447,-187500.02235174447,-187500.02235174447
não,2248.853713137354,-7975.080069909105,6590.657721836295,12175.084611783579,-187500.02235174447,-187500.02235174447,-187500.02235174447,-187500.02235174447
não,2496.77926263562,-7899.665284116899,7142.36583022664,12131.722227540282,-187500.02235174447,-187500.02235174447,-187500.02235174447,-187500.02235174447
não,2385.556982226012,-7875.391289638435,7057.16098036301,12173.83291409408,-187500.02235174447,-187500.02235174447,-187500.02235174447,-187500.02235174447
não,2111.2116707815735,-7954.471761521311,6490.007816554048,12211.517955245728,-187500.02235174447,-187500.02235174447,-187500.02235174447,-187500.02235174447
não,2194.0025322440306,-7977.650520521465,6523.647191959285,12184.673510154906,-187500.02235174447,-187500.02235174447,-187500.02235174447,-187500.02235174447
não,2457.976634261207,-7919.379522726479,7081.122050419099,12132.97392522978,-187500.02235174447,-187500.02235174447,-187500.02235174447,-187500.02235174447
não,2409.495700537646,-7886.500106632723,7122.003391027855,12153.35871617302,-187500.02235174447,-187500.02235174447,-187500.02235174447,-187500.02235174447
não,2137.832598427844,-7934.690467678365,6561.667509277762,12216.658856470449,-187500.02235174447,-187500.02235174447,-187500.02235174447,-187500.02235174447
não,2139.5983862398134,-7983.193753146381,6425.7689029894955,12190.708481157837,-187500.02235174447,-187500.02235174447,-187500.02235174447,-187500.02235174447
não,2418.3916948308583,-7931.069485076605,6996.699511611404,12111.225677874765,-187500.02235174447,-187500.02235174447,-187500.02235174447,-187500.02235174447
não,2437.457732851235,-7889.629350856466,7164.672871193036,12149.469512637796,-187500.02235174447,-187500.02235174447,-187500.02235174447,-187500.02235174447
não,2190.962694998109,-7918.664266903909,6691.620551540917,12215.585972736595,-187500.02235174447,-187500.02235174447,-187500.02235174447,-187500.02235174447
não,2099.8569845982774,-7968.374546572512,6387.659178693197,12205.46063249834,-187500.02235174447,-187500.02235174447,-187500.02235174447,-187500.02235174447
não,2370.9389413522413,-7948.3473835405575,6894.864963873025,12135.20909967531,-187500.02235174447,-187500.02235174447,-187500.02235174447,-187500.02235174447
não,2457.887227283386,-7891.953932279817,7187.717519726458,12127.698913538326,-187500.02235174447,-187500.02235174447,-187500.02235174447,-187500.02235174447
não,2242.706983412145,-7917.703141892332,6797.411358047886,12184.807620621637,-187500.02235174447,-187500.02235174447,-187500.02235174447,-187500.02235174447
não,2093.9114205731657,-7976.376471087512,6389.156745571702,12206.600571465562,-187500.02235174447,-187500.02235174447,-187500.02235174447,-187500.02235174447
não,2334.5503013790017,-7955.902273166451,6803.513384284185,12138.003067732225,-187500.02235174447,-187500.02235174447,-187500.02235174447,-187500.02235174447
não,2469.0630995110396,-7895.351397437024,7199.85451696569,12114.265515120687,-187500.02235174447,-187500.02235174447,-187500.02235174447,-187500.02235174447
não,2275.2287715946163,-7908.449519687834,6888.517068447718,12159.192521475856,-187500.02235174447,-187500.02235174447,-187500.02235174447,-187500.02235174447
não,2077.482888398515,-7969.201561117359,6402.165460844692,12199.537420217684,-187500.02235174447,-187500.02235174447,-187500.02235174447,-187500.02235174447
não,2275.698158228178,-7968.3074913391465,6689.161859650834,12148.64249809295,-187500.02235174447,-187500.02235174447,-187500.02235174447,-187500.02235174447
não,2477.6461693818774,-7904.493260919245,7183.314226068763,12110.577477285562,-187500.02235174447,-187500.02235174447,-187500.02235174447,-187500.02235174447
não,2320.0440192275073,-7904.403853941424,6979.868648036558,12149.31305042661,-187500.02235174447,-187500.02235174447,-187500.02235174447,-187500.02235174447
não,2080.7462430889896,-7962.272520336213,6449.819380023406,12196.966969605324,-187500.02235174447,-187500.02235174447,-187500.02235174447,-187500.02235174447
não,2214.0073435315303,-7974.76714548673,6583.393404888321,12161.181826732378,-187500.02235174447,-187500.02235174447,-187500.02235174447,-187500.02235174447
não,2459.8988842843632,-7909.365941210502,7134.721533622925,12110.488070307742,-187500.02235174447,-187500.02235174447,-187500.02235174447,-187500.02235174447
não,2356.946749323219,-7889.539943878644,7056.848055940635,12133.845643263538,-187500.02235174447,-187500.02235174447,-187500.02235174447,-187500.02235174447
não,2113.9832870940313,-7939.987831114273,6544.970756169648,12195.93878936038,-187500.02235174447,-187500.02235174447,-187500.02235174447,-187500.02235174447
não,2164.766450496489,-7970.453258806856,6520.875575646827,12179.26438799672,-187500.02235174447,-187500.02235174447,-187500.02235174447,-187500.02235174447
não,2423.5549478000344,-7920.385351226968,7060.938425175957,12115.96424769929,-187500.02235174447,-187500.02235174447,-187500.02235174447,-187500.02235174447
não,2393.2683340630933,-7882.722661819776,7139.6612691475475,12130.671695550884,-187500.02235174447,-187500.02235174447,-187500.02235174447,-187500.02235174447
não,2127.059057600386,-7926.353266996535,6603.107643497902,12198.330426017097,-187500.02235174447,-187500.02235174447,-187500.02235174447,-187500.02235174447
não,2120.4205894971597,-7968.978043672806,6451.138132946269,12192.720138158815,-187500.02235174447,-187500.02235174447,-187500.02235174447,-187500.02235174447
não,2385.914610137297,-7924.498072206745,6973.744270055803,12130.917564739892,-187500.02235174447,-187500.02235174447,-187500.02235174447,-187500.02235174447
não,2420.8727384653976,-7873.714908804287,7194.110118640676,12130.15760542841,-187500.02235174447,-187500.02235174447,-187500.02235174447,-187500.02235174447
não,2151.087182889841,-7913.746883123742,6695.219182398222,12190.663777668928,-187500.02235174447,-187500.02235174447,-187500.02235174447,-187500.02235174447
não,2070.151516217174,-7972.151991385459,6373.979911086549,12201.616132452027,-187500.02235174447,-187500.02235174447,-187500.02235174447,-187500.02235174447
não,2353.146952765817,-7937.23856654627,6865.40536468093,12142.78634104566,-187500.02235174447,-187500.02235174447,-187500.02235174447,-187500.02235174447
não,2447.0913347114724,-7876.531228605656,7186.5552290147825,12128.235355405255,-187500.02235174447,-187500.02235174447,-187500.02235174447,-187500.02235174447
não,2224.7138291256224,-7896.960723037806,6818.869032724981,12185.277007255198,-187500.02235174447,-187500.02235174447,-187500.02235174447,-187500.02235174447
não,2072.7890220629006,-7956.885749922485,6389.044986849426,12215.965952392335,-187500.02235174447,-187500.02235174447,-187500.02235174447,-187500.02235174447
não,2305.0683504424514,-7946.4698370063115,6763.2802442646325,12145.669716080394,-187500.02235174447,-187500.02235174447,-187500.02235174447,-187500.02235174447
não,2456.0990877269614,-7879.79458329613,7186.868153437156,12117.01477968869,-187500.02235174447,-187500.02235174447,-187500.02235174447,-187500.02235174447
não,2278.0450913959853,-7886.343644421536,6919.653048473961,12173.229416993789,-187500.02235174447,-187500.02235174447,-187500.02235174447,-187500.02235174447
não,2065.256484181462,-7941.61950845951,6423.399618077233,12220.70452221686,-187500.02235174447,-187500.02235174447,-187500.02235174447,-187500.02235174447
não,2245.7915241469773,-7942.804150915641,6665.133734361379,12179.554960674639,-187500.02235174447,-187500.02235174447,-187500.02235174447,-187500.02235174447
não,2455.7638115601317,-7879.705176318309,7180.56496150076,12141.869919522993,-187500.02235174447,-187500.02235174447,-187500.02235174447,-187500.02235174447
não,2319.440522127214,-7870.876237258463,7011.272848996264,12175.68810888387,-187500.02235174447,-187500.02235174447,-187500.02235174447,-187500.02235174447
não,2090.0892722713083,-7934.243432789259,6473.04284251247,12229.46640604334,-187500.02235174447,-187500.02235174447,-187500.02235174447,-187500.02235174447
não,2201.1774422141843,-7955.566996999622,6554.984337685626,12180.583140919583,-187500.02235174447,-187500.02235174447,-187500.02235174447,-187500.02235174447
não,2454.400355148358,-7889.696406089832,7119.097664248666,12124.279096636665,-187500.02235174447,-187500.02235174447,-187500.02235174447,-187500.02235174447
não,2368.2120285286937,-7869.848057013519,7078.976282951389,12156.890291796959,-187500.02235174447,-187500.02235174447,-187500.02235174447,-187500.02235174447
não,2110.518766703459,-7915.311505235613,6547.004764915081,12216.412987281441,-187500.02235174447,-187500.02235174447,-187500.02235174447,-187500.02235174447
não,2141.2747670739614,-7953.801209187653,6473.176952979202,12198.218667294821,-187500.02235174447,-187500.02235174447,-187500.02235174447,-187500.02235174447
não,2421.2527181211376,-7896.781909082164,7055.238730339853,12146.004992247224,-187500.02235174447,-187500.02235174447,-187500.02235174447,-187500.02235174447
não,2386.942790382241,-7858.850998741508,7151.84296987569,12170.726021614793,-187500.02235174447,-187500.02235174447,-187500.02235174447,-187500.02235174447
não,2117.000772595498,-7896.021949770684,6652.482646999675,12226.404217052963,-187500.02235174447,-187500.02235174447,-187500.02235174447,-187500.02235174447
não,2074.9794930195208,-7946.782761428686,6417.945792430138,12219.721045460827,-187500.02235174447,-187500.02235174447,-187500.02235174447,-187500.02235174447
não,2390.2508485616268,-7910.036493544161,6968.983348486823,12149.804788804626,-187500.02235174447,-187500.02235174447,-187500.02235174447,-187500.02235174447
não,2453.394526647869,-7857.666356285376,7216.148938673608,12153.291660939654,-187500.02235174447,-187500.02235174447,-187500.02235174447,-187500.02235174447
não,2190.4039013867264,-7891.149269479427,6735.899357306881,12216.301228559165,-187500.02235174447,-187500.02235174447,-187500.02235174447,-187500.02235174447
não,2089.642237382202,-7944.18995907187,6416.202356362624,12235.411970068451,-187500.02235174447,-187500.02235174447,-187500.02235174447,-187500.02235174447
não,2322.5474146065017,-7915.289153491159,6843.254785925721,12173.855265838536,-187500.02235174447,-187500.02235174447,-187500.02235174447,-187500.02235174447
não,2448.9912329901736,-7857.688708029832,7229.023543479865,12163.461704666819,-187500.02235174447,-187500.02235174447,-187500.02235174447,-187500.02235174447
não,2166.576941797369,-7872.597321581522,6847.143989460945,12237.647144513983,-187500.02235174447,-187500.02235174447,-187500.02235174447,-187500.02235174447
não,1999.162375827119,-7933.304659522136,6398.164498587192,12240.239946870799,-187500.02235174447,-187500.02235174447,-187500.02235174447,-187500.02235174447
não,2293.8701264703427,-7930.376580998491,6712.072397717524,12165.987451790268,-187500.02235174447,-187500.02235174447,-187500.02235174447,-187500.02235174447
não,2500.199079537282,-7867.791696523631,7164.583464215215,12144.619184090994,-187500.02235174447,-187500.02235174447,-187500.02235174447,-187500.02235174447
não,2320.7369233056215,-7872.686728559343,6933.667592247438,12194.1282980595,-187500.02235174447,-187500.02235174447,-187500.02235174447,-187500.02235174447
não,2084.9260193021323,-7925.012162329217,6428.361705346311,12241.111664904556,-187500.02235174447,-187500.02235174447,-187500.02235174447,-187500.02235174447
não,2230.279413494994,-7931.42711298789,6634.578899690974,12205.214763309332,-187500.02235174447,-187500.02235174447,-187500.02235174447,-187500.02235174447
não,2451.2264074357045,-7869.155152935405,7163.1976560589865,12169.630786136484,-187500.02235174447,-187500.02235174447,-187500.02235174447,-187500.02235174447
não,2346.7990573405095,-7862.136705176438,7032.127026573065,12208.478117999806,-187500.02235174447,-187500.02235174447,-187500.02235174447,-187500.02235174447
não,2097.3312374748275,-7913.322199979091,6497.987389324593,12259.596557569093,-187500.02235174447,-187500.02235174447,-187500.02235174447,-187500.02235174447
não,2175.9423227241427,-7936.344496768057,6530.375067040332,12225.532499019206,-187500.02235174447,-187500.02235174447,-187500.02235174447,-187500.02235174447
não,2455.428535393302,-7874.452516371312,7094.510745347828,12163.573463389095,-187500.02235174447,-187500.02235174447,-187500.02235174447,-187500.02235174447
não,2398.632752732367,-7855.118257417472,7089.325140634196,12178.616187407517,-187500.02235174447,-187500.02235174447,-187500.02235174447,-187500.02235174447
não,2141.766505451978,-7912.539888923156,6566.361375613377,12225.75601646376,-187500.02235174447,-187500.02235174447,-187500.02235174447,-187500.02235174447
não,2160.2066946276063,-7952.2812905646915,6456.65901382673,12224.683132729904,-187500.02235174447,-187500.02235174447,-187500.02235174447,-187500.02235174447
não,2456.4120121493356,-7895.440804414846,7033.088151584644,12175.956329817334,-187500.02235174447,-187500.02235174447,-187500.02235174447,-187500.02235174447
não,2445.0349742215844,-7862.449629598812,7160.113115324154,12188.205085778844,-187500.02235174447,-187500.02235174447,-187500.02235174447,-187500.02235174447
não,2178.9151047366986,-7897.497164904734,6678.567132779019,12241.04460967119,-187500.02235174447,-187500.02235174447,-187500.02235174447,-187500.02235174447
não,2116.9113656176764,-7945.553415483644,6408.491004525543,12235.009638668256,-187500.02235174447,-187500.02235174447,-187500.02235174447,-187500.02235174447
não,2412.9378691837633,-7918.105473292527,6920.524766507718,12164.132257000478,-187500.02235174447,-187500.02235174447,-187500.02235174447,-187500.02235174447
não,2484.8657828409414,-7859.141571419427,7189.7291767274355,12176.202199006344,-187500.02235174447,-187500.02235174447,-187500.02235174447,-187500.02235174447
não,2253.2346550505945,-7874.586626838044,6798.596000504017,12242.586880038605,-187500.02235174447,-187500.02235174447,-187500.02235174447,-187500.02235174447
não,2092.0785775278305,-7937.752656668742,6411.664952238197,12262.077601203633,-187500.02235174447,-187500.02235174447,-187500.02235174447,-187500.02235174447
não,2346.977871296152,-7914.685656390865,6838.762085290205,12205.259466798243,-187500.02235174447,-187500.02235174447,-187500.02235174447,-187500.02235174447
não,2524.361315293469,-7858.873350485963,7235.460845882994,12179.420850207907,-187500.02235174447,-187500.02235174447,-187500.02235174447,-187500.02235174447
não,2316.177167436739,-7880.621597840977,6873.250826984743,12208.142841832978,-187500.02235174447,-187500.02235174447,-187500.02235174447,-187500.02235174447
não,2125.0474005994083,-7930.644801931954,6422.550251787931,12241.581051538116,-187500.02235174447,-187500.02235174447,-187500.02235174447,-187500.02235174447
não,2310.499824345091,-7917.3008104921355,6712.206508184256,12206.377054021008,-187500.02235174447,-187500.02235174447,-187500.02235174447,-187500.02235174447
não,2514.7724169221424,-7864.416583110879,7203.363740845173,12172.40240244894,-187500.02235174447,-187500.02235174447,-187500.02235174447,-187500.02235174447
não,2345.8379323289314,-7862.717850532276,6987.132964984533,12225.308981574653,-187500.02235174447,-187500.02235174447,-187500.02235174447,-187500.02235174447
não,2092.8832403282213,-7919.267764004203,6440.699868285641,12278.19320895591,-187500.02235174447,-187500.02235174447,-187500.02235174447,-187500.02235174447
não,2252.765268417033,-7937.931470624384,6600.179564974256,12211.048568612166,-187500.02235174447,-187500.02235174447,-187500.02235174447,-187500.02235174447
não,2500.7802248931202,-7882.521496119678,7148.110228551654,12161.0700680101,-187500.02235174447,-187500.02235174447,-187500.02235174447,-187500.02235174447
não,2386.696921193233,-7856.168789406871,7069.119163646599,12227.722969975826,-187500.02235174447,-187500.02235174447,-187500.02235174447,-187500.02235174447
não,2130.769447179967,-7903.934467307862,6531.783226941017,12289.458488161385,-187500.02235174447,-187500.02235174447,-187500.02235174447,-187500.02235174447
não,2216.1307592547846,-7938.266746791214,6527.3128780499555,12233.914403189947,-187500.02235174447,-187500.02235174447,-187500.02235174447,-187500.02235174447
não,2486.855088097464,-7881.917999019385,7097.438823871473,12157.292623197154,-187500.02235174447,-187500.02235174447,-187500.02235174447,-187500.02235174447
não,2457.395488905369,-7858.694536530321,7131.860510332645,12179.89023684147,-187500.02235174447,-187500.02235174447,-187500.02235174447,-187500.02235174447
não,2202.4961951370474,-7903.576839396577,6624.520614686086,12250.700563275883,-187500.02235174447,-187500.02235174447,-187500.02235174447,-187500.02235174447
não,2177.0375582024526,-7945.955746883839,6455.7649440485175,12250.857025487068,-187500.02235174447,-187500.02235174447,-187500.02235174447,-187500.02235174447
não,2463.788087819587,-7892.512725891201,7012.658657152493,12194.664739926428,-187500.02235174447,-187500.02235174447,-187500.02235174447,-187500.02235174447
não,2482.272980484126,-7851.0278881821505,7180.609664989671,12194.351815504053,-187500.02235174447,-187500.02235174447,-187500.02235174447,-187500.02235174447
não,2244.7409921575777,-7885.628388598966,6725.483444390708,12255.707354033872,-187500.02235174447,-187500.02235174447,-187500.02235174447,-187500.02235174447
não,2154.574055024869,-7942.915909637918,6424.539557044453,12265.296252405198,-187500.02235174447,-187500.02235174447,-187500.02235174447,-187500.02235174447
não,2432.920328726808,-7908.9636098103065,6934.651069003471,12194.329463759597,-187500.02235174447,-187500.02235174447,-187500.02235174447,-187500.02235174447
não,2511.8890418874075,-7859.052164441606,7212.639714794125,12177.65506239594,-187500.02235174447,-187500.02235174447,-187500.02235174447,-187500.02235174447
não,2285.1529461327727,-7879.548714107123,6812.990523933235,12228.505281031763,-187500.02235174447,-187500.02235174447,-187500.02235174447,-187500.02235174447
não,2134.0551536148973,-7934.71281942282,6415.21887960659,12271.465333874863,-187500.02235174447,-187500.02235174447,-187500.02235174447,-187500.02235174447
não,2365.9321505942526,-7916.876127347485,6818.936087958346,12211.27208605672,-187500.02235174447,-187500.02235174447,-187500.02235174447,-187500.02235174447
não,2490.2525532546706,-7847.406905580391,7212.974990960955,12182.997129320756,-187500.02235174447,-187500.02235174447,-187500.02235174447,-187500.02235174447
não,2331.1975397107053,-7859.36508886398,6916.903783905957,12231.656876999961,-187500.02235174447,-187500.02235174447,-187500.02235174447,-187500.02235174447
não,2150.3048718339055,-7926.085046063072,6431.669763525697,12272.448810630896,-187500.02235174447,-187500.02235174447,-187500.02235174447,-187500.02235174447
não,2332.1586647222834,-7936.791531657163,6696.023845198613,12228.773501965226,-187500.02235174447,-187500.02235174447,-187500.02235174447,-187500.02235174447
não,2527.7811321951312,-7866.003556967206,7181.302569067785,12179.107925785533,-187500.02235174447,-187500.02235174447,-187500.02235174447,-187500.02235174447
não,2390.6084764729117,-7853.866559727974,7003.583848903639,12206.198240065365,-187500.02235174447,-187500.02235174447,-187500.02235174447,-187500.02235174447
não,2161.1454678947293,-7912.763406367709,6486.118613018824,12265.050383216188,-187500.02235174447,-187500.02235174447,-187500.02235174447,-187500.02235174447
não,2285.979960677619,-7938.691429935865,6597.720873084173,12234.204975867866,-187500.02235174447,-187500.02235174447,-187500.02235174447,-187500.02235174447
não,2537.370030566458,-7879.124030962472,7146.344440739685,12169.65313788094,-187500.02235174447,-187500.02235174447,-187500.02235174447,-187500.02235174447
não,2448.208921934238,-7857.688708029832,7093.907248247534,12199.895048128968,-187500.02235174447,-187500.02235174447,-187500.02235174447,-187500.02235174447
não,2192.236744432061,-7909.812976099608,6582.454631621198,12256.646127300994,-187500.02235174447,-187500.02235174447,-187500.02235174447,-187500.02235174447
não,2235.5544251864467,-7930.309525765125,6536.72296246564,12252.645165043494,-187500.02235174447,-187500.02235174447,-187500.02235174447,-187500.02235174447
não,2509.005666852673,-7879.74987980722,7074.014195682311,12201.325559774108,-187500.02235174447,-187500.02235174447,-187500.02235174447,-187500.02235174447
não,2493.2923905005923,-7848.122161402961,7179.067394622254,12194.351815504053,-187500.02235174447,-187500.02235174447,-187500.02235174447,-187500.02235174447
$SILENCE,2219.9976110455527,-7903.1521562519265,6643.050210839536,12248.018353941245,-187500.02235174447,-187500.02235174447,-187500.02235174447,-187500.02235174447
$SILENCE,2202.4514916481367,-7946.089857350571,6462.582226107386,12251.527577820729,-187500.02235174447,-187500.02235174447,-187500.02235174447,-187500.02235174447
$SILENCE,2476.6850443702992,-7897.60892362701,6972.38081364403,12181.767783375715,-187500.02235174447,-187500.02235174447,-187500.02235174447,-187500.02235174447
$SILENCE,2524.8083501825754,-7845.752876490698,7209.957505459489,12170.480152425785,-187500.02235174447,-187500.02235174447,-187500.02235174447,-187500.02235174447
$SILENCE,2253.5252277285135,-7883.79554555363,6735.2288049732215,12226.024237397223,-187500.02235174447,-187500.02235174447,-187500.02235174447,-187500.02235174447
$SILENCE,2164.2970638629276,-7936.411552001424,6435.1566356607245,12237.445978813885,-187500.02235174447,-187500.02235174447,-187500.02235174447,-187500.02235174447
$SILENCE,2416.938831441263,-7913.456310445823,6863.237245468766,12179.554960674639,-187500.02235174447,-187500.02235174447,-187500.02235174447,-187500.02235174447
$SILENCE,2528.004649639684,-7859.163923163882,7188.388072060117,12165.115733756511,-187500.02235174447,-187500.02235174447,-187500.02235174447,-187500.02235174447
$SILENCE,2319.1275977048394,-7873.22317042627,6849.446219139841,12221.464481528341,-187500.02235174447,-187500.02235174447,-187500.02235174447,-187500.02235174447
$SILENCE,2153.7246887355673,-7932.343534510557,6419.599821519831,12257.763714523759,-187500.02235174447,-187500.02235174447,-187500.02235174447,-187500.02235174447
$SILENCE,2396.174060842283,-7924.632182673477,6770.253988534688,12189.143859045966,-187500.02235174447,-187500.02235174447,-187500.02235174447,-187500.02235174447
$SILENCE,2572.1269931944603,-7860.862655742486,7209.622229292659,12161.874730810492,-187500.02235174447,-187500.02235174447,-187500.02235174447,-187500.02235174447
$SILENCE,2381.399557757325,-7864.774211022164,6941.289537106698,12193.882428870491,-187500.02235174447,-187500.02235174447,-187500.02235174447,-187500.02235174447
$SILENCE,2158.3962033267267,-7926.286211763169,6438.531749073476,12234.964935179345,-187500.02235174447,-187500.02235174447,-187500.02235174447,-187500.02235174447
$SILENCE,2335.7796473240433,-7936.210386301325,6663.03267038258,12195.894085871469,-187500.02235174447,-187500.02235174447,-187500.02235174447,-187500.02235174447
$SILENCE,2549.17175163886,-7873.536094848645,7170.841952662701,12149.78243706017,-187500.02235174447,-187500.02235174447,-187500.02235174447,-187500.02235174447
$SILENCE,2412.043799405551,-7866.27177790067,7021.040561323233,12186.618111922517,-187500.02235174447,-187500.02235174447,-187500.02235174447,-187500.02235174447
$SILENCE,2171.449622088626,-7916.250278502736,6500.423729470222,12257.607252312571,-187500.02235174447,-187500.02235174447,-187500.02235174447,-187500.02235174447
$SILENCE,2274.5135157720465,-7936.925642123895,6560.862846477372,12224.32550481862,-187500.02235174447,-187500.02235174447,-187500.02235174447,-187500.02235174447
$SILENCE,2545.2154928702707,-7880.263969929692,7126.473739918917,12149.938899271358,-187500.02235174447,-187500.02235174447,-187500.02235174447,-187500.02235174447
$SILENCE,2469.1972099777713,-7856.0793824290495,7105.038416986277,12169.921358814403,-187500.02235174447,-187500.02235174447,-187500.02235174447,-187500.02235174447
$SILENCE,2202.183270714673,-7905.521441164189,6573.893913494816,12222.55971700665,-187500.02235174447,-187500.02235174447,-187500.02235174447,-187500.02235174447
$SILENCE,2223.2833174804828,-7945.866339906019,6479.323682704411,12209.79687092267,-187500.02235174447,-187500.02235174447,-187500.02235174447,-187500.02235174447
$SILENCE,2516.582908223022,-7890.188144467848,7058.993823408345,12152.554053372629,-187500.02235174447,-187500.02235174447,-187500.02235174447,-187500.02235174447
$SILENCE,2506.6363819404105,-7859.409792352891,7169.634958462115,12164.445181422852,-187500.02235174447,-187500.02235174447,-187500.02235174447,-187500.02235174447
$SILENCE,2246.640890436279,-7904.403853941424,6674.856743199438,12218.335237304598,-187500.02235174447,-187500.02235174447,-187500.02235174447,-187500.02235174447
$SILENCE,2191.4544333761255,-7948.883825407484,6420.2480221090345,12225.75601646376,-187500.02235174447,-187500.02235174447,-187500.02235174447,-187500.02235174447
$SILENCE,2491.1242712884273,-7910.930563322373,6952.040726189701,12160.77949533218,-187500.02235174447,-187500.02235174447,-187500.02235174447,-187500.02235174447
$SILENCE,2544.880216703441,-7865.131838933449,7187.002263903888,12145.714419569305,-187500.02235174447,-187500.02235174447,-187500.02235174447,-187500.02235174447
$SILENCE,2302.654362041278,-7884.734318820753,6774.344357770009,12196.69874867186,-187500.02235174447,-187500.02235174447,-187500.02235174447,-187500.02235174447
$SILENCE,2179.3844913702596,-7935.2045578008365,6444.969051476604,12223.677304229415,-187500.02235174447,-187500.02235174447,-187500.02235174447,-187500.02235174447
$SILENCE,2424.5831280449784,-7913.344551723547,6849.446219139841,12171.50833267073,-187500.02235174447,-187500.02235174447,-187500.02235174447,-187500.02235174447
$SILENCE,2579.659531075899,-7858.8957022304185,7230.319944658273,12154.83393130707,-187500.02235174447,-187500.02235174447,-187500.02235174447,-187500.02235174447
$SILENCE,2336.494903146613,-7876.307711161103,6868.556960649128,12194.307112015142,-187500.02235174447,-187500.02235174447,-187500.02235174447,-187500.02235174447
$SILENCE,2161.6595580172016,-7942.401819515446,6429.725161758085,12201.012635351735,-187500.02235174447,-187500.02235174447,-187500.02235174447,-187500.02235174447
$SILENCE,2379.365549011892,-7936.232738045781,6721.884813533404,12149.581271360074,-187500.02235174447,-187500.02235174447,-187500.02235174447,-187500.02235174447
$SILENCE,2572.7081385502984,-7861.309690631591,7187.538705770816,12118.333532611554,-187500.02235174447,-187500.02235174447,-187500.02235174447,-187500.02235174447
$SILENCE,2382.4500897467246,-7861.108524931494,6955.259377391265,12163.126428499989,-187500.02235174447,-187500.02235174447,-187500.02235174447,-187500.02235174447
$SILENCE,2149.3660985667825,-7928.253165275236,6424.6513157667305,12211.60736222355,-187500.02235174447,-187500.02235174447,-187500.02235174447,-187500.02235174447
$SILENCE,2328.98471700963,-7942.401819515446,6615.535213415053,12177.185675762377,-187500.02235174447,-187500.02235174447,-187500.02235174447,-187500.02235174447
$SILENCE,2571.679958305354,-7886.522458377178,7149.361926241151,12127.87772749397,-187500.02235174447,-187500.02235174447,-187500.02235174447,-187500.02235174447
$SILENCE,2445.571416088512,-7869.646891313421,7041.067724355188,12154.185730717867,-187500.02235174447,-187500.02235174447,-187500.02235174447,-187500.02235174447
$SILENCE,2189.353369397327,-7917.926659336885,6515.3993982552765,12212.859059913048,-187500.02235174447,-187500.02235174447,-187500.02235174447,-187500.02235174447
$SILENCE,2280.9061146862646,-7949.152046340949,6546.401267814787,12191.043757324667,-187500.02235174447,-187500.02235174447,-187500.02235174447,-187500.02235174447
$SILENCE,2568.4613071037897,-7892.222153213282,7126.071408518721,12122.759178013705,-187500.02235174447,-187500.02235174447,-187500.02235174447,-187500.02235174447
$SILENCE,2484.8210793520307,-7860.505027831201,7122.025742772311,12126.849547249025,-187500.02235174447,-187500.02235174447,-187500.02235174447,-187500.02235174447
$SILENCE,2202.7867678149664,-7905.789662097653,6580.353567642399,12171.329518715087,-187500.02235174447,-187500.02235174447,-187500.02235174447,-187500.02235174447
$SILENCE,2233.7886373744773,-7953.510636509734,6464.370365663811,12179.309091485631,-187500.02235174447,-187500.02235174447,-187500.02235174447,-187500.02235174447
$SILENCE,2539.627556756444,-7905.297923719636,7052.556521005216,12124.569669314584,-187500.02235174447,-187500.02235174447,-187500.02235174447,-187500.02235174447
$SILENCE,2528.0493531285947,-7858.828646997053,7181.011996389866,12126.603678060017,-187500.02235174447,-187500.02235174447,-187500.02235174447,-187500.02235174447
$SILENCE,2277.1957251066838,-7898.592400383044,6688.826583484004,12177.498600184752,-187500.02235174447,-187500.02235174447,-187500.02235174447,-187500.02235174447
$SILENCE,2203.993762015553,-7953.845912676563,6417.02937090747,12188.093327056567,-187500.02235174447,-187500.02235174447,-187500.02235174447,-187500.02235174447
$SILENCE,2487.905620086863,-7914.216269757304,6923.98928689829,12120.524003568175,-187500.02235174447,-187500.02235174447,-187500.02235174447,-187500.02235174447
$SILENCE,2548.098867905005,-7860.996766209218,7201.374435588651,12102.083814392545,-187500.02235174447,-187500.02235174447,-187500.02235174447,-187500.02235174447
$SILENCE,2326.1013419748956,-7889.271722945181,6807.693160497327,12152.039963250156,-187500.02235174447,-187500.02235174447,-187500.02235174447,-187500.02235174447
$SILENCE,2188.8169275303994,-7951.409572530934,6408.535708014454,12196.631693438494,-187500.02235174447,-187500.02235174447,-187500.02235174447,-187500.02235174447
$SILENCE,2440.2293491636933,-7928.566089697611,6842.964213247802,12135.387913630953,-187500.02235174447,-187500.02235174447,-187500.02235174447,-187500.02235174447
$SILENCE,2595.3728074279798,-7878.185257695349,7243.663936098092,12101.815593459081,-187500.02235174447,-187500.02235174447,-187500.02235174447,-187500.02235174447
$SILENCE,2391.1225665953834,-7888.8917432894405,6943.658822018961,12146.362620158508,-187500.02235174447,-187500.02235174447,-187500.02235174447,-187500.02235174447
$SILENCE,2183.1395844387516,-7935.226909545292,6466.829057553895,12186.46164971133,-187500.02235174447,-187500.02235174447,-187500.02235174447,-187500.02235174447
$SILENCE,2338.439504914225,-7924.654534417932,6675.8849234443815,12138.83008227707,-187500.02235174447,-187500.02235174447,-187500.02235174447,-187500.02235174447
$SILENCE,2580.7994700431195,-7872.373804136969,7184.878848180634,12095.266532333677,-187500.02235174447,-187500.02235174447,-187500.02235174447,-187500.02235174447
$SILENCE,2447.136038200383,-7873.536094848645,7026.740256159336,12132.996276974234,-187500.02235174447,-187500.02235174447,-187500.02235174447,-187500.02235174447
$SILENCE,2177.1046134358185,-7919.871261104497,6518.841566901394,12178.996167063257,-187500.02235174447,-187500.02235174447,-187500.02235174447,-187500.02235174447
$SILENCE,2306.4541585986804,-7941.708915437332,6619.871451839382,12141.646402078439,-187500.02235174447,-187500.02235174447,-187500.02235174447,-187500.02235174447
$SILENCE,2572.84224901703,-7891.931580535363,7150.390106486096,12097.904038179404,-187500.02235174447,-187500.02235174447,-187500.02235174447,-187500.02235174447
$SILENCE,2484.0611200405506,-7868.9316354908515,7096.701216304447,12122.043922191135,-187500.02235174447,-187500.02235174447,-187500.02235174447,-187500.02235174447
$SILENCE,2237.186102531684,-7920.810034371619,6562.315709866966,12179.040870552168,-187500.02235174447,-187500.02235174447,-187500.02235174447,-187500.02235174447
$SILENCE,2290.0703299129405,-7955.7458109552645,6560.102887165891,12161.762972088216,-187500.02235174447,-187500.02235174447,-187500.02235174447,-187500.02235174447
$SILENCE,2548.769420238664,-7895.664321859399,7084.87714348759,12084.940026395325,-187500.02235174447,-187500.02235174447,-187500.02235174447,-187500.02235174447
$SILENCE,2543.874388202952,-7872.284397159147,7139.996545314378,12103.380215570953,-187500.02235174447,-187500.02235174447,-187500.02235174447,-187500.02235174447
$SILENCE,2249.3230997709156,-7903.80035684113,6657.8023621800385,12164.936919800868,-187500.02235174447,-187500.02235174447,-187500.02235174447,-187500.02235174447
$SILENCE,2212.062741763919,-7954.76233419923,6459.587092350375,12152.88932953946,-187500.02235174447,-187500.02235174447,-187500.02235174447,-187500.02235174447
$SILENCE,2539.2475771007034,-7917.010237814216,7015.854956609602,12088.113974107979,-187500.02235174447,-187500.02235174447,-187500.02235174447,-187500.02235174447
$SILENCE,2550.065821417072,-7852.704269016299,7197.5969907757035,12104.207230115799,-187500.02235174447,-187500.02235174447,-187500.02235174447,-187500.02235174447
$SILENCE,2289.511536301558,-7882.812068797597,6735.497025906686,12175.397536205952,-187500.02235174447,-187500.02235174447,-187500.02235174447,-187500.02235174447
$SILENCE,2190.0015699865307,-7944.5922904720655,6408.781577203462,12185.03113806619,-187500.02235174447,-187500.02235174447,-187500.02235174447,-187500.02235174447
$SILENCE,2478.450832182268,-7915.535022680167,6900.765824409226,12110.599829030018,-187500.02235174447,-187500.02235174447,-187500.02235174447,-187500.02235174447
$SILENCE,2558.0230424431616,-7854.894739972919,7208.5716973032595,12100.720357980772,-187500.02235174447,-187500.02235174447,-187500.02235174447,-187500.02235174447
$SILENCE,2357.7961156125207,-7882.789717053141,6834.671716054883,12158.611376120018,-187500.02235174447,-187500.02235174447,-187500.02235174447,-187500.02235174447
$SILENCE,2192.0132269875085,-7941.284232292681,6413.274277838979,12186.238132266777,-187500.02235174447,-187500.02235174447,-187500.02235174447,-187500.02235174447
$SILENCE,2441.324584642003,-7928.007296086228,6790.661131222383,12128.816500761093,-187500.02235174447,-187500.02235174447,-187500.02235174447,-187500.02235174447
$SILENCE,2618.2833454946694,-7872.396155881424,7189.215086604963,12097.501706779207,-187500.02235174447,-187500.02235174447,-187500.02235174447,-187500.02235174447
$SILENCE,2405.785310958065,-7868.730469790754,6922.983458397801,12147.12257946999,-187500.02235174447,-187500.02235174447,-187500.02235174447,-187500.02235174447
$SILENCE,2166.28636911945,-7919.983019826773,6435.760132761018,12198.93392311739,-187500.02235174447,-187500.02235174447,-187500.02235174447,-187500.02235174447
$SILENCE,2397.7386829541547,-7933.550528711145,6669.514676274619,12159.416038920408,-187500.02235174447,-187500.02235174447,-187500.02235174447,-187500.02235174447
$SILENCE,2602.547717398133,-7871.591493081033,7178.463897521961,12110.197497629822,-187500.02235174447,-187500.02235174447,-187500.02235174447,-187500.02235174447
$SILENCE,2446.0184509776177,-7870.853885514008,6999.538183157228,12118.981733200757,-187500.02235174447,-187500.02235174447,-187500.02235174447,-187500.02235174447
$SILENCE,2205.2007562161393,-7928.409627486423,6476.105031502847,12167.306204713132,-187500.02235174447,-187500.02235174447,-187500.02235174447,-187500.02235174447
$SILENCE,2308.5775743219347,-7932.343534510557,6574.832686761938,12161.606509877029,-187500.02235174447,-187500.02235174447,-187500.02235174447,-187500.02235174447
$SILENCE,2609.6332203904653,-7867.948158734818,7137.917833080034,12123.1615094139,-187500.02235174447,-187500.02235174447,-187500.02235174447,-187500.02235174447
$SILENCE,2502.7918818940975,-7852.525455060656,7091.0238732128,12140.931146255869,-187500.02235174447,-187500.02235174447,-187500.02235174447,-187500.02235174447
$SILENCE,2242.3940589897707,-7897.251295715725,6575.771460029061,12181.074879297601,-187500.02235174447,-187500.02235174447,-187500.02235174447,-187500.02235174447
$SILENCE,2292.149042147284,-7936.56801421261,6521.43436925821,12174.011728049723,-187500.02235174447,-187500.02235174447,-187500.02235174447,-187500.02235174447
$SILENCE,2588.7566910692085,-7902.928638807373,7043.057029611711,12100.563895769585,-187500.02235174447,-187500.02235174447,-187500.02235174447,-187500.02235174447
$SILENCE,2578.9889787422394,-7854.157132405893,7151.619452431137,12114.846660476525,-187500.02235174447,-187500.02235174447,-187500.02235174447,-187500.02235174447
$SILENCE,2263.8740854113207,-7887.7741560666755,6631.784931634061,12187.869809612013,-187500.02235174447,-187500.02235174447,-187500.02235174447,-187500.02235174447
$SILENCE,2193.0637589769076,-7942.938261382373,6410.167385359691,12176.358661217531,-187500.02235174447,-187500.02235174447,-187500.02235174447,-187500.02235174447
$SILENCE,2538.0852863890277,-7902.839231829552,6968.893941509002,12117.35005585552,-187500.02235174447,-187500.02235174447,-187500.02235174447,-187500.02235174447
$SILENCE,2655.7895726906745,-7859.946234219818,7200.368607088162,12122.982695458257,-187500.02235174447,-187500.02235174447,-187500.02235174447,-187500.02235174447
$SILENCE,2321.0274959835406,-7892.199801468826,6748.975127813235,12147.346096914542,-187500.02235174447,-187500.02235174447,-187500.02235174447,-187500.02235174447
$SILENCE,2195.768320056,-7930.868319376507,6406.0993678688255,12183.913550843425,-187500.02235174447,-187500.02235174447,-187500.02235174447,-187500.02235174447
$SILENCE,2498.232126025215,-7904.85088883053,6872.043832784157,12147.346096914542,-187500.02235174447,-187500.02235174447,-187500.02235174447,-187500.02235174447
$SILENCE,2576.172658940871,-7879.079327473561,7176.765164943357,12083.353052538998,-187500.02235174447,-187500.02235174447,-187500.02235174447,-187500.02235174447
$SILENCE,2352.476400432158,-7886.745975821731,6837.845663767536,12141.44523637834,-187500.02235174447,-187500.02235174447,-187500.02235174447,-187500.02235174447
$SILENCE,2174.0647761898967,-7905.856717331018,6406.859327180306,12210.757995934247,-187500.02235174447,-187500.02235174447,-187500.02235174447,-187500.02235174447
$SILENCE,2436.8989392398526,-7910.885859833463,6719.917860021336,12134.985582230758,-187500.02235174447,-187500.02235174447,-187500.02235174447,-187500.02235174447
$SILENCE,2637.4611422373227,-7859.275681886159,7177.301606810285,12093.277227077155,-187500.02235174447,-187500.02235174447,-187500.02235174447,-187500.02235174447
$SILENCE,2451.695794069266,-7864.483638344245,6953.650051790482,12146.876710280982,-187500.02235174447,-187500.02235174447,-187500.02235174447,-187500.02235174447
$SILENCE,2166.5545900529137,-7916.742016880753,6435.447208338644,12201.437318496386,-187500.02235174447,-187500.02235174447,-187500.02235174447,-187500.02235174447
$SILENCE,2382.0030548576183,-7934.131674066982,6635.383562491365,12162.992318033257,-187500.02235174447,-187500.02235174447,-187500.02235174447,-187500.02235174447
$SILENCE,2626.2405665207584,-7866.584702323044,7180.363795800662,12126.40251235992,-187500.02235174447,-187500.02235174447,-187500.02235174447,-187500.02235174447
$SILENCE,2439.8046660190425,-7868.953987235307,6994.218467976865,12110.421015074375,-187500.02235174447,-187500.02235174447,-187500.02235174447,-187500.02235174447
$SILENCE,2213.672067364701,-7901.051092273127,6494.925200334215,12212.36732153503,-187500.02235174447,-187500.02235174447,-187500.02235174447,-187500.02235174447
$SILENCE,2315.0372284695186,-7918.306638992624,6542.422657301743,12208.031083110702,-187500.02235174447,-187500.02235174447,-187500.02235174447,-187500.02235174447
$SILENCE,2571.0764612050607,-7847.339850347024,7075.064727671711,12150.475341138284,-187500.02235174447,-187500.02235174447,-187500.02235174447,-187500.02235174447
$SILENCE,2478.1826112488047,-7828.78790244912,7085.167716165509,12159.21487322031,-187500.02235174447,-187500.02235174447,-187500.02235174447,-187500.02235174447
$SILENCE,2219.796445345455,-7878.676996073365,6564.930863968238,12207.204068565854,-187500.02235174447,-187500.02235174447,-187500.02235174447,-187500.02235174447
$SILENCE,2269.1043936138626,-7924.3416099955575,6469.332452932889,12215.89889715897,-187500.02235174447,-187500.02235174447,-187500.02235174447,-187500.02235174447
$SILENCE,2553.642100529921,-7877.0900222170385,7008.501232683806,12163.707573855827,-187500.02235174447,-187500.02235174447,-187500.02235174447,-187500.02235174447
$SILENCE,2494.365274234447,-7823.892870413408,7126.987830041388,12165.138085500967,-187500.02235174447,-187500.02235174447,-187500.02235174447,-187500.02235174447
$SILENCE,2217.4271604331925,-7867.903455245907,6643.69841142874,12224.772539707727,-187500.02235174447,-187500.02235174447,-187500.02235174447,-187500.02235174447
$SILENCE,2220.15407325674,-7910.885859833463,6395.482289252554,12252.868682488046,-187500.02235174447,-187500.02235174447,-187500.02235174447,-187500.02235174447
$SILENCE,2489.11261428745,-7865.780039522653,6930.2254236013205,12197.592818450072,-187500.02235174447,-187500.02235174447,-187500.02235174447,-187500.02235174447
$SILENCE,2530.6645072298656,-7824.585774491522,7171.08782185171,12167.55207390214,-187500.02235174447,-187500.02235174447,-187500.02235174447,-187500.02235174447
$SILENCE,2279.0732716409293,-7848.79271373662,6744.303613222077,12207.539344732684,-187500.02235174447,-187500.02235174447,-187500.02235174447,-187500.02235174447
$SILENCE,2156.7198224925783,-7884.644911842932,6391.16840257268,12283.647034603006,-187500.02235174447,-187500.02235174447,-187500.02235174447,-187500.02235174447
$SILENCE,2449.9523580017517,-7881.605074597011,6835.431675366363,12209.953333133857,-187500.02235174447,-187500.02235174447,-187500.02235174447,-187500.02235174447
$SILENCE,2563.9015512349074,-7810.21360280676,7220.261659653385,12183.1759432764,-187500.02235174447,-187500.02235174447,-187500.02235174447,-187500.02235174447
$SILENCE,2332.6727548447557,-7820.897736656397,6869.898065316447,12259.23892965781,-187500.02235174447,-187500.02235174447,-187500.02235174447,-187500.02235174447
$SILENCE,2205.2678114495056,-7897.363054438002,6425.075998911381,12254.165083666454,-187500.02235174447,-187500.02235174447,-187500.02235174447,-187500.02235174447
$SILENCE,2367.0944413059287,-7882.834420542053,6689.452432328753,12220.346894305576,-187500.02235174447,-187500.02235174447,-187500.02235174447,-187500.02235174447
$SILENCE,2549.842303972519,-7813.186384819315,7170.8866561516115,12209.483946500295,-187500.02235174447,-187500.02235174447,-187500.02235174447,-187500.02235174447
$SILENCE,2341.3228799489593,-7810.861803395964,6948.442095332396,12226.203051352866,-187500.02235174447,-187500.02235174447,-187500.02235174447,-187500.02235174447
$SILENCE,2067.156382460163,-7880.018100740684,6389.760242671996,12270.750078052293,-187500.02235174447,-187500.02235174447,-187500.02235174447,-187500.02235174447
$SILENCE,2283.387158320804,-7889.875220045474,6581.9628932431815,12248.37598185253,-187500.02235174447,-187500.02235174447,-187500.02235174447,-187500.02235174447
$SILENCE,2548.0318126716393,-7816.248573809693,7142.969327326933,12183.51121944323,-187500.02235174447,-187500.02235174447,-187500.02235174447,-187500.02235174447
$SILENCE,2444.230311421193,-7805.296219026593,7058.792657708247,12209.595705222573,-187500.02235174447,-187500.02235174447,-187500.02235174447,-187500.02235174447
$SILENCE,2178.311607636405,-7879.235789684748,6512.180747053712,12260.691793047405,-187500.02235174447,-187500.02235174447,-187500.02235174447,-187500.02235174447
$SILENCE,2216.2648697215163,-7896.424281170879,6501.04957831497,12264.75981053827,-187500.02235174447,-187500.02235174447,-187500.02235174447,-187500.02235174447
$SILENCE,2478.450832182268,-7822.350600045991,7062.547750776738,12200.722062673816,-187500.02235174447,-187500.02235174447,-187500.02235174447,-187500.02235174447
$SILENCE,2424.918404211808,-7800.155317801871,7091.448556357451,12214.021350624724,-187500.02235174447,-187500.02235174447,-187500.02235174447,-187500.02235174447
$SILENCE,2184.123061194785,-7858.672184785865,6587.997864246115,12263.977499482335,-187500.02235174447,-187500.02235174447,-187500.02235174447,-187500.02235174447
$SILENCE,2160.1619911386956,-7902.70512136282,6418.661048252708,12252.46635108785,-187500.02235174447,-187500.02235174447,-187500.02235174447,-187500.02235174447
$SILENCE,2504.0212278391396,-7845.88698695743,7003.606200648093,12210.914458145435,-187500.02235174447,-187500.02235174447,-187500.02235174447,-187500.02235174447
$SILENCE,2510.950268620285,-7791.795765375587,7169.545551484293,12193.770670148215,-187500.02235174447,-187500.02235174447,-187500.02235174447,-187500.02235174447
$SILENCE,2215.929593554687,-7822.060027368073,6692.715787019228,12266.257377416776,-187500.02235174447,-187500.02235174447,-187500.02235174447,-187500.02235174447
$SILENCE,2091.0727490273416,-7874.787792538142,6381.735966412541,12285.591636370616,-187500.02235174447,-187500.02235174447,-187500.02235174447,-187500.02235174447
$SILENCE,2396.6434474758444,-7858.850998741508,6885.36547247952,12202.018463852224,-187500.02235174447,-187500.02235174447,-187500.02235174447,-187500.02235174447
$SILENCE,2498.5450504475893,-7811.130024329427,7188.678644738036,12185.388765977475,-187500.02235174447,-187500.02235174447,-187500.02235174447,-187500.02235174447
$SILENCE,2306.7223795321443,-7833.861748440475,6808.1848988753445,12245.649069028983,-187500.02235174447,-187500.02235174447,-187500.02235174447,-187500.02235174447
$SILENCE,2143.420534541671,-7895.9325427928625,6387.055681592904,12266.883226261525,-187500.02235174447,-187500.02235174447,-187500.02235174447,-187500.02235174447
$SILENCE,2384.394691514336,-7869.624539568966,6779.4852589947295,12213.909591902446,-187500.02235174447,-187500.02235174447,-187500.02235174447,-187500.02235174447
$SILENCE,2515.4653210002566,-7787.660692651355,7194.355987829685,12203.98541736429,-187500.02235174447,-187500.02235174447,-187500.02235174447,-187500.02235174447
$SILENCE,2302.632010296823,-7801.697588169288,6905.504394233751,12244.643240528494,-187500.02235174447,-187500.02235174447,-187500.02235174447,-187500.02235174447
$SILENCE,2109.088255058319,-7874.340757649035,6426.037123922959,12285.882209048536,-187500.02235174447,-187500.02235174447,-187500.02235174447,-187500.02235174447
$SILENCE,2318.7029145601887,-7879.414603640391,6688.111327661434,12236.529557291218,-187500.02235174447,-187500.02235174447,-187500.02235174447,-187500.02235174447
$SILENCE,2544.8355132145302,-7808.514870228157,7175.669929465048,12193.79302189267,-187500.02235174447,-187500.02235174447,-187500.02235174447,-187500.02235174447
$SILENCE,2398.588049243456,-7807.30787602757,6994.106709254588,12217.374112293019,-187500.02235174447,-187500.02235174447,-187500.02235174447,-187500.02235174447
$SILENCE,2154.6858137471454,-7856.45936208479,6504.0670638164365,12280.987177012823,-187500.02235174447,-187500.02235174447,-187500.02235174447,-187500.02235174447
$SILENCE,2259.7390126870887,-7875.883028016452,6591.663550336784,12250.164121408954,-187500.02235174447,-187500.02235174447,-187500.02235174447,-187500.02235174447
$SILENCE,2515.4206175113463,-7816.650905209888,7136.308507479252,12197.36930100552,-187500.02235174447,-187500.02235174447,-187500.02235174447,-187500.02235174447
$SILENCE,2434.753171772143,-7798.344826500992,7100.612771584127,12223.56554550714,-187500.02235174447,-187500.02235174447,-187500.02235174447,-187500.02235174447
$SILENCE,2157.9044649487096,-7857.264024885181,6531.202081585179,12272.940549008912,-187500.02235174447,-187500.02235174447,-187500.02235174447,-187500.02235174447
$SILENCE,2230.6817448951897,-7883.303807175614,6491.527735177009,12256.601423812082,-187500.02235174447,-187500.02235174447,-187500.02235174447,-187500.02235174447
$SILENCE,2512.358428520969,-7825.591602992011,7062.257178098819,12195.536457960185,-187500.02235174447,-187500.02235174447,-187500.02235174447,-187500.02235174447
$SILENCE,2481.647131639377,-7790.521715941634,7143.08108604921,12212.657894212949,-187500.02235174447,-187500.02235174447,-187500.02235174447,-187500.02235174447
$SILENCE,2219.7293901120893,-7839.248518854203,6649.241644053655,12272.694679819904,-187500.02235174447,-187500.02235174447,-187500.02235174447,-187500.02235174447
$SILENCE,2169.415613343193,-7887.617693855488,6435.313097871912,12270.727726307838,-187500.02235174447,-187500.02235174447,-187500.02235174447,-187500.02235174447
$SILENCE,2477.2438379816817,-7842.534225289134,6982.282636437731,12201.057338840645,-187500.02235174447,-187500.02235174447,-187500.02235174447,-187500.02235174447
$SILENCE,2533.436123542324,-7798.54599220109,7192.880772695634,12195.469402726818,-187500.02235174447,-187500.02235174447,-187500.02235174447,-187500.02235174447
$SILENCE,2268.5456000024797,-7832.028905395139,6746.270566734143,12246.09610391809,-187500.02235174447,-187500.02235174447,-187500.02235174447,-187500.02235174447
$SILENCE,2162.575979539869,-7891.37278692398,6409.3627225593,12266.883226261525,-187500.02235174447,-187500.02235174447,-187500.02235174447,-187500.02235174447
$SILENCE,2453.5062853701456,-7864.3495278775135,6883.0855945450785,12202.063167341134,-187500.02235174447,-187500.02235174447,-187500.02235174447,-187500.02235174447
$SILENCE,2552.9268447073514,-7804.268038781648,7212.729121771947,12189.948521846358,-187500.02235174447,-187500.02235174447,-187500.02235174447,-187500.02235174447
$SILENCE,2331.331650177437,-7823.602297735489,6857.805771566126,12235.747246235282,-187500.02235174447,-187500.02235174447,-187500.02235174447,-187500.02235174447
$SILENCE,2170.153220910218,-7886.343644421536,6418.683399997163,12268.693717562404,-187500.02235174447,-187500.02235174447,-187500.02235174447,-187500.02235174447
$SILENCE,2427.712372268721,-7876.374766394469,6782.256875307188,12212.747301190771,-187500.02235174447,-187500.02235174447,-187500.02235174447,-187500.02235174447
$SILENCE,2606.191051744348,-7817.388512776914,7219.971086975466,12176.179847261888,-187500.02235174447,-187500.02235174447,-187500.02235174447,-187500.02235174447
$SILENCE,2431.109837425928,-7823.021152379651,6963.574226328639,12219.788100694192,-187500.02235174447,-187500.02235174447,-187500.02235174447,-187500.02235174447
$SILENCE,2205.178404471684,-7880.822763541075,6455.5861300928755,12262.52463609274,-187500.02235174447,-187500.02235174447,-187500.02235174447,-187500.02235174447
$SILENCE,2371.6094936859004,-7886.388347910446,6671.056946642036,12221.0845018726,-187500.02235174447,-187500.02235174447,-187500.02235174447,-187500.02235174447
$SILENCE,2591.2153829592926,-7819.8025011780865,7192.903124440089,12180.985472319779,-187500.02235174447,-187500.02235174447,-187500.02235174447,-187500.02235174447
$SILENCE,2454.0874307259837,-7806.7714341606425,7055.842227440146,12220.41394953894,-187500.02235174447,-187500.02235174447,-187500.02235174447,-187500.02235174447
$SILENCE,2199.6575235912233,-7865.064783700083,6524.273040804034,12271.197112941398,-187500.02235174447,-187500.02235174447,-187500.02235174447,-187500.02235174447
$SILENCE,2313.2267371686385,-7895.41845267039,6585.002730489103,12235.255507857264,-187500.02235174447,-187500.02235174447,-187500.02235174447,-187500.02235174447
$SILENCE,2589.1813742138597,-7834.666411240865,7148.55726344076,12173.855265838536,-187500.02235174447,-187500.02235174447,-187500.02235174447,-187500.02235174447
$SILENCE,2507.3739895074355,-7805.877364382431,7128.306582964252,12198.777460906203,-187500.02235174447,-187500.02235174447,-187500.02235174447,-187500.02235174447
$SILENCE,2253.5252277285135,-7853.352469605502,6622.553661174019,12255.148560422489,-187500.02235174447,-187500.02235174447,-187500.02235174447,-187500.02235174447
$SILENCE,2271.674844226223,-7893.987941025251,6530.3080118069665,12242.788045738704,-187500.02235174447,-187500.02235174447,-187500.02235174447,-187500.02235174447
$SILENCE,2557.263083131681,-7849.575024792555,7062.123067632087,12178.057393796134,-187500.02235174447,-187500.02235174447,-187500.02235174447,-187500.02235174447
$SILENCE,2567.097850692016,-7803.910410870363,7211.075092682254,12186.640463666972,-187500.02235174447,-187500.02235174447,-187500.02235174447,-187500.02235174447
$SILENCE,2285.5329257885132,-7846.937518946829,6683.640978770373,12252.511054576762,-187500.02235174447,-187500.02235174447,-187500.02235174447,-187500.02235174447
$SILENCE,2239.5553874439465,-7903.353321952024,6439.515225829509,12248.0407056857,-187500.02235174447,-187500.02235174447,-187500.02235174447,-187500.02235174447
$SILENCE,2536.7665334661647,-7863.1201819324715,6975.912389267968,12176.425716450896,-187500.02235174447,-187500.02235174447,-187500.02235174447,-187500.02235174447
$SILENCE,2587.7285108242645,-7810.1688993178495,7224.441435866527,12173.944672816358,-187500.02235174447,-187500.02235174447,-187500.02235174447,-187500.02235174447
não,2347.1343335073393,-7838.399152564902,6810.8894599544365,12234.406141567963,-187500.02235174447,-187500.02235174447,-187500.02235174447,-187500.02235174447
não,2211.2357272190725,-7892.982112524762,6436.676554283686,12258.344859879597,-187500.02235174447,-187500.02235174447,-187500.02235174447,-187500.02235174447
não,2476.7073961147544,-7867.679937801354,6879.576370665595,12197.03402483869,-187500.02235174447,-187500.02235174447,-187500.02235174447,-187500.02235174447
não,2598.636162118454,-7807.352579516481,7246.681421599558,12177.967986818312,-187500.02235174447,-187500.02235174447,-187500.02235174447,-187500.02235174447
não,2388.172136327283,-7821.680047712332,6914.445092015874,12226.828900197614,-187500.02235174447,-187500.02235174447,-187500.02235174447,-187500.02235174447
não,2190.3368461533605,-7881.538019363645,6448.791199778462,12265.720935549849,-187500.02235174447,-187500.02235174447,-187500.02235174447,-187500.02235174447
não,2406.947601669741,-7877.157077450404,6770.231636790233,12217.195298337378,-187500.02235174447,-187500.02235174447,-187500.02235174447,-187500.02235174447
não,2592.9588190268064,-7809.4089400063685,7237.04781973932,12183.555922932139,-187500.02235174447,-187500.02235174447,-187500.02235174447,-187500.02235174447
não,2420.760979743121,-7806.436157993813,7012.3457327301185,12226.583031008606,-187500.02235174447,-187500.02235174447,-187500.02235174447,-187500.02235174447
não,2183.1619361832068,-7863.500161588212,6493.628799155807,12276.42742114394,-187500.02235174447,-187500.02235174447,-187500.02235174447,-187500.02235174447
não,2328.112998975873,-7876.821801283575,6663.502057016141,12234.160272378955,-187500.02235174447,-187500.02235174447,-187500.02235174447,-187500.02235174447
não,2568.4613071037897,-7811.979390618729,7202.112043155676,12183.69003339887,-187500.02235174447,-187500.02235174447,-187500.02235174447,-187500.02235174447
não,2462.3352244299917,-7798.993027090196,7096.544754093261,12216.949429148368,-187500.02235174447,-187500.02235174447,-187500.02235174447,-187500.02235174447
não,2204.4184451602036,-7854.067725428073,6562.472172078154,12272.202941441887,-187500.02235174447,-187500.02235174447,-187500.02235174447,-187500.02235174447
não,2287.276361856027,-7883.3708624089795,6573.648044305807,12252.220481898843,-187500.02235174447,-187500.02235174447,-187500.02235174447,-187500.02235174447
não,2566.740222780731,-7827.670315226354,7143.438713960495,12187.646292167461,-187500.02235174447,-187500.02235174447,-187500.02235174447,-187500.02235174447
não,2516.515852989656,-7798.233067778715,7170.551379984782,12205.348873776064,-187500.02235174447,-187500.02235174447,-187500.02235174447,-187500.02235174447
não,2245.0315648354967,-7838.488559542723,6654.293138300555,12267.196150683898,-187500.02235174447,-187500.02235174447,-187500.02235174447,-187500.02235174447
não,2234.0121548190305,-7884.063766487095,6499.507307947553,12255.28267088922,-187500.02235174447,-187500.02235174447,-187500.02235174447,-187500.02235174447
não,2536.1183328769607,-7839.2261671097485,7057.87623618558,12184.293530499164,-187500.02235174447,-187500.02235174447,-187500.02235174447,-187500.02235174447
não,2553.262120874181,-7799.350655001481,7212.438549094028,12188.36154799003,-187500.02235174447,-187500.02235174447,-187500.02235174447,-187500.02235174447
não,2295.9935421935966,-7837.326268831047,6746.158808011867,12247.370153352042,-187500.02235174447,-187500.02235174447,-187500.02235174447,-187500.02235174447
não,2206.765378328011,-7890.746938079231,6454.379135892289,12256.221444156343,-187500.02235174447,-187500.02235174447,-187500.02235174447,-187500.02235174447
não,2496.108710301961,-7856.884045229441,6960.534389082717,12187.154553789444,-187500.02235174447,-187500.02235174447,-187500.02235174447,-187500.02235174447
não,2583.0793479775607,-7806.1232335714385,7239.19358720703,12178.347966474053,-187500.02235174447,-187500.02235174447,-187500.02235174447,-187500.02235174447
não,2346.553188151501,-7828.229108837737,6844.573538848584,12231.343952577587,-187500.02235174447,-187500.02235174447,-187500.02235174447,-187500.02235174447
não,2194.9189537666985,-7887.394176410935,6443.471484598099,12263.821037271147,-187500.02235174447,-187500.02235174447,-187500.02235174447,-187500.02235174447
não,2443.336241642981,-7870.362147135991,6850.049716240134,12199.023330095211,-187500.02235174447,-187500.02235174447,-187500.02235174447,-187500.02235174447
não,2586.968551512784,-7813.074626097039,7245.7873518213455,12172.067126282112,-187500.02235174447,-187500.02235174447,-187500.02235174447,-187500.02235174447
não,2389.6473514613335,-7823.579945991033,6944.128208652522,12221.285667572698,-187500.02235174447,-187500.02235174447,-187500.02235174447,-187500.02235174447
não,2187.2299536740725,-7883.303807175614,6456.726069060096,12260.75884828077,-187500.02235174447,-187500.02235174447,-187500.02235174447,-187500.02235174447
não,2388.887392149853,-7885.2484089432255,6734.021810772635,12208.835745911092,-187500.02235174447,-187500.02235174447,-187500.02235174447,-187500.02235174447
não,2587.817917802086,-7818.662562210866,7223.122682943665,12167.97675704679,-187500.02235174447,-187500.02235174447,-187500.02235174447,-187500.02235174447
não,2441.9057299978413,-7813.208736563771,7033.892814385035,12208.411062766441,-187500.02235174447,-187500.02235174447,-187500.02235174447,-187500.02235174447
não,2202.1385672257625,-7872.887894259441,6506.235183028601,12257.71901103485,-187500.02235174447,-187500.02235174447,-187500.02235174447,-187500.02235174447
não,2332.8068653114874,-7892.400967168924,6629.415646721798,12222.202089095366,-187500.02235174447,-187500.02235174447,-187500.02235174447,-187500.02235174447
não,2583.548734611122,-7829.525510016145,7179.201505088986,12168.379088446985,-187500.02235174447,-187500.02235174447,-187500.02235174447,-187500.02235174447
não,2489.0679107985393,-7811.800576663087,7110.492242633372,12199.22449579531,-187500.02235174447,-187500.02235174447,-187500.02235174447,-187500.02235174447
não,2230.5029309395472,-7864.707155788798,6579.124221697357,12256.71318253436,-187500.02235174447,-187500.02235174447,-187500.02235174447,-187500.02235174447
não,2279.0062164075634,-7902.146327751438,6539.941613667204,12233.221499111833,-187500.02235174447,-187500.02235174447,-187500.02235174447,-187500.02235174447
não,2558.1571529098933,-7843.651812511899,7114.627315357604,12170.994242548257,-187500.02235174447,-187500.02235174447,-187500.02235174447,-187500.02235174447
não,2521.9920303812064,-7809.721864428743,7175.558170742771,12187.109850300534,-187500.02235174447,-187500.02235174447,-187500.02235174447,-187500.02235174447
não,2263.896437155776,-7853.039545183128,6672.263940842622,12247.973650452335,-187500.02235174447,-187500.02235174447,-187500.02235174447,-187500.02235174447
não,2233.8109891189324,-7899.8664498169965,6476.507362903043,12244.151502150477,-187500.02235174447,-187500.02235174447,-187500.02235174447,-187500.02235174447
não,2521.455588514279,-7854.045373683617,7027.611974193093,12179.59966416355,-187500.02235174447,-187500.02235174447,-187500.02235174447,-187500.02235174447
não,2551.2504638732034,-7808.447814994791,7218.942906730522,12181.320748486609,-187500.02235174447,-187500.02235174447,-187500.02235174447,-187500.02235174447
não,2310.07514120044,-7845.439952068324,6768.95758735628,12236.686019502404,-187500.02235174447,-187500.02235174447,-187500.02235174447,-187500.02235174447
não,2206.9665440281087,-7902.950990551829,6438.710563029118,12248.443037085895,-187500.02235174447,-187500.02235174447,-187500.02235174447,-187500.02235174447
não,2491.7054166442654,-7870.898589002918,6924.2351560872985,12182.79596362066,-187500.02235174447,-187500.02235174447,-187500.02235174447,-187500.02235174447
não,2588.3320079245577,-7812.4040737633795,7240.311174429796,12168.26732972471,-187500.02235174447,-187500.02235174447,-187500.02235174447,-187500.02235174447
não,2365.507467449602,-7834.0629141405725,6876.5141816752175,12225.644257741484,-187500.02235174447,-187500.02235174447,-187500.02235174447,-187500.02235174447
não,2199.679875335679,-7895.954894537318,6445.930176488183,12256.310851134163,-187500.02235174447,-187500.02235174447,-187500.02235174447,-187500.02235174447
não,2442.2857096535813,-7884.555504865111,6814.1751663893665,12192.451917225351,-187500.02235174447,-187500.02235174447,-187500.02235174447,-187500.02235174447
não,2607.5768599005773,-7822.708227957276,7241.249947696919,12164.758105845227,-187500.02235174447,-187500.02235174447,-187500.02235174447,-187500.02235174447
não,2416.8047209745314,-7828.229108837737,6976.448831134896,12207.22642031031,-187500.02235174447,-187500.02235174447,-187500.02235174447,-187500.02235174447
não,2199.2104887021173,-7890.970455523784,6475.792107080473,12245.04557192869,-187500.02235174447,-187500.02235174447,-187500.02235174447,-187500.02235174447
não,2395.391749786347,-7897.22894397127,6707.155013937356,12204.343045275575,-187500.02235174447,-187500.02235174447,-187500.02235174447,-187500.02235174447
não,2619.2891739951583,-7830.821911194553,7240.132360474153,12166.054507023635,-187500.02235174447,-187500.02235174447,-187500.02235174447,-187500.02235174447
não,2479.2107914937487,-7821.568288990055,7078.417489340007,12200.453841740351,-187500.02235174447,-187500.02235174447,-187500.02235174447,-187500.02235174447
não,2226.8372448488767,-7876.888856516941,6520.137968079802,12250.94643246489,-187500.02235174447,-187500.02235174447,-187500.02235174447,-187500.02235174447
não,2320.4239988832474,-7905.119109763994,6583.460460121687,12212.657894212949,-187500.02235174447,-187500.02235174447,-187500.02235174447,-187500.02235174447
não,2585.4039294009126,-7845.797579979609,7155.776876899824,12156.934995285868,-187500.02235174447,-187500.02235174447,-187500.02235174447,-187500.02235174447
não,2511.3749517649358,-7817.88025115493,7142.187016270997,12192.898952114458,-187500.02235174447,-187500.02235174447,-187500.02235174447,-187500.02235174447
não,2247.669070681223,-7869.266911657681,6606.952143544215,12247.61602254105,-187500.02235174447,-187500.02235174447,-187500.02235174447,-187500.02235174447
não,2275.049957638974,-7908.226002243281,6518.305125034467,12225.733664719304,-187500.02235174447,-187500.02235174447,-187500.02235174447,-187500.02235174447
não,2575.904438007407,-7855.833513240042,7111.587478111682,12165.898044812448,-187500.02235174447,-187500.02235174447,-187500.02235174447,-187500.02235174447
não,2559.1182779214714,-7820.02601862264,7208.750511258902,12174.190542005366,-187500.02235174447,-187500.02235174447,-187500.02235174447,-187500.02235174447
não,2289.533888046013,-7859.409792352891,6706.484461603697,12230.606345010561,-187500.02235174447,-187500.02235174447,-187500.02235174447,-187500.02235174447
não,2240.1365327997846,-7903.219211485292,6458.022470238504,12239.189414881399,-187500.02235174447,-187500.02235174447,-187500.02235174447,-187500.02235174447
não,2528.7422572067094,-7862.896664487918,6993.592619132116,12171.1730565039,-187500.02235174447,-187500.02235174447,-187500.02235174447,-187500.02235174447
não,2578.6313508309545,-7821.389475034413,7236.109046472197,12167.775591346694,-187500.02235174447,-187500.02235174447,-187500.02235174447,-187500.02235174447
não,2347.8048858409984,-7852.41369633838,6802.932238928347,12218.782272193703,-187500.02235174447,-187500.02235174447,-187500.02235174447,-187500.02235174447
não,2221.7410471130665,-7910.774101111187,6428.8757954687835,12232.729760733815,-187500.02235174447,-187500.02235174447,-187500.02235174447,-187500.02235174447
não,2491.0125125661507,-7885.203705454315,6899.983513353291,12171.150704759444,-187500.02235174447,-187500.02235174447,-187500.02235174447,-187500.02235174447
não,2613.7235896257866,-7827.9608879042735,7249.207168723008,12146.07204748059,-187500.02235174447,-187500.02235174447,-187500.02235174447,-187500.02235174447
não,2401.985514400663,-7847.652774769399,6897.346007507564,12192.787193392182,-187500.02235174447,-187500.02235174447,-187500.02235174447,-187500.02235174447
não,2219.550576156447,-7911.422301700391,6463.297481929956,12236.149577635477,-187500.02235174447,-187500.02235174447,-187500.02235174447,-187500.02235174447
não,2447.426610878302,-7896.89366780444,6803.1557563729,12175.017556550212,-187500.02235174447,-187500.02235174447,-187500.02235174447,-187500.02235174447
não,2634.845988136052,-7823.535242502123,7261.679442129069,12138.986544488258,-187500.02235174447,-187500.02235174447,-187500.02235174447,-187500.02235174447
não,2472.1252885014164,-7815.443911009302,7026.092055570132,12192.407213736442,-187500.02235174447,-187500.02235174447,-187500.02235174447,-187500.02235174447
não,2218.477692422592,-7910.66234238891,6485.269246729523,12216.100062859066,-187500.02235174447,-187500.02235174447,-187500.02235174447,-187500.02235174447
não,2380.818412401487,-7934.310488022625,6690.502964318152,12167.842646580058,-187500.02235174447,-187500.02235174447,-187500.02235174447,-187500.02235174447
não,2637.707011426331,-7865.824743011563,7226.251927167407,12130.582288573061,-187500.02235174447,-187500.02235174447,-187500.02235174447,-187500.02235174447
não,2496.4663382132458,-7851.094943415516,7065.341718833652,12143.903928268424,-187500.02235174447,-187500.02235174447,-187500.02235174447,-187500.02235174447
não,2265.9304459012087,-7884.711967076299,6570.943483226715,12215.630676225504,-187500.02235174447,-187500.02235174447,-187500.02235174447,-187500.02235174447
não,2366.6250546723672,-7907.130766764971,6622.64306815184,12196.117603316023,-187500.02235174447,-187500.02235174447,-187500.02235174447,-187500.02235174447
não,2615.8023018601302,-7871.882065758952,7146.769123884335,12114.913715709892,-187500.02235174447,-187500.02235174447,-187500.02235174447,-187500.02235174447
não,2545.7072312482874,-7860.236806897737,7148.490208207394,12131.722227540282,-187500.02235174447,-187500.02235174447,-187500.02235174447,-187500.02235174447
não,2310.052789455985,-7897.452461415824,6688.84893522846,12198.397481250464,-187500.02235174447,-187500.02235174447,-187500.02235174447,-187500.02235174447
não,2305.8730132428427,-7952.594214987066,6505.989313839593,12158.74548658675,-187500.02235174447,-187500.02235174447,-187500.02235174447,-187500.02235174447
não,2595.1492899834266,-7905.052054530627,7061.25134959833,12109.191669129334,-187500.02235174447,-187500.02235174447,-187500.02235174447,-187500.02235174447
não,2605.721665110787,-7862.4719813432675,7207.543517058315,12115.897192465925,-187500.02235174447,-187500.02235174447,-187500.02235174447,-187500.02235174447
não,2358.7795923685544,-7881.247446685726,6731.920746793837,12181.767783375715,-187500.02235174447,-187500.02235174447,-187500.02235174447,-187500.02235174447
não,2258.0626318529407,-7955.410534788434,6442.5550630754315,12168.200274491344,-187500.02235174447,-187500.02235174447,-187500.02235174447,-187500.02235174447
não,2551.8539609734967,-7919.647743659943,6970.816191532158,12108.476413306764,-187500.02235174447,-187500.02235174447,-187500.02235174447,-187500.02235174447
não,2632.9237381128955,-7877.782926295153,7243.7309913314575,12118.512346567197,-187500.02235174447,-187500.02235174447,-187500.02235174447,-187500.02235174447
não,2395.525860253079,-7887.03654849965,6853.335422675064,12162.858207566525,-187500.02235174447,-187500.02235174447,-187500.02235174447,-187500.02235174447
não,2251.2900532829826,-7942.200653815348,6451.56281609092,12189.03210032369,-187500.02235174447,-187500.02235174447,-187500.02235174447,-187500.02235174447
não,2487.5032886866675,-7947.073334106605,6832.280079398165,12096.54058176763,-187500.02235174447,-187500.02235174447,-187500.02235174447,-187500.02235174447
não,2626.575842687588,-7888.802336311619,7224.776712033357,12073.67474718985,-187500.02235174447,-187500.02235174447,-187500.02235174447,-187500.02235174447
não,2435.3119653835256,-7899.084138761061,6931.141845123988,12142.048733478634,-187500.02235174447,-187500.02235174447,-187500.02235174447,-187500.02235174447
não,2249.2560445375498,-7949.733191696787,6454.222673681102,12193.725966659304,-187500.02235174447,-187500.02235174447,-187500.02235174447,-187500.02235174447
não,2443.0233172206067,-7957.1539708559485,6735.541729395596,12131.83398626256,-187500.02235174447,-187500.02235174447,-187500.02235174447,-187500.02235174447
não,2629.0792380665825,-7900.1570224949155,7220.4851770979385,12094.506573022196,-187500.02235174447,-187500.02235174447,-187500.02235174447,-187500.02235174447
não,2455.920273771319,-7891.9986357687285,7005.997837304812,12119.115843667489,-187500.02235174447,-187500.02235174447,-187500.02235174447,-187500.02235174447
não,2224.087980280874,-7928.9237176088955,6508.269191774034,12189.769707890715,-187500.02235174447,-187500.02235174447,-187500.02235174447,-187500.02235174447
não,2373.263522775593,-7963.635976747987,6639.652745682329,12180.180809519388,-187500.02235174447,-187500.02235174447,-187500.02235174447,-187500.02235174447
não,2559.8335337440412,-7936.232738045781,7119.4105886710395,12081.095526349012,-187500.02235174447,-187500.02235174447,-187500.02235174447,-187500.02235174447
não,2461.888189540886,-7891.506897390712,7049.807256437213,12113.147927897922,-187500.02235174447,-187500.02235174447,-187500.02235174447,-187500.02235174447
não,2203.189099215162,-7937.797360157652,6519.355657023866,12159.125466242489,-187500.02235174447,-187500.02235174447,-187500.02235174447,-187500.02235174447
não,2269.64083548079,-7969.916816939929,6504.983485339104,12155.839759807559,-187500.02235174447,-187500.02235174447,-187500.02235174447,-187500.02235174447
não,2549.6411382724214,-7911.981095311773,7084.564219065216,12121.887459979947,-187500.02235174447,-187500.02235174447,-187500.02235174447,-187500.02235174447
não,2494.9687713347403,-7881.135687963449,7126.809016085746,12141.02055323369,-187500.02235174447,-187500.02235174447,-187500.02235174447,-187500.02235174447
não,2214.052047020441,-7927.873185619496,6609.366131945388,12196.765803905226,-187500.02235174447,-187500.02235174447,-187500.02235174447,-187500.02235174447
não,2188.7498722970336,-7974.990662931284,6428.093484412848,12182.997129320756,-187500.02235174447,-187500.02235174447,-187500.02235174447,-187500.02235174447
não,2492.688893400299,-7926.017990829706,6994.2631714657755,12127.274230393676,-187500.02235174447,-187500.02235174447,-187500.02235174447,-187500.02235174447
não,2508.737445919209,-7881.0239292411725,7169.567903228749,12136.594907831539,-187500.02235174447,-187500.02235174447,-187500.02235174447,-187500.02235174447
não,2247.6467189367677,-7915.467967446801,6706.775034281616,12197.592818450072,-187500.02235174447,-187500.02235174447,-187500.02235174447,-187500.02235174447
não,2145.2310258425505,-7969.738002984286,6391.324864783867,12210.646237211971,-187500.02235174447,-187500.02235174447,-187500.02235174447,-187500.02235174447
não,2425.007811189629,-7940.993659614762,6886.639521913472,12146.921413769891,-187500.02235174447,-187500.02235174447,-187500.02235174447,-187500.02235174447
não,2505.3846842509133,-7886.500106632723,7188.522182526849,12138.092474710045,-187500.02235174447,-187500.02235174447,-187500.02235174447,-187500.02235174447
não,2278.492126285091,-7907.913077820907,6811.403550076909,12198.620998695016,-187500.02235174447,-187500.02235174447,-187500.02235174447,-187500.02235174447
não,2111.3234295038496,-7966.72051748282,6382.183001301647,12225.75601646376,-187500.02235174447,-187500.02235174447,-187500.02235174447,-187500.02235174447
não,2357.930226079253,-7951.677793464398,6770.2092850457775,12159.773666831692,-187500.02235174447,-187500.02235174447,-187500.02235174447,-187500.02235174447
não,2515.554727978078,-7890.188144467848,7191.673778495047,12139.746503799737,-187500.02235174447,-187500.02235174447,-187500.02235174447,-187500.02235174447
não,2323.016801240063,-7896.13370849296,6906.152594822955,12190.216742779821,-187500.02235174447,-187500.02235174447,-187500.02235174447,-187500.02235174447
não,2103.8132433668666,-7956.371659800013,6401.964295144594,12226.270106586231,-187500.02235174447,-187500.02235174447,-187500.02235174447,-187500.02235174447
não,2290.3832543353146,-7958.338613312079,6653.1084958444235,12180.851361853047,-187500.02235174447,-187500.02235174447,-187500.02235174447,-187500.02235174447
não,2510.2797162866254,-7891.484545646256,7160.470743235439,12140.752332300226,-187500.02235174447,-187500.02235174447,-187500.02235174447,-187500.02235174447
não,2372.615322186389,-7888.578818867067,6990.463374908373,12176.023385050701,-187500.02235174447,-187500.02235174447,-187500.02235174447,-187500.02235174447
não,2127.6178512117685,-7949.084991107583,6457.307214415934,12222.291496073187,-187500.02235174447,-187500.02235174447,-187500.02235174447,-187500.02235174447
não,2253.0111376060413,-7971.86141870754,6556.168980141757,12187.31101600063,-187500.02235174447,-187500.02235174447,-187500.02235174447,-187500.02235174447
não,2520.516815247156,-7909.27653423268,7114.180280468498,12130.381122872965,-187500.02235174447,-187500.02235174447,-187500.02235174447,-187500.02235174447
não,2428.494683324657,-7880.666301329888,7067.420431067995,12159.036059264668,-187500.02235174447,-187500.02235174447,-187500.02235174447,-187500.02235174447
não,2164.230008629562,-7936.031572345683,6538.689915977707,12215.585972736595,-187500.02235174447,-187500.02235174447,-187500.02235174447,-187500.02235174447
não,2197.824680545888,-7977.091726910082,6474.7192233466185,12200.923228373913,-187500.02235174447,-187500.02235174447,-187500.02235174447,-187500.02235174447
não,2489.134966031905,-7916.965534325306,7046.521550002283,12137.35486714302,-187500.02235174447,-187500.02235174447,-187500.02235174447,-187500.02235174447
não,2457.82017205002,-7885.293112432136,7131.011144043344,12145.714419569305,-187500.02235174447,-187500.02235174447,-187500.02235174447,-187500.02235174447
não,2193.0637589769076,-7925.638011173965,6641.731457916672,12208.433414510897,-187500.02235174447,-187500.02235174447,-187500.02235174447,-187500.02235174447
não,2146.1697991096735,-7975.974139687317,6420.2480221090345,12208.634580210994,-187500.02235174447,-187500.02235174447,-187500.02235174447,-187500.02235174447
não,2439.491741596668,-7932.3211827661025,6954.275900635231,12134.270326408188,-187500.02235174447,-187500.02235174447,-187500.02235174447,-187500.02235174447
não,2483.5693816625335,-7876.352414650013,7174.842914920201,12139.411227632909,-187500.02235174447,-187500.02235174447,-187500.02235174447,-187500.02235174447
não,2225.183215759184,-7913.210441256815,6734.33473519501,12196.631693438494,-187500.02235174447,-187500.02235174447,-187500.02235174447,-187500.02235174447
não,2108.3059440023835,-7967.324014583113,6390.162574072191,12221.643295483982,-187500.02235174447,-187500.02235174447,-187500.02235174447,-187500.02235174447
não,2386.85338340442,-7931.136540309971,6849.915605773403,12156.867940052503,-187500.02235174447,-187500.02235174447,-187500.02235174447,-187500.02235174447
não,2504.870594128441,-7878.229961184259,7190.08680463872,12135.454968864318,-187500.02235174447,-187500.02235174447,-187500.02235174447,-187500.02235174447
não,2281.2190391086388,-7895.1725834813815,6838.873844012481,12183.578274676594,-187500.02235174447,-187500.02235174447,-187500.02235174447,-187500.02235174447
não,2091.229211238529,-7950.090819608072,6378.9867018445375,12214.289571558187,-187500.02235174447,-187500.02235174447,-187500.02235174447,-187500.02235174447
não,2322.5921180954124,-7945.128732338993,6729.61851711494,12160.31010869862,-187500.02235174447,-187500.02235174447,-187500.02235174447,-187500.02235174447
não,2504.2447452836927,-7878.721699562276,7181.727252212436,12136.349038642531,-187500.02235174447,-187500.02235174447,-187500.02235174447,-187500.02235174447
não,2328.2247576981495,-7878.453478628812,6931.343010824086,12183.287701998675,-187500.02235174447,-187500.02235174447,-187500.02235174447,-187500.02235174447
não,2100.125205531741,-7937.640897946465,6421.8349959653615,12232.0368566557,-187500.02235174447,-187500.02235174447,-187500.02235174447,-187500.02235174447
não,2271.2054575926613,-7947.922700395907,6623.514786185598,12177.878579840492,-187500.02235174447,-187500.02235174447,-187500.02235174447,-187500.02235174447
não,2499.0814923145167,-7882.052109486117,7144.668059905536,12135.454968864318,-187500.02235174447,-187500.02235174447,-187500.02235174447,-187500.02235174447
não,2367.5191244505795,-7871.993824481228,7010.825814107158,12175.241073994765,-187500.02235174447,-187500.02235174447,-187500.02235174447,-187500.02235174447
não,2105.9813625790316,-7926.532080952178,6476.149734991758,12232.148615377977,-187500.02235174447,-187500.02235174447,-187500.02235174447,-187500.02235174447
não,2201.378607914282,-7955.075258621605,6518.841566901394,12206.689978443383,-187500.02235174447,-187500.02235174447,-187500.02235174447,-187500.02235174447
não,2479.1213845159277,-7893.540906136144,7094.5778005811935,12139.433579377364,-187500.02235174447,-187500.02235174447,-187500.02235174447,-187500.02235174447
não,2407.796967959043,-7864.662452299888,7092.5214400913055,12161.450047665841,-187500.02235174447,-187500.02235174447,-187500.02235174447,-187500.02235174447
não,2142.9511479081093,-7913.165737767904,6560.371108099354,12223.90082167397,-187500.02235174447,-187500.02235174447,-187500.02235174447,-187500.02235174447
não,2158.1056306488076,-7957.221026089314,6442.376249119789,12208.522821488717,-187500.02235174447,-187500.02235174447,-187500.02235174447,-187500.02235174447
não,2448.0971632119613,-7900.939333550851,7008.47888093935,12142.719285812294,-187500.02235174447,-187500.02235174447,-187500.02235174447,-187500.02235174447
não,2444.565587588023,-7861.287338887137,7132.17343475502,12158.790190075659,-187500.02235174447,-187500.02235174447,-187500.02235174447,-187500.02235174447
não,2190.538011853458,-7899.777042839175,6662.004490137636,12220.905687916958,-187500.02235174447,-187500.02235174447,-187500.02235174447,-187500.02235174447
não,2121.292307530917,-7951.946014397862,6405.182946346158,12225.04076064119,-187500.02235174447,-187500.02235174447,-187500.02235174447,-187500.02235174447
não,2412.066151150006,-7912.584592412066,6925.576260754617,12154.610413862518,-187500.02235174447,-187500.02235174447,-187500.02235174447,-187500.02235174447
não,2477.333244959503,-7865.042431955628,7168.897350895089,12144.105093968523,-187500.02235174447,-187500.02235174447,-187500.02235174447,-187500.02235174447
não,2236.15792228674,-7893.987941025251,6753.691345893306,12203.538382475184,-187500.02235174447,-187500.02235174447,-187500.02235174447,-187500.02235174447
não,2099.3652462202604,-7949.755543441242,6375.231608776046,12232.0368566557,-187500.02235174447,-187500.02235174447,-187500.02235174447,-187500.02235174447
não,2357.9078743347973,-7929.594269942555,6807.603753519506,12158.298451697643,-187500.02235174447,-187500.02235174447,-187500.02235174447,-187500.02235174447
não,2490.0066840656623,-7876.218304183281,7178.1062696106765,12139.746503799737,-187500.02235174447,-187500.02235174447,-187500.02235174447,-187500.02235174447
não,2282.336626331404,-7878.073498973072,6857.470495399296,12196.0281963382,-187500.02235174447,-187500.02235174447,-187500.02235174447,-187500.02235174447
não,2086.065958269353,-7938.154988068937,6386.742757170529,12230.405179310463,-187500.02235174447,-187500.02235174447,-187500.02235174447,-187500.02235174447
não,2300.374484106837,-7936.366848512513,6697.789633010582,12174.145838516455,-187500.02235174447,-187500.02235174447,-187500.02235174447,-187500.02235174447
não,2495.818137624042,-7872.194990181326,7173.814734675257,12139.075951466079,-187500.02235174447,-187500.02235174447,-187500.02235174447,-187500.02235174447
não,2328.403571653792,-7872.150286692416,6945.335202853108,12174.861094339025,-187500.02235174447,-187500.02235174447,-187500.02235174447,-187500.02235174447
não,2095.4313391961264,-7932.857624633029,6426.662972767708,12227.231231597809,-187500.02235174447,-187500.02235174447,-187500.02235174447,-187500.02235174447
não,2245.7244689136114,-7946.045153861661,6589.786003802539,12190.127335802,-187500.02235174447,-187500.02235174447,-187500.02235174447,-187500.02235174447
não,2493.135928289405,-7884.443746142834,7133.738056866891,12140.081779966567,-187500.02235174447,-187500.02235174447,-187500.02235174447,-187500.02235174447
não,2381.5560199685124,-7868.529304090656,7035.5244917302725,12176.64923389545,-187500.02235174447,-187500.02235174447,-187500.02235174447,-187500.02235174447
não,2115.994944095009,-7921.592345427555,6499.529659692009,12234.070865401134,-187500.02235174447,-187500.02235174447,-187500.02235174447,-187500.02235174447
não,2183.832488516866,-7952.258938820236,6502.994180082582,12207.695806943872,-187500.02235174447,-187500.02235174447,-187500.02235174447,-187500.02235174447
não,2466.716166343232,-7891.886877046451,7076.316425361208,12142.78634104566,-187500.02235174447,-187500.02235174447,-187500.02235174447,-187500.02235174447
não,2421.498587310146,-7864.282472644148,7100.12103320611,12157.247919708243,-187500.02235174447,-187500.02235174447,-187500.02235174447,-187500.02235174447
não,2157.5915405263354,-7910.304714477625,6588.266085179578,12218.268182071231,-187500.02235174447,-187500.02235174447,-187500.02235174447,-187500.02235174447
não,2146.415668298682,-7957.355136556046,6427.065304167903,12208.142841832978,-187500.02235174447,-187500.02235174447,-187500.02235174447,-187500.02235174447
não,2440.5199218416124,-7904.605019641522,6990.463374908373,12145.379143402475,-187500.02235174447,-187500.02235174447,-187500.02235174447,-187500.02235174447
não,2448.72301205671,-7862.159056920894,7150.054830319265,12154.342192929053,-187500.02235174447,-187500.02235174447,-187500.02235174447,-187500.02235174447
não,2206.2959916944496,-7901.051092273127,6687.999568939158,12212.568487235128,-187500.02235174447,-187500.02235174447,-187500.02235174447,-187500.02235174447
não,2123.4380749986262,-7954.583520243588,6391.280161294957,12218.22347858232,-187500.02235174447,-187500.02235174447,-187500.02235174447,-187500.02235174447
não,2415.910651196319,-7922.776987883686,6891.93688534938,12148.307221926121,-187500.02235174447,-187500.02235174447,-187500.02235174447,-187500.02235174447
não,2502.858937127464,-7872.664376814888,7177.793345188302,12141.624050333983,-187500.02235174447,-187500.02235174447,-187500.02235174447,-187500.02235174447
não,2273.6194459938342,-7895.485507903756,6788.358901543486,12196.855210883048,-187500.02235174447,-187500.02235174447,-187500.02235174447,-187500.02235174447
não,2120.7335139195343,-7951.3425172975685,6382.5629809573875,12230.18166186591,-187500.02235174447,-187500.02235174447,-187500.02235174447,-187500.02235174447
não,2369.240208773638,-7931.404761243434,6789.029453877146,12172.111829771022,-187500.02235174447,-187500.02235174447,-187500.02235174447,-187500.02235174447
não,2527.647021728399,-7864.438934855335,7225.871947511667,12147.681373081372,-187500.02235174447,-187500.02235174447,-187500.02235174447,-187500.02235174447
não,2305.761254520566,-7874.296054160125,6894.283818517187,12207.047606354667,-187500.02235174447,-187500.02235174447,-187500.02235174447,-187500.02235174447
não,2107.121301546252,-7937.573842713099,6420.963277931604,12243.570356794638,-187500.02235174447,-187500.02235174447,-187500.02235174447,-187500.02235174447
não,2291.50084155808,-7939.361982269524,6673.649748998851,12191.893123613969,-187500.02235174447,-187500.02235174447,-187500.02235174447,-187500.02235174447
não,2501.7413499046984,-7875.614807082989,7172.004243374377,12142.942803256847,-187500.02235174447,-187500.02235174447,-187500.02235174447,-187500.02235174447
não,2345.6814701177445,-7867.232902912248,6981.165049214966,12183.622978165506,-187500.02235174447,-187500.02235174447,-187500.02235174447,-187500.02235174447
não,2112.7539411489893,-7929.23664203127,6455.474371370598,12235.300211346175,-187500.02235174447,-187500.02235174447,-187500.02235174447,-187500.02235174447
não,2243.4669427236254,-7946.022802117205,6575.950273984704,12202.465498741329,-187500.02235174447,-187500.02235174447,-187500.02235174447,-187500.02235174447
não,2486.877439841919,-7888.2435427002365,7096.924733749001,12152.107018483523,-187500.02235174447,-187500.02235174447,-187500.02235174447,-187500.02235174447
não,2401.0020376446296,-7869.8704087579745,7048.689669214448,12178.102097285046,-187500.02235174447,-187500.02235174447,-187500.02235174447,-187500.02235174447
não,2138.570205994869,-7919.983019826773,6529.033962373014,12237.870661958535,-187500.02235174447,-187500.02235174447,-187500.02235174447,-187500.02235174447
não,2187.5205263519915,-7954.382354543491,6485.559819407442,12213.551963991162,-187500.02235174447,-187500.02235174447,-187500.02235174447,-187500.02235174447
não,2472.460564668246,-7899.240600972248,7057.138628618554,12144.283907924166,-187500.02235174447,-187500.02235174447,-187500.02235174447,-187500.02235174447
não,2444.6996980547547,-7864.505990088701,7125.065580018232,12159.728963342783,-187500.02235174447,-187500.02235174447,-187500.02235174447,-187500.02235174447
não,2193.801366543933,-7908.181298754371,6624.297097241533,12220.011618138746,-187500.02235174447,-187500.02235174447,-187500.02235174447,-187500.02235174447
$SILENCE,2161.994834184031,-7957.735116211787,6420.784463975962,12221.12920536151,-187500.02235174447,-187500.02235174447,-187500.02235174447,-187500.02235174447
$SILENCE,2443.3809451318916,-7912.115205778505,6969.698604309393,12157.896120297448,-187500.02235174447,-187500.02235174447,-187500.02235174447,-187500.02235174447
$SILENCE,2458.289558683581,-7863.455458099301,7170.797249173791,12166.702707612838,-187500.02235174447,-187500.02235174447,-187500.02235174447,-187500.02235174447
$SILENCE,2189.085148463863,-7893.026816013672,6733.2842032056105,12230.963972921845,-187500.02235174447,-187500.02235174447,-187500.02235174447,-187500.02235174447
$SILENCE,2062.1495917021743,-7946.313374795124,6396.2422485640345,12247.303098118675,-187500.02235174447,-187500.02235174447,-187500.02235174447,-187500.02235174447
$SILENCE,2366.84857211692,-7919.826557615585,6855.369431420498,12159.88542555397,-187500.02235174447,-187500.02235174447,-187500.02235174447,-187500.02235174447
$SILENCE,2514.526547733134,-7868.08226920155,7180.408499289572,12133.286849652153,-187500.02235174447,-187500.02235174447,-187500.02235174447,-187500.02235174447
$SILENCE,2292.2608008695606,-7890.434013656857,6819.897212969925,12189.188562534877,-187500.02235174447,-187500.02235174447,-187500.02235174447,-187500.02235174447
$SILENCE,2104.5955544228023,-7945.3522497835465,6391.0119403614935,12230.695751988382,-187500.02235174447,-187500.02235174447,-187500.02235174447,-187500.02235174447
$SILENCE,2328.045943742507,-7932.56705195511,6755.077154049534,12171.664794881915,-187500.02235174447,-187500.02235174447,-187500.02235174447,-187500.02235174447
$SILENCE,2508.2904110301033,-7873.111411703994,7189.393900560606,12137.667791565395,-187500.02235174447,-187500.02235174447,-187500.02235174447,-187500.02235174447
$SILENCE,2310.5221760895465,-7875.32423440507,6934.986345170301,12200.65500744045,-187500.02235174447,-187500.02235174447,-187500.02235174447,-187500.02235174447
$SILENCE,2062.8871992691993,-7932.120017066004,6426.08182741187,12249.337106864108,-187500.02235174447,-187500.02235174447,-187500.02235174447,-187500.02235174447
$SILENCE,2267.2268470796166,-7943.452351504845,6648.146408575346,12180.203161263844,-187500.02235174447,-187500.02235174447,-187500.02235174447,-187500.02235174447
$SILENCE,2507.7986726520867,-7879.481658873757,7167.377432272128,12137.533681098663,-187500.02235174447,-187500.02235174447,-187500.02235174447,-187500.02235174447
$SILENCE,2329.0741239874515,-7865.780039522653,7021.219375278875,12193.41304223693,-187500.02235174447,-187500.02235174447,-187500.02235174447,-187500.02235174447
$SILENCE,2088.189373992607,-7921.927621594385,6505.43052022821,12235.255507857264,-187500.02235174447,-187500.02235174447,-187500.02235174447,-187500.02235174447
$SILENCE,2233.8780443522983,-7948.325031796102,6567.255445391589,12192.518972458718,-187500.02235174447,-187500.02235174447,-187500.02235174447,-187500.02235174447
$SILENCE,2515.3759140224356,-7894.0549962586165,7106.424225142507,12133.957401985814,-187500.02235174447,-187500.02235174447,-187500.02235174447,-187500.02235174447
$SILENCE,2432.3168316265146,-7864.327176133058,7098.914039005523,12167.417963435408,-187500.02235174447,-187500.02235174447,-187500.02235174447,-187500.02235174447
$SILENCE,2111.457539970582,-7914.663304646409,6535.67243047624,12240.396409081986,-187500.02235174447,-187500.02235174447,-187500.02235174447,-187500.02235174447
$SILENCE,2154.797572469422,-7957.757467956241,6457.776601049495,12219.22930708281,-187500.02235174447,-187500.02235174447,-187500.02235174447,-187500.02235174447
$SILENCE,2450.8911312688747,-7899.687635861354,7039.883081899057,12158.92430054239,-187500.02235174447,-187500.02235174447,-187500.02235174447,-187500.02235174447
$SILENCE,2443.9620904877297,-7864.3495278775135,7142.343478482185,12160.31010869862,-187500.02235174447,-187500.02235174447,-187500.02235174447,-187500.02235174447
$SILENCE,2210.766340585511,-7904.292095219147,6659.054059869535,12218.89403091598,-187500.02235174447,-187500.02235174447,-187500.02235174447,-187500.02235174447
$SILENCE,2114.363266749772,-7952.214235331326,6425.500682056032,12240.731685248815,-187500.02235174447,-187500.02235174447,-187500.02235174447,-187500.02235174447
$SILENCE,2412.759055228121,-7913.23279300127,6951.258415133765,12165.182788989878,-187500.02235174447,-187500.02235174447,-187500.02235174447,-187500.02235174447
$SILENCE,2489.224373009726,-7869.535132591144,7189.818583705257,12160.377163931986,-187500.02235174447,-187500.02235174447,-187500.02235174447,-187500.02235174447
$SILENCE,2241.1870647891838,-7898.637103871954,6759.10046805149,12212.054397112655,-187500.02235174447,-187500.02235174447,-187500.02235174447,-187500.02235174447
$SILENCE,2145.543950264925,-7958.137447611982,6389.603780460809,12218.46934777133,-187500.02235174447,-187500.02235174447,-187500.02235174447,-187500.02235174447
$SILENCE,2408.489872037157,-7932.120017066004,6849.826198795581,12168.155571002433,-187500.02235174447,-187500.02235174447,-187500.02235174447,-187500.02235174447
$SILENCE,2508.9386116193073,-7870.228036669259,7207.074130424754,12161.40534417693,-187500.02235174447,-187500.02235174447,-187500.02235174447,-187500.02235174447
$SILENCE,2300.8662224848536,-7884.488449631745,6870.658024627927,12214.289571558187,-187500.02235174447,-187500.02235174447,-187500.02235174447,-187500.02235174447
$SILENCE,2102.0474555548976,-7945.307546294635,6416.761149974007,12253.38277261052,-187500.02235174447,-187500.02235174447,-187500.02235174447,-187500.02235174447
$SILENCE,2303.660190541767,-7936.389200256968,6746.38232545642,12196.452879482851,-187500.02235174447,-187500.02235174447,-187500.02235174447,-187500.02235174447
$SILENCE,2500.690817915299,-7873.89372275993,7199.787461732324,12149.134236470967,-187500.02235174447,-187500.02235174447,-187500.02235174447,-187500.02235174447
$SILENCE,2370.0001680851183,-7881.292150174636,6960.847313505092,12183.310053743131,-187500.02235174447,-187500.02235174447,-187500.02235174447,-187500.02235174447
$SILENCE,2134.837464670833,-7938.937299124873,6443.873815998294,12234.830824712613,-187500.02235174447,-187500.02235174447,-187500.02235174447,-187500.02235174447
$SILENCE,2283.1636408762506,-7949.375563785502,6634.131864801868,12204.477155742306,-187500.02235174447,-187500.02235174447,-187500.02235174447,-187500.02235174447
$SILENCE,2515.7111901892654,-7885.784850810153,7173.144182341598,12162.098248255044,-187500.02235174447,-187500.02235174447,-187500.02235174447,-187500.02235174447
$SILENCE,2393.335389296459,-7873.8043157821085,7056.937462918457,12199.671530684416,-187500.02235174447,-187500.02235174447,-187500.02235174447,-187500.02235174447
$SILENCE,2126.679077944646,-7924.878051862485,6519.646229701785,12252.622813299038,-187500.02235174447,-187500.02235174447,-187500.02235174447,-187500.02235174447
$SILENCE,2212.8450528198546,-7953.912967909929,6537.48292177712,12218.89403091598,-187500.02235174447,-187500.02235174447,-187500.02235174447,-187500.02235174447
$SILENCE,2514.2136233107594,-7893.675016602876,7108.2570681878415,12144.708591068817,-187500.02235174447,-187500.02235174447,-187500.02235174447,-187500.02235174447
$SILENCE,2465.5985791204666,-7869.825705269063,7123.07627476171,12159.773666831692,-187500.02235174447,-187500.02235174447,-187500.02235174447,-187500.02235174447
$SILENCE,2204.4855003935695,-7918.3513424815355,6621.324315228977,12221.531536761706,-187500.02235174447,-187500.02235174447,-187500.02235174447,-187500.02235174447
$SILENCE,2196.48357587857,-7957.377488300502,6498.7920521249835,12220.257487327754,-187500.02235174447,-187500.02235174447,-187500.02235174447,-187500.02235174447
$SILENCE,2442.017488720118,-7909.61181039951,7025.130930558555,12167.529722157684,-187500.02235174447,-187500.02235174447,-187500.02235174447,-187500.02235174447
$SILENCE,2487.1456607753826,-7868.08226920155,7195.339464585718,12154.20808246232,-187500.02235174447,-187500.02235174447,-187500.02235174447,-187500.02235174447
$SILENCE,2231.1064280398405,-7908.9636098103065,6680.3999758243535,12214.244868069276,-187500.02235174447,-187500.02235174447,-187500.02235174447,-187500.02235174447
$SILENCE,2142.5935199968244,-7962.406630802946,6411.9108214272055,12229.354647321064,-187500.02235174447,-187500.02235174447,-187500.02235174447,-187500.02235174447
$SILENCE,2424.9631077007184,-7925.526252451689,6928.727856722815,12160.332460443076,-187500.02235174447,-187500.02235174447,-187500.02235174447,-187500.02235174447
$SILENCE,2524.294260060103,-7876.866504772485,7201.240325121918,12146.519082369696,-187500.02235174447,-187500.02235174447,-187500.02235174447,-187500.02235174447
$SILENCE,2278.089794884896,-7901.162850995404,6799.87004993797,12203.247809797265,-187500.02235174447,-187500.02235174447,-187500.02235174447,-187500.02235174447
$SILENCE,2121.0464383419085,-7957.1539708559485,6402.768957944984,12232.260374100253,-187500.02235174447,-187500.02235174447,-187500.02235174447,-187500.02235174447
$SILENCE,2374.559923954001,-7934.958688611829,6827.139178173445,12167.820294835603,-187500.02235174447,-187500.02235174447,-187500.02235174447,-187500.02235174447
$SILENCE,2517.432274512324,-7871.479734358756,7216.305400884796,12142.205195689821,-187500.02235174447,-187500.02235174447,-187500.02235174447,-187500.02235174447
$SILENCE,2328.2247576981495,-7883.03558624215,6903.828013399603,12187.467478211818,-187500.02235174447,-187500.02235174447,-187500.02235174447,-187500.02235174447
$SILENCE,2132.0434966139196,-7945.3522497835465,6427.132359401269,12229.198185109877,-187500.02235174447,-187500.02235174447,-187500.02235174447,-187500.02235174447
$SILENCE,2334.3267839344485,-7947.319203295613,6714.285220418599,12177.45389669584,-187500.02235174447,-187500.02235174447,-187500.02235174447,-187500.02235174447
$SILENCE,2531.782094452631,-7884.9578362653065,7201.687360011025,12136.863128765002,-187500.02235174447,-187500.02235174447,-187500.02235174447,-187500.02235174447
$SILENCE,2378.426775744769,-7881.247446685726,6997.459470922884,12173.251768738242,-187500.02235174447,-187500.02235174447,-187500.02235174447,-187500.02235174447
$SILENCE,2154.9763864250644,-7940.703086936843,6473.601636123853,12225.532499019206,-187500.02235174447,-187500.02235174447,-187500.02235174447,-187500.02235174447
$SILENCE,2284.013007165552,-7956.349308055557,6609.410835434299,12189.054452068145,-187500.02235174447,-187500.02235174447,-187500.02235174447,-187500.02235174447
$SILENCE,2521.4108850253683,-7886.813031055097,7160.582501957715,12142.004029989725,-187500.02235174447,-187500.02235174447,-187500.02235174447,-187500.02235174447
$SILENCE,2419.3751715868916,-7871.770307036675,7077.456364328428,12167.417963435408,-187500.02235174447,-187500.02235174447,-187500.02235174447,-187500.02235174447
$SILENCE,2153.344709079827,-7922.598173928043,6544.05433464698,12227.499452531274,-187500.02235174447,-187500.02235174447,-187500.02235174447,-187500.02235174447
$SILENCE,2215.1472824987513,-7954.538816754677,6518.238069801101,12202.778423163703,-187500.02235174447,-187500.02235174447,-187500.02235174447,-187500.02235174447
$SILENCE,2497.4945184581898,-7898.190068982848,7091.962646479923,12141.847567778537,-187500.02235174447,-187500.02235174447,-187500.02235174447,-187500.02235174447
$SILENCE,2441.726916042199,-7865.847094756019,7143.572824427227,12162.724097099794,-187500.02235174447,-187500.02235174447,-187500.02235174447,-187500.02235174447
$SILENCE,2183.2736949054834,-7910.639990644454,6631.941393845248,12216.100062859066,-187500.02235174447,-187500.02235174447,-187500.02235174447,-187500.02235174447
$SILENCE,2189.4427763751482,-7957.869226678518,6448.902958500738,12205.862963898537,-187500.02235174447,-187500.02235174447,-187500.02235174447,-187500.02235174447
$SILENCE,2485.1116520299497,-7910.975266811284,7003.941476814924,12141.311125911609,-187500.02235174447,-187500.02235174447,-187500.02235174447,-187500.02235174447
$SILENCE,2502.25544002717,-7869.758650035697,7185.303531325285,12142.763989301204,-187500.02235174447,-187500.02235174447,-187500.02235174447,-187500.02235174447
$SILENCE,2250.865370138332,-7903.956819052318,6735.0499910175795,12203.583085964096,-187500.02235174447,-187500.02235174447,-187500.02235174447,-187500.02235174447
$SILENCE,2141.1406566072296,-7957.1539708559485,6418.392827319244,12221.285667572698,-187500.02235174447,-187500.02235174447,-187500.02235174447,-187500.02235174447
$SILENCE,2416.3576860854255,-7924.073389062094,6912.925173392913,12154.990393518257,-187500.02235174447,-187500.02235174447,-187500.02235174447,-187500.02235174447
$SILENCE,2527.937594406318,-7866.092963945028,7250.972956534977,12133.666829307895,-187500.02235174447,-187500.02235174447,-187500.02235174447,-187500.02235174447
$SILENCE,2291.232620624616,-7890.881048545963,6831.698934042327,12189.635597423983,-187500.02235174447,-187500.02235174447,-187500.02235174447,-187500.02235174447
$SILENCE,2152.227121857062,-7954.896444665962,6427.959373946116,12213.775481435714,-187500.02235174447,-187500.02235174447,-187500.02235174447,-187500.02235174447
$SILENCE,2370.626016929867,-7941.172473570404,6776.870104893459,12165.071030267602,-187500.02235174447,-187500.02235174447,-187500.02235174447,-187500.02235174447
$SILENCE,2525.367143793958,-7881.359205408002,7192.23257210643,12142.339306156553,-187500.02235174447,-187500.02235174447,-187500.02235174447,-187500.02235174447
$SILENCE,2337.433676413736,-7884.443746142834,6925.531557265706,12181.83483860908,-187500.02235174447,-187500.02235174447,-187500.02235174447,-187500.02235174447
$SILENCE,2126.2990982889055,-7940.591328214566,6431.803873992429,12217.016484381735,-187500.02235174447,-187500.02235174447,-187500.02235174447,-187500.02235174447
$SILENCE,2314.5007866025912,-7944.346421283058,6680.80230722455,12167.417963435408,-187500.02235174447,-187500.02235174447,-187500.02235174447,-187500.02235174447
$SILENCE,2528.0270013841396,-7877.581760595055,7191.629075006137,12128.97296297228,-187500.02235174447,-187500.02235174447,-187500.02235174447,-187500.02235174447
$SILENCE,2386.85338340442,-7871.613844825488,7028.81896839368,12169.541379158662,-187500.02235174447,-187500.02235174447,-187500.02235174447,-187500.02235174447
$SILENCE,2140.0454211289193,-7931.583575199077,6491.907714832749,12217.03883612619,-187500.02235174447,-187500.02235174447,-187500.02235174447,-187500.02235174447
$SILENCE,2273.731204716111,-7957.086915622583,6575.8608670068825,12177.498600184752,-187500.02235174447,-187500.02235174447,-187500.02235174447,-187500.02235174447
$SILENCE,2531.7150392192652,-7892.825650313574,7139.594213914182,12127.453044349319,-187500.02235174447,-187500.02235174447,-187500.02235174447,-187500.02235174447
$SILENCE,2447.471314367213,-7873.737260548743,7103.697312318959,12154.431599906875,-187500.02235174447,-187500.02235174447,-187500.02235174447,-187500.02235174447
$SILENCE,2180.9491134821315,-7923.067560561605,6575.547942584508,12210.489775000784,-187500.02235174447,-187500.02235174447,-187500.02235174447,-187500.02235174447
$SILENCE,2216.689552866167,-7960.551436013155,6497.160374779746,12192.966007347824,-187500.02235174447,-187500.02235174447,-187500.02235174447,-187500.02235174447
$SILENCE,2503.529489461123,-7904.180336496871,7064.157076377521,12124.122634425477,-187500.02235174447,-187500.02235174447,-187500.02235174447,-187500.02235174447
$SILENCE,2477.422651937324,-7867.143495934427,7153.586405943204,12134.963230486303,-187500.02235174447,-187500.02235174447,-187500.02235174447,-187500.02235174447
$SILENCE,2214.0743987648966,-7908.226002243281,6661.423344781798,12189.881466612991,-187500.02235174447,-187500.02235174447,-187500.02235174447,-187500.02235174447
$SILENCE,2176.0093779575086,-7959.2103313458365,6435.335449616367,12193.345987003564,-187500.02235174447,-187500.02235174447,-187500.02235174447,-187500.02235174447
$SILENCE,2462.134058729894,-7914.506842435222,6970.61502583206,12128.25770714971,-187500.02235174447,-187500.02235174447,-187500.02235174447,-187500.02235174447
$SILENCE,2505.0941115729943,-7868.261083157192,7190.6679499945585,12126.804843760116,-187500.02235174447,-187500.02235174447,-187500.02235174447,-187500.02235174447
$SILENCE,2266.802163934966,-7898.972380038784,6758.206398273278,12180.203161263844,-187500.02235174447,-187500.02235174447,-187500.02235174447,-187500.02235174447
$SILENCE,2149.924892178165,-7956.751639455752,6404.713559712596,12201.593780707572,-187500.02235174447,-187500.02235174447,-187500.02235174447,-187500.02235174447
$SILENCE,2420.0680756650063,-7930.376580998491,6865.718289103304,12137.623088076483,-187500.02235174447,-187500.02235174447,-187500.02235174447,-187500.02235174447
$SILENCE,2523.6013559819885,-7869.378670379958,7206.247115879908,12119.048788434124,-187500.02235174447,-187500.02235174447,-187500.02235174447,-187500.02235174447
$SILENCE,2313.2937924020043,-7886.857734544008,6857.4928471437515,12166.680355868382,-187500.02235174447,-187500.02235174447,-187500.02235174447,-187500.02235174447
$SILENCE,2139.6430897287237,-7950.33668879708,6405.8087951909065,12201.549077218662,-187500.02235174447,-187500.02235174447,-187500.02235174447,-187500.02235174447
$SILENCE,2368.2790837620596,-7941.485397992778,6752.596110414996,12145.535605613662,-187500.02235174447,-187500.02235174447,-187500.02235174447,-187500.02235174447
$SILENCE,2553.5526935521,-7873.245522170726,7233.963279004488,12111.203326130311,-187500.02235174447,-187500.02235174447,-187500.02235174447,-187500.02235174447
$SILENCE,2360.299510991515,-7877.514705361689,6958.4556768483735,12158.92430054239,-187500.02235174447,-187500.02235174447,-187500.02235174447,-187500.02235174447
$SILENCE,2144.8510461868104,-7939.272575291703,6456.368441148811,12201.996112107769,-187500.02235174447,-187500.02235174447,-187500.02235174447,-187500.02235174447
$SILENCE,2294.093643914896,-7946.022802117205,6647.7664289196055,12161.137123243467,-187500.02235174447,-187500.02235174447,-187500.02235174447,-187500.02235174447
$SILENCE,2521.0309053696283,-7887.193010710837,7145.7632953838465,12114.1090529095,-187500.02235174447,-187500.02235174447,-187500.02235174447,-187500.02235174447
$SILENCE,2406.0311801470734,-7872.016176225684,7025.265041025286,12146.1167509695,-187500.02235174447,-187500.02235174447,-187500.02235174447,-187500.02235174447
$SILENCE,2157.055098659408,-7926.129749551982,6498.680293402707,12200.677359184905,-187500.02235174447,-187500.02235174447,-187500.02235174447,-187500.02235174447
$SILENCE,2251.468867238625,-7952.348345798057,6543.9872794136145,12176.872751340003,-187500.02235174447,-187500.02235174447,-187500.02235174447,-187500.02235174447
$SILENCE,2514.526547733134,-7888.46706014479,7110.02285599981,12118.82527098957,-187500.02235174447,-187500.02235174447,-187500.02235174447,-187500.02235174447
$SILENCE,2443.8950352543634,-7865.355356378002,7103.518498363316,12133.219794418788,-187500.02235174447,-187500.02235174447,-187500.02235174447,-187500.02235174447
$SILENCE,2188.7498722970336,-7914.350380224036,6582.320521154466,12192.831896881093,-187500.02235174447,-187500.02235174447,-187500.02235174447,-187500.02235174447
$SILENCE,2201.378607914282,-7954.203540587848,6461.621101095808,12184.561751432628,-187500.02235174447,-187500.02235174447,-187500.02235174447,-187500.02235174447
$SILENCE,2488.7102828872544,-7900.894630061941,7028.148416060021,12120.658114034906,-187500.02235174447,-187500.02235174447,-187500.02235174447,-187500.02235174447
$SILENCE,2482.5635531620446,-7861.823780754064,7153.027612331822,12127.810672260604,-187500.02235174447,-187500.02235174447,-187500.02235174447,-187500.02235174447
$SILENCE,2230.614689661824,-7899.709987605809,6675.773164722105,12185.701690399848,-187500.02235174447,-187500.02235174447,-187500.02235174447,-187500.02235174447
$SILENCE,2159.7596597385004,-7951.610738231032,6411.083806882359,12191.356681747042,-187500.02235174447,-187500.02235174447,-187500.02235174447,-187500.02235174447
$SILENCE,2445.3926021328693,-7915.445615702345,6929.688981734394,12126.558974571106,-187500.02235174447,-187500.02235174447,-187500.02235174447,-187500.02235174447
$SILENCE,2507.463396485257,-7863.276644143659,7182.822487690746,12120.188727401344,-187500.02235174447,-187500.02235174447,-187500.02235174447,-187500.02235174447
$SILENCE,2271.607788992857,-7888.087080489049,6773.785564158627,12179.1749810189,-187500.02235174447,-187500.02235174447,-187500.02235174447,-187500.02235174447
$SILENCE,2131.5964617248133,-7945.821636417108,6388.374434515767,12201.616132452027,-187500.02235174447,-187500.02235174447,-187500.02235174447,-187500.02235174447
$SILENCE,2398.275124821082,-7923.492243706256,6815.963305945791,12141.758160800715,-187500.02235174447,-187500.02235174447,-187500.02235174447,-187500.02235174447
$SILENCE,2530.7539142076866,-7863.634272054944,7189.103327882687,12120.702817523816,-187500.02235174447,-187500.02235174447,-187500.02235174447,-187500.02235174447
$SILENCE,2330.1693594657613,-7877.849981528519,6871.3509287060415,12169.921358814403,-187500.02235174447,-187500.02235174447,-187500.02235174447,-187500.02235174447
$SILENCE,2140.514807762481,-7939.920775880907,6403.17128934518,12209.171022077922,-187500.02235174447,-187500.02235174447,-187500.02235174447,-187500.02235174447
$SILENCE,2348.475438174658,-7936.769179912709,6706.886793003892,12155.728001085283,-187500.02235174447,-187500.02235174447,-187500.02235174447,-187500.02235174447
$SILENCE,2539.5381497786225,-7872.194990181326,7182.889542924112,12123.608544303006,-187500.02235174447,-187500.02235174447,-187500.02235174447,-187500.02235174447
$SILENCE,2378.762051911599,-7874.385461137947,6967.396374630496,12164.445181422852,-187500.02235174447,-187500.02235174447,-187500.02235174447,-187500.02235174447
$SILENCE,2140.6042147403023,-7933.706990922331,6435.760132761018,12209.886277900492,-187500.02235174447,-187500.02235174447,-187500.02235174447,-187500.02235174447
$SILENCE,2289.869164212843,-7945.66517420592,6591.462384636687,12172.044774537657,-187500.02235174447,-187500.02235174447,-187500.02235174447,-187500.02235174447
$SILENCE,2540.7898474681197,-7877.3805948949575,7140.17535927002,12126.760140271204,-187500.02235174447,-187500.02235174447,-187500.02235174447,-187500.02235174447
$SILENCE,2436.6754217952994,-7860.996766209218,7059.507913530817,12164.847512823048,-187500.02235174447,-187500.02235174447,-187500.02235174447,-187500.02235174447
$SILENCE,2191.0073984870196,-7916.227926758281,6550.893968450305,12223.27497282922,-187500.02235174447,-187500.02235174447,-187500.02235174447,-187500.02235174447
$SILENCE,2251.9606056166417,-7946.581595728589,6537.304107821478,12199.000978350758,-187500.02235174447,-187500.02235174447,-187500.02235174447,-187500.02235174447
$SILENCE,2520.2262425692375,-7890.813993312597,7066.124029889587,12131.677524051373,-187500.02235174447,-187500.02235174447,-187500.02235174447,-187500.02235174447
$SILENCE,2484.8657828409414,-7854.425353339358,7122.003391027855,12151.950556272335,-187500.02235174447,-187500.02235174447,-187500.02235174447,-187500.02235174447
$SILENCE,2218.3882854447706,-7903.599191141033,6591.775309059061,12217.374112293019,-187500.02235174447,-187500.02235174447,-187500.02235174447,-187500.02235174447
$SILENCE,2209.5593463849245,-7947.922700395907,6437.056533939426,12206.958199376846,-187500.02235174447,-187500.02235174447,-187500.02235174447,-187500.02235174447
$SILENCE,2503.5071377166673,-7903.308618463114,6989.770470830259,12138.628916576972,-187500.02235174447,-187500.02235174447,-187500.02235174447,-187500.02235174447
$SILENCE,2520.1815390803267,-7859.052164441606,7151.12771405312,12140.774684044682,-187500.02235174447,-187500.02235174447,-187500.02235174447,-187500.02235174447
$SILENCE,2263.8070301779544,-7893.94323753634,6691.285275374088,12195.983492849291,-187500.02235174447,-187500.02235174447,-187500.02235174447,-187500.02235174447
$SILENCE,2170.644959288235,-7950.023764374705,6387.480364737555,12209.372187778019,-187500.02235174447,-187500.02235174447,-187500.02235174447,-187500.02235174447
$SILENCE,2449.0582882235394,-7912.85281334553,6887.086556802578,12151.235300449765,-187500.02235174447,-187500.02235174447,-187500.02235174447,-187500.02235174447
$SILENCE,2526.64119322791,-7858.98510920824,7174.574693986738,12142.026381734178,-187500.02235174447,-187500.02235174447,-187500.02235174447,-187500.02235174447
$SILENCE,2298.0946061723957,-7880.666301329888,6794.885610924436,12199.22449579531,-187500.02235174447,-187500.02235174447,-187500.02235174447,-187500.02235174447
$SILENCE,2150.7519067230114,-7938.244395046759,6391.727196184063,12223.99022865179,-187500.02235174447,-187500.02235174447,-187500.02235174447,-187500.02235174447
$SILENCE,2398.923325410286,-7922.687580905865,6785.63198871994,12157.940823786357,-187500.02235174447,-187500.02235174447,-187500.02235174447,-187500.02235174447
$SILENCE,2548.3000336051027,-7862.092001687527,7182.464859779461,12130.962268228803,-187500.02235174447,-187500.02235174447,-187500.02235174447,-187500.02235174447
$SILENCE,2357.304377234504,-7872.329100648058,6882.1468212779555,12172.64827163795,-187500.02235174447,-187500.02235174447,-187500.02235174447,-187500.02235174447
$SILENCE,2143.5993484973133,-7932.611755444022,6391.391920017233,12213.440205268886,-187500.02235174447,-187500.02235174447,-187500.02235174447,-187500.02235174447
$SILENCE,2340.138237492828,-7935.405723500935,6658.472914513697,12168.69201286936,-187500.02235174447,-187500.02235174447,-187500.02235174447,-187500.02235174447
$SILENCE,2546.534245793134,-7866.852923256508,7165.5445892267935,12131.49871009573,-187500.02235174447,-187500.02235174447,-187500.02235174447,-187500.02235174447
$SILENCE,2396.6657992203,-7859.633309797444,6990.642188864016,12173.11765827151,-187500.02235174447,-187500.02235174447,-187500.02235174447,-187500.02235174447
$SILENCE,2158.575017282369,-7919.714798893309,6460.347051661855,12217.910554159947,-187500.02235174447,-187500.02235174447,-187500.02235174447,-187500.02235174447
$SILENCE,2282.2472193535828,-7941.194825314859,6560.572273799453,12174.414059449919,-187500.02235174447,-187500.02235174447,-187500.02235174447,-187500.02235174447
$SILENCE,2537.5041410331896,-7879.392251895935,7112.816824056724,12119.272305878676,-187500.02235174447,-187500.02235174447,-187500.02235174447,-187500.02235174447
$SILENCE,2448.9018260123526,-7862.069649943072,7057.20568385192,12145.69206782485,-187500.02235174447,-187500.02235174447,-187500.02235174447,-187500.02235174447
$SILENCE,2189.57688684188,-7913.121034278994,6526.284697805011,12205.79590866517,-187500.02235174447,-187500.02235174447,-187500.02235174447,-187500.02235174447
$SILENCE,2237.096695553863,-7950.76137194173,6472.707566345641,12194.910609115435,-187500.02235174447,-187500.02235174447,-187500.02235174447,-187500.02235174447
$SILENCE,2521.746161192198,-7894.010292769706,7045.292204057241,12127.542451327141,-187500.02235174447,-187500.02235174447,-187500.02235174447,-187500.02235174447
$SILENCE,2490.811346866053,-7860.527379575656,7119.79056832678,12133.622125818983,-187500.02235174447,-187500.02235174447,-187500.02235174447,-187500.02235174447
$SILENCE,2227.306631482438,-7903.845060330041,6619.9385070727485,12186.662815411428,-187500.02235174447,-187500.02235174447,-187500.02235174447,-187500.02235174447
$SILENCE,2186.045311217941,-7951.521331253211,6407.753396958518,12184.0253095657,-187500.02235174447,-187500.02235174447,-187500.02235174447,-187500.02235174447
$SILENCE,2486.855088097464,-7907.309580720614,6960.9814239718235,12119.026436689668,-187500.02235174447,-187500.02235174447,-187500.02235174447,-187500.02235174447
$SILENCE,2535.760704965676,-7857.934577218841,7194.534801785327,12117.752387255716,-187500.02235174447,-187500.02235174447,-187500.02235174447,-187500.02235174447
$SILENCE,2268.4561930246587,-7894.1667549808935,6704.003417969158,12178.07974554059,-187500.02235174447,-187500.02235174447,-187500.02235174447,-187500.02235174447
$SILENCE,2163.313587106894,-7952.638918475976,6363.2510737480015,12194.150649803954,-187500.02235174447,-187500.02235174447,-187500.02235174447,-187500.02235174447
$SILENCE,2440.0281834635953,-7924.945107095851,6836.795131778137,12129.129425183466,-187500.02235174447,-187500.02235174447,-187500.02235174447,-187500.02235174447
$SILENCE,2543.5391120361223,-7867.702289545809,7169.746717184391,12111.315084852587,-187500.02235174447,-187500.02235174447,-187500.02235174447,-187500.02235174447
$SILENCE,2325.050809985496,-7886.030719999161,6815.1586431454,12164.176960489389,-187500.02235174447,-187500.02235174447,-187500.02235174447,-187500.02235174447
$SILENCE,2147.242682843528,-7945.754581183742,6375.4551262206,12196.564638205129,-187500.02235174447,-187500.02235174447,-187500.02235174447,-187500.02235174447
$SILENCE,2376.079842576962,-7933.774046155697,6734.446493917286,12138.49480611024,-187500.02235174447,-187500.02235174447,-187500.02235174447,-187500.02235174447
$SILENCE,2545.7966382261084,-7869.89276050243,7174.664100964559,12107.96232318429,-187500.02235174447,-187500.02235174447,-187500.02235174447,-187500.02235174447
$SILENCE,2369.03904307354,-7876.821801283575,6916.993190883779,12151.257652194221,-187500.02235174447,-187500.02235174447,-187500.02235174447,-187500.02235174447
$SILENCE,2149.477857289059,-7937.685601435376,6412.26844933849,12196.207010293843,-187500.02235174447,-187500.02235174447,-187500.02235174447,-187500.02235174447
$SILENCE,2328.403571653792,-7947.1180375955155,6628.2757077545775,12147.569614359096,-187500.02235174447,-187500.02235174447,-187500.02235174447,-187500.02235174447
$SILENCE,2554.714984263776,-7882.745013564231,7145.539777939293,12100.58624751404,-187500.02235174447,-187500.02235174447,-187500.02235174447,-187500.02235174447
$SILENCE,2419.6657442648107,-7871.770307036675,7004.164994259477,12136.617259575994,-187500.02235174447,-187500.02235174447,-187500.02235174447,-187500.02235174447
$SILENCE,2174.4894593345475,-7927.940240852862,6474.562761135431,12190.037928824178,-187500.02235174447,-187500.02235174447,-187500.02235174447,-187500.02235174447
$SILENCE,2275.318178572438,-7954.583520243588,6529.503349006575,12157.78436157517,-187500.02235174447,-187500.02235174447,-187500.02235174447,-187500.02235174447
$SILENCE,2549.127048149949,-7896.156060237416,7095.963608737423,12100.698006236316,-187500.02235174447,-187500.02235174447,-187500.02235174447,-187500.02235174447
$SILENCE,2478.495535671179,-7872.373804136969,7078.4398410844615,12126.760140271204,-187500.02235174447,-187500.02235174447,-187500.02235174447,-187500.02235174447
$SILENCE,2219.639983134268,-7922.240546016758,6548.457628304676,12183.421812465407,-187500.02235174447,-187500.02235174447,-187500.02235174447,-187500.02235174447
$SILENCE,2244.629233435301,-7961.95959591384,6438.375286862289,12169.876655325492,-187500.02235174447,-187500.02235174447,-187500.02235174447,-187500.02235174447
$SILENCE,2526.8870624169185,-7907.644856887443,7007.71892162787,12107.291770850632,-187500.02235174447,-187500.02235174447,-187500.02235174447,-187500.02235174447
$SILENCE,2507.552803463078,-7866.517647089679,7125.579670140704,12119.853451234514,-187500.02235174447,-187500.02235174447,-187500.02235174447,-187500.02235174447
$SILENCE,2242.304652011949,-7902.414548684901,6644.927757373782,12183.242998509766,-187500.02235174447,-187500.02235174447,-187500.02235174447,-187500.02235174447
$SILENCE,2174.221238401084,-7952.124828353504,6390.117870583281,12189.859114868535,-187500.02235174447,-187500.02235174447,-187500.02235174447,-187500.02235174447
$SILENCE,2460.167105217827,-7911.3105429781135,6914.713312949338,12124.681428036862,-187500.02235174447,-187500.02235174447,-187500.02235174447,-187500.02235174447
$SILENCE,2516.9852396232177,-7861.332042376047,7159.621376946137,12121.373369857476,-187500.02235174447,-187500.02235174447,-187500.02235174447,-187500.02235174447
$SILENCE,2274.9381989166977,-7888.958798522806,6740.481464920219,12178.236207751777,-187500.02235174447,-187500.02235174447,-187500.02235174447,-187500.02235174447
não,2138.4360955281372,-7946.671002706409,6362.312300480879,12198.375129506008,-187500.02235174447,-187500.02235174447,-187500.02235174447,-187500.02235174447
não,2401.5161277671014,-7922.9334500948735,6803.91571568438,12136.572556087083,-187500.02235174447,-187500.02235174447,-187500.02235174447,-187500.02235174447
não,2522.707286203776,-7863.455458099301,7168.60677821717,12118.311180867098,-187500.02235174447,-187500.02235174447,-187500.02235174447,-187500.02235174447
não,2313.271440657549,-7879.660472829399,6837.68920155635,12167.149742501944,-187500.02235174447,-187500.02235174447,-187500.02235174447,-187500.02235174447
não,2126.2096913110845,-7941.194825314859,6370.202466273602,12201.325559774108,-187500.02235174447,-187500.02235174447,-187500.02235174447,-187500.02235174447
não,2348.922473063764,-7934.623412444999,6689.921818962314,12149.089532982056,-187500.02235174447,-187500.02235174447,-187500.02235174447,-187500.02235174447
não,2533.6596409868766,-7869.468077357778,7155.754525155369,12115.07017792108,-187500.02235174447,-187500.02235174447,-187500.02235174447,-187500.02235174447
não,2368.2790837620596,-7870.540961091633,6931.521824779728,12157.762009830716,-187500.02235174447,-187500.02235174447,-187500.02235174447,-187500.02235174447
não,2139.8889589177325,-7930.6224501874985,6414.50362378402,12206.913495887935,-187500.02235174447,-187500.02235174447,-187500.02235174447,-187500.02235174447
não,2287.4551758116695,-7943.09472359356,6580.957064742693,12164.020498278202,-187500.02235174447,-187500.02235174447,-187500.02235174447,-187500.02235174447
não,2518.3039925460807,-7878.676996073365,7117.577745625705,12118.735864011749,-187500.02235174447,-187500.02235174447,-187500.02235174447,-187500.02235174447
não,2402.1196248673946,-7863.589568566033,7013.418616463973,12153.626937106483,-187500.02235174447,-187500.02235174447,-187500.02235174447,-187500.02235174447
não,2149.991947411531,-7916.116168036005,6478.51901990402,12209.70746394485,-187500.02235174447,-187500.02235174447,-187500.02235174447,-187500.02235174447
não,2226.367858215315,-7945.66517420592,6482.8776100728055,12185.36641423302,-187500.02235174447,-187500.02235174447,-187500.02235174447,-187500.02235174447
não,2500.0202655816397,-7885.851906043519,7053.450590783428,12126.804843760116,-187500.02235174447,-187500.02235174447,-187500.02235174447,-187500.02235174447
não,2446.8678172669192,-7858.0686876855725,7078.126916662088,12147.144931214445,-187500.02235174447,-187500.02235174447,-187500.02235174447,-187500.02235174447
não,2183.452508861126,-7904.962647552807,6561.332233110933,12203.024292352711,-187500.02235174447,-187500.02235174447,-187500.02235174447,-187500.02235174447
não,2173.6847965341567,-7949.152046340949,6408.334542314356,12195.961141104835,-187500.02235174447,-187500.02235174447,-187500.02235174447,-187500.02235174447
não,2464.7045093422544,-7900.380539939469,6969.47508686484,12130.247012406233,-187500.02235174447,-187500.02235174447,-187500.02235174447,-187500.02235174447
não,2478.6296461379106,-7859.409792352891,7123.478606161905,12137.153701442921,-187500.02235174447,-187500.02235174447,-187500.02235174447,-187500.02235174447
não,2225.5855471593795,-7896.580743382066,6656.416554023809,12195.268237026721,-187500.02235174447,-187500.02235174447,-187500.02235174447,-187500.02235174447
não,2146.7956479544223,-7947.05098236215,6365.821524360362,12206.868792399026,-187500.02235174447,-187500.02235174447,-187500.02235174447,-187500.02235174447
não,2436.474256095202,-7909.4329964438675,6875.307187474631,12145.446198635842,-187500.02235174447,-187500.02235174447,-187500.02235174447,-187500.02235174447
não,2505.474091228735,-7858.359260363492,7152.6923361649915,12132.504538596218,-187500.02235174447,-187500.02235174447,-187500.02235174447,-187500.02235174447
não,2268.2550273245606,-7883.549676364622,6752.372592970442,12183.533571187685,-187500.02235174447,-187500.02235174447,-187500.02235174447,-187500.02235174447
não,2119.4594644855815,-7943.742924182764,6348.476570663044,12212.814356424136,-187500.02235174447,-187500.02235174447,-187500.02235174447,-187500.02235174447
não,2369.8660576183865,-7925.190976284859,6757.781715128626,12151.92820452788,-187500.02235174447,-187500.02235174447,-187500.02235174447,-187500.02235174447
não,2515.822948911542,-7860.259158642192,7155.12867631062,12128.995314716734,-187500.02235174447,-187500.02235174447,-187500.02235174447,-187500.02235174447
não,2318.7476180490994,-7870.228036669259,6854.698879086838,12177.185675762377,-187500.02235174447,-187500.02235174447,-187500.02235174447,-187500.02235174447
não,2118.5206912184585,-7930.66715367641,6369.286044750935,12216.815318681636,-187500.02235174447,-187500.02235174447,-187500.02235174447,-187500.02235174447
não,2320.9380890057196,-7933.729342666787,6650.2251208096895,12169.541379158662,-187500.02235174447,-187500.02235174447,-187500.02235174447,-187500.02235174447
não,2519.5780419800335,-7872.016176225684,7149.876016363623,12131.990448473745,-187500.02235174447,-187500.02235174447,-187500.02235174447,-187500.02235174447
não,2364.3898802268363,-7869.132801190949,6944.0164499302455,12162.947614544346,-187500.02235174447,-187500.02235174447,-187500.02235174447,-187500.02235174447
não,2128.511920989981,-7930.175415298393,6399.170327087681,12207.114661588033,-187500.02235174447,-187500.02235174447,-187500.02235174447,-187500.02235174447
não,2264.790506933988,-7946.603947473043,6533.213738586157,12172.2235884933,-187500.02235174447,-187500.02235174447,-187500.02235174447,-187500.02235174447
não,2506.099940073483,-7878.9675687512845,7091.0238732128,12125.553146070617,-187500.02235174447,-187500.02235174447,-187500.02235174447,-187500.02235174447
não,2404.600668501934,-7857.465190585279,7021.509947956794,12155.079800496078,-187500.02235174447,-187500.02235174447,-187500.02235174447,-187500.02235174447
não,2156.2057323701065,-7909.321237721591,6499.909639347749,12213.104929102055,-187500.02235174447,-187500.02235174447,-187500.02235174447,-187500.02235174447
não,2197.5564596124245,-7951.655441719943,6441.973917719593,12183.51121944323,-187500.02235174447,-187500.02235174447,-187500.02235174447,-187500.02235174447
não,2467.945512288274,-7894.502031147723,7003.71795937037,12122.87093673598,-187500.02235174447,-187500.02235174447,-187500.02235174447,-187500.02235174447
não,2434.14967467185,-7859.722716775265,7074.3271201046855,12144.730942813272,-187500.02235174447,-187500.02235174447,-187500.02235174447,-187500.02235174447
não,2179.1386221812513,-7902.280438218169,6574.072727450458,12204.633617953494,-187500.02235174447,-187500.02235174447,-187500.02235174447,-187500.02235174447
não,2150.4389823006372,-7950.2249300748035,6378.763184399985,12203.426623752908,-187500.02235174447,-187500.02235174447,-187500.02235174447,-187500.02235174447
não,2441.4139916198246,-7905.722606864287,6938.56262428315,12135.611431075506,-187500.02235174447,-187500.02235174447,-187500.02235174447,-187500.02235174447
não,2487.7491578756762,-7857.085210929538,7161.700089180481,12135.902003753425,-187500.02235174447,-187500.02235174447,-187500.02235174447,-187500.02235174447
não,2219.3270587118936,-7893.630313113966,6666.1395628618675,12197.525763216707,-187500.02235174447,-187500.02235174447,-187500.02235174447,-187500.02235174447
não,2129.763618679478,-7946.648650961954,6371.923550596661,12206.958199376846,-187500.02235174447,-187500.02235174447,-187500.02235174447,-187500.02235174447
não,2381.734833924155,-7918.820729115097,6816.008009434701,12146.1167509695,-187500.02235174447,-187500.02235174447,-187500.02235174447,-187500.02235174447
não,2495.1252335459276,-7863.723679032765,7170.75254568488,12121.887459979947,-187500.02235174447,-187500.02235174447,-187500.02235174447,-187500.02235174447
não,2253.9052073842536,-7886.589513610544,6757.312328495065,12179.107925785533,-187500.02235174447,-187500.02235174447,-187500.02235174447,-187500.02235174447
não,2111.9269266041433,-7942.602985215543,6366.447373205111,12218.312885560143,-187500.02235174447,-187500.02235174447,-187500.02235174447,-187500.02235174447
não,2336.6513653578004,-7921.771159383197,6732.971278783236,12169.586082647573,-187500.02235174447,-187500.02235174447,-187500.02235174447,-187500.02235174447
não,2489.626704409922,-7866.897626745418,7119.4105886710395,12133.040980463145,-187500.02235174447,-187500.02235174447,-187500.02235174447,-187500.02235174447
não,2303.4143213527586,-7885.449574643323,6855.302376187132,12168.31203321362,-187500.02235174447,-187500.02235174447,-187500.02235174447,-187500.02235174447
não,2102.1368625327186,-7942.960613126828,6385.155783314202,12217.441167526385,-187500.02235174447,-187500.02235174447,-187500.02235174447,-187500.02235174447
não,2294.1606991482618,-7934.154025811437,6604.247582465123,12178.16915251841,-187500.02235174447,-187500.02235174447,-187500.02235174447,-187500.02235174447
não,2513.297201788092,-7853.955966705796,7156.55918795576,12144.038038735156,-187500.02235174447,-187500.02235174447,-187500.02235174447,-187500.02235174447
não,2366.2897785055375,-7865.265949400181,7050.544864004239,12179.242036252266,-187500.02235174447,-187500.02235174447,-187500.02235174447,-187500.02235174447
não,2129.8530256572994,-7910.215307499803,6442.040972952959,12234.584955523605,-187500.02235174447,-187500.02235174447,-187500.02235174447,-187500.02235174447
não,2206.0501225054413,-7960.663194735432,6460.525865617498,12170.524855914695,-187500.02235174447,-187500.02235174447,-187500.02235174447,-187500.02235174447
não,2473.533448402101,-7900.760519595208,7067.68865200146,12116.567744799584,-187500.02235174447,-187500.02235174447,-187500.02235174447,-187500.02235174447
não,2404.511261524113,-7864.2377691552365,7023.678067168959,12147.703724825828,-187500.02235174447,-187500.02235174447,-187500.02235174447,-187500.02235174447
não,2126.053229099897,-7932.611755444022,6473.199304723657,12193.256580025743,-187500.02235174447,-187500.02235174447,-187500.02235174447,-187500.02235174447
não,2171.695491277634,-7950.984889386284,6428.048780923937,12199.090385328578,-187500.02235174447,-187500.02235174447,-187500.02235174447,-187500.02235174447
não,2462.402279663358,-7888.735281078253,6995.134889499533,12141.668753822894,-187500.02235174447,-187500.02235174447,-187500.02235174447,-187500.02235174447
não,2407.9534301702297,-7896.692502104343,7088.364015622618,12113.974942442768,-187500.02235174447,-187500.02235174447,-187500.02235174447,-187500.02235174447
não,2163.291235362439,-7928.476682719789,6651.36505977691,12192.27310326971,-187500.02235174447,-187500.02235174447,-187500.02235174447,-187500.02235174447
não,2134.8151129263774,-7949.420267274412,6389.0226351049705,12222.760882706749,-187500.02235174447,-187500.02235174447,-187500.02235174447,-187500.02235174447
não,2390.541421239546,-7922.419359972401,6832.5483003316285,12130.917564739892,-187500.02235174447,-187500.02235174447,-187500.02235174447,-187500.02235174447
não,2402.879584178875,-7905.3202754640915,7056.3116140737075,12087.48812526323,-187500.02235174447,-187500.02235174447,-187500.02235174447,-187500.02235174447
não,2197.355293912327,-7899.084138761061,6673.761507721128,12172.178885004389,-187500.02235174447,-187500.02235174447,-187500.02235174447,-187500.02235174447
não,2130.7470954355117,-7894.613789869999,6400.556135243909,12240.128188148521,-187500.02235174447,-187500.02235174447,-187500.02235174447,-187500.02235174447
não,2343.4239439277585,-7940.256052047736,6796.2043638473,12110.085738907545,-187500.02235174447,-187500.02235174447,-187500.02235174447,-187500.02235174447
não,2381.6454269463334,-7947.877996906996,7035.837416152646,12044.304554975577,-187500.02235174447,-187500.02235174447,-187500.02235174447,-187500.02235174447
não,2213.24738422005,-7925.906232107429,6750.76326736966,12153.872806295492,-187500.02235174447,-187500.02235174447,-187500.02235174447,-187500.02235174447
não,2052.292472397384,-7981.29385486768,6339.602928114286,12182.997129320756,-187500.02235174447,-187500.02235174447,-187500.02235174447,-187500.02235174447
não,2253.8381521508877,-7970.207389617848,6644.883053884871,12134.739713041748,-187500.02235174447,-187500.02235174447,-187500.02235174447,-187500.02235174447
não,2443.1127241984277,-7905.409682441913,7124.663248618037,12103.491974293229,-187500.02235174447,-187500.02235174447,-187500.02235174447,-187500.02235174447
não,2271.719547715133,-7903.353321952024,6877.542361920162,12153.515178384207,-187500.02235174447,-187500.02235174447,-187500.02235174447,-187500.02235174447
não,2058.618016078236,-7964.306529081647,6367.520256938966,12191.267274769221,-187500.02235174447,-187500.02235174447,-187500.02235174447,-187500.02235174447
não,2202.607953859324,-7972.800191974663,6548.189407371213,12151.257652194221,-187500.02235174447,-187500.02235174447,-187500.02235174447,-187500.02235174447
não,2422.3256018549923,-7913.590420912555,7059.820837953191,12105.883610949948,-187500.02235174447,-187500.02235174447,-187500.02235174447,-187500.02235174447
não,2316.020705225552,-7899.978208539273,6956.600482058583,12140.841739278048,-187500.02235174447,-187500.02235174447,-187500.02235174447,-187500.02235174447
não,2061.680205068613,-7953.845912676563,6419.3092488419115,12197.525763216707,-187500.02235174447,-187500.02235174447,-187500.02235174447,-187500.02235174447
não,2131.998793125009,-7978.879866466506,6441.862158997316,12166.635652379473,-187500.02235174447,-187500.02235174447,-187500.02235174447,-187500.02235174447
não,2400.0856161219617,-7916.85377560303,7019.520642700272,12106.844735961526,-187500.02235174447,-187500.02235174447,-187500.02235174447,-187500.02235174447
não,2345.0556212729957,-7889.808164812108,7031.7693986617805,12135.1643961864,-187500.02235174447,-187500.02235174447,-187500.02235174447,-187500.02235174447
não,2083.2719902124395,-7935.606889201033,6508.470357474132,12197.861039383537,-187500.02235174447,-187500.02235174447,-187500.02235174447,-187500.02235174447
não,2084.546039646392,-7979.572770544622,6363.139315025725,12184.807620621637,-187500.02235174447,-187500.02235174447,-187500.02235174447,-187500.02235174447
não,2381.690130435244,-7930.398932742946,6939.076714405623,12126.514271082197,-187500.02235174447,-187500.02235174447,-187500.02235174447,-187500.02235174447
não,2385.8028514150205,-7888.981150267262,7084.608922554126,12135.454968864318,-187500.02235174447,-187500.02235174447,-187500.02235174447,-187500.02235174447
não,2137.094990860819,-7926.241508274259,6609.857870323404,12190.79788813566,-187500.02235174447,-187500.02235174447,-187500.02235174447,-187500.02235174447
não,2062.5295713579144,-7979.706881011353,6322.772064539441,12197.101080072056,-187500.02235174447,-187500.02235174447,-187500.02235174447,-187500.02235174447
não,2344.4297724282474,-7943.139427082471,6840.103189957523,12124.659076292406,-187500.02235174447,-187500.02235174447,-187500.02235174447,-187500.02235174447
não,2404.6900754797553,-7888.489411889245,7109.620524599615,12098.462831790786,-187500.02235174447,-187500.02235174447,-187500.02235174447,-187500.02235174447
não,2176.568171568891,-7913.433958701367,6711.312438406043,12162.321765699598,-187500.02235174447,-187500.02235174447,-187500.02235174447,-187500.02235174447
não,2046.0116322054425,-7977.359947843546,6318.368770881745,12195.245885282266,-187500.02235174447,-187500.02235174447,-187500.02235174447,-187500.02235174447
não,2299.8380422399096,-7959.277386579202,6743.320136466043,12139.21006193281,-187500.02235174447,-187500.02235174447,-187500.02235174447,-187500.02235174447
não,2432.585052559978,-7897.430109671368,7133.849815589168,12118.177070400367,-187500.02235174447,-187500.02235174447,-187500.02235174447,-187500.02235174447
não,2232.5145879405245,-7909.500051677233,6815.851547223515,12163.707573855827,-187500.02235174447,-187500.02235174447,-187500.02235174447,-187500.02235174447
não,2038.4567425795487,-7969.335671584091,6331.019858243449,12202.778423163703,-187500.02235174447,-187500.02235174447,-187500.02235174447,-187500.02235174447
não,2238.437800221181,-7965.513523282233,6621.9948675626365,12145.848530036037,-187500.02235174447,-187500.02235174447,-187500.02235174447,-187500.02235174447
não,2428.986421702674,-7900.358188195013,7108.2570681878415,12113.751424998216,-187500.02235174447,-187500.02235174447,-187500.02235174447,-187500.02235174447
não,2274.2005913496723,-7901.364016695502,6906.465519245329,12151.749390572239,-187500.02235174447,-187500.02235174447,-187500.02235174447,-187500.02235174447
não,2051.9795479750096,-7953.018898131717,6406.658161480208,12198.218667294821,-187500.02235174447,-187500.02235174447,-187500.02235174447,-187500.02235174447
não,2177.9092762362097,-7959.590311001577,6530.822101929439,12160.421867420897,-187500.02235174447,-187500.02235174447,-187500.02235174447,-187500.02235174447
não,2416.8717762078973,-7901.028740528673,7067.912169446012,12109.437538318341,-187500.02235174447,-187500.02235174447,-187500.02235174447,-187500.02235174447
não,2311.2150801676607,-7877.067670472583,7002.354502958597,12140.64057357795,-187500.02235174447,-187500.02235174447,-187500.02235174447,-187500.02235174447
não,2049.677318296113,-7934.623412444999,6456.256682426534,12197.257542283243,-187500.02235174447,-187500.02235174447,-187500.02235174447,-187500.02235174447
não,2114.5644324498694,-7970.207389617848,6443.985574720571,12184.181771776888,-187500.02235174447,-187500.02235174447,-187500.02235174447,-187500.02235174447
não,2390.85434566192,-7910.639990644454,6983.802555060692,12134.717361297293,-187500.02235174447,-187500.02235174447,-187500.02235174447,-187500.02235174447
não,2355.784458611543,-7879.571065851577,7035.859767897102,12138.606564832517,-187500.02235174447,-187500.02235174447,-187500.02235174447,-187500.02235174447
não,2105.668438156657,-7924.85570011803,6537.661735732763,12203.717196430827,-187500.02235174447,-187500.02235174447,-187500.02235174447,-187500.02235174447
não,2083.8754873127327,-7969.8944651954735,6354.9138730661725,12198.710405672839,-187500.02235174447,-187500.02235174447,-187500.02235174447,-187500.02235174447
não,2356.007976056096,-7917.725493636787,6910.51118499174,12128.950611227825,-187500.02235174447,-187500.02235174447,-187500.02235174447,-187500.02235174447
não,2380.1925635567386,-7873.401984381912,7101.104509962143,12138.919489254891,-187500.02235174447,-187500.02235174447,-187500.02235174447,-187500.02235174447
não,2144.1804938531513,-7902.101624262527,6648.436981253265,12203.448975497364,-187500.02235174447,-187500.02235174447,-187500.02235174447,-187500.02235174447
não,2052.0018997194647,-7950.940185897373,6332.9644600110605,12215.027179125213,-187500.02235174447,-187500.02235174447,-187500.02235174447,-187500.02235174447
não,2318.79232153801,-7917.010237814216,6823.227622893766,12143.367486401497,-187500.02235174447,-187500.02235174447,-187500.02235174447,-187500.02235174447
não,2403.4830812791683,-7864.438934855335,7140.823559859224,12125.709608281804,-187500.02235174447,-187500.02235174447,-187500.02235174447,-187500.02235174447
não,2189.3980728862375,-7888.623522355977,6759.458095962775,12193.41304223693,-187500.02235174447,-187500.02235174447,-187500.02235174447,-187500.02235174447
não,2029.3372308417836,-7950.537854497177,6314.390160368701,12224.481967029807,-187500.02235174447,-187500.02235174447,-187500.02235174447,-187500.02235174447
não,2268.1656203467396,-7938.1326363244825,6697.208487654744,12157.203216219332,-187500.02235174447,-187500.02235174447,-187500.02235174447,-187500.02235174447
não,2419.553985542534,-7873.9831297377505,7123.3444956951735,12132.482186851763,-187500.02235174447,-187500.02235174447,-187500.02235174447,-187500.02235174447
não,2234.280375752494,-7881.94035076384,6842.1148469585005,12182.684204898384,-187500.02235174447,-187500.02235174447,-187500.02235174447,-187500.02235174447
não,2029.583100030792,-7942.826502660097,6338.01595425796,12228.773501965226,-187500.02235174447,-187500.02235174447,-187500.02235174447,-187500.02235174447
não,2217.58362264438,-7947.207444573337,6592.714082326184,12182.013652564723,-187500.02235174447,-187500.02235174447,-187500.02235174447,-187500.02235174447
não,2429.522863569601,-7879.302844918114,7107.832385043191,12140.148835199934,-187500.02235174447,-187500.02235174447,-187500.02235174447,-187500.02235174447
não,2289.511536301558,-7865.087135444539,6943.032973174211,12185.053489810645,-187500.02235174447,-187500.02235174447,-187500.02235174447,-187500.02235174447
não,2045.9892804609872,-7923.961630339817,6404.177117845669,12233.310906089653,-187500.02235174447,-187500.02235174447,-187500.02235174447,-187500.02235174447
não,2153.3894125687375,-7945.329898039091,6490.074871787414,12195.424699237908,-187500.02235174447,-187500.02235174447,-187500.02235174447,-187500.02235174447
não,2405.9641249137076,-7884.5108013762,7058.7703059637915,12144.686239324361,-187500.02235174447,-187500.02235174447,-187500.02235174447,-187500.02235174447
não,2324.089684973918,-7865.400059866913,7016.190232776432,12170.658966381427,-187500.02235174447,-187500.02235174447,-187500.02235174447,-187500.02235174447
não,2075.1359552307076,-7918.5301564371775,6476.932046047694,12234.696714245882,-187500.02235174447,-187500.02235174447,-187500.02235174447,-187500.02235174447
não,2114.050342327397,-7955.499941766256,6401.271391066479,12212.635542468493,-187500.02235174447,-187500.02235174447,-187500.02235174447,-187500.02235174447
não,2396.9116684093083,-7899.262952716703,6996.855973822591,12134.49384385274,-187500.02235174447,-187500.02235174447,-187500.02235174447,-187500.02235174447
não,2380.460784490202,-7859.566254564078,7108.16766121002,12164.154608744933,-187500.02235174447,-187500.02235174447,-187500.02235174447,-187500.02235174447
não,2110.5858219368247,-7903.174507996382,6569.4012128592985,12232.059208400156,-187500.02235174447,-187500.02235174447,-187500.02235174447,-187500.02235174447
não,2085.1942402355958,-7946.738057939775,6372.303530252401,12221.03979838369,-187500.02235174447,-187500.02235174447,-187500.02235174447,-187500.02235174447
não,2344.7874003395323,-7908.181298754371,6869.540437405162,12160.64538486545,-187500.02235174447,-187500.02235174447,-187500.02235174447,-187500.02235174447
não,2385.1546508258166,-7860.9520627203065,7096.656512815537,12163.439352922363,-187500.02235174447,-187500.02235174447,-187500.02235174447,-187500.02235174447
não,2141.8559124297994,-7893.049167758128,6660.551626748041,12208.902801144457,-187500.02235174447,-187500.02235174447,-187500.02235174447,-187500.02235174447
não,2038.2108733905404,-7949.442619018868,6310.9479917225835,12223.207917595855,-187500.02235174447,-187500.02235174447,-187500.02235174447,-187500.02235174447
não,2313.986696480119,-7923.38048498398,6785.877857908948,12161.874730810492,-187500.02235174447,-187500.02235174447,-187500.02235174447,-187500.02235174447
não,2421.76680824361,-7865.400059866913,7134.1403882670875,12153.671640595394,-187500.02235174447,-187500.02235174447,-187500.02235174447,-187500.02235174447
não,2207.6817998506785,-7882.096812975027,6781.027529362146,12207.315827288132,-187500.02235174447,-187500.02235174447,-187500.02235174447,-187500.02235174447
não,2031.3712395872165,-7940.658383447932,6327.018895985949,12242.720990505337,-187500.02235174447,-187500.02235174447,-187500.02235174447,-187500.02235174447
não,2253.480524239603,-7930.66715367641,6675.08026064399,12192.407213736442,-187500.02235174447,-187500.02235174447,-187500.02235174447,-187500.02235174447
não,2426.013639690118,-7867.74699303472,7128.016010286333,12160.868902310003,-187500.02235174447,-187500.02235174447,-187500.02235174447,-187500.02235174447
não,2255.2016085626615,-7872.194990181326,6874.301358974142,12195.201181793354,-187500.02235174447,-187500.02235174447,-187500.02235174447,-187500.02235174447
não,2034.031097177398,-7931.583575199077,6353.393954443211,12235.70254274637,-187500.02235174447,-187500.02235174447,-187500.02235174447,-187500.02235174447
não,2200.305724180427,-7940.881900892485,6556.727773753139,12191.177867791399,-187500.02235174447,-187500.02235174447,-187500.02235174447,-187500.02235174447
não,2426.7735990015985,-7875.2124756827925,7090.107451690132,12151.280003938677,-187500.02235174447,-187500.02235174447,-187500.02235174447,-187500.02235174447
não,2304.800129508988,-7866.629405811955,6959.2826913932195,12189.099155557056,-187500.02235174447,-187500.02235174447,-187500.02235174447,-187500.02235174447
não,2058.8415335227887,-7921.3464762385465,6419.264545353001,12239.211766625855,-187500.02235174447,-187500.02235174447,-187500.02235174447,-187500.02235174447
não,2149.0978776333186,-7944.14525558296,6460.1011824728475,12213.820184924625,-187500.02235174447,-187500.02235174447,-187500.02235174447,-187500.02235174447
não,2411.596764516445,-7884.0190629981835,7036.955003375412,12157.31497494161,-187500.02235174447,-187500.02235174447,-187500.02235174447,-187500.02235174447
não,2343.1557229942946,-7854.827684739553,7033.311669029197,12183.287701998675,-187500.02235174447,-187500.02235174447,-187500.02235174447,-187500.02235174447
não,2086.445937925093,-7901.207554484315,6509.1185580633355,12243.458598072362,-187500.02235174447,-187500.02235174447,-187500.02235174447,-187500.02235174447
não,2100.7510543764897,-7942.535929982178,6385.535762969943,12230.047551399179,-187500.02235174447,-187500.02235174447,-187500.02235174447,-187500.02235174447
não,2386.8086799155094,-7894.1667549808935,6956.533426825217,12165.518065156706,-187500.02235174447,-187500.02235174447,-187500.02235174447,-187500.02235174447
não,2381.3548542684143,-7855.967623706773,7087.157021422032,12178.593835663061,-187500.02235174447,-187500.02235174447,-187500.02235174447,-187500.02235174447
não,2130.3671157797717,-7892.423318913379,6602.906477797804,12236.864833458047,-187500.02235174447,-187500.02235174447,-187500.02235174447,-187500.02235174447
não,2070.084460983808,-7945.396953272457,6334.8420065453065,12234.584955523605,-187500.02235174447,-187500.02235174447,-187500.02235174447,-187500.02235174447
não,2358.46666794618,-7908.114243521005,6869.495733916251,12166.926225057392,-187500.02235174447,-187500.02235174447,-187500.02235174447,-187500.02235174447
não,2423.376133844392,-7854.335946361536,7151.977080342422,12156.130332485478,-187500.02235174447,-187500.02235174447,-187500.02235174447,-187500.02235174447
não,2165.3028923634165,-7887.684749088854,6686.457298571742,12212.300266301665,-187500.02235174447,-187500.02235174447,-187500.02235174447,-187500.02235174447
não,2054.3041293983615,-7943.117075338016,6335.4455036456,12236.104874146566,-187500.02235174447,-187500.02235174447,-187500.02235174447,-187500.02235174447
não,2283.8788966988204,-7916.697313391843,6734.222976472733,12185.053489810645,-187500.02235174447,-187500.02235174447,-187500.02235174447,-187500.02235174447
não,2416.6482587633445,-7857.621652796466,7112.369789167618,12164.400477933941,-187500.02235174447,-187500.02235174447,-187500.02235174447,-187500.02235174447
não,2223.3950762027594,-7870.362147135991,6796.226715591755,12213.03787386869,-187500.02235174447,-187500.02235174447,-187500.02235174447,-187500.02235174447
não,2039.7531437579567,-7932.4999967217445,6325.409570385167,12251.840502243103,-187500.02235174447,-187500.02235174447,-187500.02235174447,-187500.02235174447
não,2248.6748991817117,-7929.504862964734,6633.93069910177,12195.424699237908,-187500.02235174447,-187500.02235174447,-187500.02235174447,-187500.02235174447
não,2429.634622291878,-7865.400059866913,7110.73811182238,12158.767838331205,-187500.02235174447,-187500.02235174447,-187500.02235174447,-187500.02235174447
não,2270.8701814258316,-7867.925806990363,6893.680321416894,12197.749280661259,-187500.02235174447,-187500.02235174447,-187500.02235174447,-187500.02235174447
não,2055.220550921029,-7924.431016973379,6376.013919831982,12240.463464315351,-187500.02235174447,-187500.02235174447,-187500.02235174447,-187500.02235174447
não,2201.7809393144776,-7937.506787479733,6536.454741532176,12203.583085964096,-187500.02235174447,-187500.02235174447,-187500.02235174447,-187500.02235174447
não,2432.227424648693,-7872.932597748351,7084.519515576305,12156.890291796959,-187500.02235174447,-187500.02235174447,-187500.02235174447,-187500.02235174447
não,2316.0654087144626,-7856.615824295977,6988.76464232977,12186.46164971133,-187500.02235174447,-187500.02235174447,-187500.02235174447,-187500.02235174447
não,2068.117507471741,-7908.807147599119,6452.747458547051,12245.023220184234,-187500.02235174447,-187500.02235174447,-187500.02235174447,-187500.02235174447
não,2141.699450218612,-7941.328935781591,6445.773714276996,12218.46934777133,-187500.02235174447,-187500.02235174447,-187500.02235174447,-187500.02235174447
não,2413.787235473065,-7884.600208354022,7018.179538032954,12151.816445805604,-187500.02235174447,-187500.02235174447,-187500.02235174447,-187500.02235174447
não,2367.3179587504815,-7859.253330141703,7052.355355305119,12166.322727957098,-187500.02235174447,-187500.02235174447,-187500.02235174447,-187500.02235174447
não,2107.5012812019922,-7907.622505142988,6538.891081677804,12226.627734497517,-187500.02235174447,-187500.02235174447,-187500.02235174447,-187500.02235174447
não,2098.0464932973973,-7951.901310908951,6373.555227941898,12216.07771111461,-187500.02235174447,-187500.02235174447,-187500.02235174447,-187500.02235174447
não,2399.303305066026,-7902.70512136282,6932.952336424868,12148.910719026413,-187500.02235174447,-187500.02235174447,-187500.02235174447,-187500.02235174447
não,2425.723067012199,-7858.627481296955,7096.857678515635,12159.281928453676,-187500.02235174447,-187500.02235174447,-187500.02235174447,-187500.02235174447
não,2181.485555349059,-7894.680845103365,6636.299984014033,12222.380903051007,-187500.02235174447,-187500.02235174447,-187500.02235174447,-187500.02235174447
não,2095.163118262663,-7947.207444573337,6331.623355343742,12227.722969975826,-187500.02235174447,-187500.02235174447,-187500.02235174447,-187500.02235174447
não,2371.363624496892,-7914.462138946312,6833.643535809939,12155.906815040924,-187500.02235174447,-187500.02235174447,-187500.02235174447,-187500.02235174447
não,2446.0184509776177,-7860.46032434229,7129.848853331668,12147.748428314737,-187500.02235174447,-187500.02235174447,-187500.02235174447,-187500.02235174447
não,2219.9976110455527,-7883.460269386801,6744.728296366728,12206.153536576456,-187500.02235174447,-187500.02235174447,-187500.02235174447,-187500.02235174447
não,2064.898856270177,-7941.552453226144,6329.857567531773,12232.640353755995,-187500.02235174447,-187500.02235174447,-187500.02235174447,-187500.02235174447
não,2299.1227864173397,-7926.845005374552,6724.0752844900235,12171.88831232647,-187500.02235174447,-187500.02235174447,-187500.02235174447,-187500.02235174447
não,2436.1836834172827,-7865.4671151002785,7123.992696284377,12143.322782912586,-187500.02235174447,-187500.02235174447,-187500.02235174447,-187500.02235174447
$SILENCE,2249.524265471013,-7874.340757649035,6830.849567753025,12190.350853246553,-187500.02235174447,-187500.02235174447,-187500.02235174447,-187500.02235174447
$SILENCE,2056.6063590772583,-7932.231775788281,6348.364811940767,12240.128188148521,-187500.02235174447,-187500.02235174447,-187500.02235174447,-187500.02235174447
$SILENCE,2245.7244689136114,-7934.489301978267,6615.535213415053,12185.522876444207,-187500.02235174447,-187500.02235174447,-187500.02235174447,-187500.02235174447
$SILENCE,2459.8318290509974,-7868.79752502412,7143.483417449405,12142.78634104566,-187500.02235174447,-187500.02235174447,-187500.02235174447,-187500.02235174447
$SILENCE,2296.1947078936946,-7863.209588910293,6938.786141727704,12184.382937476987,-187500.02235174447,-187500.02235174447,-187500.02235174447,-187500.02235174447
$SILENCE,2056.6063590772583,-7927.38144724148,6380.0372338339375,12236.060170657656,-187500.02235174447,-187500.02235174447,-187500.02235174447,-187500.02235174447
$SILENCE,2187.3640641408047,-7947.09568585106,6499.8425841143835,12197.592818450072,-187500.02235174447,-187500.02235174447,-187500.02235174447,-187500.02235174447
$SILENCE,2443.0680207095174,-7883.013234497695,7060.312576331208,12142.227547434277,-187500.02235174447,-187500.02235174447,-187500.02235174447,-187500.02235174447
$SILENCE,2354.9350923222414,-7862.717850532276,7007.517755927773,12173.721155371804,-187500.02235174447,-187500.02235174447,-187500.02235174447,-187500.02235174447
$SILENCE,2097.286533985917,-7911.601115656033,6483.279941473001,12234.51790029024,-187500.02235174447,-187500.02235174447,-187500.02235174447,-187500.02235174447
$SILENCE,2138.480799017048,-7946.872168406507,6429.881623969272,12212.970818635324,-187500.02235174447,-187500.02235174447,-187500.02235174447,-187500.02235174447
$SILENCE,2418.212880875216,-7894.904362547918,6998.532354656739,12147.92724227038,-187500.02235174447,-187500.02235174447,-187500.02235174447,-187500.02235174447
$SILENCE,2388.2838950495598,-7861.264987142681,7071.756669492325,12159.147817986945,-187500.02235174447,-187500.02235174447,-187500.02235174447,-187500.02235174447
$SILENCE,2127.506092489492,-7901.498127162234,6577.514896096575,12227.030065897712,-187500.02235174447,-187500.02235174447,-187500.02235174447,-187500.02235174447
$SILENCE,2090.3351414603167,-7948.436790518379,6370.135411040236,12227.65591474246,-187500.02235174447,-187500.02235174447,-187500.02235174447,-187500.02235174447
$SILENCE,2380.013749601096,-7907.019008042695,6910.2653158027315,12151.704687083327,-187500.02235174447,-187500.02235174447,-187500.02235174447,-187500.02235174447
$SILENCE,2414.211918617716,-7861.644966798422,7111.051036244755,12149.625974848983,-187500.02235174447,-187500.02235174447,-187500.02235174447,-187500.02235174447
$SILENCE,2171.4272703441707,-7889.1823159673595,6671.861609442426,12209.41689126693,-187500.02235174447,-187500.02235174447,-187500.02235174447,-187500.02235174447
$SILENCE,2065.4352981371044,-7942.804150915641,6334.774951311941,12227.164176364444,-187500.02235174447,-187500.02235174447,-187500.02235174447,-187500.02235174447
$SILENCE,2339.8700165593646,-7917.457272703323,6808.408416319897,12164.735754100771,-187500.02235174447,-187500.02235174447,-187500.02235174447,-187500.02235174447
$SILENCE,2446.3760788889026,-7861.7120220317875,7139.258937747352,12156.331498185576,-187500.02235174447,-187500.02235174447,-187500.02235174447,-187500.02235174447
$SILENCE,2236.9849368315863,-7880.398080396424,6781.765136929172,12209.327484289108,-187500.02235174447,-187500.02235174447,-187500.02235174447,-187500.02235174447
$SILENCE,2065.9940917484873,-7939.876072391996,6342.374544426745,12237.535385791707,-187500.02235174447,-187500.02235174447,-187500.02235174447,-187500.02235174447
$SILENCE,2288.1033764008735,-7930.488339720767,6699.04133070008,12173.385879204974,-187500.02235174447,-187500.02235174447,-187500.02235174447,-187500.02235174447
$SILENCE,2442.8221515205087,-7866.942330234329,7129.111245764643,12141.288774167155,-187500.02235174447,-187500.02235174447,-187500.02235174447,-187500.02235174447
$SILENCE,2268.6126552358455,-7870.540961091633,6876.245960741754,12189.099155557056,-187500.02235174447,-187500.02235174447,-187500.02235174447,-187500.02235174447
$SILENCE,2060.339100401294,-7928.879014119985,6376.21508553208,12236.596612524583,-187500.02235174447,-187500.02235174447,-187500.02235174447,-187500.02235174447
$SILENCE,2236.2920327534716,-7937.931470624384,6590.724777069661,12189.277969512697,-187500.02235174447,-187500.02235174447,-187500.02235174447,-187500.02235174447
$SILENCE,2453.8415615369754,-7876.642987327932,7104.747844308358,12148.128407970478,-187500.02235174447,-187500.02235174447,-187500.02235174447,-187500.02235174447
$SILENCE,2324.9390512632194,-7865.333004633547,6962.367232128052,12189.188562534877,-187500.02235174447,-187500.02235174447,-187500.02235174447,-187500.02235174447
$SILENCE,2083.830783823822,-7922.039380316661,6434.12845541578,12241.223423626832,-187500.02235174447,-187500.02235174447,-187500.02235174447,-187500.02235174447
$SILENCE,2177.641055302746,-7945.888691650473,6491.9747700661155,12208.567524977629,-187500.02235174447,-187500.02235174447,-187500.02235174447,-187500.02235174447
$SILENCE,2433.076790937995,-7885.0695949875835,7049.270814570286,12143.59100384605,-187500.02235174447,-187500.02235174447,-187500.02235174447,-187500.02235174447
$SILENCE,2364.5910459269344,-7860.08034468655,7029.6012794496155,12162.50057965524,-187500.02235174447,-187500.02235174447,-187500.02235174447,-187500.02235174447
$SILENCE,2116.933717362132,-7906.214345242303,6513.3877412543,12224.236097840798,-187500.02235174447,-187500.02235174447,-187500.02235174447,-187500.02235174447
$SILENCE,2137.6984879611123,-7945.262842805725,6415.375341817778,12216.189469836889,-187500.02235174447,-187500.02235174447,-187500.02235174447,-187500.02235174447
$SILENCE,2412.982572672674,-7895.016121270195,6980.919180025957,12152.665812094905,-187500.02235174447,-187500.02235174447,-187500.02235174447,-187500.02235174447
$SILENCE,2400.1973748442383,-7858.113391174483,7089.302788889741,12161.606509877029,-187500.02235174447,-187500.02235174447,-187500.02235174447,-187500.02235174447
$SILENCE,2154.708165491601,-7897.184240482359,6607.577992388963,12225.621905997028,-187500.02235174447,-187500.02235174447,-187500.02235174447,-187500.02235174447
$SILENCE,2097.286533985917,-7946.849816662052,6360.322995224356,12240.686981759905,-187500.02235174447,-187500.02235174447,-187500.02235174447,-187500.02235174447
$SILENCE,2373.576447197968,-7914.0151040572055,6884.471402701307,12174.771687361204,-187500.02235174447,-187500.02235174447,-187500.02235174447,-187500.02235174447
$SILENCE,2424.069037922506,-7864.751859277709,7121.377542183107,12151.54822487214,-187500.02235174447,-187500.02235174447,-187500.02235174447,-187500.02235174447
$SILENCE,2195.9694857560976,-7888.042377000139,6705.389226125387,12196.69874867186,-187500.02235174447,-187500.02235174447,-187500.02235174447,-187500.02235174447
$SILENCE,2074.1077749857636,-7938.222043302303,6339.960556025571,12222.51501351774,-187500.02235174447,-187500.02235174447,-187500.02235174447,-187500.02235174447
$SILENCE,2323.083856473429,-7914.1268627794825,6776.288959537621,12164.60164363404,-187500.02235174447,-187500.02235174447,-187500.02235174447,-187500.02235174447
$SILENCE,2442.173950931305,-7861.332042376047,7137.202577257464,12151.436466149864,-187500.02235174447,-187500.02235174447,-187500.02235174447,-187500.02235174447
$SILENCE,2241.2317682780945,-7877.045318728128,6809.458948309297,12203.068995841622,-187500.02235174447,-187500.02235174447,-187500.02235174447,-187500.02235174447
$SILENCE,2060.294396912384,-7936.232738045781,6351.762277097974,12239.70350500387,-187500.02235174447,-187500.02235174447,-187500.02235174447,-187500.02235174447
$SILENCE,2270.1772773477173,-7933.058790333127,6667.79359195156,12189.099155557056,-187500.02235174447,-187500.02235174447,-187500.02235174447,-187500.02235174447
$SILENCE,2449.751192301654,-7870.65271981391,7123.07627476171,12155.705649340827,-187500.02235174447,-187500.02235174447,-187500.02235174447,-187500.02235174447
$SILENCE,2289.176260134728,-7868.9316354908515,6897.636580185483,12191.60255093605,-187500.02235174447,-187500.02235174447,-187500.02235174447,-187500.02235174447
$SILENCE,2062.1495917021743,-7925.23567977377,6382.294760023923,12228.237060098298,-187500.02235174447,-187500.02235174447,-187500.02235174447,-187500.02235174447
$SILENCE,2213.0685702644078,-7938.087932835571,6552.72681149564,12194.217705037321,-187500.02235174447,-187500.02235174447,-187500.02235174447,-187500.02235174447
$SILENCE,2446.8007620335534,-7871.7479552922205,7090.733300534881,12154.45395165133,-187500.02235174447,-187500.02235174447,-187500.02235174447,-187500.02235174447
$SILENCE,2337.1654554802726,-7860.102696431005,6986.2835986952305,12187.243960767266,-187500.02235174447,-187500.02235174447,-187500.02235174447,-187500.02235174447
$SILENCE,2094.6713798846463,-7914.32802847958,6458.80478129444,12242.877452716524,-187500.02235174447,-187500.02235174447,-187500.02235174447,-187500.02235174447
$SILENCE,2168.9685784540866,-7943.720572438308,6466.717298831618,12217.664684970938,-187500.02235174447,-187500.02235174447,-187500.02235174447,-187500.02235174447
$SILENCE,2429.925194969797,-7887.550638622122,7029.4224654939735,12156.331498185576,-187500.02235174447,-187500.02235174447,-187500.02235174447,-187500.02235174447
$SILENCE,2376.504525721613,-7860.236806897737,7049.58373899266,12171.150704759444,-187500.02235174447,-187500.02235174447,-187500.02235174447,-187500.02235174447
$SILENCE,2123.7509994210004,-7903.75565335222,6539.069895633447,12223.677304229415,-187500.02235174447,-187500.02235174447,-187500.02235174447,-187500.02235174447
$SILENCE,2122.834577898333,-7946.648650961954,6394.543515985431,12213.015522124235,-187500.02235174447,-187500.02235174447,-187500.02235174447,-187500.02235174447
$SILENCE,2402.1643283563053,-7896.960723037806,6947.793894743192,12153.582233617573,-187500.02235174447,-187500.02235174447,-187500.02235174447,-187500.02235174447
$SILENCE,2407.0593603920174,-7858.113391174483,7094.68955930347,12162.142951743956,-187500.02235174447,-187500.02235174447,-187500.02235174447,-187500.02235174447
$SILENCE,2165.4593545746034,-7893.451499158324,6637.149350303334,12218.22347858232,-187500.02235174447,-187500.02235174447,-187500.02235174447,-187500.02235174447
$SILENCE,2093.598496150791,-7944.502883494245,6353.528064909943,12228.125301376022,-187500.02235174447,-187500.02235174447,-187500.02235174447,-187500.02235174447
$SILENCE,2370.715423907688,-7908.740092365753,6856.487018643263,12166.45683842383,-187500.02235174447,-187500.02235174447,-187500.02235174447,-187500.02235174447
$SILENCE,2439.3799828743918,-7858.627481296955,7132.575766155215,12157.292623197154,-187500.02235174447,-187500.02235174447,-187500.02235174447,-187500.02235174447
$SILENCE,2214.5214336540025,-7880.040452485139,6741.487293420708,12207.695806943872,-187500.02235174447,-187500.02235174447,-187500.02235174447,-187500.02235174447
$SILENCE,2068.2739696829285,-7936.858586890529,6342.374544426745,12228.75115022077,-187500.02235174447,-187500.02235174447,-187500.02235174447,-187500.02235174447
$SILENCE,2314.858414513876,-7921.324124494091,6747.1422847679005,12170.480152425785,-187500.02235174447,-187500.02235174447,-187500.02235174447,-187500.02235174447
$SILENCE,2452.9027882698524,-7862.22611215426,7133.805112100257,12147.793131803648,-187500.02235174447,-187500.02235174447,-187500.02235174447,-187500.02235174447
$SILENCE,2258.2637975530383,-7872.552618092611,6836.236338166755,12197.302245772153,-187500.02235174447,-187500.02235174447,-187500.02235174447,-187500.02235174447
$SILENCE,2060.294396912384,-7928.2755170196915,6361.954672569594,12237.334220091609,-187500.02235174447,-187500.02235174447,-187500.02235174447,-187500.02235174447
$SILENCE,2256.721527185622,-7931.136540309971,6636.657611925318,12182.326576987098,-187500.02235174447,-187500.02235174447,-187500.02235174447,-187500.02235174447
$SILENCE,2452.9698435032183,-7868.015213968184,7115.499033391361,12141.534643356163,-187500.02235174447,-187500.02235174447,-187500.02235174447,-187500.02235174447
$SILENCE,2300.687408529211,-7860.549731320111,6923.899879920469,12184.628806665994,-187500.02235174447,-187500.02235174447,-187500.02235174447,-187500.02235174447
$SILENCE,2067.7151760715456,-7916.89847909194,6407.060492880403,12235.27785960172,-187500.02235174447,-187500.02235174447,-187500.02235174447,-187500.02235174447
$SILENCE,2199.5010613800364,-7937.640897946465,6531.827930429928,12197.88339112799,-187500.02235174447,-187500.02235174447,-187500.02235174447,-187500.02235174447
$SILENCE,2450.444096379769,-7878.252312928715,7078.238675384364,12147.077875981078,-187500.02235174447,-187500.02235174447,-187500.02235174447,-187500.02235174447
$SILENCE,2354.2868917330375,-7861.399097609413,7012.569250174672,12180.784306619682,-187500.02235174447,-187500.02235174447,-187500.02235174447,-187500.02235174447
$SILENCE,2096.3030572298835,-7909.209478999314,6485.939799063182,12237.13305439151,-187500.02235174447,-187500.02235174447,-187500.02235174447,-187500.02235174447
$SILENCE,2143.37583105276,-7938.803188658141,6444.589071820864,12207.315827288132,-187500.02235174447,-187500.02235174447,-187500.02235174447,-187500.02235174447
$SILENCE,2415.687133751766,-7884.443746142834,7003.762662859281,12136.058465964612,-187500.02235174447,-187500.02235174447,-187500.02235174447,-187500.02235174447
$SILENCE,2381.667778690789,-7855.051202184106,7060.6478524980375,12151.749390572239,-187500.02235174447,-187500.02235174447,-187500.02235174447,-187500.02235174447
$SILENCE,2130.3671157797717,-7896.468984659789,6569.49061983712,12210.802699423159,-187500.02235174447,-187500.02235174447,-187500.02235174447,-187500.02235174447
$SILENCE,2106.964839335065,-7943.1841305713815,6382.987664102038,12207.807565666148,-187500.02235174447,-187500.02235174447,-187500.02235174447,-187500.02235174447
$SILENCE,2392.2848573070596,-7901.140499250949,6921.910574663946,12143.523948612685,-187500.02235174447,-187500.02235174447,-187500.02235174447,-187500.02235174447
$SILENCE,2418.0340669195734,-7859.476847586257,7105.150175708553,12144.127445712978,-187500.02235174447,-187500.02235174447,-187500.02235174447,-187500.02235174447
$SILENCE,2174.4000523567265,-7892.222153213282,6664.753754705639,12201.839649896581,-187500.02235174447,-187500.02235174447,-187500.02235174447,-187500.02235174447
$SILENCE,2072.476097640526,-7946.089857350571,6343.514483393966,12215.809490181147,-187500.02235174447,-187500.02235174447,-187500.02235174447,-187500.02235174447
$SILENCE,2346.3520224514036,-7915.579726169077,6820.008971692201,12156.64442260795,-187500.02235174447,-187500.02235174447,-187500.02235174447,-187500.02235174447
$SILENCE,2440.586977074978,-7857.7781150076535,7131.346420210174,12144.038038735156,-187500.02235174447,-187500.02235174447,-187500.02235174447,-187500.02235174447
$SILENCE,2222.3892477022705,-7877.537057106145,6770.164581556867,12191.714309658326,-187500.02235174447,-187500.02235174447,-187500.02235174447,-187500.02235174447
$SILENCE,2060.696728312579,-7937.462083990823,6349.3482886968,12219.095196616077,-187500.02235174447,-187500.02235174447,-187500.02235174447,-187500.02235174447
$SILENCE,2297.5134608165577,-7925.861528618519,6716.274525675121,12159.684259853871,-187500.02235174447,-187500.02235174447,-187500.02235174447,-187500.02235174447
$SILENCE,2456.881398782897,-7865.824743011563,7132.285193477296,12130.917564739892,-187500.02235174447,-187500.02235174447,-187500.02235174447,-187500.02235174447
$SILENCE,2276.8380971953984,-7873.290225659636,6867.260559470721,12178.862056596525,-187500.02235174447,-187500.02235174447,-187500.02235174447,-187500.02235174447
$SILENCE,2065.6811673261127,-7932.947031610851,6377.533838454943,12227.27593508672,-187500.02235174447,-187500.02235174447,-187500.02235174447,-187500.02235174447
$SILENCE,2245.7691724025217,-7939.339630525069,6608.427358678265,12183.1759432764,-187500.02235174447,-187500.02235174447,-187500.02235174447,-187500.02235174447
$SILENCE,2455.9649772602293,-7874.541923349134,7106.267762931319,12136.97488748728,-187500.02235174447,-187500.02235174447,-187500.02235174447,-187500.02235174447
$SILENCE,2317.4512168706915,-7864.818914511075,6950.811380244659,12165.138085500967,-187500.02235174447,-187500.02235174447,-187500.02235174447,-187500.02235174447
$SILENCE,2078.7345860880123,-7916.540851180655,6432.720295515096,12211.137975589989,-187500.02235174447,-187500.02235174447,-187500.02235174447,-187500.02235174447
$SILENCE,2189.800404286433,-7942.982964871284,6507.129252806813,12178.638539151973,-187500.02235174447,-187500.02235174447,-187500.02235174447,-187500.02235174447
$SILENCE,2445.593767832967,-7884.622560098477,7054.769343706292,12124.413207103396,-187500.02235174447,-187500.02235174447,-187500.02235174447,-187500.02235174447
$SILENCE,2367.6755866617664,-7863.209588910293,7020.749988645314,12150.430637649375,-187500.02235174447,-187500.02235174447,-187500.02235174447,-187500.02235174447
$SILENCE,2115.4585022280817,-7912.85281334553,6507.129252806813,12208.455766255353,-187500.02235174447,-187500.02235174447,-187500.02235174447,-187500.02235174447
$SILENCE,2147.600310754813,-7952.2812905646915,6425.098350655837,12193.904780614947,-187500.02235174447,-187500.02235174447,-187500.02235174447,-187500.02235174447
$SILENCE,2428.271165880104,-7899.084138761061,6984.5178108832615,12132.54924208513,-187500.02235174447,-187500.02235174447,-187500.02235174447,-187500.02235174447
$SILENCE,2405.628848746878,-7862.9413679768295,7078.283378873275,12142.339306156553,-187500.02235174447,-187500.02235174447,-187500.02235174447,-187500.02235174447
$SILENCE,2159.960825438598,-7901.94516205134,6610.506070912608,12198.017501594722,-187500.02235174447,-187500.02235174447,-187500.02235174447,-187500.02235174447
$SILENCE,2119.571223207858,-7946.514540495222,6406.389940546745,12198.755109161748,-187500.02235174447,-187500.02235174447,-187500.02235174447,-187500.02235174447
$SILENCE,2382.9418281247413,-7911.444653444845,6884.65021665695,12137.511329354207,-187500.02235174447,-187500.02235174447,-187500.02235174447,-187500.02235174447
$SILENCE,2448.2759771676037,-7865.042431955628,7135.861472590145,12129.822329261582,-187500.02235174447,-187500.02235174447,-187500.02235174447,-187500.02235174447
$SILENCE,2184.9500757396313,-7894.122051491982,6679.327092090499,12190.127335802,-187500.02235174447,-187500.02235174447,-187500.02235174447,-187500.02235174447
$SILENCE,2086.736510603012,-7947.252148062247,6363.362832470279,12207.22642031031,-187500.02235174447,-187500.02235174447,-187500.02235174447,-187500.02235174447
$SILENCE,2329.5882141099232,-7923.067560561605,6773.629101947439,12147.256689936721,-187500.02235174447,-187500.02235174447,-187500.02235174447,-187500.02235174447
$SILENCE,2458.0660412390284,-7867.121144189971,7143.237548260397,12124.994352459235,-187500.02235174447,-187500.02235174447,-187500.02235174447,-187500.02235174447
$SILENCE,2229.117122783318,-7883.437917642345,6778.747651427705,12181.566617675617,-187500.02235174447,-187500.02235174447,-187500.02235174447,-187500.02235174447
$SILENCE,2052.9853764754985,-7942.401819515446,6328.270593675446,12216.144766347978,-187500.02235174447,-187500.02235174447,-187500.02235174447,-187500.02235174447
$SILENCE,2280.056748396963,-7932.2094240438255,6668.754716963139,12161.651213365938,-187500.02235174447,-187500.02235174447,-187500.02235174447,-187500.02235174447
$SILENCE,2452.6345673363885,-7870.518609347178,7115.119053735621,12122.692122780338,-187500.02235174447,-187500.02235174447,-187500.02235174447,-187500.02235174447
$SILENCE,2284.080062398918,-7873.781964037653,6883.465574200818,12162.321765699598,-187500.02235174447,-187500.02235174447,-187500.02235174447,-187500.02235174447
$SILENCE,2067.9610452605543,-7932.343534510557,6386.519239725976,12209.439243011386,-187500.02235174447,-187500.02235174447,-187500.02235174447,-187500.02235174447
$SILENCE,2225.9655268151196,-7943.340592782569,6572.239884405123,12167.350908202043,-187500.02235174447,-187500.02235174447,-187500.02235174447,-187500.02235174447
$SILENCE,2452.1204772139167,-7883.281455431159,7086.128841177087,12120.25578263471,-187500.02235174447,-187500.02235174447,-187500.02235174447,-187500.02235174447
$SILENCE,2336.494903146613,-7872.194990181326,6972.336110155119,12157.02440226369,-187500.02235174447,-187500.02235174447,-187500.02235174447,-187500.02235174447
$SILENCE,2088.345836203794,-7920.050075060139,6454.13326670328,12212.79200467968,-187500.02235174447,-187500.02235174447,-187500.02235174447,-187500.02235174447
$SILENCE,2172.9024854782206,-7947.654479462443,6479.793069337973,12185.254655510744,-187500.02235174447,-187500.02235174447,-187500.02235174447,-187500.02235174447
$SILENCE,2444.520884099112,-7890.4116619124015,7036.48561674185,12131.476358351274,-187500.02235174447,-187500.02235174447,-187500.02235174447,-187500.02235174447
$SILENCE,2381.9359996242524,-7862.494333087723,7041.894738900035,12154.632765606972,-187500.02235174447,-187500.02235174447,-187500.02235174447,-187500.02235174447
$SILENCE,2122.6781156871457,-7906.840194087053,6534.487788020109,12206.824088910114,-187500.02235174447,-187500.02235174447,-187500.02235174447,-187500.02235174447
$SILENCE,2126.3661535222714,-7950.604909730543,6406.993437647037,12194.307112015142,-187500.02235174447,-187500.02235174447,-187500.02235174447,-187500.02235174447
$SILENCE,2414.1001598954394,-7902.258086473715,6959.640319304504,12136.192576431344,-187500.02235174447,-187500.02235174447,-187500.02235174447,-187500.02235174447
$SILENCE,2416.4247413187913,-7863.097830188016,7090.666245301515,12142.719285812294,-187500.02235174447,-187500.02235174447,-187500.02235174447,-187500.02235174447
$SILENCE,2165.3922993412375,-7899.844098072541,6627.649858909829,12192.720138158815,-187500.02235174447,-187500.02235174447,-187500.02235174447,-187500.02235174447
$SILENCE,2094.8501938402887,-7949.688488207876,6360.255939990991,12200.342083018075,-187500.02235174447,-187500.02235174447,-187500.02235174447,-187500.02235174447
$SILENCE,2371.631845430356,-7912.316371478602,6862.231416968277,12140.2158904333,-187500.02235174447,-187500.02235174447,-187500.02235174447,-187500.02235174447
$SILENCE,2437.9047677403414,-7863.142533676927,7120.327010193707,12136.483149109263,-187500.02235174447,-187500.02235174447,-187500.02235174447,-187500.02235174447
$SILENCE,2210.5204713965027,-7888.958798522806,6726.936307780303,12191.714309658326,-187500.02235174447,-187500.02235174447,-187500.02235174447,-187500.02235174447
$SILENCE,2074.1077749857636,-7946.648650961954,6346.308451450879,12217.307057059654,-187500.02235174447,-187500.02235174447,-187500.02235174447,-187500.02235174447
$SILENCE,2332.3821821668366,-7926.777950141186,6760.419220974353,12153.626937106483,-187500.02235174447,-187500.02235174447,-187500.02235174447,-187500.02235174447
$SILENCE,2474.0698902690283,-7865.914149989385,7160.582501957715,12123.049750691624,-187500.02235174447,-187500.02235174447,-187500.02235174447,-187500.02235174447
$SILENCE,2252.3852887612925,-7874.385461137947,6823.384085104953,12185.299358999653,-187500.02235174447,-187500.02235174447,-187500.02235174447,-187500.02235174447
$SILENCE,2073.034891251909,-7932.231775788281,6381.26657977898,12224.571374007628,-187500.02235174447,-187500.02235174447,-187500.02235174447,-187500.02235174447
$SILENCE,2261.30363479896,-7928.90136586444,6644.346612017944,12174.682280383382,-187500.02235174447,-187500.02235174447,-187500.02235174447,-187500.02235174447
$SILENCE,2465.2856546980925,-7868.953987235307,7120.908155549545,12132.079855451568,-187500.02235174447,-187500.02235174447,-187500.02235174447,-187500.02235174447
$SILENCE,2302.922582974742,-7862.9413679768295,6917.328467050608,12179.152629274444,-187500.02235174447,-187500.02235174447,-187500.02235174447,-187500.02235174447
$SILENCE,2065.614112092747,-7924.565127440111,6385.133431569748,12227.141824619988,-187500.02235174447,-187500.02235174447,-187500.02235174447,-187500.02235174447
$SILENCE,2214.8120063319216,-7940.658383447932,6537.617032243852,12184.584103177083,-187500.02235174447,-187500.02235174447,-187500.02235174447,-187500.02235174447
$SILENCE,2457.037860994084,-7877.89468501743,7072.851904970635,12135.231451419766,-187500.02235174447,-187500.02235174447,-187500.02235174447,-187500.02235174447
$SILENCE,2352.8787318323534,-7862.382574365446,6993.078529009644,12165.003975034235,-187500.02235174447,-187500.02235174447,-187500.02235174447,-187500.02235174447
$SILENCE,2101.578068921336,-7913.501013934734,6479.748365849062,12217.731740204305,-187500.02235174447,-187500.02235174447,-187500.02235174447,-187500.02235174447
$SILENCE,2163.8500289738213,-7946.022802117205,6461.576397606897,12196.0281963382,-187500.02235174447,-187500.02235174447,-187500.02235174447,-187500.02235174447
$SILENCE,2437.6141950624224,-7889.919923534385,7013.86565135308,12135.92435549788,-187500.02235174447,-187500.02235174447,-187500.02235174447,-187500.02235174447
$SILENCE,2392.6424852183445,-7860.817952253575,7054.67993672847,12152.285832439165,-187500.02235174447,-187500.02235174447,-187500.02235174447,-187500.02235174447
$SILENCE,2134.904519904199,-7904.403853941424,6562.8297999894385,12210.288609300687,-187500.02235174447,-187500.02235174447,-187500.02235174447,-187500.02235174447
$SILENCE,2116.218461539562,-7950.046116119161,6392.1295275842585,12205.684149942894,-187500.02235174447,-187500.02235174447,-187500.02235174447,-187500.02235174447
$SILENCE,2404.108930123917,-7902.9733422962845,6930.918327679436,12141.981678245269,-187500.02235174447,-187500.02235174447,-187500.02235174447,-187500.02235174447
$SILENCE,2421.163311143316,-7856.41465859588,7099.472832616906,12145.870881780493,-187500.02235174447,-187500.02235174447,-187500.02235174447,-187500.02235174447
$SILENCE,2179.0268634589747,-7889.249371200725,6660.059888370024,12204.074824342111,-187500.02235174447,-187500.02235174447,-187500.02235174447,-187500.02235174447
$SILENCE,2089.910458315666,-7943.854682905041,6359.741849868518,12217.84349892658,-187500.02235174447,-187500.02235174447,-187500.02235174447,-187500.02235174447
$SILENCE,2371.1401070523393,-7911.869336589496,6839.700858557327,12157.426733663886,-187500.02235174447,-187500.02235174447,-187500.02235174447,-187500.02235174447
$SILENCE,2454.8473900374643,-7858.135742918938,7126.697257363469,12145.222681191288,-187500.02235174447,-187500.02235174447,-187500.02235174447,-187500.02235174447
$SILENCE,2226.5913756598684,-7879.660472829399,6756.105334294479,12197.391652749975,-187500.02235174447,-187500.02235174447,-187500.02235174447,-187500.02235174447
$SILENCE,2070.5985511062804,-7939.361982269524,6348.945957296605,12223.431435040407,-187500.02235174447,-187500.02235174447,-187500.02235174447,-187500.02235174447
$SILENCE,2312.9361644907194,-7925.503900707234,6727.316287436043,12163.439352922363,-187500.02235174447,-187500.02235174447,-187500.02235174447,-187500.02235174447
$SILENCE,2462.625797107911,-7862.024946454161,7125.825539329713,12137.35486714302,-187500.02235174447,-187500.02235174447,-187500.02235174447,-187500.02235174447
$SILENCE,2273.2618180825493,-7868.059917457094,6849.110942973011,12185.724042144304,-187500.02235174447,-187500.02235174447,-187500.02235174447,-187500.02235174447
$SILENCE,2063.0436614803866,-7926.263860018714,6372.907027352694,12228.527632776217,-187500.02235174447,-187500.02235174447,-187500.02235174447,-187500.02235174447
$SILENCE,2255.1569050737507,-7931.002429843239,6621.50312918462,12182.348928731553,-187500.02235174447,-187500.02235174447,-187500.02235174447,-187500.02235174447
$SILENCE,2479.2107914937487,-7866.495295345223,7135.5485481677715,12138.740675299248,-187500.02235174447,-187500.02235174447,-187500.02235174447,-187500.02235174447
$SILENCE,2319.8428535274093,-7858.135742918938,6950.319641866642,12178.616187407517,-187500.02235174447,-187500.02235174447,-187500.02235174447,-187500.02235174447
$SILENCE,2078.1757924766293,-7918.016066314705,6430.060437924914,12229.086426387601,-187500.02235174447,-187500.02235174447,-187500.02235174447,-187500.02235174447
$SILENCE,2191.700302565134,-7936.1433310679595,6526.016476871548,12200.431489995897,-187500.02235174447,-187500.02235174447,-187500.02235174447,-187500.02235174447
$SILENCE,2440.072886952506,-7880.733356563253,7044.3310790456635,12147.144931214445,-187500.02235174447,-187500.02235174447,-187500.02235174447,-187500.02235174447
$SILENCE,2354.7786301110546,-7857.509894074189,7002.399206447507,12168.893178569459,-187500.02235174447,-187500.02235174447,-187500.02235174447,-187500.02235174447
$SILENCE,2098.806452608878,-7905.27557197518,6490.812479354439,12223.967876907334,-187500.02235174447,-187500.02235174447,-187500.02235174447,-187500.02235174447
$SILENCE,2141.051249629408,-7940.3678107700125,6436.453036839132,12207.584048221595,-187500.02235174447,-187500.02235174447,-187500.02235174447,-187500.02235174447
$SILENCE,2428.271165880104,-7886.969493266284,6992.519735398261,12145.200329446832,-187500.02235174447,-187500.02235174447,-187500.02235174447,-187500.02235174447
$SILENCE,2402.566659756501,-7852.972489949762,7071.108468903121,12158.991355775757,-187500.02235174447,-187500.02235174447,-187500.02235174447,-187500.02235174447
$SILENCE,2139.128999606252,-7895.329045692569,6590.3000939250105,12215.362455292041,-187500.02235174447,-187500.02235174447,-187500.02235174447,-187500.02235174447
$SILENCE,2103.2097462665733,-7943.564110227122,6381.490097223533,12217.150594848466,-187500.02235174447,-187500.02235174447,-187500.02235174447,-187500.02235174447
$SILENCE,2389.624999716878,-7900.9840370397615,6903.5150889772285,12149.290698682154,-187500.02235174447,-187500.02235174447,-187500.02235174447,-187500.02235174447
$SILENCE,2422.2138431327157,-7856.682879529343,7105.753672808847,12146.83200679207,-187500.02235174447,-187500.02235174447,-187500.02235174447,-187500.02235174447
$SILENCE,2181.172630926684,-7883.348510664525,6687.485478816686,12206.17588832091,-187500.02235174447,-187500.02235174447,-187500.02235174447,-187500.02235174447
$SILENCE,2069.5256673724257,-7937.28327003518,6355.360907955278,12228.147653120477,-187500.02235174447,-187500.02235174447,-187500.02235174447,-187500.02235174447
$SILENCE,2347.469609674169,-7910.908211577918,6814.599849534017,12167.753239602238,-187500.02235174447,-187500.02235174447,-187500.02235174447,-187500.02235174447
$SILENCE,2451.3828696468913,-7854.112428916983,7134.185091755998,12145.334439913564,-187500.02235174447,-187500.02235174447,-187500.02235174447,-187500.02235174447
$SILENCE,2233.989803074575,-7871.7479552922205,6785.475526508752,12193.927132359402,-187500.02235174447,-187500.02235174447,-187500.02235174447,-187500.02235174447
$SILENCE,2053.6559288091576,-7930.913022865418,6352.678698620642,12226.85125194207,-187500.02235174447,-187500.02235174447,-187500.02235174447,-187500.02235174447
$SILENCE,2291.7243590026333,-7921.838214616563,6699.935400478292,12174.682280383382,-187500.02235174447,-187500.02235174447,-187500.02235174447,-187500.02235174447
$SILENCE,2461.6646720963327,-7863.142533676927,7129.2677079758305,12141.601698589528,-187500.02235174447,-187500.02235174447,-187500.02235174447,-187500.02235174447
$SILENCE,2279.6544169967674,-7863.4107546103905,6881.900952088947,12182.46068745383,-187500.02235174447,-187500.02235174447,-187500.02235174447,-187500.02235174447
$SILENCE,2057.031042221909,-7922.128787294482,6392.107175839803,12229.019371154234,-187500.02235174447,-187500.02235174447,-187500.02235174447,-187500.02235174447
$SILENCE,2231.3970007177595,-7932.634107188476,6593.406986404299,12187.020443322712,-187500.02235174447,-187500.02235174447,-187500.02235174447,-187500.02235174447
$SILENCE,2460.3682709179247,-7870.69742330282,7098.489355860872,12139.522986355185,-187500.02235174447,-187500.02235174447,-187500.02235174447,-187500.02235174447
$SILENCE,2333.209196711683,-7859.253330141703,6961.964900727857,12171.88831232647,-187500.02235174447,-187500.02235174447,-187500.02235174447,-187500.02235174447
$SILENCE,2084.8813158132216,-7913.23279300127,6443.113856686814,12218.670513471427,-187500.02235174447,-187500.02235174447,-187500.02235174447,-187500.02235174447
$SILENCE,2187.699340307634,-7941.328935781591,6491.594790410375,12188.294492756664,-187500.02235174447,-187500.02235174447,-187500.02235174447,-187500.02235174447
$SILENCE,2462.625797107911,-7884.0190629981835,7044.062858112199,12134.15856768591,-187500.02235174447,-187500.02235174447,-187500.02235174447,-187500.02235174447
$SILENCE,2393.7153689521992,-7858.582777808044,7037.491445242339,12158.320803442099,-187500.02235174447,-187500.02235174447,-187500.02235174447,-187500.02235174447
$SILENCE,2134.7927611819223,-7904.917944063895,6532.118503107847,12215.161289591944,-187500.02235174447,-187500.02235174447,-187500.02235174447,-187500.02235174447
$SILENCE,2151.0648311453856,-7945.173435827904,6419.599821519831,12204.052472597656,-187500.02235174447,-187500.02235174447,-187500.02235174447,-187500.02235174447
$SILENCE,2446.4431341222685,-7892.9374090358515,6985.054252750189,12142.920451512391,-187500.02235174447,-187500.02235174447,-187500.02235174447,-187500.02235174447
$SILENCE,2437.144808428861,-7848.435085825335,7119.008257270844,12155.996222018746,-187500.02235174447,-187500.02235174447,-187500.02235174447,-187500.02235174447
$SILENCE,2151.6236247567685,-7887.640045599944,6603.666437109285,12216.882373915003,-187500.02235174447,-187500.02235174447,-187500.02235174447,-187500.02235174447
$SILENCE,2099.5887636648135,-7933.505825222233,6385.915742625683,12221.196260594877,-187500.02235174447,-187500.02235174447,-187500.02235174447,-187500.02235174447
$SILENCE,2362.46763020368,-7899.03943527215,6851.54728311864,12161.74062034376,-187500.02235174447,-187500.02235174447,-187500.02235174447,-187500.02235174447
$SILENCE,2429.8134362475203,-7849.709135259287,7105.038416986277,12156.376201674486,-187500.02235174447,-187500.02235174447,-187500.02235174447,-187500.02235174447
$SILENCE,2195.05306423343,-7873.3349291485465,6713.704075062761,12210.780347678703,-187500.02235174447,-187500.02235174447,-187500.02235174447,-187500.02235174447
não,2064.585931847803,-7932.4999967217445,6345.034402016927,12225.398388552474,-187500.02235174447,-187500.02235174447,-187500.02235174447,-187500.02235174447
não,2333.2986036895045,-7913.94804882384,6768.91288386737,12160.533626143173,-187500.02235174447,-187500.02235174447,-187500.02235174447,-187500.02235174447
não,2457.306081927548,-7855.609995795488,7122.31631545023,12141.825216034082,-187500.02235174447,-187500.02235174447,-187500.02235174447,-187500.02235174447
não,2252.7205649281223,-7867.881103501452,6809.637762264939,12189.590893935072,-187500.02235174447,-187500.02235174447,-187500.02235174447,-187500.02235174447
não,2064.608283592258,-7927.694371663853,6357.998413801005,12224.638429240995,-187500.02235174447,-187500.02235174447,-187500.02235174447,-187500.02235174447
não,2285.5329257885132,-7927.649668174943,6662.2056558377335,12167.373259946497,-187500.02235174447,-187500.02235174447,-187500.02235174447,-187500.02235174447
não,2471.3876809343915,-7863.902492988407,7116.728379336403,12131.856338007014,-187500.02235174447,-187500.02235174447,-187500.02235174447,-187500.02235174447
não,2303.2578591415718,-7861.488504587234,6902.799833154659,12172.715326871315,-187500.02235174447,-187500.02235174447,-187500.02235174447,-187500.02235174447
não,2079.449841910582,-7917.971362825795,6405.697036468629,12219.318714060631,-187500.02235174447,-187500.02235174447,-187500.02235174447,-187500.02235174447
não,2228.759494872033,-7931.740037410264,6566.093154679913,12179.063222296623,-187500.02235174447,-187500.02235174447,-187500.02235174447,-187500.02235174447
não,2469.7783553336094,-7870.563312836089,7088.632236556082,12128.347114127531,-187500.02235174447,-187500.02235174447,-187500.02235174447,-187500.02235174447
não,2361.506505192102,-7858.180446407849,6992.519735398261,12158.387858675464,-187500.02235174447,-187500.02235174447,-187500.02235174447,-187500.02235174447
não,2103.835595111322,-7910.282362733169,6477.289673958979,12213.79783318017,-187500.02235174447,-187500.02235174447,-187500.02235174447,-187500.02235174447
não,2179.809174514911,-7940.121941581005,6479.346034448867,12182.348928731553,-187500.02235174447,-187500.02235174447,-187500.02235174447,-187500.02235174447
não,2459.3177389285256,-7883.639083342444,7033.378724262563,12117.126538410967,-187500.02235174447,-187500.02235174447,-187500.02235174447,-187500.02235174447
não,2401.8737556783863,-7855.654699284399,7055.998689651334,12137.466625865296,-187500.02235174447,-187500.02235174447,-187500.02235174447,-187500.02235174447
não,2138.7490199505114,-7898.9276765498735,6558.024174931547,12197.212838794332,-187500.02235174447,-187500.02235174447,-187500.02235174447,-187500.02235174447
não,2138.0784676168523,-7945.732229439286,6411.12851037127,12192.071937569612,-187500.02235174447,-187500.02235174447,-187500.02235174447,-187500.02235174447
não,2427.7794275020874,-7897.452461415824,6958.835656504114,12129.2635356502,-187500.02235174447,-187500.02235174447,-187500.02235174447,-187500.02235174447
não,2436.0942764394613,-7857.331080118547,7106.6700943315145,12131.87868975147,-187500.02235174447,-187500.02235174447,-187500.02235174447,-187500.02235174447
não,2181.3290931378715,-7891.976284024273,6649.062830098013,12182.192466520366,-187500.02235174447,-187500.02235174447,-187500.02235174447,-187500.02235174447
não,2099.1640805201628,-7944.078200349593,6368.92841683965,12196.296417271664,-187500.02235174447,-187500.02235174447,-187500.02235174447,-187500.02235174447
não,2384.439395003247,-7911.556412167122,6862.924321046391,12131.83398626256,-187500.02235174447,-187500.02235174447,-187500.02235174447,-187500.02235174447
não,2463.430459908302,-7859.499199330712,7136.3755627126175,12122.468605335785,-187500.02235174447,-187500.02235174447,-187500.02235174447,-187500.02235174447
não,2235.7555908865443,-7882.476792630768,6758.564026184563,12178.370318218509,-187500.02235174447,-187500.02235174447,-187500.02235174447,-187500.02235174447
não,2085.149536746685,-7940.814845659119,6366.313262738378,12203.337216775086,-187500.02235174447,-187500.02235174447,-187500.02235174447,-187500.02235174447
não,2331.0857809884287,-7924.766293140208,6750.919729580847,12139.791207288648,-187500.02235174447,-187500.02235174447,-187500.02235174447,-187500.02235174447
não,2474.0028350356624,-7864.394231366424,7136.777894112814,12118.422939589374,-187500.02235174447,-187500.02235174447,-187500.02235174447,-187500.02235174447
não,2278.514478029547,-7872.306748903603,6851.234358696265,12168.066164024613,-187500.02235174447,-187500.02235174447,-187500.02235174447,-187500.02235174447
não,2074.331292430317,-7931.941203110362,6376.975044843561,12207.785213921692,-187500.02235174447,-187500.02235174447,-187500.02235174447,-187500.02235174447
não,2275.6534547392675,-7934.66811593391,6644.905405629326,12158.432562164375,-187500.02235174447,-187500.02235174447,-187500.02235174447,-187500.02235174447
não,2497.6062771804663,-7868.775173279664,7163.041193847799,12121.462776835297,-187500.02235174447,-187500.02235174447,-187500.02235174447,-187500.02235174447
não,2329.923490276753,-7860.728545275753,6973.274883422242,12172.514161171219,-187500.02235174447,-187500.02235174447,-187500.02235174447,-187500.02235174447
não,2074.5548098748695,-7922.061732061116,6420.806815720417,12218.357589049052,-187500.02235174447,-187500.02235174447,-187500.02235174447,-187500.02235174447
não,2210.6098783743237,-7944.972270127806,6531.537357752009,12176.291605984165,-187500.02235174447,-187500.02235174447,-187500.02235174447,-187500.02235174447
não,2465.755041331654,-7878.386423395446,7091.672073802004,12126.022532704179,-187500.02235174447,-187500.02235174447,-187500.02235174447,-187500.02235174447
não,2373.5093919646015,-7856.951100462807,7019.3865322335405,12153.73869582876,-187500.02235174447,-187500.02235174447,-187500.02235174447,-187500.02235174447
não,2120.4429412416152,-7905.387330697457,6519.310953534956,12212.903763401959,-187500.02235174447,-187500.02235174447,-187500.02235174447,-187500.02235174447
não,2179.1386221812513,-7941.463046248323,6499.730825392106,12199.31390277313,-187500.02235174447,-187500.02235174447,-187500.02235174447,-187500.02235174447
não,2464.72686108671,-7884.3096356761025,7059.820837953191,12147.346096914542,-187500.02235174447,-187500.02235174447,-187500.02235174447,-187500.02235174447
não,2413.8766424508863,-7859.901530730907,7106.69244607597,12157.806713319625,-187500.02235174447,-187500.02235174447,-187500.02235174447,-187500.02235174447
não,2150.148409622718,-7892.915057291396,6611.109568012902,12214.200164580365,-187500.02235174447,-187500.02235174447,-187500.02235174447,-187500.02235174447
não,2130.5235779909585,-7916.540851180655,6409.206260348113,12224.996057152279,-187500.02235174447,-187500.02235174447,-187500.02235174447,-187500.02235174447
não,2411.1273778828836,-7894.949066036829,6919.340124051586,12145.78147480267,-187500.02235174447,-187500.02235174447,-187500.02235174447,-187500.02235174447
não,2415.8435959629533,-7890.65753110141,7142.924623838023,12116.858317477503,-187500.02235174447,-187500.02235174447,-187500.02235174447,-187500.02235174447
não,2223.1939105026618,-7891.75276657972,6774.098488581001,12203.27016154172,-187500.02235174447,-187500.02235174447,-187500.02235174447,-187500.02235174447
não,2077.7734610764337,-7968.262787850236,6323.710837806563,12190.015577079723,-187500.02235174447,-187500.02235174447,-187500.02235174447,-187500.02235174447
não,2362.758202881599,-7910.32706622208,6808.475471553264,12155.526835385184,-187500.02235174447,-187500.02235174447,-187500.02235174447,-187500.02235174447
não,2468.526657644112,-7821.992972134706,7101.9762279959,12145.155625957923,-187500.02235174447,-187500.02235174447,-187500.02235174447,-187500.02235174447
não,2208.7546835845333,-7875.167772193882,6715.782787297105,12178.102097285046,-187500.02235174447,-187500.02235174447,-187500.02235174447,-187500.02235174447
não,2024.8892336951774,-7967.1899041163815,6326.638916330209,12212.568487235128,-187500.02235174447,-187500.02235174447,-187500.02235174447,-187500.02235174447
não,2248.250216037061,-7981.472668823322,6672.2415890981665,12146.720248069794,-187500.02235174447,-187500.02235174447,-187500.02235174447,-187500.02235174447
não,2429.1652356583163,-7894.569086381089,7077.344605606152,12135.298506653131,-187500.02235174447,-187500.02235174447,-187500.02235174447,-187500.02235174447
não,2254.5757597179127,-7879.615769340488,6830.246070652732,12185.41111772193,-187500.02235174447,-187500.02235174447,-187500.02235174447,-187500.02235174447
não,2045.318728127328,-7934.064618833616,6367.095573794315,12232.819167711636,-187500.02235174447,-187500.02235174447,-187500.02235174447,-187500.02235174447
não,2191.8120612874104,-7980.600950789565,6556.258387119578,12152.866977795004,-187500.02235174447,-187500.02235174447,-187500.02235174447,-187500.02235174447
não,2429.4558083362353,-7902.258086473715,7081.122050419099,12128.97296297228,-187500.02235174447,-187500.02235174447,-187500.02235174447,-187500.02235174447
não,2306.6553242987784,-7879.012272240195,6963.440115861907,12172.782382104682,-187500.02235174447,-187500.02235174447,-187500.02235174447,-187500.02235174447
não,2065.547056859381,-7926.75559839673,6446.556025332931,12220.905687916958,-187500.02235174447,-187500.02235174447,-187500.02235174447,-187500.02235174447
não,2160.989005683542,-7961.445505791367,6464.437420897177,12161.628861621484,-187500.02235174447,-187500.02235174447,-187500.02235174447,-187500.02235174447
não,2393.447148018736,-7939.473740991801,7002.555668658694,12087.577532241052,-187500.02235174447,-187500.02235174447,-187500.02235174447,-187500.02235174447
não,2332.1586647222834,-7909.053016788128,6997.414767433974,12126.44721584883,-187500.02235174447,-187500.02235174447,-187500.02235174447,-187500.02235174447
não,2079.0028070214757,-7949.353212041046,6502.122462048825,12194.351815504053,-187500.02235174447,-187500.02235174447,-187500.02235174447,-187500.02235174447
não,2116.5537377063915,-7978.209314132848,6431.379190847778,12188.160382289932,-187500.02235174447,-187500.02235174447,-187500.02235174447,-187500.02235174447
não,2417.542328541557,-7924.1627960399155,7012.077511796655,12121.887459979947,-187500.02235174447,-187500.02235174447,-187500.02235174447,-187500.02235174447
não,2385.020540359085,-7893.742071836242,7077.702233517437,12113.170279642378,-187500.02235174447,-187500.02235174447,-187500.02235174447,-187500.02235174447
não,2107.858909113277,-7926.174453040893,6569.021233203559,12190.619074180016,-187500.02235174447,-187500.02235174447,-187500.02235174447,-187500.02235174447
não,2070.710309828557,-7968.419250061424,6367.408498216689,12194.664739926428,-187500.02235174447,-187500.02235174447,-187500.02235174447,-187500.02235174447
não,2359.539551680035,-7938.691429935865,6883.93496083438,12118.914677967392,-187500.02235174447,-187500.02235174447,-187500.02235174447,-187500.02235174447
não,2403.863060934909,-7898.480641660767,7087.40289061104,12110.912753452392,-187500.02235174447,-187500.02235174447,-187500.02235174447,-187500.02235174447
não,2166.6887005196454,-7916.742016880753,6687.597237538963,12172.335347215576,-187500.02235174447,-187500.02235174447,-187500.02235174447,-187500.02235174447
não,2041.6306902922024,-7974.789497231186,6341.8828060487285,12198.710405672839,-187500.02235174447,-187500.02235174447,-187500.02235174447,-187500.02235174447
não,2319.1275977048394,-7943.608813716032,6791.734014956238,12146.1167509695,-187500.02235174447,-187500.02235174447,-187500.02235174447,-187500.02235174447
não,2441.615157319922,-7878.855810029007,7141.248243003874,12131.54341358464,-187500.02235174447,-187500.02235174447,-187500.02235174447,-187500.02235174447
não,2213.2920877089605,-7908.13659526546,6794.483279524241,12161.941786043857,-187500.02235174447,-187500.02235174447,-187500.02235174447,-187500.02235174447
não,2032.1982541320629,-7971.660253007442,6356.9702335560605,12202.756071419248,-187500.02235174447,-187500.02235174447,-187500.02235174447,-187500.02235174447
não,2263.6952714556783,-7959.947938912862,6686.054967171546,12158.231396464276,-187500.02235174447,-187500.02235174447,-187500.02235174447,-187500.02235174447
não,2446.6442998223665,-7891.976284024273,7129.938260309489,12122.759178013705,-187500.02235174447,-187500.02235174447,-187500.02235174447,-187500.02235174447
não,2276.279303584016,-7892.043339257639,6896.876620874003,12160.98066103228,-187500.02235174447,-187500.02235174447,-187500.02235174447,-187500.02235174447
não,2051.510161341448,-7948.794418429664,6400.60083873282,12208.99220812228,-187500.02235174447,-187500.02235174447,-187500.02235174447,-187500.02235174447
não,2217.0918842663627,-7961.95959591384,6583.751032799606,12176.2245507508,-187500.02235174447,-187500.02235174447,-187500.02235174447,-187500.02235174447
não,2449.170046945816,-7899.687635861354,7103.473794874406,12127.341285627042,-187500.02235174447,-187500.02235174447,-187500.02235174447,-187500.02235174447
não,2323.665001829267,-7887.282417688659,6980.516848625762,12144.999163746736,-187500.02235174447,-187500.02235174447,-187500.02235174447,-187500.02235174447
não,2070.777365061923,-7944.5922904720655,6468.684252343685,12196.31876901612,-187500.02235174447,-187500.02235174447,-187500.02235174447,-187500.02235174447
não,2169.8849999767544,-7960.752601713253,6506.034017328503,12191.870771869513,-187500.02235174447,-187500.02235174447,-187500.02235174447,-187500.02235174447
não,2439.3799828743918,-7911.198784255837,7042.766456933792,12127.743617027238,-187500.02235174447,-187500.02235174447,-187500.02235174447,-187500.02235174447
não,2379.8349356454537,-7888.757632822709,7055.641061740049,12137.533681098663,-187500.02235174447,-187500.02235174447,-187500.02235174447,-187500.02235174447
não,2116.3972754952047,-7930.264822276214,6558.046526676003,12193.547152703663,-187500.02235174447,-187500.02235174447,-187500.02235174447,-187500.02235174447
não,2111.2116707815735,-7971.883770451996,6419.376304075277,12174.123486772,-187500.02235174447,-187500.02235174447,-187500.02235174447,-187500.02235174447
não,2404.4442062907465,-7918.396045970446,6971.218522932354,12119.78639600115,-187500.02235174447,-187500.02235174447,-187500.02235174447,-187500.02235174447
não,2414.8601192069195,-7880.755708307709,7120.036437515788,12138.383047387964,-187500.02235174447,-187500.02235174447,-187500.02235174447,-187500.02235174447
não,2164.4982295630252,-7914.573897668589,6667.927702418292,12197.212838794332,-187500.02235174447,-187500.02235174447,-187500.02235174447,-187500.02235174447
não,2081.12622274473,-7967.413421560935,6383.144126313225,12191.490792213774,-187500.02235174447,-187500.02235174447,-187500.02235174447,-187500.02235174447
não,2357.4608394456914,-7934.802226400641,6872.692033373361,12121.887459979947,-187500.02235174447,-187500.02235174447,-187500.02235174447,-187500.02235174447
não,2426.3489158569478,-7883.3708624089795,7139.527158680816,12114.489032565241,-187500.02235174447,-187500.02235174447,-187500.02235174447,-187500.02235174447
não,2190.0462734754415,-7905.163813252904,6752.551406926085,12168.110867513522,-187500.02235174447,-187500.02235174447,-187500.02235174447,-187500.02235174447
não,2044.4470100935712,-7960.752601713253,6360.881788835739,12192.071937569612,-187500.02235174447,-187500.02235174447,-187500.02235174447,-187500.02235174447
não,2301.5814783074234,-7947.162741084426,6771.617444946462,12135.522024097685,-187500.02235174447,-187500.02235174447,-187500.02235174447,-187500.02235174447
não,2440.206997419238,-7891.931580535363,7146.009164572855,12116.903020966414,-187500.02235174447,-187500.02235174447,-187500.02235174447,-187500.02235174447
não,2243.8469223793654,-7898.771214338686,6849.535626117662,12169.586082647573,-187500.02235174447,-187500.02235174447,-187500.02235174447,-187500.02235174447
não,2042.904739726155,-7952.102476609049,6386.072204836871,12208.053434855156,-187500.02235174447,-187500.02235174447,-187500.02235174447,-187500.02235174447
não,2238.5942624323684,-7953.555339998644,6665.401955294843,12151.011783005213,-187500.02235174447,-187500.02235174447,-187500.02235174447,-187500.02235174447
não,2442.553930587045,-7886.544810121633,7137.850777846668,12123.005047202712,-187500.02235174447,-187500.02235174447,-187500.02235174447,-187500.02235174447
não,2290.3832543353146,-7878.744051306731,6941.3789440845185,12158.007879019724,-187500.02235174447,-187500.02235174447,-187500.02235174447,-187500.02235174447
não,2054.0135567204425,-7933.751694411242,6436.676554283686,12207.494641243773,-187500.02235174447,-187500.02235174447,-187500.02235174447,-187500.02235174447
não,2187.7887472854554,-7954.024726632206,6568.618901803363,12170.278986725687,-187500.02235174447,-187500.02235174447,-187500.02235174447,-187500.02235174447
não,2431.266299637115,-7887.103603733016,7088.632236556082,12115.763081999194,-187500.02235174447,-187500.02235174447,-187500.02235174447,-187500.02235174447
não,2333.6115281118787,-7875.458344871801,7010.267020495775,12146.004992247224,-187500.02235174447,-187500.02235174447,-187500.02235174447,-187500.02235174447
não,2074.644216852691,-7921.972325083295,6498.389720724788,12206.645274954471,-187500.02235174447,-187500.02235174447,-187500.02235174447,-187500.02235174447
não,2133.384601281238,-7947.1180375955155,6479.323682704411,12189.970873590813,-187500.02235174447,-187500.02235174447,-187500.02235174447,-187500.02235174447
não,2415.24009886266,-7893.987941025251,7040.82185516618,12132.102207196023,-187500.02235174447,-187500.02235174447,-187500.02235174447,-187500.02235174447
não,2375.431641987758,-7862.047298198617,7083.1337074200765,12151.145893471945,-187500.02235174447,-187500.02235174447,-187500.02235174447,-187500.02235174447
não,2120.9123278751767,-7902.66041787391,6593.451689893209,12205.035949353689,-187500.02235174447,-187500.02235174447,-187500.02235174447,-187500.02235174447
não,2103.053284055386,-7947.274499806703,6421.70088549863,12201.996112107769,-187500.02235174447,-187500.02235174447,-187500.02235174447,-187500.02235174447
não,2390.4073107728136,-7902.526307407178,6953.985327957312,12146.250861436232,-187500.02235174447,-187500.02235174447,-187500.02235174447,-187500.02235174447
não,2405.7406074691544,-7855.833513240042,7121.064617760732,12134.49384385274,-187500.02235174447,-187500.02235174447,-187500.02235174447,-187500.02235174447
não,2161.257226617006,-7887.282417688659,6687.507830561141,12193.0777660701,-187500.02235174447,-187500.02235174447,-187500.02235174447,-187500.02235174447
não,2076.991150020498,-7946.805113173141,6392.733024684551,12219.318714060631,-187500.02235174447,-187500.02235174447,-187500.02235174447,-187500.02235174447
não,2349.7494876086103,-7909.924734821884,6862.209065223821,12154.632765606972,-187500.02235174447,-187500.02235174447,-187500.02235174447,-187500.02235174447
não,2436.5189595841125,-7855.297071373114,7154.167551299042,12136.416093875898,-187500.02235174447,-187500.02235174447,-187500.02235174447,-187500.02235174447
não,2214.8567098208323,-7871.256216914203,6794.3938725464195,12188.808582879137,-187500.02235174447,-187500.02235174447,-187500.02235174447,-187500.02235174447
não,2050.9737194745207,-7929.0354763311725,6382.339463512834,12222.738530962293,-187500.02235174447,-187500.02235174447,-187500.02235174447,-187500.02235174447
não,2294.138347403806,-7919.08895004856,6755.211264516266,12171.664794881915,-187500.02235174447,-187500.02235174447,-187500.02235174447,-187500.02235174447
não,2451.561683602534,-7861.421449353868,7156.089801322199,12138.293640410142,-187500.02235174447,-187500.02235174447,-187500.02235174447,-187500.02235174447
não,2267.8750476688206,-7866.65175755641,6890.9534085933465,12179.554960674639,-187500.02235174447,-187500.02235174447,-187500.02235174447,-187500.02235174447
não,2058.4615538670487,-7923.156967539427,6413.631905750264,12224.750187963271,-187500.02235174447,-187500.02235174447,-187500.02235174447,-187500.02235174447
não,2240.315346755427,-7930.935374609873,6648.191112064256,12177.967986818312,-187500.02235174447,-187500.02235174447,-187500.02235174447,-187500.02235174447
não,2450.5111516131346,-7867.791696523631,7137.671963891025,12142.048733478634,-187500.02235174447,-187500.02235174447,-187500.02235174447,-187500.02235174447
não,2312.824405768443,-7861.354394120503,6979.421613147451,12181.141934530966,-187500.02235174447,-187500.02235174447,-187500.02235174447,-187500.02235174447
não,2068.0728039828305,-7912.986923812262,6463.409240652232,12227.253583342264,-187500.02235174447,-187500.02235174447,-187500.02235174447,-187500.02235174447
não,2185.352407139827,-7937.171511312904,6548.345869582399,12186.819277622615,-187500.02235174447,-187500.02235174447,-187500.02235174447,-187500.02235174447
não,2445.146732943861,-7874.832496027053,7089.995692967856,12138.651268321428,-187500.02235174447,-187500.02235174447,-187500.02235174447,-187500.02235174447
não,2361.1935807697273,-7855.520588817667,7051.215416337898,12168.26732972471,-187500.02235174447,-187500.02235174447,-187500.02235174447,-187500.02235174447
não,2098.962914820065,-7903.37567369648,6535.895947920793,12217.262353570743,-187500.02235174447,-187500.02235174447,-187500.02235174447,-187500.02235174447
não,2131.864682658277,-7941.060714848128,6463.543351118965,12203.292513286176,-187500.02235174447,-187500.02235174447,-187500.02235174447,-187500.02235174447
não,2420.2245378761936,-7889.539943878644,7019.319477000175,12140.752332300226,-187500.02235174447,-187500.02235174447,-187500.02235174447,-187500.02235174447
não,2398.364531798903,-7854.26889112817,7107.921792021012,12152.866977795004,-187500.02235174447,-187500.02235174447,-187500.02235174447,-187500.02235174447
não,2142.5935199968244,-7894.099699747527,6631.516710700597,12212.166155834933,-187500.02235174447,-187500.02235174447,-187500.02235174447,-187500.02235174447
não,2096.8171473523557,-7944.391124771968,6412.8495946943285,12212.412025023941,-187500.02235174447,-187500.02235174447,-187500.02235174447,-187500.02235174447
não,2382.2042205577163,-7902.839231829552,6932.147673624477,12149.469512637796,-187500.02235174447,-187500.02235174447,-187500.02235174447,-187500.02235174447
não,2421.140959398861,-7854.827684739553,7142.432885460006,12149.849492293537,-187500.02235174447,-187500.02235174447,-187500.02235174447,-187500.02235174447
não,2181.440851860148,-7878.744051306731,6728.612688614451,12203.896010386468,-187500.02235174447,-187500.02235174447,-187500.02235174447,-187500.02235174447
não,2069.9056470281657,-7935.562185712121,6387.323902526367,12222.157385606455,-187500.02235174447,-187500.02235174447,-187500.02235174447,-187500.02235174447
não,2338.171283980761,-7913.210441256815,6834.358791632509,12157.247919708243,-187500.02235174447,-187500.02235174447,-187500.02235174447,-187500.02235174447
não,2443.7385730431765,-7856.146437662415,7162.124772325132,12142.942803256847,-187500.02235174447,-187500.02235174447,-187500.02235174447,-187500.02235174447
não,2232.4475327071586,-7871.2785686586585,6824.300506627621,12197.995149850269,-187500.02235174447,-187500.02235174447,-187500.02235174447,-187500.02235174447
não,2059.8920655121883,-7928.946069353351,6391.101347339314,12235.166100879444,-187500.02235174447,-187500.02235174447,-187500.02235174447,-187500.02235174447
não,2290.115033401851,-7923.268726261703,6730.847863059982,12182.617149665017,-187500.02235174447,-187500.02235174447,-187500.02235174447,-187500.02235174447
não,2458.267206939126,-7862.047298198617,7158.101458323176,12145.557957358118,-187500.02235174447,-187500.02235174447,-187500.02235174447,-187500.02235174447
não,2287.7681002340437,-7861.17558016486,6919.295420562676,12189.188562534877,-187500.02235174447,-187500.02235174447,-187500.02235174447,-187500.02235174447
não,2068.117507471741,-7921.279421005181,6421.812644220906,12230.718103732837,-187500.02235174447,-187500.02235174447,-187500.02235174447,-187500.02235174447
não,2231.866387351321,-7934.399895000446,6614.864661081393,12189.099155557056,-187500.02235174447,-187500.02235174447,-187500.02235174447,-187500.02235174447
não,2456.881398782897,-7869.646891313421,7122.048094516766,12147.100227725534,-187500.02235174447,-187500.02235174447,-187500.02235174447,-187500.02235174447
não,2331.8010368109985,-7857.5545975631,6996.945380800412,12176.31395772862,-187500.02235174447,-187500.02235174447,-187500.02235174447,-187500.02235174447
não,2084.3001704573835,-7908.941258065851,6484.464583929132,12230.226365354822,-187500.02235174447,-187500.02235174447,-187500.02235174447,-187500.02235174447
não,2175.629398301768,-7939.697258436354,6521.881404147316,12202.778423163703,-187500.02235174447,-187500.02235174447,-187500.02235174447,-187500.02235174447
não,2440.0281834635953,-7879.459307129301,7069.1638671355095,12146.586137603063,-187500.02235174447,-187500.02235174447,-187500.02235174447,-187500.02235174447
não,2375.23047628766,-7852.771324249665,7068.739183990859,12169.988414047768,-187500.02235174447,-187500.02235174447,-187500.02235174447,-187500.02235174447
não,2123.125150576252,-7898.726510849776,6567.858942491883,12227.454749042363,-187500.02235174447,-187500.02235174447,-187500.02235174447,-187500.02235174447
não,2131.5294064914474,-7938.602022958044,6447.785371277973,12215.1836413364,-187500.02235174447,-187500.02235174447,-187500.02235174447,-187500.02235174447
não,2424.9407559562633,-7888.355301422514,7008.881212339546,12151.88350103897,-187500.02235174447,-187500.02235174447,-187500.02235174447,-187500.02235174447
não,2428.0923519244616,-7846.311670102081,7150.233644274908,12158.723134842294,-187500.02235174447,-187500.02235174447,-187500.02235174447,-187500.02235174447
não,2153.992909669031,-7887.75180432222,6643.005507350625,12221.79975769517,-187500.02235174447,-187500.02235174447,-187500.02235174447,-187500.02235174447
não,2105.4672724565594,-7935.09279907856,6422.393789576744,12228.035894398201,-187500.02235174447,-187500.02235174447,-187500.02235174447,-187500.02235174447
não,2367.0050343281073,-7903.554487652122,6889.880524859492,12162.165303488411,-187500.02235174447,-187500.02235174447,-187500.02235174447,-187500.02235174447
não,2451.2264074357045,-7852.570158549566,7169.746717184391,12146.519082369696,-187500.02235174447,-187500.02235174447,-187500.02235174447,-187500.02235174447
não,2200.372779413793,-7877.782926295153,6736.86048231846,12207.315827288132,-187500.02235174447,-187500.02235174447,-187500.02235174447,-187500.02235174447
não,2082.3332169453165,-7931.851796132541,6396.756338686507,12227.879432187014,-187500.02235174447,-187500.02235174447,-187500.02235174447,-187500.02235174447
não,2315.88659475882,-7913.679827890376,6776.557180471084,12172.491809426763,-187500.02235174447,-187500.02235174447,-187500.02235174447,-187500.02235174447
não,2450.980538246696,-7859.633309797444,7135.570899912227,12147.189634703354,-187500.02235174447,-187500.02235174447,-187500.02235174447,-187500.02235174447
não,2260.610730720846,-7869.758650035697,6841.243128924743,12194.463574226329,-187500.02235174447,-187500.02235174447,-187500.02235174447,-187500.02235174447
não,2073.280760440917,-7925.861528618519,6390.9001816392165,12233.42266481193,-187500.02235174447,-187500.02235174447,-187500.02235174447,-187500.02235174447
não,2283.2977513429823,-7924.274554762192,6690.771185251616,12187.914513100925,-187500.02235174447,-187500.02235174447,-187500.02235174447,-187500.02235174447
não,2469.666596611333,-7863.768382521675,7149.183112285508,12152.308184183621,-187500.02235174447,-187500.02235174447,-187500.02235174447,-187500.02235174447
não,2309.3598853778703,-7861.980242965251,6942.943566196391,12183.801792121149,-187500.02235174447,-187500.02235174447,-187500.02235174447,-187500.02235174447
não,2081.483850656015,-7918.932487837374,6436.006001950026,12223.319676318131,-187500.02235174447,-187500.02235174447,-187500.02235174447,-187500.02235174447
não,2226.792541359966,-7935.249261289748,6584.354529899899,12188.808582879137,-187500.02235174447,-187500.02235174447,-187500.02235174447,-187500.02235174447
não,2469.711300100243,-7874.631330326954,7112.414492656529,12142.384009645464,-187500.02235174447,-187500.02235174447,-187500.02235174447,-187500.02235174447
não,2364.0993075489173,-7858.381612107946,7021.018209578778,12169.250806480743,-187500.02235174447,-187500.02235174447,-187500.02235174447,-187500.02235174447
não,2108.9764963360426,-7907.1978219983375,6504.558802194453,12223.118510618033,-187500.02235174447,-187500.02235174447,-187500.02235174447,-187500.02235174447
não,2171.2708081329833,-7937.149159568448,6497.003912568559,12200.69971092936,-187500.02235174447,-187500.02235174447,-187500.02235174447,-187500.02235174447
não,2444.498532354657,-7882.365033908491,7054.121143117088,12145.289736424655,-187500.02235174447,-187500.02235174447,-187500.02235174447,-187500.02235174447
não,2401.1584998558164,-7853.419524838869,7090.330969134685,12163.685222111371,-187500.02235174447,-187500.02235174447,-187500.02235174447,-187500.02235174447
não,2145.4545432871037,-7895.843135815041,6593.027006748558,12220.637466983495,-187500.02235174447,-187500.02235174447,-187500.02235174447,-187500.02235174447
não,2134.1669123371735,-7941.1277700814935,6426.372400089789,12210.623885467516,-187500.02235174447,-187500.02235174447,-187500.02235174447,-187500.02235174447
não,2423.2420233776597,-7896.647798615432,6969.743307798303,12146.519082369696,-187500.02235174447,-187500.02235174447,-187500.02235174447,-187500.02235174447
não,2443.4032968763468,-7854.872388228463,7138.186054013498,12151.101189983034,-187500.02235174447,-187500.02235174447,-187500.02235174447,-187500.02235174447
não,2194.9636572556087,-7885.494278132234,6694.213353897733,12208.567524977629,-187500.02235174447,-187500.02235174447,-187500.02235174447,-187500.02235174447
não,2108.5965166803026,-7940.278403792192,6395.057606107904,12221.106853617055,-187500.02235174447,-187500.02235174447,-187500.02235174447,-187500.02235174447
não,2389.0215026165847,-7909.2541824882255,6876.961216564324,12160.35481218753,-187500.02235174447,-187500.02235174447,-187500.02235174447,-187500.02235174447
não,2467.945512288274,-7854.626519039455,7159.46491473495,12150.095361482545,-187500.02235174447,-187500.02235174447,-187500.02235174447,-187500.02235174447
não,2245.0762683244075,-7874.69838556032,6788.91769515487,12199.090385328578,-187500.02235174447,-187500.02235174447,-187500.02235174447,-187500.02235174447
não,2106.7189701460566,-7929.482511220278,6417.968144174593,12221.106853617055,-187500.02235174447,-187500.02235174447,-187500.02235174447,-187500.02235174447
não,2329.2305861986383,-7917.792548870153,6760.4639244632635,12170.435448936874,-187500.02235174447,-187500.02235174447,-187500.02235174447,-187500.02235174447
não,2493.784128878609,-7861.5555598206,7178.329787055229,12139.54533809964,-187500.02235174447,-187500.02235174447,-187500.02235174447,-187500.02235174447
não,2293.2219258811388,-7869.4010221244125,6879.777536365693,12184.31588224362,-187500.02235174447,-187500.02235174447,-187500.02235174447,-187500.02235174447
$SILENCE,2104.640257911713,-7931.896499621452,6423.913708199705,12220.548060005673,-187500.02235174447,-187500.02235174447,-187500.02235174447,-187500.02235174447
$SILENCE,2289.9362194462087,-7935.539833967667,6658.294100558055,12172.961196060323,-187500.02235174447,-187500.02235174447,-187500.02235174447,-187500.02235174447
$SILENCE,2494.9017161013744,-7876.397118138924,7121.332838694196,12130.828157762071,-187500.02235174447,-187500.02235174447,-187500.02235174447,-187500.02235174447
$SILENCE,2355.0021475556073,-7868.730469790754,6959.170932670943,12164.646347122949,-187500.02235174447,-187500.02235174447,-187500.02235174447,-187500.02235174447
$SILENCE,2126.097932588808,-7922.508766950223,6462.403412151744,12216.32358030362,-187500.02235174447,-187500.02235174447,-187500.02235174447,-187500.02235174447
$SILENCE,2258.4202597642256,-7946.067505606116,6565.690823279718,12179.577312419095,-187500.02235174447,-187500.02235174447,-187500.02235174447,-187500.02235174447
$SILENCE,2518.549861735089,-7887.9529700223175,7103.07146347421,12124.614372803495,-187500.02235174447,-187500.02235174447,-187500.02235174447,-187500.02235174447
$SILENCE,2427.600613546445,-7863.991899966229,7057.228035596376,12161.807675577125,-187500.02235174447,-187500.02235174447,-187500.02235174447,-187500.02235174447
$SILENCE,2172.030767444464,-7912.115205778505,6545.574253269941,12216.949429148368,-187500.02235174447,-187500.02235174447,-187500.02235174447,-187500.02235174447
$SILENCE,2207.0335992614746,-7947.363906784524,6486.610351396841,12199.403309750953,-187500.02235174447,-187500.02235174447,-187500.02235174447,-187500.02235174447
$SILENCE,2475.9250850588187,-7890.836345057052,7037.647907453526,12141.959326500813,-187500.02235174447,-187500.02235174447,-187500.02235174447,-187500.02235174447
$SILENCE,2441.950433486752,-7855.989975451229,7108.391178654573,12156.59971911904,-187500.02235174447,-187500.02235174447,-187500.02235174447,-187500.02235174447
$SILENCE,2185.5312210954694,-7894.70319684782,6626.599326920429,12210.333312789597,-187500.02235174447,-187500.02235174447,-187500.02235174447,-187500.02235174447
$SILENCE,2147.6897177326346,-7940.859549148029,6427.489987312554,12214.490737258284,-187500.02235174447,-187500.02235174447,-187500.02235174447,-187500.02235174447
$SILENCE,2436.5189595841125,-7899.486470161256,6955.929929724924,12149.827140549081,-187500.02235174447,-187500.02235174447,-187500.02235174447,-187500.02235174447
$SILENCE,2473.5110966576453,-7855.654699284399,7154.256958276864,12148.061352737112,-187500.02235174447,-187500.02235174447,-187500.02235174447,-187500.02235174447
$SILENCE,2238.3930967322704,-7887.617693855488,6730.132607237412,12195.84938238256,-187500.02235174447,-187500.02235174447,-187500.02235174447,-187500.02235174447
$SILENCE,2130.322412290861,-7945.307546294635,6401.606667233309,12206.309998787643,-187500.02235174447,-187500.02235174447,-187500.02235174447,-187500.02235174447
$SILENCE,2397.1575375983166,-7919.133653537471,6855.749411076237,12137.623088076483,-187500.02235174447,-187500.02235174447,-187500.02235174447,-187500.02235174447
$SILENCE,2500.5120039596563,-7864.684804044343,7173.770031186346,12116.567744799584,-187500.02235174447,-187500.02235174447,-187500.02235174447,-187500.02235174447
$SILENCE,2286.7399199890997,-7882.1415164639375,6834.850530010525,12170.301338470143,-187500.02235174447,-187500.02235174447,-187500.02235174447,-187500.02235174447
$SILENCE,2118.1407115627185,-7942.267709048714,6409.206260348113,12204.32069353112,-187500.02235174447,-187500.02235174447,-187500.02235174447,-187500.02235174447
$SILENCE,2349.6600806307893,-7933.2599560332255,6748.125761523934,12151.54822487214,-187500.02235174447,-187500.02235174447,-187500.02235174447,-187500.02235174447
$SILENCE,2520.6956292027985,-7873.5584465931,7167.958577627966,12123.653247791917,-187500.02235174447,-187500.02235174447,-187500.02235174447,-187500.02235174447
$SILENCE,2346.7767055960544,-7878.386423395446,6919.27306881822,12162.902911055437,-187500.02235174447,-187500.02235174447,-187500.02235174447,-187500.02235174447
$SILENCE,2127.9531273785983,-7932.432941488379,6431.222728636591,12203.22545805281,-187500.02235174447,-187500.02235174447,-187500.02235174447,-187500.02235174447
$SILENCE,2291.2996758579825,-7940.211348558825,6646.134751574368,12158.20904471982,-187500.02235174447,-187500.02235174447,-187500.02235174447,-187500.02235174447
$SILENCE,2532.162074108371,-7880.979225752262,7177.480420765927,12109.482241807253,-187500.02235174447,-187500.02235174447,-187500.02235174447,-187500.02235174447
$SILENCE,2396.8893166648527,-7869.445725613324,7025.332096258652,12144.663887579905,-187500.02235174447,-187500.02235174447,-187500.02235174447,-187500.02235174447
$SILENCE,2144.2251973420616,-7926.062694318616,6492.71237763314,12197.190487049877,-187500.02235174447,-187500.02235174447,-187500.02235174447,-187500.02235174447
$SILENCE,2236.3814397312926,-7949.487322507778,6543.1602648687685,12171.396573948452,-187500.02235174447,-187500.02235174447,-187500.02235174447,-187500.02235174447
$SILENCE,2491.2807334996146,-7892.579781124567,7076.428184083484,12112.566782542084,-187500.02235174447,-187500.02235174447,-187500.02235174447,-187500.02235174447
$SILENCE,2425.387790845369,-7865.847094756019,7068.82859096868,12125.329628626065,-187500.02235174447,-187500.02235174447,-187500.02235174447,-187500.02235174447
$SILENCE,2173.7965552564333,-7912.8975168344405,6570.854076248894,12175.844571095058,-187500.02235174447,-187500.02235174447,-187500.02235174447,-187500.02235174447
$SILENCE,2198.67404683519,-7953.577691743099,6475.881514058294,12172.625919893495,-187500.02235174447,-187500.02235174447,-187500.02235174447,-187500.02235174447
$SILENCE,2479.9931025496844,-7903.42037718539,7022.716942157382,12113.72907325376,-187500.02235174447,-187500.02235174447,-187500.02235174447,-187500.02235174447
$SILENCE,2466.984387276696,-7863.790734266131,7130.74292310988,12120.524003568175,-187500.02235174447,-187500.02235174447,-187500.02235174447,-187500.02235174447
$SILENCE,2212.956811542131,-7899.8664498169965,6663.926740160792,12170.658966381427,-187500.02235174447,-187500.02235174447,-187500.02235174447,-187500.02235174447
$SILENCE,2154.8869794472434,-7949.956709141339,6425.634792522764,12174.212893749822,-187500.02235174447,-187500.02235174447,-187500.02235174447,-187500.02235174447
$SILENCE,2437.413029362325,-7912.092854034049,6936.059228904156,12111.940933697335,-187500.02235174447,-187500.02235174447,-187500.02235174447,-187500.02235174447
$SILENCE,2496.1757655353267,-7862.784905765642,7180.587313245215,12118.35588435601,-187500.02235174447,-187500.02235174447,-187500.02235174447,-187500.02235174447
$SILENCE,2254.7322219291,-7887.148307221927,6785.72139569776,12171.620091393006,-187500.02235174447,-187500.02235174447,-187500.02235174447,-187500.02235174447
$SILENCE,2125.7850081664337,-7944.726400938797,6420.560946531409,12186.819277622615,-187500.02235174447,-187500.02235174447,-187500.02235174447,-187500.02235174447
$SILENCE,2401.985514400663,-7928.074351319594,6847.635727838961,12126.670733293384,-187500.02235174447,-187500.02235174447,-187500.02235174447,-187500.02235174447
$SILENCE,2504.5800214505225,-7871.502086103212,7186.7340429704245,12097.077023634556,-187500.02235174447,-187500.02235174447,-187500.02235174447,-187500.02235174447
$SILENCE,2297.2675916275493,-7881.538019363645,6859.839780311559,12144.686239324361,-187500.02235174447,-187500.02235174447,-187500.02235174447,-187500.02235174447
$SILENCE,2118.8112638963776,-7942.8935578934625,6409.452129537121,12172.000071048746,-187500.02235174447,-187500.02235174447,-187500.02235174447,-187500.02235174447
$SILENCE,2359.628958657856,-7941.999488115251,6727.003363013669,12112.58913428654,-187500.02235174447,-187500.02235174447,-187500.02235174447,-187500.02235174447
$SILENCE,2546.511894048678,-7879.638121084943,7166.840990405201,12092.673729976861,-187500.02235174447,-187500.02235174447,-187500.02235174447,-187500.02235174447
$SILENCE,2380.416081001292,-7877.470001872779,6947.123342409533,12145.557957358118,-187500.02235174447,-187500.02235174447,-187500.02235174447,-187500.02235174447
$SILENCE,2138.100819361308,-7933.595232200055,6443.762057276018,12176.31395772862,-187500.02235174447,-187500.02235174447,-187500.02235174447,-187500.02235174447
$SILENCE,2275.7428617170885,-7947.81094167363,6615.848137837427,12129.487053094752,-187500.02235174447,-187500.02235174447,-187500.02235174447,-187500.02235174447
$SILENCE,2516.1135215894606,-7885.047243243128,7148.490208207394,12081.63196821594,-187500.02235174447,-187500.02235174447,-187500.02235174447,-187500.02235174447
$SILENCE,2417.0282384190846,-7868.551655835111,7044.845169168136,12125.888422237447,-187500.02235174447,-187500.02235174447,-187500.02235174447,-187500.02235174447
$SILENCE,2165.638168530246,-7919.80420587113,6527.871671661338,12187.422774722907,-187500.02235174447,-187500.02235174447,-187500.02235174447,-187500.02235174447
$SILENCE,2225.831416348388,-7952.258938820236,6518.461587245654,12153.939861528857,-187500.02235174447,-187500.02235174447,-187500.02235174447,-187500.02235174447
$SILENCE,2502.25544002717,-7899.195897483337,7071.3319863476745,12097.68052073485,-187500.02235174447,-187500.02235174447,-187500.02235174447,-187500.02235174447
$SILENCE,2443.492703854168,-7871.166809936382,7098.3328936496855,12113.617314531484,-187500.02235174447,-187500.02235174447,-187500.02235174447,-187500.02235174447
$SILENCE,2185.8441455178436,-7914.32802847958,6603.174698731268,12166.143914001455,-187500.02235174447,-187500.02235174447,-187500.02235174447,-187500.02235174447
$SILENCE,2166.7557557530113,-7955.209369088337,6459.140057461269,12163.59581513355,-187500.02235174447,-187500.02235174447,-187500.02235174447,-187500.02235174447
$SILENCE,2445.146732943861,-7907.0860632760605,7000.298142468709,12101.68148299235,-187500.02235174447,-187500.02235174447,-187500.02235174447,-187500.02235174447
$SILENCE,2466.760869832143,-7869.088097702039,7151.619452431137,12104.96718942728,-187500.02235174447,-187500.02235174447,-187500.02235174447,-187500.02235174447
$SILENCE,2216.242517977061,-7902.235734729259,6701.0082842121465,12166.367431446008,-187500.02235174447,-187500.02235174447,-187500.02235174447,-187500.02235174447
$SILENCE,2129.473046001559,-7953.063601620627,6415.017713906493,12165.339251201065,-187500.02235174447,-187500.02235174447,-187500.02235174447,-187500.02235174447
$SILENCE,2436.697773539755,-7925.079217562583,6912.679304203904,12094.707738722294,-187500.02235174447,-187500.02235174447,-187500.02235174447,-187500.02235174447
$SILENCE,2530.5080450186783,-7874.7430890492315,7187.784574959824,12082.034299616134,-187500.02235174447,-187500.02235174447,-187500.02235174447,-187500.02235174447
$SILENCE,2301.0897399294067,-7896.468984659789,6814.018704178179,12146.049695736134,-187500.02235174447,-187500.02235174447,-187500.02235174447,-187500.02235174447
$SILENCE,2133.317546047872,-7951.409572530934,6419.353952330823,12185.925207844402,-187500.02235174447,-187500.02235174447,-187500.02235174447,-187500.02235174447
$SILENCE,2379.790232156543,-7935.2045578008365,6809.637762264939,12109.01285517369,-187500.02235174447,-187500.02235174447,-187500.02235174447,-187500.02235174447
$SILENCE,2544.7684579811644,-7880.040452485139,7192.61255176217,12068.57854945404,-187500.02235174447,-187500.02235174447,-187500.02235174447,-187500.02235174447
$SILENCE,2351.5152754205797,-7891.641007857444,6899.4023679974525,12121.038093690646,-187500.02235174447,-187500.02235174447,-187500.02235174447,-187500.02235174447
$SILENCE,2134.4351332706374,-7948.86147366303,6426.595917534342,12163.841684322559,-187500.02235174447,-187500.02235174447,-187500.02235174447,-187500.02235174447
$SILENCE,2334.170321723261,-7951.655441719943,6698.259019644144,12111.203326130311,-187500.02235174447,-187500.02235174447,-187500.02235174447,-187500.02235174447
$SILENCE,2544.9249201923517,-7889.718757834287,7174.842914920201,12073.942968123314,-187500.02235174447,-187500.02235174447,-187500.02235174447,-187500.02235174447
$SILENCE,2397.9622003987074,-7882.365033908491,6996.699511611404,12119.987561701246,-187500.02235174447,-187500.02235174447,-187500.02235174447,-187500.02235174447
$SILENCE,2162.888903962243,-7936.545662468156,6492.041825299481,12173.698803627349,-187500.02235174447,-187500.02235174447,-187500.02235174447,-187500.02235174447
$SILENCE,2282.1578123757618,-7959.769124957219,6604.985190032147,12133.309201396609,-187500.02235174447,-187500.02235174447,-187500.02235174447,-187500.02235174447
$SILENCE,2547.294205104614,-7899.3970631834345,7133.626298144615,12085.565875240074,-187500.02235174447,-187500.02235174447,-187500.02235174447,-187500.02235174447
$SILENCE,2456.72493657171,-7879.101679218016,7070.706137502925,12119.294657623132,-187500.02235174447,-187500.02235174447,-187500.02235174447,-187500.02235174447
$SILENCE,2152.7188602350784,-7925.190976284859,6562.628634289341,12182.125411287,-187500.02235174447,-187500.02235174447,-187500.02235174447,-187500.02235174447
$SILENCE,2178.199848914129,-7954.024726632206,6521.255555302568,12168.401440191441,-187500.02235174447,-187500.02235174447,-187500.02235174447,-187500.02235174447
$SILENCE,2472.326454201514,-7899.799394583631,7074.818858482702,12101.055634147602,-187500.02235174447,-187500.02235174447,-187500.02235174447,-187500.02235174447
$SILENCE,2478.8308118380087,-7875.234827427248,7129.2677079758305,12108.856392962503,-187500.02235174447,-187500.02235174447,-187500.02235174447,-187500.02235174447
$SILENCE,2232.53693968498,-7917.725493636787,6643.78781840656,12168.200274491344,-187500.02235174447,-187500.02235174447,-187500.02235174447,-187500.02235174447
$SILENCE,2198.33877066836,-7961.110229624538,6453.596824836353,12168.69201286936,-187500.02235174447,-187500.02235174447,-187500.02235174447,-187500.02235174447
$SILENCE,2473.8687245689302,-7914.1268627794825,6984.629569605538,12112.477375564264,-187500.02235174447,-187500.02235174447,-187500.02235174447,-187500.02235174447
$SILENCE,2535.0901526320163,-7870.429202369357,7174.597045731193,12113.662018020394,-187500.02235174447,-187500.02235174447,-187500.02235174447,-187500.02235174447
$SILENCE,2268.9479314026753,-7901.94516205134,6750.495046436196,12172.26829198221,-187500.02235174447,-187500.02235174447,-187500.02235174447,-187500.02235174447
$SILENCE,2141.766505451978,-7955.566996999622,6431.535653058965,12191.84842012506,-187500.02235174447,-187500.02235174447,-187500.02235174447,-187500.02235174447
$SILENCE,2434.9766892166963,-7922.821691372596,6898.620056941517,12134.627954319472,-187500.02235174447,-187500.02235174447,-187500.02235174447,-187500.02235174447
$SILENCE,2537.1912166108154,-7867.3446616345245,7206.04595017981,12121.64159079094,-187500.02235174447,-187500.02235174447,-187500.02235174447,-187500.02235174447
$SILENCE,2315.685429058722,-7888.936446778352,6852.016669752201,12173.631748393984,-187500.02235174447,-187500.02235174447,-187500.02235174447,-187500.02235174447
$SILENCE,2144.336956064338,-7947.43096201789,6433.949641460138,12209.618056967027,-187500.02235174447,-187500.02235174447,-187500.02235174447,-187500.02235174447
$SILENCE,2370.8495343744203,-7934.958688611829,6787.844811421015,12155.839759807559,-187500.02235174447,-187500.02235174447,-187500.02235174447,-187500.02235174447
$SILENCE,2528.943422906807,-7874.65368207141,7193.014883162366,12130.112901939501,-187500.02235174447,-187500.02235174447,-187500.02235174447,-187500.02235174447
$SILENCE,2358.1537435238056,-7881.828592041564,6933.42172305843,12179.331443230087,-187500.02235174447,-187500.02235174447,-187500.02235174447,-187500.02235174447
$SILENCE,2147.4885520325365,-7939.04905784715,6452.7698102915065,12226.89595543098,-187500.02235174447,-187500.02235174447,-187500.02235174447,-187500.02235174447
$SILENCE,2320.3569436498815,-7943.899386393951,6677.270731600611,12188.36154799003,-187500.02235174447,-187500.02235174447,-187500.02235174447,-187500.02235174447
$SILENCE,2533.190254353315,-7881.5603711081,7165.879865393623,12149.178939959877,-187500.02235174447,-187500.02235174447,-187500.02235174447,-187500.02235174447
$SILENCE,2388.015674116096,-7873.022004726173,7011.094035040622,12178.347966474053,-187500.02235174447,-187500.02235174447,-187500.02235174447,-187500.02235174447
$SILENCE,2146.8403514433326,-7926.912060607918,6498.277962002512,12230.248717099275,-187500.02235174447,-187500.02235174447,-187500.02235174447,-187500.02235174447
$SILENCE,2259.180219075706,-7949.330860296591,6575.056204206491,12200.766766162726,-187500.02235174447,-187500.02235174447,-187500.02235174447,-187500.02235174447
$SILENCE,2522.97550713724,-7889.808164812108,7120.125844493609,12148.88836728196,-187500.02235174447,-187500.02235174447,-187500.02235174447,-187500.02235174447
$SILENCE,2444.0514974655507,-7867.724641290265,7090.710948790425,12180.873713597503,-187500.02235174447,-187500.02235174447,-187500.02235174447,-187500.02235174447
$SILENCE,2190.985046742564,-7915.132691279971,6577.537247841031,12241.022257926734,-187500.02235174447,-187500.02235174447,-187500.02235174447,-187500.02235174447
$SILENCE,2216.287221465972,-7951.230758575292,6492.466508444132,12224.884298430003,-187500.02235174447,-187500.02235174447,-187500.02235174447,-187500.02235174447
$SILENCE,2491.750120133176,-7896.8713160599855,7048.197930836432,12163.282890711176,-187500.02235174447,-187500.02235174447,-187500.02235174447,-187500.02235174447
$SILENCE,2470.91829430083,-7862.4719813432675,7145.696240150481,12171.843608837558,-187500.02235174447,-187500.02235174447,-187500.02235174447,-187500.02235174447
$SILENCE,2217.896547066754,-7901.140499250949,6668.50884777413,12228.125301376022,-187500.02235174447,-187500.02235174447,-187500.02235174447,-187500.02235174447
$SILENCE,2162.4418690731372,-7950.560206241633,6436.65420253923,12236.149577635477,-187500.02235174447,-187500.02235174447,-187500.02235174447,-187500.02235174447
$SILENCE,2443.269186409615,-7911.221136000292,6952.286595378709,12177.766821118215,-187500.02235174447,-187500.02235174447,-187500.02235174447,-187500.02235174447
$SILENCE,2493.851184111975,-7867.590530823533,7175.535818998315,12158.477265653286,-187500.02235174447,-187500.02235174447,-187500.02235174447,-187500.02235174447
$SILENCE,2258.7108324421447,-7896.826612571074,6766.856523377482,12205.70650168735,-187500.02235174447,-187500.02235174447,-187500.02235174447,-187500.02235174447
$SILENCE,2140.42540078466,-7946.201616072848,6416.135301129259,12236.641316013494,-187500.02235174447,-187500.02235174447,-187500.02235174447,-187500.02235174447
$SILENCE,2401.4490725337355,-7919.75950238222,6853.134256974967,12181.320748486609,-187500.02235174447,-187500.02235174447,-187500.02235174447,-187500.02235174447
$SILENCE,2509.944440119796,-7864.729507533254,7188.477479037939,12161.427695921386,-187500.02235174447,-187500.02235174447,-187500.02235174447,-187500.02235174447
$SILENCE,2305.6494957982895,-7880.599246096522,6859.482152400274,12213.41785352443,-187500.02235174447,-187500.02235174447,-187500.02235174447,-187500.02235174447
$SILENCE,2131.283537302439,-7941.373639270501,6415.509452284509,12245.224385884332,-187500.02235174447,-187500.02235174447,-187500.02235174447,-187500.02235174447
$SILENCE,2346.4414294292246,-7935.271613034202,6738.00042128568,12190.395556735464,-187500.02235174447,-187500.02235174447,-187500.02235174447,-187500.02235174447
$SILENCE,2520.3380012915136,-7872.08323145905,7179.4026707890835,12166.74741110175,-187500.02235174447,-187500.02235174447,-187500.02235174447,-187500.02235174447
$SILENCE,2341.7475630936106,-7872.932597748351,6947.548025554183,12211.830879668103,-187500.02235174447,-187500.02235174447,-187500.02235174447,-187500.02235174447
$SILENCE,2112.0386853264195,-7930.488339720767,6457.441324882666,12257.629604057027,-187500.02235174447,-187500.02235174447,-187500.02235174447,-187500.02235174447
$SILENCE,2280.8390594528987,-7943.452351504845,6643.139617817356,12212.32261804612,-187500.02235174447,-187500.02235174447,-187500.02235174447,-187500.02235174447
$SILENCE,2516.6723152008435,-7881.515667619189,7147.6408419180925,12159.572501131595,-187500.02235174447,-187500.02235174447,-187500.02235174447,-187500.02235174447
$SILENCE,2408.534575526068,-7869.132801190949,7025.421503236474,12187.243960767266,-187500.02235174447,-187500.02235174447,-187500.02235174447,-187500.02235174447
$SILENCE,2183.3631018833044,-7921.324124494091,6513.745369165585,12242.944507949891,-187500.02235174447,-187500.02235174447,-187500.02235174447,-187500.02235174447
$SILENCE,2250.2842247824938,-7950.448447519357,6544.613128258363,12217.12824310401,-187500.02235174447,-187500.02235174447,-187500.02235174447,-187500.02235174447
$SILENCE,2499.528527203623,-7893.1162229914935,7090.062748201221,12157.69495459735,-187500.02235174447,-187500.02235174447,-187500.02235174447,-187500.02235174447
$SILENCE,2445.169084688316,-7867.702289545809,7095.941256992967,12174.861094339025,-187500.02235174447,-187500.02235174447,-187500.02235174447,-187500.02235174447
$SILENCE,2189.308665908416,-7911.3105429781135,6598.21261146219,12233.109740389555,-187500.02235174447,-187500.02235174447,-187500.02235174447,-187500.02235174447
$SILENCE,2190.6497705757347,-7951.074296364105,6471.411165167233,12226.001885652768,-187500.02235174447,-187500.02235174447,-187500.02235174447,-187500.02235174447
$SILENCE,2469.621893122422,-7900.604057384022,7013.485671697339,12167.507370413228,-187500.02235174447,-187500.02235174447,-187500.02235174447,-187500.02235174447
$SILENCE,2467.0290907656063,-7861.086173187038,7140.622394159126,12173.385879204974,-187500.02235174447,-187500.02235174447,-187500.02235174447,-187500.02235174447
$SILENCE,2222.9033378247427,-7896.670150359888,6686.502002060653,12228.818205454136,-187500.02235174447,-187500.02235174447,-187500.02235174447,-187500.02235174447
$SILENCE,2149.0755258888635,-7946.022802117205,6424.472501811088,12240.84344397109,-187500.02235174447,-187500.02235174447,-187500.02235174447,-187500.02235174447
$SILENCE,2426.1701019013053,-7909.701217377332,6921.731760708304,12184.0253095657,-187500.02235174447,-187500.02235174447,-187500.02235174447,-187500.02235174447
$SILENCE,2479.1213845159277,-7857.331080118547,7177.480420765927,12184.606454921539,-187500.02235174447,-187500.02235174447,-187500.02235174447,-187500.02235174447
$SILENCE,2249.2336927930946,-7880.308673418603,6788.023625376657,12236.641316013494,-187500.02235174447,-187500.02235174447,-187500.02235174447,-187500.02235174447
$SILENCE,2121.158197064185,-7939.563147969622,6400.891411410739,12245.492606817796,-187500.02235174447,-187500.02235174447,-187500.02235174447,-187500.02235174447
$SILENCE,2403.1031016234283,-7923.156967539427,6801.993465661224,12179.197332763355,-187500.02235174447,-187500.02235174447,-187500.02235174447,-187500.02235174447
$SILENCE,2540.365164323469,-7867.121144189971,7171.8254294187345,12159.304280198132,-187500.02235174447,-187500.02235174447,-187500.02235174447,-187500.02235174447
$SILENCE,2321.630993083834,-7877.291187917136,6873.809620596126,12213.619019224529,-187500.02235174447,-187500.02235174447,-187500.02235174447,-187500.02235174447
$SILENCE,2110.9658015925647,-7932.701162421842,6421.812644220906,12254.925042977935,-187500.02235174447,-187500.02235174447,-187500.02235174447,-187500.02235174447
$SILENCE,2323.083856473429,-7930.868319376507,6705.590391825484,12198.866867884026,-187500.02235174447,-187500.02235174447,-187500.02235174447,-187500.02235174447
$SILENCE,2509.072722086039,-7870.429202369357,7163.6670426925475,12156.97969877478,-187500.02235174447,-187500.02235174447,-187500.02235174447,-187500.02235174447
$SILENCE,2343.915682305775,-7865.51181858919,6962.769563528248,12197.190487049877,-187500.02235174447,-187500.02235174447,-187500.02235174447,-187500.02235174447
$SILENCE,2125.963822122076,-7921.435883216368,6456.681365571185,12241.961031193858,-187500.02235174447,-187500.02235174447,-187500.02235174447,-187500.02235174447
$SILENCE,2270.5572570034574,-7938.691429935865,6595.195125960723,12207.539344732684,-187500.02235174447,-187500.02235174447,-187500.02235174447,-187500.02235174447
$SILENCE,2509.810329653064,-7874.541923349134,7120.50582414935,12163.573463389095,-187500.02235174447,-187500.02235174447,-187500.02235174447,-187500.02235174447
$SILENCE,2390.4073107728136,-7856.794638251619,7037.826721409169,12191.55784744714,-187500.02235174447,-187500.02235174447,-187500.02235174447,-187500.02235174447
$SILENCE,2128.1095895897856,-7911.556412167122,6520.406189013266,12245.872586473535,-187500.02235174447,-187500.02235174447,-187500.02235174447,-187500.02235174447
$SILENCE,2213.0685702644078,-7941.0160113592165,6506.056369072959,12232.908574689458,-187500.02235174447,-187500.02235174447,-187500.02235174447,-187500.02235174447
$SILENCE,2482.8541258399637,-7884.0190629981835,7061.988957165356,12173.184713504877,-187500.02235174447,-187500.02235174447,-187500.02235174447,-187500.02235174447
$SILENCE,2428.695849024755,-7855.319423117569,7098.154079694043,12180.896065341958,-187500.02235174447,-187500.02235174447,-187500.02235174447,-187500.02235174447
$SILENCE,2195.3659886558044,-7903.04039752965,6599.151384729313,12225.934830419403,-187500.02235174447,-187500.02235174447,-187500.02235174447,-187500.02235174447
$SILENCE,2183.7207297945893,-7943.05002010465,6438.531749073476,12234.584955523605,-187500.02235174447,-187500.02235174447,-187500.02235174447,-187500.02235174447
$SILENCE,2406.4111598028135,-7892.80329856912,6967.418726374952,12178.236207751777,-187500.02235174447,-187500.02235174447,-187500.02235174447,-187500.02235174447
$SILENCE,2483.30116072907,-7855.878216728952,7134.74388536738,12165.629823878984,-187500.02235174447,-187500.02235174447,-187500.02235174447,-187500.02235174447
$SILENCE,2268.2326755801055,-7888.042377000139,6701.0082842121465,12218.89403091598,-187500.02235174447,-187500.02235174447,-187500.02235174447,-187500.02235174447
$SILENCE,2128.4672175010705,-7940.971307870306,6401.293742810934,12234.406141567963,-187500.02235174447,-187500.02235174447,-187500.02235174447,-187500.02235174447
$SILENCE,2431.3110031260258,-7913.143386023448,6879.084632287578,12168.624957635995,-187500.02235174447,-187500.02235174447,-187500.02235174447,-187500.02235174447
$SILENCE,2525.456550771779,-7862.248463898714,7172.026595118832,12159.55014938714,-187500.02235174447,-187500.02235174447,-187500.02235174447,-187500.02235174447
$SILENCE,2286.047015910985,-7885.427222898868,6809.883631453948,12211.1826790789,-187500.02235174447,-187500.02235174447,-187500.02235174447,-187500.02235174447
$SILENCE,2126.544967477914,-7937.462083990823,6399.662065465697,12242.56452829415,-187500.02235174447,-187500.02235174447,-187500.02235174447,-187500.02235174447
$SILENCE,2360.3889179693365,-7922.151139038938,6764.487238465219,12186.17107703341,-187500.02235174447,-187500.02235174447,-187500.02235174447,-187500.02235174447
$SILENCE,2509.139777319405,-7863.589568566033,7158.727307167925,12166.099210512544,-187500.02235174447,-187500.02235174447,-187500.02235174447,-187500.02235174447
$SILENCE,2330.7058013326887,-7871.949120992318,6893.814431883626,12206.086481343089,-187500.02235174447,-187500.02235174447,-187500.02235174447,-187500.02235174447
$SILENCE,2131.0823716023415,-7930.4436362318565,6419.599821519831,12227.432397297907,-187500.02235174447,-187500.02235174447,-187500.02235174447,-187500.02235174447
$SILENCE,2311.1256731898397,-7933.4387699888675,6652.952033633236,12179.867885097014,-187500.02235174447,-187500.02235174447,-187500.02235174447,-187500.02235174447
$SILENCE,2515.3982657668907,-7873.401984381912,7138.655440647059,12147.234338192266,-187500.02235174447,-187500.02235174447,-187500.02235174447,-187500.02235174447
$SILENCE,2385.2887612925483,-7866.025908711662,6983.869610294058,12185.701690399848,-187500.02235174447,-187500.02235174447,-187500.02235174447,-187500.02235174447
$SILENCE,2159.357328338305,-7921.927621594385,6477.267322214523,12233.556775278661,-187500.02235174447,-187500.02235174447,-187500.02235174447,-187500.02235174447
$SILENCE,2270.8031261924657,-7946.9392236398735,6557.621843531352,12194.821202137615,-187500.02235174447,-187500.02235174447,-187500.02235174447,-187500.02235174447
$SILENCE,2521.3438297920025,-7890.65753110141,7089.816879012214,12136.036114220156,-187500.02235174447,-187500.02235174447,-187500.02235174447,-187500.02235174447
$SILENCE,2440.2517009081485,-7869.646891313421,7050.388401793051,12160.60068137654,-187500.02235174447,-187500.02235174447,-187500.02235174447,-187500.02235174447
$SILENCE,2186.29118040695,-7915.825595358086,6538.756971211073,12217.999961137768,-187500.02235174447,-187500.02235174447,-187500.02235174447,-187500.02235174447
$SILENCE,2222.053971535441,-7950.314337052624,6473.3110634459335,12207.807565666148,-187500.02235174447,-187500.02235174447,-187500.02235174447,-187500.02235174447
$SILENCE,2489.3808352209135,-7896.692502104343,7019.0065525778,12145.222681191288,-187500.02235174447,-187500.02235174447,-187500.02235174447,-187500.02235174447
$SILENCE,2468.8619338109415,-7864.640100555433,7100.903344262046,12153.224605706288,-187500.02235174447,-187500.02235174447,-187500.02235174447,-187500.02235174447
$SILENCE,2222.3892477022705,-7905.566144653099,6625.347629230932,12201.70553942985,-187500.02235174447,-187500.02235174447,-187500.02235174447,-187500.02235174447
$SILENCE,2184.2124681726063,-7951.253110319747,6413.788367961451,12202.733719674794,-187500.02235174447,-187500.02235174447,-187500.02235174447,-187500.02235174447
$SILENCE,2460.167105217827,-7912.003447056228,6934.136978881,12141.199367189332,-187500.02235174447,-187500.02235174447,-187500.02235174447,-187500.02235174447
$SILENCE,2502.1883847938043,-7866.495295345223,7139.705972636459,12139.634745077461,-187500.02235174447,-187500.02235174447,-187500.02235174447,-187500.02235174447
$SILENCE,2269.6184837363344,-7893.451499158324,6721.460130388753,12195.670568426916,-187500.02235174447,-187500.02235174447,-187500.02235174447,-187500.02235174447
$SILENCE,2158.642072515735,-7947.565072484622,6386.742757170529,12213.820184924625,-187500.02235174447,-187500.02235174447,-187500.02235174447,-187500.02235174447
$SILENCE,2417.7434942416544,-7922.66522916141,6828.927317729869,12151.950556272335,-187500.02235174447,-187500.02235174447,-187500.02235174447,-187500.02235174447
$SILENCE,2516.78407392312,-7867.836400012541,7157.229740289419,12134.605602575017,-187500.02235174447,-187500.02235174447,-187500.02235174447,-187500.02235174447
$SILENCE,2304.531908575524,-7882.476792630768,6823.853471738515,12176.872751340003,-187500.02235174447,-187500.02235174447,-187500.02235174447,-187500.02235174447
$SILENCE,2136.893825160721,-7940.926604381395,6395.974027630571,12208.031083110702,-187500.02235174447,-187500.02235174447,-187500.02235174447,-187500.02235174447
$SILENCE,2363.272293004071,-7932.924679866395,6725.774017068627,12152.509349883718,-187500.02235174447,-187500.02235174447,-187500.02235174447,-187500.02235174447
$SILENCE,2529.971603151751,-7872.820839026075,7149.943071596989,12123.385026858454,-187500.02235174447,-187500.02235174447,-187500.02235174447,-187500.02235174447
$SILENCE,2358.041984801529,-7876.642987327932,6912.3216762926195,12162.478227910786,-187500.02235174447,-187500.02235174447,-187500.02235174447,-187500.02235174447
$SILENCE,2146.99681365452,-7937.260918290725,6423.265507610501,12202.331388274597,-187500.02235174447,-187500.02235174447,-187500.02235174447,-187500.02235174447
$SILENCE,2314.1878621802166,-7946.0004503727505,6622.508957685109,12164.132257000478,-187500.02235174447,-187500.02235174447,-187500.02235174447,-187500.02235174447
$SILENCE,2535.5371875211226,-7883.70613857581,7126.473739918917,12125.955477470814,-187500.02235174447,-187500.02235174447,-187500.02235174447,-187500.02235174447
não,2411.1497296273387,-7871.502086103212,7002.354502958597,12154.45395165133,-187500.02235174447,-187500.02235174447,-187500.02235174447,-187500.02235174447
não,2170.309683121405,-7923.291078006158,6488.733767120096,12201.929056874402,-187500.02235174447,-187500.02235174447,-187500.02235174447,-187500.02235174447
não,2261.9071318992537,-7949.330860296591,6528.698686206185,12174.726983872293,-187500.02235174447,-187500.02235174447,-187500.02235174447,-187500.02235174447
não,2516.560556478567,-7891.104565990516,7066.235788611864,12123.273268136176,-187500.02235174447,-187500.02235174447,-187500.02235174447,-187500.02235174447
não,2451.494628369168,-7867.210551167793,7064.894683944546,12143.233375934766,-187500.02235174447,-187500.02235174447,-187500.02235174447,-187500.02235174447
não,2198.2270119460836,-7912.785758112163,6571.479925093642,12193.301283514653,-187500.02235174447,-187500.02235174447,-187500.02235174447,-187500.02235174447
não,2215.8401865768656,-7952.527159753699,6465.532656375487,12185.969911333314,-187500.02235174447,-187500.02235174447,-187500.02235174447,-187500.02235174447
não,2484.7093206297545,-7901.364016695502,6997.615933134071,12128.25770714971,-187500.02235174447,-187500.02235174447,-187500.02235174447,-187500.02235174447
não,2476.3050647145587,-7863.164885421382,7117.8236148147125,12134.180919430366,-187500.02235174447,-187500.02235174447,-187500.02235174447,-187500.02235174447
não,2236.0461635644633,-7902.436900429357,6665.0219756391025,12184.986434577278,-187500.02235174447,-187500.02235174447,-187500.02235174447,-187500.02235174447
não,2182.0443489604413,-7951.901310908951,6416.805853462917,12197.257542283243,-187500.02235174447,-187500.02235174447,-187500.02235174447,-187500.02235174447
não,2454.042727237073,-7913.344551723547,6915.026237371712,12139.433579377364,-187500.02235174447,-187500.02235174447,-187500.02235174447,-187500.02235174447
não,2505.49644297319,-7865.668280800377,7149.294871007785,12127.453044349319,-187500.02235174447,-187500.02235174447,-187500.02235174447,-187500.02235174447
não,2278.894457685287,-7890.635179356955,6759.748668640694,12176.068088539612,-187500.02235174447,-187500.02235174447,-187500.02235174447,-187500.02235174447
não,2154.1717236246736,-7945.978098628295,6400.26556256599,12199.291551028677,-187500.02235174447,-187500.02235174447,-187500.02235174447,-187500.02235174447
não,2411.1497296273387,-7925.749769896242,6816.119768156978,12144.999163746736,-187500.02235174447,-187500.02235174447,-187500.02235174447,-187500.02235174447
não,2535.067800887561,-7868.4622488572895,7170.149048584587,12129.151776927922,-187500.02235174447,-187500.02235174447,-187500.02235174447,-187500.02235174447
não,2336.5172548910687,-7882.65560658641,6862.343175690553,12170.770725103705,-187500.02235174447,-187500.02235174447,-187500.02235174447,-187500.02235174447
não,2144.8510461868104,-7940.323107281102,6409.988571404049,12202.957237119346,-187500.02235174447,-187500.02235174447,-187500.02235174447,-187500.02235174447
não,2350.9117783202864,-7935.115150823016,6703.981066224703,12155.012745262713,-187500.02235174447,-187500.02235174447,-187500.02235174447,-187500.02235174447
não,2533.145550864405,-7870.026870969162,7148.847836118679,12121.708646024304,-187500.02235174447,-187500.02235174447,-187500.02235174447,-187500.02235174447
não,2376.6833396772554,-7869.848057013519,6949.0902959216,12159.706611598327,-187500.02235174447,-187500.02235174447,-187500.02235174447,-187500.02235174447
não,2157.2562643595056,-7929.773083898197,6457.03899348247,12201.660835940938,-187500.02235174447,-187500.02235174447,-187500.02235174447,-187500.02235174447
não,2304.6883707867114,-7946.067505606116,6606.192184232734,12164.623995378495,-187500.02235174447,-187500.02235174447,-187500.02235174447,-187500.02235174447
não,2532.3408880640136,-7883.817897298086,7116.773082825313,12116.187765143844,-187500.02235174447,-187500.02235174447,-187500.02235174447,-187500.02235174447
não,2429.6793257807885,-7868.84222851303,7032.0599713397,12144.775646302181,-187500.02235174447,-187500.02235174447,-187500.02235174447,-187500.02235174447
não,2194.896602022243,-7922.084083805572,6533.660773475262,12196.27406552721,-187500.02235174447,-187500.02235174447,-187500.02235174447,-187500.02235174447
não,2270.378443047815,-7953.734153954287,6527.804616427972,12172.64827163795,-187500.02235174447,-187500.02235174447,-187500.02235174447,-187500.02235174447
não,2536.4089055548798,-7899.754691094719,7069.365032835607,12120.389893101441,-187500.02235174447,-187500.02235174447,-187500.02235174447,-187500.02235174447
não,2486.6986258862767,-7873.22317042627,7100.545716350761,12134.091512452545,-187500.02235174447,-187500.02235174447,-187500.02235174447,-187500.02235174447
não,2243.4669427236254,-7913.411606956913,6617.345704715933,12186.148725288955,-187500.02235174447,-187500.02235174447,-187500.02235174447,-187500.02235174447
não,2236.493198453569,-7950.671964963909,6485.559819407442,12183.22064676531,-187500.02235174447,-187500.02235174447,-187500.02235174447,-187500.02235174447
não,2488.2855997426036,-7906.393159197946,6981.209752703876,12130.381122872965,-187500.02235174447,-187500.02235174447,-187500.02235174447,-187500.02235174447
não,2516.0688181005503,-7860.437972597835,7160.023708346333,12137.287811909655,-187500.02235174447,-187500.02235174447,-187500.02235174447,-187500.02235174447
não,2261.862428410343,-7895.016121270195,6700.293028389577,12202.59960920806,-187500.02235174447,-187500.02235174447,-187500.02235174447,-187500.02235174447
não,2182.066700704897,-7942.625336959999,6431.51330131451,12205.79590866517,-187500.02235174447,-187500.02235174447,-187500.02235174447,-187500.02235174447
não,2433.1214944269054,-7912.875165089985,6884.024367812201,12142.294602667644,-187500.02235174447,-187500.02235174447,-187500.02235174447,-187500.02235174447
não,2514.459492499768,-7856.437010340334,7159.643728690592,12127.028361204668,-187500.02235174447,-187500.02235174447,-187500.02235174447,-187500.02235174447
não,2294.6077340373677,-7894.613789869999,6818.2878873691425,12174.011728049723,-187500.02235174447,-187500.02235174447,-187500.02235174447,-187500.02235174447
não,2154.350537580316,-7946.358078284035,6422.527900043476,12211.27208605672,-187500.02235174447,-187500.02235174447,-187500.02235174447,-187500.02235174447
não,2388.552115983023,-7931.896499621452,6788.671825965861,12155.12450398499,-187500.02235174447,-187500.02235174447,-187500.02235174447,-187500.02235174447
não,2526.2835653166253,-7875.614807082989,7165.589292715704,12108.118785395478,-187500.02235174447,-187500.02235174447,-187500.02235174447,-187500.02235174447
não,2348.6095486413897,-7892.13274623546,6885.499582946251,12158.20904471982,-187500.02235174447,-187500.02235174447,-187500.02235174447,-187500.02235174447
não,2146.6838892321457,-7948.034459118183,6411.508490027009,12195.022367837711,-187500.02235174447,-187500.02235174447,-187500.02235174447,-187500.02235174447
não,2340.5182171485685,-7939.1384648249705,6671.548685020052,12156.107980741022,-187500.02235174447,-187500.02235174447,-187500.02235174447,-187500.02235174447
não,2549.7305452502424,-7882.476792630768,7152.4017634870725,12145.759123058215,-187500.02235174447,-187500.02235174447,-187500.02235174447,-187500.02235174447
não,2399.683284721766,-7867.299958145614,6983.62374110505,12155.88446329647,-187500.02235174447,-187500.02235174447,-187500.02235174447,-187500.02235174447
não,2162.0842411618523,-7928.454330975334,6490.52190667652,12191.669606169417,-187500.02235174447,-187500.02235174447,-187500.02235174447,-187500.02235174447
não,2279.788527463499,-7956.706935966842,6584.153364199801,12150.564748116107,-187500.02235174447,-187500.02235174447,-187500.02235174447,-187500.02235174447
não,2521.2767745586366,-7901.319313206592,7107.050073987255,12108.476413306764,-187500.02235174447,-187500.02235174447,-187500.02235174447,-187500.02235174447
não,2446.0184509776177,-7871.189161680837,7060.223169353387,12150.475341138284,-187500.02235174447,-187500.02235174447,-187500.02235174447,-187500.02235174447
não,2188.660465319212,-7918.798377370642,6548.815256215961,12193.770670148215,-187500.02235174447,-187500.02235174447,-187500.02235174447,-187500.02235174447
não,2241.120009555818,-7961.356098813546,6522.57430822543,12191.021405580212,-187500.02235174447,-187500.02235174447,-187500.02235174447,-187500.02235174447
não,2509.5644604640556,-7900.827574828574,7023.588660191138,12124.234393147755,-187500.02235174447,-187500.02235174447,-187500.02235174447,-187500.02235174447
não,2462.91636978583,-7875.056013471605,7076.2046666389315,12121.753349513216,-187500.02235174447,-187500.02235174447,-187500.02235174447,-187500.02235174447
não,2190.895639764743,-7941.641860203966,6604.873431309871,12144.797998046637,-187500.02235174447,-187500.02235174447,-187500.02235174447,-187500.02235174447
não,2196.572982856391,-7977.941093199384,6466.762002320529,12201.504373729751,-187500.02235174447,-187500.02235174447,-187500.02235174447,-187500.02235174447
não,2466.1797244763047,-7916.809072114119,6969.005700231279,12127.229526904766,-187500.02235174447,-187500.02235174447,-187500.02235174447,-187500.02235174447
não,2482.5188496731344,-7884.287283931647,7132.7322283664025,12094.573628255563,-187500.02235174447,-187500.02235174447,-187500.02235174447,-187500.02235174447
não,2255.693346940678,-7920.89944134944,6718.062665231546,12158.946652286846,-187500.02235174447,-187500.02235174447,-187500.02235174447,-187500.02235174447
não,2163.671215018179,-7957.936281911884,6442.46565609761,12194.754146904248,-187500.02235174447,-187500.02235174447,-187500.02235174447,-187500.02235174447
não,2417.497625052646,-7931.114188565516,6865.852399570036,12107.716453995283,-187500.02235174447,-187500.02235174447,-187500.02235174447,-187500.02235174447
não,2511.956097120774,-7890.545772379133,7169.791420673302,12088.53865725263,-187500.02235174447,-187500.02235174447,-187500.02235174447,-187500.02235174447
não,2285.5329257885132,-7912.651647645432,6806.0167796631795,12157.583195875073,-187500.02235174447,-187500.02235174447,-187500.02235174447,-187500.02235174447
não,2133.4963600035144,-7974.811848975641,6416.694094740641,12172.290643726665,-187500.02235174447,-187500.02235174447,-187500.02235174447,-187500.02235174447
não,2333.0974379894064,-7963.971252914817,6723.270621689632,12117.908849466903,-187500.02235174447,-187500.02235174447,-187500.02235174447,-187500.02235174447
não,2503.529489461123,-7905.387330697457,7135.45914118995,12107.1576603839,-187500.02235174447,-187500.02235174447,-187500.02235174447,-187500.02235174447
não,2347.4472579297135,-7906.728435364776,6898.664760430427,12142.093436967545,-187500.02235174447,-187500.02235174447,-187500.02235174447,-187500.02235174447
não,2134.546891992914,-7956.5281220112,6418.146958130236,12154.342192929053,-187500.02235174447,-187500.02235174447,-187500.02235174447,-187500.02235174447
não,2300.1733184067393,-7963.121886625516,6644.905405629326,12130.269364150688,-187500.02235174447,-187500.02235174447,-187500.02235174447,-187500.02235174447
não,2516.6946669452986,-7896.84896431553,7154.8604553771565,12112.142099397433,-187500.02235174447,-187500.02235174447,-187500.02235174447,-187500.02235174447
não,2376.012787343596,-7896.290170704147,6985.121307983555,12124.279096636665,-187500.02235174447,-187500.02235174447,-187500.02235174447,-187500.02235174447
não,2127.8413686563217,-7964.060659892638,6471.746441334062,12166.479190168286,-187500.02235174447,-187500.02235174447,-187500.02235174447,-187500.02235174447
não,2248.0043468480526,-7979.192790888881,6549.10582889388,12151.88350103897,-187500.02235174447,-187500.02235174447,-187500.02235174447,-187500.02235174447
não,2505.585849951011,-7921.145310538449,7082.798431253247,12106.06242490559,-187500.02235174447,-187500.02235174447,-187500.02235174447,-187500.02235174447
não,2424.5831280449784,-7896.826612571074,7059.798486208736,12118.557050056106,-187500.02235174447,-187500.02235174447,-187500.02235174447,-187500.02235174447
não,2177.4175378581926,-7941.083066592582,6568.305977380989,12174.592873405561,-187500.02235174447,-187500.02235174447,-187500.02235174447,-187500.02235174447
não,2201.0656834919077,-7978.946921699873,6477.200266981157,12157.762009830716,-187500.02235174447,-187500.02235174447,-187500.02235174447,-187500.02235174447
não,2471.3429774454808,-7926.509729207723,7014.96088683139,12104.430747560353,-187500.02235174447,-187500.02235174447,-187500.02235174447,-187500.02235174447
não,2455.3167766710253,-7889.875220045474,7112.9509345234555,12116.120709910478,-187500.02235174447,-187500.02235174447,-187500.02235174447,-187500.02235174447
não,2213.6497156202454,-7931.225947287792,6653.8684551559045,12173.45293443834,-187500.02235174447,-187500.02235174447,-187500.02235174447,-187500.02235174447
não,2163.537104551447,-7981.517372312233,6421.142091887247,12175.129315272488,-187500.02235174447,-187500.02235174447,-187500.02235174447,-187500.02235174447
não,2431.601575803945,-7940.546624725655,6915.6073827275495,12110.421015074375,-187500.02235174447,-187500.02235174447,-187500.02235174447,-187500.02235174447
não,2472.169991990327,-7890.210496212304,7135.325030723218,12093.76896545517,-187500.02235174447,-187500.02235174447,-187500.02235174447,-187500.02235174447
não,2257.4814864971027,-7920.362999482513,6754.451305204786,12159.751315087238,-187500.02235174447,-187500.02235174447,-187500.02235174447,-187500.02235174447
não,2142.5935199968244,-7974.1189448975265,6410.279144081967,12185.142896788466,-187500.02235174447,-187500.02235174447,-187500.02235174447,-187500.02235174447
não,2393.6036102299227,-7950.4037440304455,6823.697009527327,12115.07017792108,-187500.02235174447,-187500.02235174447,-187500.02235174447,-187500.02235174447
não,2505.362332506458,-7896.625446870977,7156.760353655858,12089.924465408858,-187500.02235174447,-187500.02235174447,-187500.02235174447,-187500.02235174447
não,2310.432769111725,-7917.814900614608,6851.435524396364,12142.093436967545,-187500.02235174447,-187500.02235174447,-187500.02235174447,-187500.02235174447
não,2136.580900738347,-7976.376471087512,6417.945792430138,12177.208027506833,-187500.02235174447,-187500.02235174447,-187500.02235174447,-187500.02235174447
não,2341.009955526585,-7968.106325639049,6721.013095499647,12122.647419291428,-187500.02235174447,-187500.02235174447,-187500.02235174447,-187500.02235174447
não,2504.9600011062626,-7904.3815021969685,7151.060658819754,12088.918636908369,-187500.02235174447,-187500.02235174447,-187500.02235174447,-187500.02235174447
não,2344.4297724282474,-7903.04039752965,6938.763789983248,12125.240221648244,-187500.02235174447,-187500.02235174447,-187500.02235174447,-187500.02235174447
não,2146.28155783195,-7959.232683090292,6481.692967616674,12173.40823094943,-187500.02235174447,-187500.02235174447,-187500.02235174447,-187500.02235174447
não,2283.074233898429,-7971.280273351703,6628.320411243488,12147.390800403453,-187500.02235174447,-187500.02235174447,-187500.02235174447,-187500.02235174447
não,2504.9600011062626,-7912.584592412066,7122.964516039434,12092.003177643202,-187500.02235174447,-187500.02235174447,-187500.02235174447,-187500.02235174447
não,2384.1264705808726,-7897.743034093743,7023.789825891236,12124.904945481414,-187500.02235174447,-187500.02235174447,-187500.02235174447,-187500.02235174447
não,2128.08723784533,-7954.784685943686,6487.794993852973,12173.922321071903,-187500.02235174447,-187500.02235174447,-187500.02235174447,-187500.02235174447
não,2214.7896545874664,-7975.0577181646495,6516.651095944774,12152.509349883718,-187500.02235174447,-187500.02235174447,-187500.02235174447,-187500.02235174447
não,2479.8589920829527,-7914.1268627794825,7057.049221640733,12100.96622716978,-187500.02235174447,-187500.02235174447,-187500.02235174447,-187500.02235174447
não,2422.236194877171,-7892.780946824664,7073.6789195154815,12120.59105880154,-187500.02235174447,-187500.02235174447,-187500.02235174447,-187500.02235174447
não,2173.6847965341567,-7927.3367437525685,6594.7033875827065,12173.207065249333,-187500.02235174447,-187500.02235174447,-187500.02235174447,-187500.02235174447
não,2173.5506860674245,-7964.641805248476,6465.6220633533085,12169.250806480743,-187500.02235174447,-187500.02235174447,-187500.02235174447,-187500.02235174447
não,2453.7968580480647,-7923.000505328239,6999.024093034755,12111.203326130311,-187500.02235174447,-187500.02235174447,-187500.02235174447,-187500.02235174447
não,2459.720070328721,-7884.890781031941,7135.883824334601,12116.455986077308,-187500.02235174447,-187500.02235174447,-187500.02235174447,-187500.02235174447
não,2212.6215353753014,-7914.9538773243285,6684.065661915024,12172.69297512686,-187500.02235174447,-187500.02235174447,-187500.02235174447,-187500.02235174447
não,2140.6489182292125,-7965.24530234877,6417.543461029943,12186.372242733509,-187500.02235174447,-187500.02235174447,-187500.02235174447,-187500.02235174447
não,2412.8931656948525,-7928.700200164342,6903.202164554855,12122.44625359133,-187500.02235174447,-187500.02235174447,-187500.02235174447,-187500.02235174447
não,2473.980483291207,-7874.541923349134,7158.3249757677295,12113.81848023158,-187500.02235174447,-187500.02235174447,-187500.02235174447,-187500.02235174447
não,2253.6816899397004,-7898.011255027206,6788.157735843389,12169.40726869193,-187500.02235174447,-187500.02235174447,-187500.02235174447,-187500.02235174447
não,2112.5527754488917,-7958.986813901283,6399.50560325451,12188.719175901315,-187500.02235174447,-187500.02235174447,-187500.02235174447,-187500.02235174447
não,2363.764031382088,-7933.327011266591,6799.1547941154,12144.954460257824,-187500.02235174447,-187500.02235174447,-187500.02235174447,-187500.02235174447
não,2493.0241695671284,-7873.379632637458,7168.964406128455,12120.30048612362,-187500.02235174447,-187500.02235174447,-187500.02235174447,-187500.02235174447
não,2304.576612064435,-7887.394176410935,6880.582199166084,12163.729925600283,-187500.02235174447,-187500.02235174447,-187500.02235174447,-187500.02235174447
não,2112.41866498216,-7945.419305016912,6426.931193701172,12205.550039476162,-187500.02235174447,-187500.02235174447,-187500.02235174447,-187500.02235174447
não,2311.751522034588,-7948.548549240655,6698.974275466714,12153.31401268411,-187500.02235174447,-187500.02235174447,-187500.02235174447,-187500.02235174447
não,2500.690817915299,-7889.741109578742,7150.546568697282,12117.618276788984,-187500.02235174447,-187500.02235174447,-187500.02235174447,-187500.02235174447
não,2349.3248044639595,-7878.475830373268,6967.910464752968,12157.35967843052,-187500.02235174447,-187500.02235174447,-187500.02235174447,-187500.02235174447
não,2122.767522664967,-7927.202633285837,6480.195400738168,12204.901838886957,-187500.02235174447,-187500.02235174447,-187500.02235174447,-187500.02235174447
não,2261.571855732424,-7947.296851551158,6605.253410965612,12174.347004216554,-187500.02235174447,-187500.02235174447,-187500.02235174447,-187500.02235174447
não,2499.0591405700616,-7891.775118324175,7118.918850293023,12129.241183905744,-187500.02235174447,-187500.02235174447,-187500.02235174447,-187500.02235174447
não,2400.8455754334423,-7874.497219860223,7047.0132883803,12157.583195875073,-187500.02235174447,-187500.02235174447,-187500.02235174447,-187500.02235174447
não,2151.0424794009305,-7926.487377463267,6542.266195090556,12205.281818542699,-187500.02235174447,-187500.02235174447,-187500.02235174447,-187500.02235174447
não,2203.0326370039747,-7956.818694689119,6513.723017421129,12187.042795067167,-187500.02235174447,-187500.02235174447,-187500.02235174447,-187500.02235174447
não,2465.1515442313607,-7900.581705639566,7057.563311763205,12129.64351530594,-187500.02235174447,-187500.02235174447,-187500.02235174447,-187500.02235174447
não,2425.1195699119057,-7871.591493081033,7106.915963520523,12143.322782912586,-187500.02235174447,-187500.02235174447,-187500.02235174447,-187500.02235174447
não,2188.615761830302,-7911.981095311773,6637.797550892538,12201.213801051832,-187500.02235174447,-187500.02235174447,-187500.02235174447,-187500.02235174447
não,2178.0433867029415,-7951.498979508756,6477.937874548183,12201.37026326302,-187500.02235174447,-187500.02235174447,-187500.02235174447,-187500.02235174447
não,2427.980593202185,-7912.405778456424,6948.8891302215025,12151.92820452788,-187500.02235174447,-187500.02235174447,-187500.02235174447,-187500.02235174447
não,2462.6481488523664,-7867.858751756997,7138.633088902604,12157.940823786357,-187500.02235174447,-187500.02235174447,-187500.02235174447,-187500.02235174447
não,2226.054933792941,-7897.251295715725,6719.560232110051,12198.620998695016,-187500.02235174447,-187500.02235174447,-187500.02235174447,-187500.02235174447
não,2132.892862903221,-7952.370697542513,6413.922478428183,12206.287647043187,-187500.02235174447,-187500.02235174447,-187500.02235174447,-187500.02235174447
não,2397.269296320593,-7921.838214616563,6875.798925852648,12148.083704481567,-187500.02235174447,-187500.02235174447,-187500.02235174447,-187500.02235174447
não,2479.948399060774,-7871.211513425293,7167.735060183413,12139.768855544193,-187500.02235174447,-187500.02235174447,-187500.02235174447,-187500.02235174447
não,2268.635006980301,-7891.41749041289,6817.416169335386,12184.248827010255,-187500.02235174447,-187500.02235174447,-187500.02235174447,-187500.02235174447
não,2116.665496428668,-7946.1792643283925,6415.643562751242,12217.552926248662,-187500.02235174447,-187500.02235174447,-187500.02235174447,-187500.02235174447
não,2351.492923676124,-7933.550528711145,6778.881761894437,12168.759068102727,-187500.02235174447,-187500.02235174447,-187500.02235174447,-187500.02235174447
não,2497.2486492691814,-7874.944254749329,7170.730193940425,12140.104131711023,-187500.02235174447,-187500.02235174447,-187500.02235174447,-187500.02235174447
não,2313.4279028687365,-7880.979225752262,6905.3926355114745,12175.50929492823,-187500.02235174447,-187500.02235174447,-187500.02235174447,-187500.02235174447
não,2112.1951475376068,-7939.384334013979,6434.709600771618,12220.391597794485,-187500.02235174447,-187500.02235174447,-187500.02235174447,-187500.02235174447
não,2295.725321260133,-7940.948956125851,6670.028766397091,12184.852324110547,-187500.02235174447,-187500.02235174447,-187500.02235174447,-187500.02235174447
não,2499.014437081151,-7877.335891406047,7148.9372430965,12144.842701535548,-187500.02235174447,-187500.02235174447,-187500.02235174447,-187500.02235174447
não,2367.6755866617664,-7869.445725613324,6995.470165666362,12177.65506239594,-187500.02235174447,-187500.02235174447,-187500.02235174447,-187500.02235174447
não,2133.2057873255953,-7924.699237906842,6491.0359967989925,12228.952315920867,-187500.02235174447,-187500.02235174447,-187500.02235174447,-187500.02235174447
não,2238.5272071990025,-7945.441656761367,6571.636387304829,12196.609341694038,-187500.02235174447,-187500.02235174447,-187500.02235174447,-187500.02235174447
não,2482.295332228581,-7886.410699654902,7101.439786128973,12147.301393425632,-187500.02235174447,-187500.02235174447,-187500.02235174447,-187500.02235174447
não,2406.3441045694476,-7867.188199423337,7065.073497900188,12169.74254485876,-187500.02235174447,-187500.02235174447,-187500.02235174447,-187500.02235174447
não,2164.7440987520336,-7915.7138366358095,6567.523666325053,12220.79392919468,-187500.02235174447,-187500.02235174447,-187500.02235174447,-187500.02235174447
não,2202.384436414771,-7950.291985308169,6498.322665491422,12211.830879668103,-187500.02235174447,-187500.02235174447,-187500.02235174447,-187500.02235174447
não,2468.6384163663884,-7900.3358364505575,7037.1114655865995,12160.511274398717,-187500.02235174447,-187500.02235174447,-187500.02235174447,-187500.02235174447
não,2443.8056282765424,-7863.321347632569,7126.183167240998,12180.560789175128,-187500.02235174447,-187500.02235174447,-187500.02235174447,-187500.02235174447
não,2202.4291399036815,-7898.391234682947,6662.116248859912,12224.41491179644,-187500.02235174447,-187500.02235174447,-187500.02235174447,-187500.02235174447
não,2155.5575317809025,-7943.742924182764,6442.286842141967,12215.429510525408,-187500.02235174447,-187500.02235174447,-187500.02235174447,-187500.02235174447
não,2431.2886513815706,-7905.722606864287,6952.755982012271,12157.516140641706,-187500.02235174447,-187500.02235174447,-187500.02235174447,-187500.02235174447
não,2471.9017710568633,-7863.835437755041,7162.080068836221,12160.31010869862,-187500.02235174447,-187500.02235174447,-187500.02235174447,-187500.02235174447
não,2236.5826054313907,-7894.502031147723,6751.880854592426,12215.340103547585,-187500.02235174447,-187500.02235174447,-187500.02235174447,-187500.02235174447
não,2125.382676766238,-7944.86051140553,6416.291763340445,12238.675324758928,-187500.02235174447,-187500.02235174447,-187500.02235174447,-187500.02235174447
não,2381.04192984604,-7920.273592504692,6848.708611572816,12175.241073994765,-187500.02235174447,-187500.02235174447,-187500.02235174447,-187500.02235174447
não,2490.9007538438746,-7861.041469698128,7178.128621355131,12163.126428499989,-187500.02235174447,-187500.02235174447,-187500.02235174447,-187500.02235174447
não,2295.211231137661,-7873.603150082011,6855.570597120595,12210.579181978606,-187500.02235174447,-187500.02235174447,-187500.02235174447,-187500.02235174447
não,2127.3272785338495,-7934.578708956088,6426.551214045431,12238.541214292194,-187500.02235174447,-187500.02235174447,-187500.02235174447,-187500.02235174447
não,2339.0653537589733,-7929.594269942555,6749.466866191253,12185.008786321734,-187500.02235174447,-187500.02235174447,-187500.02235174447,-187500.02235174447
não,2503.104806316472,-7872.239693670237,7171.177228829531,12157.180864474878,-187500.02235174447,-187500.02235174447,-187500.02235174447,-187500.02235174447
não,2341.7475630936106,-7876.397118138924,6940.574281284128,12199.693882428872,-187500.02235174447,-187500.02235174447,-187500.02235174447,-187500.02235174447
não,2128.8471971568106,-7930.71185716532,6458.983595250082,12245.537310306707,-187500.02235174447,-187500.02235174447,-187500.02235174447,-187500.02235174447
não,2285.331760088415,-7938.71378168032,6642.2455480391445,12196.36347250503,-187500.02235174447,-187500.02235174447,-187500.02235174447,-187500.02235174447
não,2500.243783026193,-7877.917036761884,7136.017934801333,12143.389838145953,-187500.02235174447,-187500.02235174447,-187500.02235174447,-187500.02235174447
não,2385.8028514150205,-7864.953024977806,7021.308782256697,12178.370318218509,-187500.02235174447,-187500.02235174447,-187500.02235174447,-187500.02235174447
não,2151.6906799901344,-7914.573897668589,6520.964982624649,12241.513996304751,-187500.02235174447,-187500.02235174447,-187500.02235174447,-187500.02235174447
não,2239.6000909328573,-7940.814845659119,6554.000860929592,12218.111719860044,-187500.02235174447,-187500.02235174447,-187500.02235174447,-187500.02235174447
não,2494.2088120232597,-7886.611865354999,7086.352358621641,12154.92333828489,-187500.02235174447,-187500.02235174447,-187500.02235174447,-187500.02235174447
não,2434.3061368830367,-7862.606091809999,7087.715815033414,12172.2235884933,-187500.02235174447,-187500.02235174447,-187500.02235174447,-187500.02235174447
não,2192.3932066432485,-7906.951952809329,6599.196088218223,12231.880394444514,-187500.02235174447,-187500.02235174447,-187500.02235174447,-187500.02235174447
não,2208.0617795064186,-7950.2249300748035,6484.263418229034,12224.236097840798,-187500.02235174447,-187500.02235174447,-187500.02235174447,-187500.02235174447
não,2479.166088004838,-7904.225039985781,7016.301991498708,12164.020498278202,-187500.02235174447,-187500.02235174447,-187500.02235174447,-187500.02235174447
não,2473.3993379353687,-7864.88596974444,7139.705972636459,12161.092419754556,-187500.02235174447,-187500.02235174447,-187500.02235174447,-187500.02235174447
não,2229.541805927969,-7900.112319006004,6690.122984662412,12213.909591902446,-187500.02235174447,-187500.02235174447,-187500.02235174447,-187500.02235174447
não,2165.7499272525224,-7949.152046340949,6437.704734528629,12229.265240343242,-187500.02235174447,-187500.02235174447,-187500.02235174447,-187500.02235174447
não,2435.8037037615422,-7913.657476145921,6927.2302898443095,12166.009803534724,-187500.02235174447,-187500.02235174447,-187500.02235174447,-187500.02235174447
não,2497.069835313539,-7862.9413679768295,7173.881789908623,12158.41021041992,-187500.02235174447,-187500.02235174447,-187500.02235174447,-187500.02235174447
não,2274.960550661153,-7888.735281078253,6790.571724244563,12212.36732153503,-187500.02235174447,-187500.02235174447,-187500.02235174447,-187500.02235174447
não,2146.2368543430393,-7942.982964871284,6421.477368054077,12239.390580581497,-187500.02235174447,-187500.02235174447,-187500.02235174447,-187500.02235174447
não,2397.4481102762356,-7922.598173928043,6830.849567753025,12182.348928731553,-187500.02235174447,-187500.02235174447,-187500.02235174447,-187500.02235174447
não,2522.3049548035806,-7865.355356378002,7187.024615648344,12158.589024375562,-187500.02235174447,-187500.02235174447,-187500.02235174447,-187500.02235174447
não,2330.571690865957,-7876.665339072388,6887.555943436139,12199.045681839667,-187500.02235174447,-187500.02235174447,-187500.02235174447,-187500.02235174447
não,2147.5556072659024,-7938.110284580027,6440.521054329998,12239.122359648032,-187500.02235174447,-187500.02235174447,-187500.02235174447,-187500.02235174447
não,2348.8107143414873,-7936.456255490334,6725.572851368529,12188.048623567656,-187500.02235174447,-187500.02235174447,-187500.02235174447,-187500.02235174447
não,2526.3729722944468,-7875.726565805265,7172.317167796751,12146.1167509695,-187500.02235174447,-187500.02235174447,-187500.02235174447,-187500.02235174447
não,2375.18577279875,-7868.4622488572895,6974.839505534113,12187.31101600063,-187500.02235174447,-187500.02235174447,-187500.02235174447,-187500.02235174447
não,2154.2387788580395,-7920.072426804594,6481.42474668321,12240.195243381888,-187500.02235174447,-187500.02235174447,-187500.02235174447,-187500.02235174447
não,2292.6854840142114,-7938.1326363244825,6623.827710607971,12199.98445510679,-187500.02235174447,-187500.02235174447,-187500.02235174447,-187500.02235174447
não,2519.3098210465696,-7880.979225752262,7139.46010344745,12151.145893471945,-187500.02235174447,-187500.02235174447,-187500.02235174447,-187500.02235174447
não,2418.2575843641266,-7866.003556967206,7053.852922183624,12174.54816991665,-187500.02235174447,-187500.02235174447,-187500.02235174447,-187500.02235174447
não,2179.093918692341,-7918.753673881731,6544.568424769453,12223.006751895757,-187500.02235174447,-187500.02235174447,-187500.02235174447,-187500.02235174447
não,2244.6515851797562,-7949.107342852038,6537.639383988308,12207.60639996605,-187500.02235174447,-187500.02235174447,-187500.02235174447,-187500.02235174447
não,2509.698570930788,-7892.13274623546,7080.675015529992,12165.898044812448,-187500.02235174447,-187500.02235174447,-187500.02235174447,-187500.02235174447
não,2469.599541377967,-7858.694536530321,7116.2366409583865,12182.997129320756,-187500.02235174447,-187500.02235174447,-187500.02235174447,-187500.02235174447
não,2221.562233157424,-7904.5156126637,6632.79076013455,12227.767673464738,-187500.02235174447,-187500.02235174447,-187500.02235174447,-187500.02235174447
não,2210.5204713965027,-7947.162741084426,6475.523886147009,12215.429510525408,-187500.02235174447,-187500.02235174447,-187500.02235174447,-187500.02235174447
não,2490.0513875545726,-7902.191031240348,7003.427386692451,12150.520044627196,-187500.02235174447,-187500.02235174447,-187500.02235174447,-187500.02235174447
não,2505.8317191400197,-7864.103658688505,7161.476571735928,12151.995259761246,-187500.02235174447,-187500.02235174447,-187500.02235174447,-187500.02235174447
não,2264.6787482117115,-7896.625446870977,6725.483444390708,12205.684149942894,-187500.02235174447,-187500.02235174447,-187500.02235174447,-187500.02235174447
não,2176.47876459107,-7948.459142262834,6435.93894671666,12222.246792584276,-187500.02235174447,-187500.02235174447,-187500.02235174447,-187500.02235174447
não,2443.850331765453,-7918.552508181633,6905.593801211572,12166.702707612838,-187500.02235174447,-187500.02235174447,-187500.02235174447,-187500.02235174447
não,2529.0551816290836,-7865.355356378002,7186.108194125676,12161.762972088216,-187500.02235174447,-187500.02235174447,-187500.02235174447,-187500.02235174447
não,2316.7806645370324,-7884.197876953826,6826.625088050972,12211.517955245728,-187500.02235174447,-187500.02235174447,-187500.02235174447,-187500.02235174447
não,2165.504058063514,-7942.915909637918,6431.8709292257945,12226.94065891989,-187500.02235174447,-187500.02235174447,-187500.02235174447,-187500.02235174447
não,2399.325656810481,-7924.5204239512,6805.569744774073,12171.061297781624,-187500.02235174447,-187500.02235174447,-187500.02235174447,-187500.02235174447
não,2539.918129434363,-7867.434068612346,7191.003226161388,12143.658059079416,-187500.02235174447,-187500.02235174447,-187500.02235174447,-187500.02235174447
não,2360.3218627359706,-7876.911208261396,6921.865871175036,12191.93782710288,-187500.02235174447,-187500.02235174447,-187500.02235174447,-187500.02235174447
não,2166.3087208639054,-7932.723514166298,6458.514208616521,12241.37988583802,-187500.02235174447,-187500.02235174447,-187500.02235174447,-187500.02235174447
$SILENCE,2347.3578509518925,-7934.757522911731,6703.198755168767,12197.592818450072,-187500.02235174447,-187500.02235174447,-187500.02235174447,-187500.02235174447
$SILENCE,2539.381687567435,-7876.933560005851,7169.2996822952855,12143.009858490213,-187500.02235174447,-187500.02235174447,-187500.02235174447,-187500.02235174447
$SILENCE,2401.694941722744,-7872.060879714594,7001.4827849248395,12175.732812372782,-187500.02235174447,-187500.02235174447,-187500.02235174447,-187500.02235174447
$SILENCE,2172.924837222676,-7924.721589651298,6501.586020181897,12224.79489145218,-187500.02235174447,-187500.02235174447,-187500.02235174447,-187500.02235174447
$SILENCE,2291.545545046991,-7944.994621872262,6603.8005475760165,12192.518972458718,-187500.02235174447,-187500.02235174447,-187500.02235174447,-187500.02235174447
$SILENCE,2532.9220334198517,-7884.264932187192,7129.60298414266,12149.938899271358,-187500.02235174447,-187500.02235174447,-187500.02235174447,-187500.02235174447
$SILENCE,2446.19726493326,-7863.03077495465,7079.870352729601,12178.392669962963,-187500.02235174447,-187500.02235174447,-187500.02235174447,-187500.02235174447
$SILENCE,2201.4233114031927,-7911.668170889398,6576.889047251827,12223.744359462782,-187500.02235174447,-187500.02235174447,-187500.02235174447,-187500.02235174447
$SILENCE,2244.2939572684713,-7947.319203295613,6523.446026259187,12206.354702276552,-187500.02235174447,-187500.02235174447,-187500.02235174447,-187500.02235174447
$SILENCE,2513.0289808546286,-7895.709025348309,7064.134724633065,12151.101189983034,-187500.02235174447,-187500.02235174447,-187500.02235174447,-187500.02235174447
$SILENCE,2487.883268342408,-7865.109487188994,7136.532024923805,12165.451009923341,-187500.02235174447,-187500.02235174447,-187500.02235174447,-187500.02235174447
$SILENCE,2242.952852601153,-7905.521441164189,6662.853856426937,12218.1340716045,-187500.02235174447,-187500.02235174447,-187500.02235174447,-187500.02235174447
$SILENCE,2206.8100818169214,-7953.28711906518,6461.710508073629,12218.93873440489,-187500.02235174447,-187500.02235174447,-187500.02235174447,-187500.02235174447
$SILENCE,2483.5693816625335,-7912.763406367709,6975.510057867773,12159.684259853871,-187500.02235174447,-187500.02235174447,-187500.02235174447,-187500.02235174447
$SILENCE,2519.6674489578545,-7867.568179079078,7171.601911974181,12158.92430054239,-187500.02235174447,-187500.02235174447,-187500.02235174447,-187500.02235174447
$SILENCE,2284.705911243667,-7894.971417781284,6759.748668640694,12203.94071387538,-187500.02235174447,-187500.02235174447,-187500.02235174447,-187500.02235174447
$SILENCE,2179.250380903528,-7948.90617715194,6437.391810106255,12220.972743150323,-187500.02235174447,-187500.02235174447,-187500.02235174447,-187500.02235174447
$SILENCE,2440.206997419238,-7922.9334500948735,6880.939827077369,12164.020498278202,-187500.02235174447,-187500.02235174447,-187500.02235174447,-187500.02235174447
$SILENCE,2538.2193968557594,-7869.132801190949,7192.970179673455,12156.197387718843,-187500.02235174447,-187500.02235174447,-187500.02235174447,-187500.02235174447
$SILENCE,2331.7116298331775,-7883.79554555363,6853.693050586349,12200.27502778471,-187500.02235174447,-187500.02235174447,-187500.02235174447,-187500.02235174447
$SILENCE,2165.6605202747014,-7940.881900892485,6429.568699546898,12225.51014727475,-187500.02235174447,-187500.02235174447,-187500.02235174447,-187500.02235174447
$SILENCE,2385.1546508258166,-7934.936336867373,6767.124744310945,12169.764896603216,-187500.02235174447,-187500.02235174447,-187500.02235174447,-187500.02235174447
$SILENCE,2545.617824270466,-7877.17942919486,7181.257865578875,12140.886442766958,-187500.02235174447,-187500.02235174447,-187500.02235174447,-187500.02235174447
$SILENCE,2379.5443629675347,-7878.788754795642,6944.061153419156,12187.333367745086,-187500.02235174447,-187500.02235174447,-187500.02235174447,-187500.02235174447
$SILENCE,2174.5565145679134,-7935.249261289748,6469.623025610808,12232.461539800352,-187500.02235174447,-187500.02235174447,-187500.02235174447,-187500.02235174447
$SILENCE,2335.7796473240433,-7945.419305016912,6669.2464553411555,12186.484001455785,-187500.02235174447,-187500.02235174447,-187500.02235174447,-187500.02235174447
$SILENCE,2546.176617881849,-7882.700310075321,7155.151028055076,12146.027343991678,-187500.02235174447,-187500.02235174447,-187500.02235174447,-187500.02235174447
$SILENCE,2423.174968144294,-7868.752821535209,7026.561442203694,12181.499562442252,-187500.02235174447,-187500.02235174447,-187500.02235174447,-187500.02235174447
$SILENCE,2186.5370495959583,-7919.9383163378625,6528.117540850347,12240.66463001545,-187500.02235174447,-187500.02235174447,-187500.02235174447,-187500.02235174447
$SILENCE,2279.7438239745884,-7946.894520150962,6581.87348626536,12213.998998880268,-187500.02235174447,-187500.02235174447,-187500.02235174447,-187500.02235174447
$SILENCE,2528.07170487305,-7892.825650313574,7107.877088532101,12154.40924816242,-187500.02235174447,-187500.02235174447,-187500.02235174447,-187500.02235174447
$SILENCE,2465.3527099314583,-7869.803353524609,7090.889762746068,12168.60260589154,-187500.02235174447,-187500.02235174447,-187500.02235174447,-187500.02235174447
$SILENCE,2225.5855471593795,-7915.959705824817,6596.893858539326,12220.212783838842,-187500.02235174447,-187500.02235174447,-187500.02235174447,-187500.02235174447
$SILENCE,2246.9761666031086,-7958.316261567625,6494.992255567581,12208.947504633368,-187500.02235174447,-187500.02235174447,-187500.02235174447,-187500.02235174447
$SILENCE,2521.3438297920025,-7905.4990894197335,7028.77426490477,12150.989431260758,-187500.02235174447,-187500.02235174447,-187500.02235174447,-187500.02235174447
$SILENCE,2519.846262913497,-7867.612882567988,7140.532987181305,12161.606509877029,-187500.02235174447,-187500.02235174447,-187500.02235174447,-187500.02235174447
$SILENCE,2280.9508181751753,-7906.32610396458,6686.636112527384,12217.307057059654,-187500.02235174447,-187500.02235174447,-187500.02235174447,-187500.02235174447
$SILENCE,2225.116160525818,-7955.187017343881,6453.149789947247,12223.118510618033,-187500.02235174447,-187500.02235174447,-187500.02235174447,-187500.02235174447
$SILENCE,2493.11357654495,-7915.512670935711,6950.632566289016,12166.054507023635,-187500.02235174447,-187500.02235174447,-187500.02235174447,-187500.02235174447
$SILENCE,2546.0872109040274,-7869.132801190949,7178.888580666612,12166.926225057392,-187500.02235174447,-187500.02235174447,-187500.02235174447,-187500.02235174447
$SILENCE,2319.9322605052307,-7891.506897390712,6789.72235795526,12224.258449585253,-187500.02235174447,-187500.02235174447,-187500.02235174447,-187500.02235174447
$SILENCE,2191.0744537203855,-7946.201616072848,6431.066266425403,12240.84344397109,-187500.02235174447,-187500.02235174447,-187500.02235174447,-187500.02235174447
$SILENCE,2433.9708607162074,-7926.934412352373,6838.918547501391,12178.54913217415,-187500.02235174447,-187500.02235174447,-187500.02235174447,-187500.02235174447
$SILENCE,2546.8918737044187,-7870.876237258463,7180.9225894120445,12157.538492386162,-187500.02235174447,-187500.02235174447,-187500.02235174447,-187500.02235174447
$SILENCE,2354.8680370888756,-7881.269798430181,6877.4529549423405,12208.500469744262,-187500.02235174447,-187500.02235174447,-187500.02235174447,-187500.02235174447
$SILENCE,2179.6974157926343,-7935.696296178854,6443.583243320375,12250.074714431134,-187500.02235174447,-187500.02235174447,-187500.02235174447,-187500.02235174447
$SILENCE,2384.9981886146297,-7930.890671120963,6747.544616168096,12202.59960920806,-187500.02235174447,-187500.02235174447,-187500.02235174447,-187500.02235174447
$SILENCE,2556.1454959089156,-7871.792658781131,7184.722385969447,12169.474323925297,-187500.02235174447,-187500.02235174447,-187500.02235174447,-187500.02235174447
$SILENCE,2397.358703298414,-7871.300920403114,6972.090240966111,12209.215725566832,-187500.02235174447,-187500.02235174447,-187500.02235174447,-187500.02235174447
$SILENCE,2180.6585408042124,-7925.727418151787,6482.207057739146,12249.873548731035,-187500.02235174447,-187500.02235174447,-187500.02235174447,-187500.02235174447
$SILENCE,2324.2237954406496,-7941.395991014957,6640.792684649549,12203.471327241818,-187500.02235174447,-187500.02235174447,-187500.02235174447,-187500.02235174447
$SILENCE,2547.3836120824353,-7882.27562693067,7139.348344725174,12158.164341230911,-187500.02235174447,-187500.02235174447,-187500.02235174447,-187500.02235174447
$SILENCE,2448.5441981010676,-7870.3397953915355,7039.659564454504,12190.015577079723,-187500.02235174447,-187500.02235174447,-187500.02235174447,-187500.02235174447
$SILENCE,2208.084131250874,-7921.681752405376,6537.281756077023,12243.637412028005,-187500.02235174447,-187500.02235174447,-187500.02235174447,-187500.02235174447
$SILENCE,2277.6204082513345,-7949.308508552135,6547.898834693294,12219.877507672014,-187500.02235174447,-187500.02235174447,-187500.02235174447,-187500.02235174447
$SILENCE,2535.6265944989436,-7890.99280726824,7086.866448744113,12172.64827163795,-187500.02235174447,-187500.02235174447,-187500.02235174447,-187500.02235174447
$SILENCE,2484.3740444629248,-7861.130876675949,7106.69244607597,12190.50731545774,-187500.02235174447,-187500.02235174447,-187500.02235174447,-187500.02235174447
$SILENCE,2235.82264611991,-7905.521441164189,6621.391370462343,12236.909536946958,-187500.02235174447,-187500.02235174447,-187500.02235174447,-187500.02235174447
$SILENCE,2233.2968989964606,-7948.481494007289,6479.211923982135,12229.667571743437,-187500.02235174447,-187500.02235174447,-187500.02235174447,-187500.02235174447
$SILENCE,2504.423559239335,-7902.749824851731,7006.042540793722,12170.524855914695,-187500.02235174447,-187500.02235174447,-187500.02235174447,-187500.02235174447
$SILENCE,2518.2816408016256,-7867.948158734818,7150.255996019363,12179.577312419095,-187500.02235174447,-187500.02235174447,-187500.02235174447,-187500.02235174447
$SILENCE,2280.861411197354,-7900.201725983826,6708.294952904577,12228.438225798396,-187500.02235174447,-187500.02235174447,-187500.02235174447,-187500.02235174447
$SILENCE,2202.7420643260557,-7950.71666845282,6439.269356640501,12239.412932325951,-187500.02235174447,-187500.02235174447,-187500.02235174447,-187500.02235174447
$SILENCE,2469.1525064888606,-7916.674961647387,6913.439263515385,12172.737678615771,-187500.02235174447,-187500.02235174447,-187500.02235174447,-187500.02235174447
$SILENCE,2543.6955742473097,-7866.629405811955,7173.390051530606,12162.232358721776,-187500.02235174447,-187500.02235174447,-187500.02235174447,-187500.02235174447
$SILENCE,2330.5493391215014,-7890.031682256661,6809.3024860981095,12215.518917503228,-187500.02235174447,-187500.02235174447,-187500.02235174447,-187500.02235174447
$SILENCE,2185.1735931841845,-7943.1841305713815,6429.345182102345,12239.010600925756,-187500.02235174447,-187500.02235174447,-187500.02235174447,-187500.02235174447
$SILENCE,2421.118607654406,-7927.8061303861305,6813.169337888878,12180.985472319779,-187500.02235174447,-187500.02235174447,-187500.02235174447,-187500.02235174447
$SILENCE,2557.0619174315834,-7873.424336126368,7180.006167889377,12157.672602852894,-187500.02235174447,-187500.02235174447,-187500.02235174447,-187500.02235174447
$SILENCE,2373.218819286683,-7882.052109486117,6896.876620874003,12199.85034464006,-187500.02235174447,-187500.02235174447,-187500.02235174447,-187500.02235174447
$SILENCE,2182.6031425718243,-7937.23856654627,6447.651260811242,12238.60826952556,-187500.02235174447,-187500.02235174447,-187500.02235174447,-187500.02235174447
$SILENCE,2371.9671215971853,-7937.976174113295,6712.9217640068255,12194.1282980595,-187500.02235174447,-187500.02235174447,-187500.02235174447,-187500.02235174447
$SILENCE,2561.2416936447257,-7876.84415302803,7170.976063129433,12160.488922654262,-187500.02235174447,-187500.02235174447,-187500.02235174447,-187500.02235174447
$SILENCE,2416.044761663051,-7872.351452392513,6988.0493865072,12193.03306258119,-187500.02235174447,-187500.02235174447,-187500.02235174447,-187500.02235174447
$SILENCE,2192.6837793211675,-7924.676886162387,6492.377101466311,12236.820129969137,-187500.02235174447,-187500.02235174447,-187500.02235174447,-187500.02235174447
$SILENCE,2318.3229349044486,-7941.843025904063,6612.294210469033,12203.918362130924,-187500.02235174447,-187500.02235174447,-187500.02235174447,-187500.02235174447
$SILENCE,2562.2698738896697,-7884.331987420558,7146.567958184238,12147.346096914542,-187500.02235174447,-187500.02235174447,-187500.02235174447,-187500.02235174447
$SILENCE,2459.3177389285256,-7863.924844732863,7077.009329439322,12174.391707705463,-187500.02235174447,-187500.02235174447,-187500.02235174447,-187500.02235174447
$SILENCE,2213.9179365537093,-7916.563202925111,6560.326404610444,12227.521804275728,-187500.02235174447,-187500.02235174447,-187500.02235174447,-187500.02235174447
$SILENCE,2273.5523907604684,-7942.759447426731,6546.893006192805,12209.282780800198,-187500.02235174447,-187500.02235174447,-187500.02235174447,-187500.02235174447
$SILENCE,2525.948289149796,-7894.792603825642,7055.864579184602,12156.756181330227,-187500.02235174447,-187500.02235174447,-187500.02235174447,-187500.02235174447
$SILENCE,2502.25544002717,-7863.500161588212,7137.090818535187,12171.128353014989,-187500.02235174447,-187500.02235174447,-187500.02235174447,-187500.02235174447
$SILENCE,2248.3619747593375,-7910.528231922178,6637.730495659172,12220.816280939136,-187500.02235174447,-187500.02235174447,-187500.02235174447,-187500.02235174447
$SILENCE,2241.723506656111,-7951.923662653407,6489.292560731478,12214.133109347,-187500.02235174447,-187500.02235174447,-187500.02235174447,-187500.02235174447
$SILENCE,2485.938666574796,-7911.332894722569,6958.634490804016,12158.700783097838,-187500.02235174447,-187500.02235174447,-187500.02235174447,-187500.02235174447
$SILENCE,2519.131007090927,-7869.177504679859,7146.880882606612,12155.683297596372,-187500.02235174447,-187500.02235174447,-187500.02235174447,-187500.02235174447
$SILENCE,2289.891515957298,-7898.011255027206,6735.161749739856,12205.930019131902,-187500.02235174447,-187500.02235174447,-187500.02235174447,-187500.02235174447
$SILENCE,2197.422349145693,-7946.961575384328,6435.044876938448,12224.61607749654,-187500.02235174447,-187500.02235174447,-187500.02235174447,-187500.02235174447
$SILENCE,2459.0942214839724,-7919.558336682122,6889.478193459296,12158.320803442099,-187500.02235174447,-187500.02235174447,-187500.02235174447,-187500.02235174447
$SILENCE,2547.294205104614,-7869.155152935405,7183.604798746682,12142.78634104566,-187500.02235174447,-187500.02235174447,-187500.02235174447,-187500.02235174447
$SILENCE,2337.1654554802726,-7887.237714199748,6837.465684111797,12191.267274769221,-187500.02235174447,-187500.02235174447,-187500.02235174447,-187500.02235174447
$SILENCE,2184.927723995176,-7942.938261382373,6434.530786815976,12219.22930708281,-187500.02235174447,-187500.02235174447,-187500.02235174447,-187500.02235174447
$SILENCE,2415.7765407295874,-7934.198729300348,6790.258799822188,12170.88248382598,-187500.02235174447,-187500.02235174447,-187500.02235174447,-187500.02235174447
$SILENCE,2567.7684030256755,-7876.620635583477,7187.270484837352,12148.441332392853,-187500.02235174447,-187500.02235174447,-187500.02235174447,-187500.02235174447
$SILENCE,2391.4131392733025,-7882.230923441759,6933.42172305843,12185.03113806619,-187500.02235174447,-187500.02235174447,-187500.02235174447,-187500.02235174447
$SILENCE,2193.4660903771032,-7937.149159568448,6466.113801731325,12221.956219906357,-187500.02235174447,-187500.02235174447,-187500.02235174447,-187500.02235174447
$SILENCE,2368.6143599288894,-7942.759447426731,6689.2289148842,12179.197332763355,-187500.02235174447,-187500.02235174447,-187500.02235174447,-187500.02235174447
$SILENCE,2571.3670338829797,-7886.902438032918,7166.70687993847,12141.914623011902,-187500.02235174447,-187500.02235174447,-187500.02235174447,-187500.02235174447
$SILENCE,2431.7133345262214,-7877.671167572877,7012.546898430217,12169.943710558857,-187500.02235174447,-187500.02235174447,-187500.02235174447,-187500.02235174447
$SILENCE,2196.86355553431,-7927.962592597318,6510.549069708475,12216.99413263728,-187500.02235174447,-187500.02235174447,-187500.02235174447,-187500.02235174447
$SILENCE,2302.9672864636527,-7946.961575384328,6585.516820611575,12185.902856099947,-187500.02235174447,-187500.02235174447,-187500.02235174447,-187500.02235174447
$SILENCE,2550.423449328357,-7887.528286877667,7112.235678700886,12132.035151962657,-187500.02235174447,-187500.02235174447,-187500.02235174447,-187500.02235174447
$SILENCE,2477.8920385708857,-7868.194027923826,7086.017082454811,12147.301393425632,-187500.02235174447,-187500.02235174447,-187500.02235174447,-187500.02235174447
$SILENCE,2237.454323465148,-7917.479624447778,6593.943428271226,12205.013597609235,-187500.02235174447,-187500.02235174447,-187500.02235174447,-187500.02235174447
$SILENCE,2267.383309290804,-7956.8633981780295,6516.516985478042,12194.731795159792,-187500.02235174447,-187500.02235174447,-187500.02235174447,-187500.02235174447
$SILENCE,2533.190254353315,-7907.734263865264,7047.750895947325,12127.92243098288,-187500.02235174447,-187500.02235174447,-187500.02235174447,-187500.02235174447
$SILENCE,2517.3428675345026,-7872.418507625879,7139.996545314378,12140.55116660013,-187500.02235174447,-187500.02235174447,-187500.02235174447,-187500.02235174447
$SILENCE,2281.464908297647,-7905.4990894197335,6693.051063186057,12196.65404518295,-187500.02235174447,-187500.02235174447,-187500.02235174447,-187500.02235174447
$SILENCE,2242.081134567396,-7948.839121918574,6494.925200334215,12200.722062673816,-187500.02235174447,-187500.02235174447,-187500.02235174447,-187500.02235174447
$SILENCE,2494.3205707455363,-7916.630258158477,6952.912444223457,12145.580309102574,-187500.02235174447,-187500.02235174447,-187500.02235174447,-187500.02235174447
$SILENCE,2552.07747841805,-7865.020080211173,7192.903124440089,12140.2158904333,-187500.02235174447,-187500.02235174447,-187500.02235174447,-187500.02235174447
$SILENCE,2295.702969515678,-7890.434013656857,6756.8876453504145,12197.324597516608,-187500.02235174447,-187500.02235174447,-187500.02235174447,-187500.02235174447
$SILENCE,2188.9733897415867,-7941.865377648518,6447.651260811242,12207.516992988229,-187500.02235174447,-187500.02235174447,-187500.02235174447,-187500.02235174447
$SILENCE,2429.656974036333,-7923.42518847289,6841.69016381385,12159.93012904288,-187500.02235174447,-187500.02235174447,-187500.02235174447,-187500.02235174447
$SILENCE,2556.234902886737,-7874.050184971116,7173.032423619321,12142.987506745758,-187500.02235174447,-187500.02235174447,-187500.02235174447,-187500.02235174447
$SILENCE,2357.1926185122275,-7885.963664765795,6861.292643701154,12188.696824156861,-187500.02235174447,-187500.02235174447,-187500.02235174447,-187500.02235174447
$SILENCE,2186.045311217941,-7942.446523004356,6442.756228775529,12221.464481528341,-187500.02235174447,-187500.02235174447,-187500.02235174447,-187500.02235174447
$SILENCE,2397.358703298414,-7937.126807823994,6761.335642497021,12175.822219350603,-187500.02235174447,-187500.02235174447,-187500.02235174447,-187500.02235174447
$SILENCE,2561.3534523670023,-7878.006443739706,7183.403633046584,12144.730942813272,-187500.02235174447,-187500.02235174447,-187500.02235174447,-187500.02235174447
$SILENCE,2398.051607376529,-7875.950083249818,6958.835656504114,12182.125411287,-187500.02235174447,-187500.02235174447,-187500.02235174447,-187500.02235174447
$SILENCE,2182.4913838495477,-7930.1530635539375,6476.462659414132,12225.13016761901,-187500.02235174447,-187500.02235174447,-187500.02235174447,-187500.02235174447
$SILENCE,2332.3151269334708,-7940.121941581005,6655.656594712329,12185.74639388876,-187500.02235174447,-187500.02235174447,-187500.02235174447,-187500.02235174447
$SILENCE,2551.585740040033,-7876.106545461005,7150.770086141835,12145.110922469012,-187500.02235174447,-187500.02235174447,-187500.02235174447,-187500.02235174447
$SILENCE,2443.0233172206067,-7863.991899966229,7040.44187551044,12171.038946037168,-187500.02235174447,-187500.02235174447,-187500.02235174447,-187500.02235174447
$SILENCE,2208.1064829953293,-7916.250278502736,6541.550939267986,12221.598591995073,-187500.02235174447,-187500.02235174447,-187500.02235174447,-187500.02235174447
$SILENCE,2292.149042147284,-7946.022802117205,6568.39538435881,12192.31780675862,-187500.02235174447,-187500.02235174447,-187500.02235174447,-187500.02235174447
$SILENCE,2553.1950656408153,-7891.484545646256,7102.870297774112,12144.015686990702,-187500.02235174447,-187500.02235174447,-187500.02235174447,-187500.02235174447
$SILENCE,2489.11261428745,-7864.617748810977,7107.497108876361,12164.176960489389,-187500.02235174447,-187500.02235174447,-187500.02235174447,-187500.02235174447
$SILENCE,2239.398925232759,-7905.9684760532955,6620.184376261756,12214.736606447294,-187500.02235174447,-187500.02235174447,-187500.02235174447,-187500.02235174447
$SILENCE,2243.9139776127313,-7946.38043002849,6499.887287603294,12210.087443600589,-187500.02235174447,-187500.02235174447,-187500.02235174447,-187500.02235174447
$SILENCE,2513.945402377296,-7901.609885884511,7026.025000336766,12151.592928361051,-187500.02235174447,-187500.02235174447,-187500.02235174447,-187500.02235174447
$SILENCE,2517.655791956877,-7862.919016232374,7153.854626876668,12156.242091207754,-187500.02235174447,-187500.02235174447,-187500.02235174447,-187500.02235174447
$SILENCE,2281.733129231111,-7893.540906136144,6712.653543073362,12204.141879575478,-187500.02235174447,-187500.02235174447,-187500.02235174447,-187500.02235174447
$SILENCE,2215.9072418102314,-7946.0004503727505,6457.441324882666,12206.712330187838,-187500.02235174447,-187500.02235174447,-187500.02235174447,-187500.02235174447
$SILENCE,2490.9678090772404,-7914.685656390865,6944.597595286084,12142.115788712,-187500.02235174447,-187500.02235174447,-187500.02235174447,-187500.02235174447
$SILENCE,2563.8344960015415,-7865.1765424223595,7215.120758428665,12129.2635356502,-187500.02235174447,-187500.02235174447,-187500.02235174447,-187500.02235174447
$SILENCE,2320.848682027898,-7887.394176410935,6795.734977213738,12191.714309658326,-187500.02235174447,-187500.02235174447,-187500.02235174447,-187500.02235174447
$SILENCE,2208.173538228695,-7941.083066592582,6463.856275541339,12221.218612339331,-187500.02235174447,-187500.02235174447,-187500.02235174447,-187500.02235174447
$SILENCE,2430.1934159032603,-7924.386313484468,6829.173186918877,12167.26150122422,-187500.02235174447,-187500.02235174447,-187500.02235174447,-187500.02235174447
$SILENCE,2570.070632704572,-7867.41171686789,7205.487156568427,12136.326686898075,-187500.02235174447,-187500.02235174447,-187500.02235174447,-187500.02235174447
$SILENCE,2370.5142582075905,-7876.777097794664,6893.83678362808,12194.195353292866,-187500.02235174447,-187500.02235174447,-187500.02235174447,-187500.02235174447
$SILENCE,2211.9062795527316,-7932.611755444022,6486.0515577854585,12249.202996397376,-187500.02235174447,-187500.02235174447,-187500.02235174447,-187500.02235174447
$SILENCE,2388.1274328383724,-7930.689505420864,6743.834226588515,12183.734736887782,-187500.02235174447,-187500.02235174447,-187500.02235174447,-187500.02235174447
$SILENCE,2567.455478603301,-7873.826667526564,7179.290912066807,12125.463739092796,-187500.02235174447,-187500.02235174447,-187500.02235174447,-187500.02235174447
$SILENCE,2403.6171917459,-7869.535132591144,6965.272958907242,12154.297489440143,-187500.02235174447,-187500.02235174447,-187500.02235174447,-187500.02235174447
$SILENCE,2175.3611773683047,-7927.537909452666,6456.882531271283,12201.280856285199,-187500.02235174447,-187500.02235174447,-187500.02235174447,-187500.02235174447
$SILENCE,2313.986696480119,-7937.730304924286,6610.3719604458765,12171.463629181819,-187500.02235174447,-187500.02235174447,-187500.02235174447,-187500.02235174447
$SILENCE,2554.558522052589,-7879.526362362667,7132.4416556884835,12132.996276974234,-187500.02235174447,-187500.02235174447,-187500.02235174447,-187500.02235174447
$SILENCE,2465.5538756315564,-7866.160019178394,7060.267872842297,12165.383954689974,-187500.02235174447,-187500.02235174447,-187500.02235174447,-187500.02235174447
$SILENCE,2225.429084948192,-7913.009275556717,6563.343890111911,12218.335237304598,-187500.02235174447,-187500.02235174447,-187500.02235174447,-187500.02235174447
$SILENCE,2283.0965856428847,-7944.681697449887,6547.049468403991,12194.1282980595,-187500.02235174447,-187500.02235174447,-187500.02235174447,-187500.02235174447
$SILENCE,2543.0920771470164,-7891.126917734971,7080.049166685244,12135.410265375409,-187500.02235174447,-187500.02235174447,-187500.02235174447,-187500.02235174447
$SILENCE,2502.3448470049916,-7862.159056920894,7119.187071226486,12149.134236470967,-187500.02235174447,-187500.02235174447,-187500.02235174447,-187500.02235174447
$SILENCE,2260.186047576195,-7901.475775417778,6644.637184695863,12203.113699330534,-187500.02235174447,-187500.02235174447,-187500.02235174447,-187500.02235174447
$SILENCE,2239.9353670996866,-7945.374601528001,6483.436403684188,12199.537420217684,-187500.02235174447,-187500.02235174447,-187500.02235174447,-187500.02235174447
$SILENCE,2510.749102920187,-7904.761481852709,6998.889982568024,12140.97584974478,-187500.02235174447,-187500.02235174447,-187500.02235174447,-187500.02235174447
$SILENCE,2531.268004330159,-7864.193065666326,7160.940129869,12145.915585269402,-187500.02235174447,-187500.02235174447,-187500.02235174447,-187500.02235174447
$SILENCE,2291.6796555137225,-7891.864525301997,6733.887700305903,12198.822164395115,-187500.02235174447,-187500.02235174447,-187500.02235174447,-187500.02235174447
$SILENCE,2204.1725759711953,-7940.278403792192,6443.650298553741,12212.501432001762,-187500.02235174447,-187500.02235174447,-187500.02235174447,-187500.02235174447
$SILENCE,2468.7725268331205,-7910.125900521983,6906.17494656741,12155.280966196176,-187500.02235174447,-187500.02235174447,-187500.02235174447,-187500.02235174447
$SILENCE,2549.0152894276725,-7856.437010340334,7184.878848180634,12144.35096315753,-187500.02235174447,-187500.02235174447,-187500.02235174447,-187500.02235174447
$SILENCE,2347.9389963077306,-7875.704214060809,6840.2373004242545,12202.644312696972,-187500.02235174447,-187500.02235174447,-187500.02235174447,-187500.02235174447
$SILENCE,2200.1045584803296,-7936.322145023602,6446.600728821842,12224.347856563076,-187500.02235174447,-187500.02235174447,-187500.02235174447,-187500.02235174447
$SILENCE,2430.8639682369194,-7928.320220508603,6805.435634307341,12163.193483733356,-187500.02235174447,-187500.02235174447,-187500.02235174447,-187500.02235174447
$SILENCE,2573.0881182060384,-7871.390327380936,7186.823449948246,12141.69110556735,-187500.02235174447,-187500.02235174447,-187500.02235174447,-187500.02235174447
$SILENCE,2401.4714242781906,-7878.9675687512845,6924.056342131656,12182.393632220464,-187500.02235174447,-187500.02235174447,-187500.02235174447,-187500.02235174447
$SILENCE,2222.0763232798963,-7933.505825222233,6496.0874910458915,12220.659818727949,-187500.02235174447,-187500.02235174447,-187500.02235174447,-187500.02235174447
$SILENCE,2376.3704152548808,-7934.131674066982,6709.121967449423,12189.523838701707,-187500.02235174447,-187500.02235174447,-187500.02235174447,-187500.02235174447
$SILENCE,2573.7139670507872,-7874.050184971116,7177.234551576919,12147.480207381273,-187500.02235174447,-187500.02235174447,-187500.02235174447,-187500.02235174447
$SILENCE,2430.819264748009,-7864.103658688505,7012.256325752298,12174.570521661106,-187500.02235174447,-187500.02235174447,-187500.02235174447,-187500.02235174447
$SILENCE,2210.3193056964046,-7920.497109949245,6521.993162869592,12222.112682117544,-187500.02235174447,-187500.02235174447,-187500.02235174447,-187500.02235174447
$SILENCE,2317.585327337423,-7937.797360157652,6613.702370369718,12188.36154799003,-187500.02235174447,-187500.02235174447,-187500.02235174447,-187500.02235174447
$SILENCE,2556.257254631192,-7885.18135370986,7115.096701991165,12136.170224686888,-187500.02235174447,-187500.02235174447,-187500.02235174447,-187500.02235174447
$SILENCE,2479.009625793651,-7862.561388321089,7082.351396364141,12164.869864567503,-187500.02235174447,-187500.02235174447,-187500.02235174447,-187500.02235174447
$SILENCE,2223.506834925036,-7917.278458747681,6553.15149464029,12221.486833272797,-187500.02235174447,-187500.02235174447,-187500.02235174447,-187500.02235174447
$SILENCE,2273.1724111047283,-7946.693354450865,6513.544203465486,12208.388711021986,-187500.02235174447,-187500.02235174447,-187500.02235174447,-187500.02235174447
$SILENCE,2538.8899491894185,-7894.412624169901,7052.757686705314,12155.348021429541,-187500.02235174447,-187500.02235174447,-187500.02235174447,-187500.02235174447
$SILENCE,2511.7996349095865,-7862.382574365446,7128.17247249752,12169.608434392028,-187500.02235174447,-187500.02235174447,-187500.02235174447,-187500.02235174447
$SILENCE,2267.8750476688206,-7899.2182492277925,6667.592426251463,12227.544156020183,-187500.02235174447,-187500.02235174447,-187500.02235174447,-187500.02235174447
$SILENCE,2223.797407602955,-7947.654479462443,6466.47142964261,12214.490737258284,-187500.02235174447,-187500.02235174447,-187500.02235174447,-187500.02235174447
$SILENCE,2501.361370248958,-7901.542830651145,6972.1349444550215,12149.022477748691,-187500.02235174447,-187500.02235174447,-187500.02235174447,-187500.02235174447
$SILENCE,2536.9676991662623,-7856.057030684595,7163.912911881556,12150.698858582839,-187500.02235174447,-187500.02235174447,-187500.02235174447,-187500.02235174447
$SILENCE,2310.209251667172,-7883.549676364622,6759.748668640694,12209.41689126693,-187500.02235174447,-187500.02235174447,-187500.02235174447,-187500.02235174447
$SILENCE,2206.206584716628,-7936.590365957066,6442.957394475627,12229.444054298885,-187500.02235174447,-187500.02235174447,-187500.02235174447,-187500.02235174447
$SILENCE,2458.0883929834836,-7914.886822090963,6876.134202019478,12169.921358814403,-187500.02235174447,-187500.02235174447,-187500.02235174447,-187500.02235174447
$SILENCE,2558.291263376625,-7861.0638214425835,7184.3871098026175,12159.661908109416,-187500.02235174447,-187500.02235174447,-187500.02235174447,-187500.02235174447
$SILENCE,2360.6571389028,-7875.726565805265,6857.872826799492,12207.069958099122,-187500.02235174447,-187500.02235174447,-187500.02235174447,-187500.02235174447
$SILENCE,2201.1103869808185,-7931.896499621452,6442.488007842066,12231.589821766594,-187500.02235174447,-187500.02235174447,-187500.02235174447,-187500.02235174447
$SILENCE,2420.537462298568,-7924.18514778437,6782.0110061181795,12185.142896788466,-187500.02235174447,-187500.02235174447,-187500.02235174447,-187500.02235174447
$SILENCE,2576.6643973188875,-7865.265949400181,7188.9468656715,12159.751315087238,-187500.02235174447,-187500.02235174447,-187500.02235174447,-187500.02235174447
$SILENCE,2407.6628574923106,-7870.585664580544,6947.145694153988,12198.039853339178,-187500.02235174447,-187500.02235174447,-187500.02235174447,-187500.02235174447
$SILENCE,2202.67500909269,-7918.261935503714,6473.378118679299,12238.675324758928,-187500.02235174447,-187500.02235174447,-187500.02235174447,-187500.02235174447
$SILENCE,2365.529819194057,-7928.767255397708,6673.582693765485,12197.88339112799,-187500.02235174447,-187500.02235174447,-187500.02235174447,-187500.02235174447
$SILENCE,2573.0210629726726,-7874.2737024156695,7155.106324566165,12155.25861445172,-187500.02235174447,-187500.02235174447,-187500.02235174447,-187500.02235174447
$SILENCE,2454.1991894482603,-7856.705231273799,7028.550747460216,12188.115678801023,-187500.02235174447,-187500.02235174447,-187500.02235174447,-187500.02235174447
não,2226.144340770762,-7916.764368625209,6550.62574751684,12228.527632776217,-187500.02235174447,-187500.02235174447,-187500.02235174447,-187500.02235174447
não,2315.953649992186,-7940.457217747834,6611.087216268446,12210.623885467516,-187500.02235174447,-187500.02235174447,-187500.02235174447,-187500.02235174447
não,2562.8286675010527,-7882.007405997206,7124.372675940118,12167.574425646595,-187500.02235174447,-187500.02235174447,-187500.02235174447,-187500.02235174447
não,2504.9600011062626,-7847.451609069301,7122.651591617059,12187.489829956274,-187500.02235174447,-187500.02235174447,-187500.02235174447,-187500.02235174447
não,2248.496085226069,-7904.046226030139,6614.730550614661,12243.749170750281,-187500.02235174447,-187500.02235174447,-187500.02235174447,-187500.02235174447
não,2266.5786464904127,-7936.4339037458785,6524.183633826213,12226.761844964249,-187500.02235174447,-187500.02235174447,-187500.02235174447,-187500.02235174447
não,2523.266079815159,-7887.617693855488,7014.066817053177,12169.720193114304,-187500.02235174447,-187500.02235174447,-187500.02235174447,-187500.02235174447
não,2533.5702340090556,-7851.36316434898,7131.838158588191,12186.394594477964,-187500.02235174447,-187500.02235174447,-187500.02235174447,-187500.02235174447
não,2285.667036255245,-7899.352359694524,6679.058871157035,12228.617039754039,-187500.02235174447,-187500.02235174447,-187500.02235174447,-187500.02235174447
não,2215.9072418102314,-7960.6184912465205,6444.410257865222,12230.449882799374,-187500.02235174447,-187500.02235174447,-187500.02235174447,-187500.02235174447
não,2506.792844151598,-7903.219211485292,6957.785124514714,12203.448975497364,-187500.02235174447,-187500.02235174447,-187500.02235174447,-187500.02235174447
não,2541.3486410795026,-7865.9365017338405,7161.342461269196,12165.495713412252,-187500.02235174447,-187500.02235174447,-187500.02235174447,-187500.02235174447
não,2318.4570453711804,-7890.210496212304,6791.801070189604,12212.099100601567,-187500.02235174447,-187500.02235174447,-187500.02235174447,-187500.02235174447
não,2211.9509830416423,-7923.559298939622,6468.170162221213,12254.321545877641,-187500.02235174447,-187500.02235174447,-187500.02235174447,-187500.02235174447
não,2451.3828696468913,-7916.563202925111,6837.644498067439,12186.595760178061,-187500.02235174447,-187500.02235174447,-187500.02235174447,-187500.02235174447
não,2538.8228939560527,-7897.631275371466,7146.657365162059,12129.241183905744,-187500.02235174447,-187500.02235174447,-187500.02235174447,-187500.02235174447
não,2383.2324008026603,-7872.373804136969,6893.4791557167955,12227.208879853355,-187500.02235174447,-187500.02235174447,-187500.02235174447,-187500.02235174447
não,2189.018093230497,-7934.422246744901,6444.343202631856,12244.643240528494,-187500.02235174447,-187500.02235174447,-187500.02235174447,-187500.02235174447
não,2364.725156393666,-7958.71859296782,6693.319284119521,12181.276044997698,-187500.02235174447,-187500.02235174447,-187500.02235174447,-187500.02235174447
não,2557.7101180207874,-7878.475830373268,7147.216158773442,12165.518065156706,-187500.02235174447,-187500.02235174447,-187500.02235174447,-187500.02235174447
não,2410.1215493823947,-7869.065745957583,6957.069868692144,12210.489775000784,-187500.02235174447,-187500.02235174447,-187500.02235174447,-187500.02235174447
não,2191.566192098402,-7923.201671028337,6483.324644961911,12256.28849938971,-187500.02235174447,-187500.02235174447,-187500.02235174447,-187500.02235174447
não,2310.6786383007334,-7960.417325546423,6627.381637976366,12193.994187592769,-187500.02235174447,-187500.02235174447,-187500.02235174447,-187500.02235174447
não,2534.330193320536,-7906.169641753393,7113.465024645928,12158.700783097838,-187500.02235174447,-187500.02235174447,-187500.02235174447,-187500.02235174447
não,2456.635529593889,-7850.26792887067,7045.7392389463475,12214.423682024919,-187500.02235174447,-187500.02235174447,-187500.02235174447,-187500.02235174447
não,2201.9150497812093,-7919.535984937666,6543.942575924704,12244.933813206413,-187500.02235174447,-187500.02235174447,-187500.02235174447,-187500.02235174447
não,2248.8090096484434,-7986.680625281409,6517.47811048962,12207.427586010408,-187500.02235174447,-187500.02235174447,-187500.02235174447,-187500.02235174447
não,2519.3321727910247,-7909.030665043672,7047.661488969504,12164.556940145128,-187500.02235174447,-187500.02235174447,-187500.02235174447,-187500.02235174447
não,2475.6345123808997,-7867.255254656703,7086.620579555104,12187.154553789444,-187500.02235174447,-187500.02235174447,-187500.02235174447,-187500.02235174447
não,2226.5913756598684,-7916.429092458379,6625.906422842315,12242.720990505337,-187500.02235174447,-187500.02235174447,-187500.02235174447,-187500.02235174447
não,2217.4942156665584,-7976.4658780653335,6476.864990814328,12236.887185202502,-187500.02235174447,-187500.02235174447,-187500.02235174447,-187500.02235174447
não,2481.691835128288,-7919.848909360041,6948.0397639322,12165.339251201065,-187500.02235174447,-187500.02235174447,-187500.02235174447,-187500.02235174447
não,2487.972675320229,-7875.145420449427,7101.082158217688,12170.726021614793,-187500.02235174447,-187500.02235174447,-187500.02235174447,-187500.02235174447
não,2249.121934070818,-7916.362037225013,6661.89273141536,12221.352722806065,-187500.02235174447,-187500.02235174447,-187500.02235174447,-187500.02235174447
não,2185.95590424012,-7960.842008691074,6415.598859262331,12240.75403699327,-187500.02235174447,-187500.02235174447,-187500.02235174447,-187500.02235174447
não,2462.402279663358,-7914.104511035027,6916.434397272396,12183.399460720953,-187500.02235174447,-187500.02235174447,-187500.02235174447,-187500.02235174447
não,2547.450667315801,-7848.837417225531,7195.115947141165,12174.749335616749,-187500.02235174447,-187500.02235174447,-187500.02235174447,-187500.02235174447
não,2270.5572570034574,-7934.109322322527,6748.863369090959,12195.022367837711,-187500.02235174447,-187500.02235174447,-187500.02235174447,-187500.02235174447
não,2147.242682843528,-7983.2161048908365,6413.989533661549,12226.448920541874,-187500.02235174447,-187500.02235174447,-187500.02235174447,-187500.02235174447
não,2379.879639134364,-7950.895482408462,6768.532904211629,12185.656986910939,-187500.02235174447,-187500.02235174447,-187500.02235174447,-187500.02235174447
não,2524.5624809935666,-7887.08125198856,7133.223966744419,12154.83393130707,-187500.02235174447,-187500.02235174447,-187500.02235174447,-187500.02235174447
não,2346.910816062786,-7885.60603685451,6863.863094313514,12201.616132452027,-187500.02235174447,-187500.02235174447,-187500.02235174447,-187500.02235174447
não,2151.3107003343944,-7944.257014305236,6415.688266240152,12230.606345010561,-187500.02235174447,-187500.02235174447,-187500.02235174447,-187500.02235174447
não,2332.3821821668366,-7952.773028942708,6687.619589283418,12188.205085778844,-187500.02235174447,-187500.02235174447,-187500.02235174447,-187500.02235174447
não,2518.7733791796422,-7897.854792816019,7141.561167426249,12156.331498185576,-187500.02235174447,-187500.02235174447,-187500.02235174447,-187500.02235174447
não,2367.720290150677,-7893.920885791885,6940.171949883932,12176.626882150995,-187500.02235174447,-187500.02235174447,-187500.02235174447,-187500.02235174447
não,2145.0075083979978,-7948.14621784046,6455.720240559607,12231.61217351105,-187500.02235174447,-187500.02235174447,-187500.02235174447,-187500.02235174447
não,2278.9391611741976,-7965.066488393127,6585.472117122665,12201.616132452027,-187500.02235174447,-187500.02235174447,-187500.02235174447,-187500.02235174447
não,2513.4760157437345,-7903.822708585586,7105.038416986277,12152.956384772824,-187500.02235174447,-187500.02235174447,-187500.02235174447,-187500.02235174447
não,2415.4859680516684,-7888.377653166968,7031.545881217227,12170.502504170241,-187500.02235174447,-187500.02235174447,-187500.02235174447,-187500.02235174447
não,2176.411709357704,-7935.9645171123175,6531.693819963196,12230.47223454383,-187500.02235174447,-187500.02235174447,-187500.02235174447,-187500.02235174447
não,2230.569986172913,-7970.050927406661,6494.321703233923,12216.480042514808,-187500.02235174447,-187500.02235174447,-187500.02235174447,-187500.02235174447
não,2489.8055183655642,-7922.374656483491,7030.137721316543,12156.487960396762,-187500.02235174447,-187500.02235174447,-187500.02235174447,-187500.02235174447
não,2448.6112533344335,-7887.528286877667,7086.821745255202,12173.050603038146,-187500.02235174447,-187500.02235174447,-187500.02235174447,-187500.02235174447
não,2209.2240702180948,-7925.526252451689,6615.401102948321,12224.549022263172,-187500.02235174447,-187500.02235174447,-187500.02235174447,-187500.02235174447
não,2197.2435351900504,-7973.358985586046,6442.197435164147,12219.095196616077,-187500.02235174447,-187500.02235174447,-187500.02235174447,-187500.02235174447
não,2464.2127709642377,-7931.248299032248,6957.47220009234,12155.683297596372,-187500.02235174447,-187500.02235174447,-187500.02235174447,-187500.02235174447
não,2488.330303231514,-7882.99088275324,7132.419303944029,12160.77949533218,-187500.02235174447,-187500.02235174447,-187500.02235174447,-187500.02235174447
não,2256.386251018793,-7915.825595358086,6709.61370582744,12208.299304044165,-187500.02235174447,-187500.02235174447,-187500.02235174447,-187500.02235174447
não,2164.4311743296594,-7966.832276205097,6409.69799872613,12221.889164672992,-187500.02235174447,-187500.02235174447,-187500.02235174447,-187500.02235174447
não,2417.274107608093,-7939.540796225167,6861.493809401251,12162.21000697732,-187500.02235174447,-187500.02235174447,-187500.02235174447,-187500.02235174447
não,2508.5586319635668,-7889.9422752788405,7153.094667565188,12151.481169638773,-187500.02235174447,-187500.02235174447,-187500.02235174447,-187500.02235174447
não,2301.3579608628706,-7906.281400475669,6812.699951255317,12196.139955060478,-187500.02235174447,-187500.02235174447,-187500.02235174447,-187500.02235174447
não,2147.309738076894,-7960.059697635138,6412.581373760864,12226.493624030785,-187500.02235174447,-187500.02235174447,-187500.02235174447,-187500.02235174447
não,2371.8106593859984,-7950.38139228599,6761.693270408306,12168.69201286936,-187500.02235174447,-187500.02235174447,-187500.02235174447,-187500.02235174447
não,2519.488635002212,-7893.5632578806,7153.1617227985535,12135.007933975212,-187500.02235174447,-187500.02235174447,-187500.02235174447,-187500.02235174447
não,2349.727135864155,-7899.642932372443,6902.88924013248,12182.863018854025,-187500.02235174447,-187500.02235174447,-187500.02235174447,-187500.02235174447
não,2167.38160459776,-7954.203540587848,6469.690080844174,12225.063112385646,-187500.02235174447,-187500.02235174447,-187500.02235174447,-187500.02235174447
não,2319.0605424714736,-7960.976119157805,6670.028766397091,12180.046699052657,-187500.02235174447,-187500.02235174447,-187500.02235174447,-187500.02235174447
não,2514.9959343666956,-7898.681807360865,7139.907138336556,12139.12065495499,-187500.02235174447,-187500.02235174447,-187500.02235174447,-187500.02235174447
não,2370.402499485314,-7886.075423488072,6983.914313782968,12180.516085686219,-187500.02235174447,-187500.02235174447,-187500.02235174447,-187500.02235174447
não,2144.605176997802,-7938.937299124873,6487.95145606416,12224.906650174458,-187500.02235174447,-187500.02235174447,-187500.02235174447,-187500.02235174447
não,2259.403736520259,-7962.764258714231,6570.295282637511,12186.215780522321,-187500.02235174447,-187500.02235174447,-187500.02235174447,-187500.02235174447
não,2505.3846842509133,-7907.153118509426,7094.957780236934,12136.840777020549,-187500.02235174447,-187500.02235174447,-187500.02235174447,-187500.02235174447
não,2433.0544391935396,-7886.589513610544,7065.185256622464,12163.953443044835,-187500.02235174447,-187500.02235174447,-187500.02235174447,-187500.02235174447
não,2190.7391775535557,-7931.2706507767025,6572.306939638489,12212.076748857111,-187500.02235174447,-187500.02235174447,-187500.02235174447,-187500.02235174447
não,2226.8148931044216,-7969.29096809518,6494.612275911842,12193.681263170394,-187500.02235174447,-187500.02235174447,-187500.02235174447,-187500.02235174447
não,2499.7073411592655,-7918.3513424815355,7030.093017827633,12135.946707242336,-187500.02235174447,-187500.02235174447,-187500.02235174447,-187500.02235174447
não,2482.004759550662,-7879.012272240195,7119.544699137771,12147.457855636818,-187500.02235174447,-187500.02235174447,-187500.02235174447,-187500.02235174447
não,2241.388230489282,-7916.093816291549,6664.776106450094,12205.304170287154,-187500.02235174447,-187500.02235174447,-187500.02235174447,-187500.02235174447
não,2203.569078870902,-7965.580578515599,6450.355821890334,12210.243905811776,-187500.02235174447,-187500.02235174447,-187500.02235174447,-187500.02235174447
não,2473.6675588688327,-7923.939278595362,6954.253548890776,12152.554053372629,-187500.02235174447,-187500.02235174447,-187500.02235174447,-187500.02235174447
não,2505.49644297319,-7877.849981528519,7161.029536846821,12150.341230671553,-187500.02235174447,-187500.02235174447,-187500.02235174447,-187500.02235174447
não,2265.7069284566555,-7903.42037718539,6756.217093016755,12205.997074365268,-187500.02235174447,-187500.02235174447,-187500.02235174447,-187500.02235174447
não,2150.483685789548,-7951.007241130739,6422.84082446585,12228.460577542852,-187500.02235174447,-187500.02235174447,-187500.02235174447,-187500.02235174447
não,2407.2605260921155,-7927.761426897219,6857.045812254645,12168.066164024613,-187500.02235174447,-187500.02235174447,-187500.02235174447,-187500.02235174447
não,2515.331210533525,-7873.916074504385,7181.257865578875,12148.910719026413,-187500.02235174447,-187500.02235174447,-187500.02235174447,-187500.02235174447
não,2305.7389027761105,-7885.337815921047,6852.396649407941,12195.402347493453,-187500.02235174447,-187500.02235174447,-187500.02235174447,-187500.02235174447
não,2135.955051893598,-7945.888691650473,6426.014772178504,12225.599554252572,-187500.02235174447,-187500.02235174447,-187500.02235174447,-187500.02235174447
não,2355.5609411669902,-7940.256052047736,6749.2433487467,12172.290643726665,-187500.02235174447,-187500.02235174447,-187500.02235174447,-187500.02235174447
não,2525.5459577496003,-7877.045318728128,7168.427964261528,12142.115788712,-187500.02235174447,-187500.02235174447,-187500.02235174447,-187500.02235174447
não,2360.791249369532,-7877.671167572877,6937.847368460581,12176.917454828914,-187500.02235174447,-187500.02235174447,-187500.02235174447,-187500.02235174447
não,2153.3894125687375,-7928.543737953155,6465.957339520138,12228.482929287307,-187500.02235174447,-187500.02235174447,-187500.02235174447,-187500.02235174447
não,2310.7456935340992,-7939.80901715863,6654.494304000653,12190.17203929091,-187500.02235174447,-187500.02235174447,-187500.02235174447,-187500.02235174447
não,2524.361315293469,-7879.191086195838,7142.5893476711935,12141.668753822894,-187500.02235174447,-187500.02235174447,-187500.02235174447,-187500.02235174447
não,2408.489872037157,-7868.551655835111,7024.996820091823,12175.710460628326,-187500.02235174447,-187500.02235174447,-187500.02235174447,-187500.02235174447
não,2170.063813932397,-7920.631220415977,6524.585965226408,12228.058246142657,-187500.02235174447,-187500.02235174447,-187500.02235174447,-187500.02235174447
não,2255.022794607019,-7947.654479462443,6558.2476923761005,12200.230324295799,-187500.02235174447,-187500.02235174447,-187500.02235174447,-187500.02235174447
não,2515.532376233623,-7890.925752034874,7107.742978065369,12144.97681200228,-187500.02235174447,-187500.02235174447,-187500.02235174447,-187500.02235174447
não,2455.1603144598384,-7863.36605112148,7114.470853146417,12170.726021614793,-187500.02235174447,-187500.02235174447,-187500.02235174447,-187500.02235174447
não,2191.3873781427596,-7911.154080766926,6578.8560007638935,12226.739493219793,-187500.02235174447,-187500.02235174447,-187500.02235174447,-187500.02235174447
não,2203.7255410820894,-7950.984889386284,6470.092412244369,12210.400368022963,-187500.02235174447,-187500.02235174447,-187500.02235174447,-187500.02235174447
não,2480.0601577830503,-7902.995694040739,7010.222317006865,12149.916547526902,-187500.02235174447,-187500.02235174447,-187500.02235174447,-187500.02235174447
não,2483.5693816625335,-7861.376745864957,7141.739981381891,12155.303317940632,-187500.02235174447,-187500.02235174447,-187500.02235174447,-187500.02235174447
não,2245.322137513416,-7898.458289916312,6693.18517365279,12209.41689126693,-187500.02235174447,-187500.02235174447,-187500.02235174447,-187500.02235174447
não,2171.6507877887234,-7953.667098720921,6431.848577481339,12212.836708168592,-187500.02235174447,-187500.02235174447,-187500.02235174447,-187500.02235174447
não,2432.4062386043356,-7921.212365771815,6909.348894280064,12150.631803349472,-187500.02235174447,-187500.02235174447,-187500.02235174447,-187500.02235174447
não,2512.78311166562,-7863.947196477318,7174.194714330997,12154.610413862518,-187500.02235174447,-187500.02235174447,-187500.02235174447,-187500.02235174447
não,2296.060597426963,-7886.410699654902,6798.260724337188,12210.981513378802,-187500.02235174447,-187500.02235174447,-187500.02235174447,-187500.02235174447
não,2162.888903962243,-7943.161778826926,6429.0546094244255,12238.317696847642,-187500.02235174447,-187500.02235174447,-187500.02235174447,-187500.02235174447
não,2400.532651011068,-7924.408665228923,6827.742675273737,12175.732812372782,-187500.02235174447,-187500.02235174447,-187500.02235174447,-187500.02235174447
não,2516.4487977562903,-7870.0492227136165,7177.569827743749,12143.322782912586,-187500.02235174447,-187500.02235174447,-187500.02235174447,-187500.02235174447
não,2334.7514670790993,-7880.576894352066,6880.828068355092,12189.903818357447,-187500.02235174447,-187500.02235174447,-187500.02235174447,-187500.02235174447
não,2160.609026027802,-7935.651592689943,6437.481217084077,12232.685057244904,-187500.02235174447,-187500.02235174447,-187500.02235174447,-187500.02235174447
não,2357.684356890244,-7933.796397900152,6720.342543165987,12186.707518900337,-187500.02235174447,-187500.02235174447,-187500.02235174447,-187500.02235174447
não,2531.916204919363,-7876.218304183281,7161.074240335732,12154.006916762224,-187500.02235174447,-187500.02235174447,-187500.02235174447,-187500.02235174447
não,2383.1206420803837,-7871.658548314399,6961.741383283304,12193.569504448118,-187500.02235174447,-187500.02235174447,-187500.02235174447,-187500.02235174447
não,2163.514752806992,-7917.725493636787,6473.512229146031,12240.66463001545,-187500.02235174447,-187500.02235174447,-187500.02235174447,-187500.02235174447
não,2295.702969515678,-7931.5612234546215,6615.110530270402,12200.453841740351,-187500.02235174447,-187500.02235174447,-187500.02235174447,-187500.02235174447
não,2520.6062222249775,-7876.46417337229,7125.110283507143,12150.005954504724,-187500.02235174447,-187500.02235174447,-187500.02235174447,-187500.02235174447
não,2424.9631077007184,-7861.7120220317875,7046.029811624267,12183.332405487587,-187500.02235174447,-187500.02235174447,-187500.02235174447,-187500.02235174447
não,2188.8392792748546,-7913.277496490181,6545.998936414592,12241.0893131601,-187500.02235174447,-187500.02235174447,-187500.02235174447,-187500.02235174447
não,2254.821628906921,-7946.894520150962,6534.130160108824,12218.268182071231,-187500.02235174447,-187500.02235174447,-187500.02235174447,-187500.02235174447
não,2512.649001198888,-7892.691539846843,7070.5720270361935,12164.802809334136,-187500.02235174447,-187500.02235174447,-187500.02235174447,-187500.02235174447
não,2463.8327913084977,-7862.784905765642,7104.7925477972685,12176.179847261888,-187500.02235174447,-187500.02235174447,-187500.02235174447,-187500.02235174447
não,2215.1472824987513,-7901.967513795796,6621.279611740067,12226.963010664345,-187500.02235174447,-187500.02235174447,-187500.02235174447,-187500.02235174447
não,2202.250325948039,-7947.296851551158,6462.716336574118,12225.197222852377,-187500.02235174447,-187500.02235174447,-187500.02235174447,-187500.02235174447
não,2472.8405443239863,-7901.2746097176805,6988.362310929574,12165.853341323536,-187500.02235174447,-187500.02235174447,-187500.02235174447,-187500.02235174447
não,2485.357521218958,-7858.672184785865,7147.394972729084,12168.64730938045,-187500.02235174447,-187500.02235174447,-187500.02235174447,-187500.02235174447
não,2248.116105570329,-7886.164830465893,6711.759473295149,12217.32940880411,-187500.02235174447,-187500.02235174447,-187500.02235174447,-187500.02235174447
não,2166.8451627308327,-7942.848854404552,6423.421969821688,12225.867775186036,-187500.02235174447,-187500.02235174447,-187500.02235174447,-187500.02235174447
não,2441.011660219629,-7918.463101203812,6896.049606329157,12166.74741110175,-187500.02235174447,-187500.02235174447,-187500.02235174447,-187500.02235174447
não,2524.7636466936647,-7866.249426156214,7174.597045731193,12157.918472041902,-187500.02235174447,-187500.02235174447,-187500.02235174447,-187500.02235174447
não,2312.310315645971,-7886.27658918817,6809.816576220582,12207.449937754864,-187500.02235174447,-187500.02235174447,-187500.02235174447,-187500.02235174447
não,2165.3922993412375,-7941.440694503867,6419.7786354754735,12238.161234636455,-187500.02235174447,-187500.02235174447,-187500.02235174447,-187500.02235174447
não,2398.8562701769197,-7926.263860018714,6794.237410335232,12184.338233988075,-187500.02235174447,-187500.02235174447,-187500.02235174447,-187500.02235174447
não,2540.1416468789157,-7869.982167480251,7176.787516687813,12158.074934253089,-187500.02235174447,-187500.02235174447,-187500.02235174447,-187500.02235174447
não,2360.7241941361663,-7874.765440793686,6904.856193644548,12203.068995841622,-187500.02235174447,-187500.02235174447,-187500.02235174447,-187500.02235174447
não,2165.794630741433,-7929.840139131563,6444.857292754328,12239.077656159123,-187500.02235174447,-187500.02235174447,-187500.02235174447,-187500.02235174447
não,2349.570673652968,-7935.182206056382,6693.296932375066,12190.775536391204,-187500.02235174447,-187500.02235174447,-187500.02235174447,-187500.02235174447
não,2548.1212196494603,-7875.793621038631,7159.397859501584,12155.325669685088,-187500.02235174447,-187500.02235174447,-187500.02235174447,-187500.02235174447
não,2407.1264156253833,-7866.741164534232,6991.804479575691,12191.759013147237,-187500.02235174447,-187500.02235174447,-187500.02235174447,-187500.02235174447
não,2188.705168808123,-7918.3513424815355,6520.517947735542,12237.244813113788,-187500.02235174447,-187500.02235174447,-187500.02235174447,-187500.02235174447
não,2304.0848736864177,-7936.858586890529,6610.8413470794385,12207.516992988229,-187500.02235174447,-187500.02235174447,-187500.02235174447,-187500.02235174447
não,2545.1484376369044,-7883.929656020362,7116.057827002744,12154.74452432925,-187500.02235174447,-187500.02235174447,-187500.02235174447,-187500.02235174447
não,2461.0164715071287,-7862.516684832179,7073.500105559839,12178.571483918606,-187500.02235174447,-187500.02235174447,-187500.02235174447,-187500.02235174447
não,2199.8586892913213,-7912.025798800683,6543.674354991241,12242.408066082962,-187500.02235174447,-187500.02235174447,-187500.02235174447,-187500.02235174447
não,2248.764306159533,-7945.776932928197,6505.877555117316,12220.190432094389,-187500.02235174447,-187500.02235174447,-187500.02235174447,-187500.02235174447
não,2520.2932978026033,-7895.105528248016,7047.080343613666,12152.956384772824,-187500.02235174447,-187500.02235174447,-187500.02235174447,-187500.02235174447
não,2490.163146276849,-7864.729507533254,7120.327010193707,12166.009803534724,-187500.02235174447,-187500.02235174447,-187500.02235174447,-187500.02235174447
não,2243.8692741238206,-7902.280438218169,6650.068658598502,12224.37020830753,-187500.02235174447,-187500.02235174447,-187500.02235174447,-187500.02235174447
não,2215.303744709938,-7946.313374795124,6458.268339427512,12225.957182163856,-187500.02235174447,-187500.02235174447,-187500.02235174447,-187500.02235174447
não,2488.4197102093353,-7903.509784163211,6975.152429956488,12169.250806480743,-187500.02235174447,-187500.02235174447,-187500.02235174447,-187500.02235174447
não,2519.846262913497,-7857.845170241019,7166.1927898159975,12168.244977980254,-187500.02235174447,-187500.02235174447,-187500.02235174447,-187500.02235174447
não,2290.629123524323,-7886.611865354999,6749.1986452577885,12216.748263448271,-187500.02235174447,-187500.02235174447,-187500.02235174447,-187500.02235174447
não,2189.95686649762,-7940.8371974035745,6430.283955369468,12234.89787994598,-187500.02235174447,-187500.02235174447,-187500.02235174447,-187500.02235174447
não,2452.72397431421,-7916.0044093137285,6879.688129387871,12177.073917040101,-187500.02235174447,-187500.02235174447,-187500.02235174447,-187500.02235174447
não,2549.4399725723238,-7864.617748810977,7183.314226068763,12163.59581513355,-187500.02235174447,-187500.02235174447,-187500.02235174447,-187500.02235174447
não,2337.120751991362,-7880.442783885334,6846.428733638374,12214.133109347,-187500.02235174447,-187500.02235174447,-187500.02235174447,-187500.02235174447
não,2170.0414621879413,-7935.584537456577,6434.620193793798,12245.0902754176,-187500.02235174447,-187500.02235174447,-187500.02235174447,-187500.02235174447
não,2394.497680008135,-7926.979115841284,6776.400718259897,12190.015577079723,-187500.02235174447,-187500.02235174447,-187500.02235174447,-187500.02235174447
não,2559.140629665927,-7870.69742330282,7184.141240613609,12169.183751247378,-187500.02235174447,-187500.02235174447,-187500.02235174447,-187500.02235174447
não,2386.0934240929396,-7875.078365216061,6936.1486358819775,12206.868792399026,-187500.02235174447,-187500.02235174447,-187500.02235174447,-187500.02235174447
não,2179.3844913702596,-7929.571918198099,6464.772697064006,12239.547042792683,-187500.02235174447,-187500.02235174447,-187500.02235174447,-187500.02235174447
não,2351.2917579760265,-7935.4951304787555,6674.655577499339,12189.546190446163,-187500.02235174447,-187500.02235174447,-187500.02235174447,-187500.02235174447
não,2563.432164601346,-7873.93842624884,7160.135467068609,12154.49865514024,-187500.02235174447,-187500.02235174447,-187500.02235174447,-187500.02235174447
não,2436.0272212060954,-7865.333004633547,7020.548822945217,12190.552018946652,-187500.02235174447,-187500.02235174447,-187500.02235174447,-187500.02235174447
não,2201.9150497812093,-7918.731322137275,6520.316782035445,12238.652973014472,-187500.02235174447,-187500.02235174447,-187500.02235174447,-187500.02235174447
não,2305.493033587102,-7944.972270127806,6579.817125775472,12211.406196523452,-187500.02235174447,-187500.02235174447,-187500.02235174447,-187500.02235174447
não,2552.233940629237,-7885.516629876689,7111.743940322869,12159.080762753578,-187500.02235174447,-187500.02235174447,-187500.02235174447,-187500.02235174447
não,2476.9979687926734,-7861.354394120503,7093.616675569615,12181.007824064234,-187500.02235174447,-187500.02235174447,-187500.02235174447,-187500.02235174447
não,2228.759494872033,-7904.5156126637,6599.643123107329,12235.434321812907,-187500.02235174447,-187500.02235174447,-187500.02235174447,-187500.02235174447
não,2247.82553289241,-7945.464008505823,6506.369293495333,12225.666609485937,-187500.02235174447,-187500.02235174447,-187500.02235174447,-187500.02235174447
não,2526.2835653166253,-7901.721644606787,7040.687744699449,12162.187655232867,-187500.02235174447,-187500.02235174447,-187500.02235174447,-187500.02235174447
não,2519.399228024391,-7864.617748810977,7143.79634187178,12167.350908202043,-187500.02235174447,-187500.02235174447,-187500.02235174447,-187500.02235174447
não,2276.59222800639,-7899.777042839175,6686.792574738572,12227.387693808996,-187500.02235174447,-187500.02235174447,-187500.02235174447,-187500.02235174447
não,2225.384381459282,-7946.71570619532,6455.407316137233,12231.768635722237,-187500.02235174447,-187500.02235174447,-187500.02235174447,-187500.02235174447
não,2501.428425482324,-7905.856717331018,6966.122325196544,12169.429620436385,-187500.02235174447,-187500.02235174447,-187500.02235174447,-187500.02235174447
não,2553.418583085368,-7854.805332995097,7209.577525803748,12164.825161078592,-187500.02235174447,-187500.02235174447,-187500.02235174447,-187500.02235174447
não,2307.6835045437224,-7885.583685110055,6768.443497233809,12219.832804183103,-187500.02235174447,-187500.02235174447,-187500.02235174447,-187500.02235174447
não,2198.9199160241983,-7941.194825314859,6426.46180706761,12237.714199747348,-187500.02235174447,-187500.02235174447,-187500.02235174447,-187500.02235174447
não,2453.8415615369754,-7920.877089604985,6855.168265720399,12177.967986818312,-187500.02235174447,-187500.02235174447,-187500.02235174447,-187500.02235174447
não,2568.4836588482453,-7867.970510479273,7195.786499474824,12158.54432088665,-187500.02235174447,-187500.02235174447,-187500.02235174447,-187500.02235174447
não,2368.703766906711,-7880.487487374246,6879.665777643416,12203.381920263997,-187500.02235174447,-187500.02235174447,-187500.02235174447,-187500.02235174447
não,2187.2970089074383,-7935.2045578008365,6441.303365385934,12239.99407768179,-187500.02235174447,-187500.02235174447,-187500.02235174447,-187500.02235174447
não,2386.5404589820455,-7931.449464732345,6746.739953367705,12186.305187500142,-187500.02235174447,-187500.02235174447,-187500.02235174447,-187500.02235174447
não,2563.432164601346,-7874.452516371312,7174.306473053274,12152.308184183621,-187500.02235174447,-187500.02235174447,-187500.02235174447,-187500.02235174447
não,2415.7988924740425,-7865.914149989385,6964.0436129622,12194.664739926428,-187500.02235174447,-187500.02235174447,-187500.02235174447,-187500.02235174447
não,2206.541860883458,-7912.405778456424,6490.9242380767155,12243.883281217013,-187500.02235174447,-187500.02235174447,-187500.02235174447,-187500.02235174447
não,2350.755316109099,-7935.003392100739,6651.119190587901,12207.360530777041,-187500.02235174447,-187500.02235174447,-187500.02235174447,-187500.02235174447
não,2572.3952141279237,-7881.426260641368,7152.6923361649915,12160.734791843272,-187500.02235174447,-187500.02235174447,-187500.02235174447,-187500.02235174447
não,2456.3449569159698,-7865.265949400181,7047.661488969504,12190.686129413383,-187500.02235174447,-187500.02235174447,-187500.02235174447,-187500.02235174447
não,2216.1978144881505,-7914.7750633686865,6542.8696921908495,12242.60923178306,-187500.02235174447,-187500.02235174447,-187500.02235174447,-187500.02235174447
não,2296.2617631270605,-7946.0004503727505,6557.912416209271,12216.61415298154,-187500.02235174447,-187500.02235174447,-187500.02235174447,-187500.02235174447
não,2558.850056988008,-7893.362092180502,7096.969437237912,12163.059373266624,-187500.02235174447,-187500.02235174447,-187500.02235174447,-187500.02235174447
$SILENCE,2497.3827597359136,-7862.673147043365,7110.6040013556485,12181.656024653439,-187500.02235174447,-187500.02235174447,-187500.02235174447,-187500.02235174447
$SILENCE,2249.2336927930946,-7902.928638807373,6621.905460584815,12235.747246235282,-187500.02235174447,-187500.02235174447,-187500.02235174447,-187500.02235174447
$SILENCE,2245.925634613709,-7941.597156715055,6487.99615955307,12227.99119090929,-187500.02235174447,-187500.02235174447,-187500.02235174447,-187500.02235174447
$SILENCE,2518.236937312715,-7895.396100925935,7018.336000244141,12159.997184276246,-187500.02235174447,-187500.02235174447,-187500.02235174447,-187500.02235174447
$SILENCE,2526.4847310167233,-7858.426315596857,7158.481437978917,12168.066164024613,-187500.02235174447,-187500.02235174447,-187500.02235174447,-187500.02235174447
$SILENCE,2295.434748582214,-7893.451499158324,6719.336714665498,12227.365342064542,-187500.02235174447,-187500.02235174447,-187500.02235174447,-187500.02235174447
$SILENCE,2224.4232564477034,-7943.966441627317,6450.355821890334,12239.301173603675,-187500.02235174447,-187500.02235174447,-187500.02235174447,-187500.02235174447
$SILENCE,2490.8336986105082,-7909.589458655055,6929.845443945581,12173.341175716065,-187500.02235174447,-187500.02235174447,-187500.02235174447,-187500.02235174447
$SILENCE,2560.1241064219603,-7862.136705176438,7188.544534271305,12165.294547712154,-187500.02235174447,-187500.02235174447,-187500.02235174447,-187500.02235174447
$SILENCE,2339.2665194590713,-7885.22605719877,6813.169337888878,12217.999961137768,-187500.02235174447,-187500.02235174447,-187500.02235174447,-187500.02235174447
$SILENCE,2199.7692823135,-7939.943127625362,6437.548272317443,12243.793874239193,-187500.02235174447,-187500.02235174447,-187500.02235174447,-187500.02235174447
$SILENCE,2437.9718229737073,-7920.720627393798,6829.709628785805,12190.216742779821,-187500.02235174447,-187500.02235174447,-187500.02235174447,-187500.02235174447
$SILENCE,2570.294150149125,-7864.260120899692,7190.220915105452,12169.139047758466,-187500.02235174447,-187500.02235174447,-187500.02235174447,-187500.02235174447
$SILENCE,2384.037063603051,-7875.860676271996,6899.715292419826,12211.22738256781,-187500.02235174447,-187500.02235174447,-187500.02235174447,-187500.02235174447
$SILENCE,2190.7838810424664,-7931.225947287792,6449.618214323308,12251.95226096538,-187500.02235174447,-187500.02235174447,-187500.02235174447,-187500.02235174447
$SILENCE,2383.2100490582047,-7932.656458932932,6719.515528621141,12205.930019131902,-187500.02235174447,-187500.02235174447,-187500.02235174447,-187500.02235174447
$SILENCE,2562.940426223329,-7871.055051214105,7172.7642026858575,12163.26053896672,-187500.02235174447,-187500.02235174447,-187500.02235174447,-187500.02235174447
$SILENCE,2422.8396919774646,-7867.948158734818,6984.316645183164,12196.586989949583,-187500.02235174447,-187500.02235174447,-187500.02235174447,-187500.02235174447
$SILENCE,2208.3523521843376,-7921.9946768277505,6491.8630113438385,12249.337106864108,-187500.02235174447,-187500.02235174447,-187500.02235174447,-187500.02235174447
$SILENCE,2341.412286926781,-7938.9596508693285,6622.419550707287,12218.111719860044,-187500.02235174447,-187500.02235174447,-187500.02235174447,-187500.02235174447
$SILENCE,2569.355376882002,-7878.699347817821,7136.844949346179,12171.150704759444,-187500.02235174447,-187500.02235174447,-187500.02235174447,-187500.02235174447
$SILENCE,2462.8046110635532,-7861.5555598206,7059.910244931012,12194.016539337223,-187500.02235174447,-187500.02235174447,-187500.02235174447,-187500.02235174447
$SILENCE,2221.159901757229,-7907.287228976158,6565.9366924687265,12248.934775463913,-187500.02235174447,-187500.02235174447,-187500.02235174447,-187500.02235174447
$SILENCE,2281.9342949312086,-7937.149159568448,6543.964927669159,12231.053379899668,-187500.02235174447,-187500.02235174447,-187500.02235174447,-187500.02235174447
$SILENCE,2549.5070278056896,-7885.0695949875835,7083.021948697799,12172.60356814904,-187500.02235174447,-187500.02235174447,-187500.02235174447,-187500.02235174447
$SILENCE,2512.291373287603,-7856.973452207262,7128.463045175439,12189.70265265735,-187500.02235174447,-187500.02235174447,-187500.02235174447,-187500.02235174447
$SILENCE,2266.153963345762,-7899.821746328086,6648.772257420094,12240.70933350436,-187500.02235174447,-187500.02235174447,-187500.02235174447,-187500.02235174447
$SILENCE,2244.025736335008,-7944.212310816326,6474.361595435334,12237.714199747348,-187500.02235174447,-187500.02235174447,-187500.02235174447,-187500.02235174447
$SILENCE,2516.1582250783713,-7899.03943527215,6999.448776179407,12180.896065341958,-187500.02235174447,-187500.02235174447,-187500.02235174447,-187500.02235174447
$SILENCE,2539.292280589614,-7854.671222528365,7171.937188141012,12183.399460720953,-187500.02235174447,-187500.02235174447,-187500.02235174447,-187500.02235174447
$SILENCE,2303.3472661193928,-7886.075423488072,6743.923633566336,12232.573298522628,-187500.02235174447,-187500.02235174447,-187500.02235174447,-187500.02235174447
$SILENCE,2206.0501225054413,-7938.758485169231,6443.069153197904,12245.693772517894,-187500.02235174447,-187500.02235174447,-187500.02235174447,-187500.02235174447
$SILENCE,2467.7666983326317,-7908.538926665656,6905.660856444938,12189.45678346834,-187500.02235174447,-187500.02235174447,-187500.02235174447,-187500.02235174447
$SILENCE,2561.5546180671,-7858.806295252597,7195.428871563539,12179.465553696818,-187500.02235174447,-187500.02235174447,-187500.02235174447,-187500.02235174447
$SILENCE,2353.8845603328423,-7877.402946639413,6837.935070745358,12229.153481620966,-187500.02235174447,-187500.02235174447,-187500.02235174447,-187500.02235174447
$SILENCE,2198.249363690539,-7934.33283976708,6429.658106524719,12256.780237767725,-187500.02235174447,-187500.02235174447,-187500.02235174447,-187500.02235174447
$SILENCE,2430.3945816033583,-7923.447540217346,6791.1081661114895,12199.783289406692,-187500.02235174447,-187500.02235174447,-187500.02235174447,-187500.02235174447
$SILENCE,2572.6410833169325,-7863.187237165837,7186.890505181612,12173.83291409408,-187500.02235174447,-187500.02235174447,-187500.02235174447,-187500.02235174447
$SILENCE,2394.9000114083306,-7869.199856424315,6928.973725911824,12219.341065805087,-187500.02235174447,-187500.02235174447,-187500.02235174447,-187500.02235174447
$SILENCE,2193.175517699184,-7923.268726261703,6458.402449894244,12256.199092411887,-187500.02235174447,-187500.02235174447,-187500.02235174447,-187500.02235174447
$SILENCE,2369.6425401738334,-7928.834310631074,6687.552534050052,12206.868792399026,-187500.02235174447,-187500.02235174447,-187500.02235174447,-187500.02235174447
$SILENCE,2577.5584670970998,-7871.524437847667,7166.416307260551,12171.93301581538,-187500.02235174447,-187500.02235174447,-187500.02235174447,-187500.02235174447
$SILENCE,2447.136038200383,-7866.025908711662,7015.2738112537645,12214.915420402935,-187500.02235174447,-187500.02235174447,-187500.02235174447,-187500.02235174447
$SILENCE,2216.4660354216144,-7918.507804692723,6518.662752945752,12262.412877370463,-187500.02235174447,-187500.02235174447,-187500.02235174447,-187500.02235174447
$SILENCE,2323.597946595901,-7939.585499714077,6603.062940008991,12228.929964176414,-187500.02235174447,-187500.02235174447,-187500.02235174447,-187500.02235174447
$SILENCE,2571.590551327533,-7879.772231551676,7129.223004486919,12178.236207751777,-187500.02235174447,-187500.02235174447,-187500.02235174447,-187500.02235174447
$SILENCE,2490.230201510215,-7858.873350485963,7086.821745255202,12200.543248718173,-187500.02235174447,-187500.02235174447,-187500.02235174447,-187500.02235174447
$SILENCE,2240.1588845442398,-7904.5156126637,6580.822954275961,12250.09706617559,-187500.02235174447,-187500.02235174447,-187500.02235174447,-187500.02235174447
$SILENCE,2271.0713471259296,-7939.943127625362,6510.504366219565,12236.060170657656,-187500.02235174447,-187500.02235174447,-187500.02235174447,-187500.02235174447
$SILENCE,2551.6304435289435,-7890.143440978938,7065.58758802266,12175.397536205952,-187500.02235174447,-187500.02235174447,-187500.02235174447,-187500.02235174447
$SILENCE,2532.854978186486,-7853.732449261242,7162.929435125522,12185.925207844402,-187500.02235174447,-187500.02235174447,-187500.02235174447,-187500.02235174447
$SILENCE,2270.6243122368232,-7896.781909082164,6658.159990091323,12247.168987651943,-187500.02235174447,-187500.02235174447,-187500.02235174447,-187500.02235174447
$SILENCE,2242.8410938788766,-7939.585499714077,6472.238179712079,12253.874510988535,-187500.02235174447,-187500.02235174447,-187500.02235174447,-187500.02235174447
$SILENCE,2500.288486515103,-7904.627371385976,6949.917310466446,12191.669606169417,-187500.02235174447,-187500.02235174447,-187500.02235174447,-187500.02235174447
$SILENCE,2546.556597537589,-7860.259158642192,7167.042156105299,12184.69586189936,-187500.02235174447,-187500.02235174447,-187500.02235174447,-187500.02235174447
$SILENCE,2316.5794988369344,-7886.611865354999,6761.693270408306,12235.769597979737,-187500.02235174447,-187500.02235174447,-187500.02235174447,-187500.02235174447
$SILENCE,2206.228936461084,-7941.328935781591,6428.60757453532,12256.333202878619,-187500.02235174447,-187500.02235174447,-187500.02235174447,-187500.02235174447
$SILENCE,2463.117535485928,-7917.189051769859,6867.081745515078,12197.36930100552,-187500.02235174447,-187500.02235174447,-187500.02235174447,-187500.02235174447
$SILENCE,2565.108545435494,-7859.923882475363,7189.796231960801,12178.750297874249,-187500.02235174447,-187500.02235174447,-187500.02235174447,-187500.02235174447
$SILENCE,2364.121659293373,-7876.531228605656,6860.823257067592,12227.007714153257,-187500.02235174447,-187500.02235174447,-187500.02235174447,-187500.02235174447
$SILENCE,2193.488442121559,-7931.42711298789,6434.530786815976,12261.339993636608,-187500.02235174447,-187500.02235174447,-187500.02235174447,-187500.02235174447
$SILENCE,2413.720180239699,-7925.481548962778,6764.95662509878,12208.99220812228,-187500.02235174447,-187500.02235174447,-187500.02235174447,-187500.02235174447
$SILENCE,2580.5983043430215,-7869.803353524609,7185.214124347463,12176.805696106638,-187500.02235174447,-187500.02235174447,-187500.02235174447,-187500.02235174447
$SILENCE,2420.492758809657,-7870.1609814358935,6949.962013955357,12212.635542468493,-187500.02235174447,-187500.02235174447,-187500.02235174447,-187500.02235174447
$SILENCE,2207.570041128402,-7920.921793093896,6468.550141876954,12255.774409267236,-187500.02235174447,-187500.02235174447,-187500.02235174447,-187500.02235174447
$SILENCE,2365.3286534939593,-7932.276479277191,6663.2561878271335,12218.55875474915,-187500.02235174447,-187500.02235174447,-187500.02235174447,-187500.02235174447
$SILENCE,2585.60509510101,-7874.318405904581,7164.1364293261095,12181.231341508788,-187500.02235174447,-187500.02235174447,-187500.02235174447,-187500.02235174447
$SILENCE,2467.8337535659975,-7863.74603077722,7041.693573199937,12211.473251756817,-187500.02235174447,-187500.02235174447,-187500.02235174447,-187500.02235174447
$SILENCE,2224.2891459809716,-7914.663304646409,6532.252613574578,12258.389563368508,-187500.02235174447,-187500.02235174447,-187500.02235174447,-187500.02235174447
$SILENCE,2308.734036533122,-7940.1889968143705,6567.791887258517,12232.595650267083,-187500.02235174447,-187500.02235174447,-187500.02235174447,-187500.02235174447
$SILENCE,2561.264045389181,-7884.153173464915,7105.328989664196,12178.705594385337,-187500.02235174447,-187500.02235174447,-187500.02235174447,-187500.02235174447
$SILENCE,2502.1213295604384,-7860.885007486941,7101.931524506989,12195.000016093258,-187500.02235174447,-187500.02235174447,-187500.02235174447,-187500.02235174447
$SILENCE,2257.5932452193792,-7904.85088883053,6606.1474807438235,12248.264223130254,-187500.02235174447,-187500.02235174447,-187500.02235174447,-187500.02235174447
$SILENCE,2266.0645563679404,-7941.910081137429,6494.813441611939,12241.178720137921,-187500.02235174447,-187500.02235174447,-187500.02235174447,-187500.02235174447
$SILENCE,2541.259234101681,-7893.160926480405,7034.786884163247,12183.533571187685,-187500.02235174447,-187500.02235174447,-187500.02235174447,-187500.02235174447
$SILENCE,2532.3185363195585,-7856.973452207262,7153.251129776375,12189.657949168439,-187500.02235174447,-187500.02235174447,-187500.02235174447,-187500.02235174447
$SILENCE,2294.3842165928145,-7893.965589280795,6700.0695109450235,12247.168987651943,-187500.02235174447,-187500.02235174447,-187500.02235174447,-187500.02235174447
$SILENCE,2233.9450995856646,-7942.982964871284,6451.294595157457,12254.992098211302,-187500.02235174447,-187500.02235174447,-187500.02235174447,-187500.02235174447
$SILENCE,2503.68595167231,-7907.846022587541,6947.65978427646,12190.708481157837,-187500.02235174447,-187500.02235174447,-187500.02235174447,-187500.02235174447
$SILENCE,2563.2533506457034,-7860.549731320111,7190.243266849908,12187.065146811623,-187500.02235174447,-187500.02235174447,-187500.02235174447,-187500.02235174447
$SILENCE,2342.9992607831077,-7884.5108013762,6798.193669103822,12236.440150313396,-187500.02235174447,-187500.02235174447,-187500.02235174447,-187500.02235174447
$SILENCE,2226.5466721709577,-7936.031572345683,6457.016641738015,12251.95226096538,-187500.02235174447,-187500.02235174447,-187500.02235174447,-187500.02235174447
$SILENCE,2448.477142867702,-7917.904307592429,6824.076989183068,12199.023330095211,-187500.02235174447,-187500.02235174447,-187500.02235174447,-187500.02235174447
$SILENCE,2578.363129897491,-7867.925806990363,7179.715595211458,12178.07974554059,-187500.02235174447,-187500.02235174447,-187500.02235174447,-187500.02235174447
$SILENCE,2391.167270084294,-7878.922865262373,6884.113774790022,12223.56554550714,-187500.02235174447,-187500.02235174447,-187500.02235174447,-187500.02235174447
$SILENCE,2208.732331840078,-7934.645764189454,6438.241176395557,12262.703450048382,-187500.02235174447,-187500.02235174447,-187500.02235174447,-187500.02235174447
$SILENCE,2408.087540636962,-7933.662287433421,6732.501892149675,12211.964990134835,-187500.02235174447,-187500.02235174447,-187500.02235174447,-187500.02235174447
$SILENCE,2587.594400357533,-7872.776135537164,7182.75543245738,12175.375184461498,-187500.02235174447,-187500.02235174447,-187500.02235174447,-187500.02235174447
$SILENCE,2434.90963398333,-7866.383536622947,6980.069813736655,12216.055359370155,-187500.02235174447,-187500.02235174447,-187500.02235174447,-187500.02235174447
$SILENCE,2215.4602069211255,-7920.497109949245,6485.8727438298165,12264.960976238368,-187500.02235174447,-187500.02235174447,-187500.02235174447,-187500.02235174447
$SILENCE,2355.9409208227303,-7936.9032903794405,6637.596385192441,12226.583031008606,-187500.02235174447,-187500.02235174447,-187500.02235174447,-187500.02235174447
$SILENCE,2584.263990433692,-7877.470001872779,7152.468818720439,12179.59966416355,-187500.02235174447,-187500.02235174447,-187500.02235174447,-187500.02235174447
$SILENCE,2478.0932042709833,-7862.919016232374,7059.217340852898,12208.031083110702,-187500.02235174447,-187500.02235174447,-187500.02235174447,-187500.02235174447
$SILENCE,2238.1695792877176,-7913.94804882384,6546.289509092511,12260.065944202655,-187500.02235174447,-187500.02235174447,-187500.02235174447,-187500.02235174447
$SILENCE,2306.521213832046,-7944.838159661074,6539.852206689383,12235.657839257461,-187500.02235174447,-187500.02235174447,-187500.02235174447,-187500.02235174447
$SILENCE,2568.7965832706195,-7888.958798522806,7083.893666731557,12175.084611783579,-187500.02235174447,-187500.02235174447,-187500.02235174447,-187500.02235174447
$SILENCE,2516.851129156486,-7859.432144097346,7117.108358992143,12192.496620714262,-187500.02235174447,-187500.02235174447,-187500.02235174447,-187500.02235174447
$SILENCE,2266.4221842792253,-7900.0452637726385,6632.008449078614,12251.013487698256,-187500.02235174447,-187500.02235174447,-187500.02235174447,-187500.02235174447
$SILENCE,2259.7837161759994,-7943.519406738211,6480.2401042270785,12248.219519641343,-187500.02235174447,-187500.02235174447,-187500.02235174447,-187500.02235174447
$SILENCE,2536.9229956773515,-7896.558391637611,7014.156224030999,12187.802754378648,-187500.02235174447,-187500.02235174447,-187500.02235174447,-187500.02235174447
$SILENCE,2547.9647574382734,-7855.2523678842035,7169.500847995383,12190.50731545774,-187500.02235174447,-187500.02235174447,-187500.02235174447,-187500.02235174447
$SILENCE,2307.1023591878843,-7888.802336311619,6729.730275837216,12246.833711485115,-187500.02235174447,-187500.02235174447,-187500.02235174447,-187500.02235174447
$SILENCE,2225.697305881656,-7941.261880548225,6442.242138653057,12258.277804646232,-187500.02235174447,-187500.02235174447,-187500.02235174447,-187500.02235174447
$SILENCE,2493.404149222869,-7908.896554576941,6918.267240317731,12193.837725381582,-187500.02235174447,-187500.02235174447,-187500.02235174447,-187500.02235174447
$SILENCE,2569.1765629263596,-7858.135742918938,7188.164554615564,12179.465553696818,-187500.02235174447,-187500.02235174447,-187500.02235174447,-187500.02235174447
$SILENCE,2351.135295764839,-7880.643949585432,6817.393817590931,12227.812376953647,-187500.02235174447,-187500.02235174447,-187500.02235174447,-187500.02235174447
$SILENCE,2204.731369582578,-7936.076275834594,6425.098350655837,12255.305022633675,-187500.02235174447,-187500.02235174447,-187500.02235174447,-187500.02235174447
$SILENCE,2444.8114567770313,-7920.89944134944,6810.509480298696,12202.621960952516,-187500.02235174447,-187500.02235174447,-187500.02235174447,-187500.02235174447
$SILENCE,2588.0190835021835,-7861.376745864957,7196.792327975313,12179.376146718998,-187500.02235174447,-187500.02235174447,-187500.02235174447,-187500.02235174447
$SILENCE,2404.913592924308,-7871.36797563648,6919.295420562676,12223.36437980704,-187500.02235174447,-187500.02235174447,-187500.02235174447,-187500.02235174447
$SILENCE,2205.3348666828715,-7927.627316430488,6453.0603829694255,12262.904615748479,-187500.02235174447,-187500.02235174447,-187500.02235174447,-187500.02235174447
$SILENCE,2392.6424852183445,-7929.2142902868145,6707.244420915177,12214.781309936203,-187500.02235174447,-187500.02235174447,-187500.02235174447,-187500.02235174447
$SILENCE,2591.260086448203,-7868.08226920155,7179.760298700368,12175.93397807288,-187500.02235174447,-187500.02235174447,-187500.02235174447,-187500.02235174447
$SILENCE,2444.431477121291,-7863.142533676927,7001.773357602759,12209.148670333467,-187500.02235174447,-187500.02235174447,-187500.02235174447,-187500.02235174447
$SILENCE,2212.755645842033,-7917.703141892332,6498.9038108472605,12262.792857026203,-187500.02235174447,-187500.02235174447,-187500.02235174447,-187500.02235174447
$SILENCE,2337.7018973472,-7938.423209002401,6606.862736566393,12231.053379899668,-187500.02235174447,-187500.02235174447,-187500.02235174447,-187500.02235174447
$SILENCE,2579.9277520093624,-7878.60994084,7133.2016149999645,12173.83291409408,-187500.02235174447,-187500.02235174447,-187500.02235174447,-187500.02235174447
$SILENCE,2495.8851928574077,-7858.783943508142,7073.477753815384,12199.515068473229,-187500.02235174447,-187500.02235174447,-187500.02235174447,-187500.02235174447
$SILENCE,2248.9431201151756,-7906.080234775572,6565.891988979815,12254.165083666454,-187500.02235174447,-187500.02235174447,-187500.02235174447,-187500.02235174447
$SILENCE,2292.4172630807475,-7940.412514258924,6519.199194812679,12239.569394537139,-187500.02235174447,-187500.02235174447,-187500.02235174447,-187500.02235174447
$SILENCE,2562.5380948231336,-7890.344606679036,7068.11333514611,12182.952425831847,-187500.02235174447,-187500.02235174447,-187500.02235174447,-187500.02235174447
$SILENCE,2532.430295041835,-7858.292205130126,7133.916870822534,12194.642388181972,-187500.02235174447,-187500.02235174447,-187500.02235174447,-187500.02235174447
$SILENCE,2286.672864755734,-7898.637103871954,6656.170684834801,12248.800664997181,-187500.02235174447,-187500.02235174447,-187500.02235174447,-187500.02235174447
$SILENCE,2254.464000995636,-7943.273537549203,6461.621101095808,12247.95129870788,-187500.02235174447,-187500.02235174447,-187500.02235174447,-187500.02235174447
$SILENCE,2529.0775333735387,-7899.777042839175,6984.987197516823,12182.773611876204,-187500.02235174447,-187500.02235174447,-187500.02235174447,-187500.02235174447
$SILENCE,2563.141591923427,-7860.0132894531835,7175.155839342576,12180.717251386315,-187500.02235174447,-187500.02235174447,-187500.02235174447,-187500.02235174447
$SILENCE,2339.020650270063,-7892.758595080209,6752.059668548068,12234.428493312418,-187500.02235174447,-187500.02235174447,-187500.02235174447,-187500.02235174447
$SILENCE,2238.8848351102874,-7943.720572438308,6432.764999004006,12249.828845242126,-187500.02235174447,-187500.02235174447,-187500.02235174447,-187500.02235174447
$SILENCE,2505.563498206556,-7914.685656390865,6886.527763191196,12189.389728234975,-187500.02235174447,-187500.02235174447,-187500.02235174447,-187500.02235174447
$SILENCE,2602.5700691425886,-7863.276644143659,7191.807888961779,12172.827085593592,-187500.02235174447,-187500.02235174447,-187500.02235174447,-187500.02235174447
$SILENCE,2385.892258392842,-7881.0239292411725,6847.769838305693,12225.376036808018,-187500.02235174447,-187500.02235174447,-187500.02235174447,-187500.02235174447
$SILENCE,2218.5000441670472,-7936.009220601228,6432.65324028173,12262.479932603828,-187500.02235174447,-187500.02235174447,-187500.02235174447,-187500.02235174447
$SILENCE,2438.374154373903,-7921.190014027359,6779.731128183738,12206.309998787643,-187500.02235174447,-187500.02235174447,-187500.02235174447,-187500.02235174447
$SILENCE,2594.9481242833285,-7861.019117953672,7195.093595396709,12179.867885097014,-187500.02235174447,-187500.02235174447,-187500.02235174447,-187500.02235174447
$SILENCE,2421.453883821235,-7864.550693577611,6949.269109877242,12225.353685063565,-187500.02235174447,-187500.02235174447,-187500.02235174447,-187500.02235174447
$SILENCE,2207.3241719393936,-7919.625391915488,6465.264435442024,12268.246682673298,-187500.02235174447,-187500.02235174447,-187500.02235174447,-187500.02235174447
$SILENCE,2376.459822232702,-7926.845005374552,6674.7673362216165,12224.571374007628,-187500.02235174447,-187500.02235174447,-187500.02235174447,-187500.02235174447
$SILENCE,2593.383502171457,-7869.803353524609,7168.070336350243,12186.014614822223,-187500.02235174447,-187500.02235174447,-187500.02235174447,-187500.02235174447
$SILENCE,2467.789050077087,-7861.197931909315,7025.510910214295,12213.730777946805,-187500.02235174447,-187500.02235174447,-187500.02235174447,-187500.02235174447
$SILENCE,2232.0675530514186,-7914.350380224036,6516.785206411506,12259.797723269192,-187500.02235174447,-187500.02235174447,-187500.02235174447,-187500.02235174447
$SILENCE,2330.07995248794,-7936.188034556871,6578.118393196869,12231.27689734422,-187500.02235174447,-187500.02235174447,-187500.02235174447,-187500.02235174447
$SILENCE,2577.3349496525466,-7874.854847771508,7116.54956538076,12180.337271730576,-187500.02235174447,-187500.02235174447,-187500.02235174447,-187500.02235174447
$SILENCE,2503.5741929500336,-7852.324289360558,7099.115204705621,12203.203106308354,-187500.02235174447,-187500.02235174447,-187500.02235174447,-187500.02235174447
$SILENCE,2254.6875184401893,-7900.13467075046,6597.49735563962,12258.277804646232,-187500.02235174447,-187500.02235174447,-187500.02235174447,-187500.02235174447
$SILENCE,2278.3580158183595,-7939.4290375028895,6502.748310893573,12244.822054484137,-187500.02235174447,-187500.02235174447,-187500.02235174447,-187500.02235174447
$SILENCE,2550.8257807285527,-7889.60699911201,7046.521550002283,12186.148725288955,-187500.02235174447,-187500.02235174447,-187500.02235174447,-187500.02235174447
$SILENCE,2540.231053856737,-7854.447705083812,7150.479513463916,12194.59768469306,-187500.02235174447,-187500.02235174447,-187500.02235174447,-187500.02235174447
$SILENCE,2303.0790451859293,-7890.4116619124015,6688.960693950737,12249.672383030938,-187500.02235174447,-187500.02235174447,-187500.02235174447,-187500.02235174447
$SILENCE,2248.697250926167,-7938.043229346661,6452.926272502694,12254.746229022292,-187500.02235174447,-187500.02235174447,-187500.02235174447,-187500.02235174447
$SILENCE,2519.466283257757,-7901.118147506493,6956.555778569673,12191.647254424961,-187500.02235174447,-187500.02235174447,-187500.02235174447,-187500.02235174447
$SILENCE,2567.4107751143906,-7854.894739972919,7180.676720223037,12184.338233988075,-187500.02235174447,-187500.02235174447,-187500.02235174447,-187500.02235174447
$SILENCE,2337.3889729248253,-7881.448612385823,6781.72043344026,12237.982420680812,-187500.02235174447,-187500.02235174447,-187500.02235174447,-187500.02235174447
$SILENCE,2219.282355222983,-7934.735171167275,6428.898147213238,12261.0941244476,-187500.02235174447,-187500.02235174447,-187500.02235174447,-187500.02235174447
$SILENCE,2472.2817507126038,-7912.875165089985,6856.241149454254,12199.358606262042,-187500.02235174447,-187500.02235174447,-187500.02235174447,-187500.02235174447
$SILENCE,2587.3485311685245,-7856.235844640237,7200.256848365885,12179.532608930185,-187500.02235174447,-187500.02235174447,-187500.02235174447,-187500.02235174447
$SILENCE,2387.590990971445,-7871.211513425293,6881.856248600036,12228.147653120477,-187500.02235174447,-187500.02235174447,-187500.02235174447,-187500.02235174447
$SILENCE,2210.7216370966003,-7930.845967632052,6437.503568828532,12263.57516808214,-187500.02235174447,-187500.02235174447,-187500.02235174447,-187500.02235174447
$SILENCE,2419.3304680979813,-7926.532080952178,6748.058706290568,12211.003865123257,-187500.02235174447,-187500.02235174447,-187500.02235174447,-187500.02235174447
$SILENCE,2591.103624237016,-7868.641062812932,7185.772917958846,12174.190542005366,-187500.02235174447,-187500.02235174447,-187500.02235174447,-187500.02235174447
$SILENCE,2436.138979928372,-7868.171676179371,6964.155371684476,12214.75895819175,-187500.02235174447,-187500.02235174447,-187500.02235174447,-187500.02235174447
$SILENCE,2221.159901757229,-7920.251240760236,6472.975787279104,12266.391487883508,-187500.02235174447,-187500.02235174447,-187500.02235174447,-187500.02235174447
$SILENCE,2367.8096971284986,-7933.99756360025,6642.692582928251,12223.856118185058,-187500.02235174447,-187500.02235174447,-187500.02235174447,-187500.02235174447
$SILENCE,2586.8344410460522,-7872.910246003896,7152.580577442715,12176.582178662084,-187500.02235174447,-187500.02235174447,-187500.02235174447,-187500.02235174447
$SILENCE,2474.181648991305,-7857.88987372993,7044.912224401502,12210.55683023415,-187500.02235174447,-187500.02235174447,-187500.02235174447,-187500.02235174447
$SILENCE,2232.894567596265,-7908.9636098103065,6534.733657209117,12265.47506636084,-187500.02235174447,-187500.02235174447,-187500.02235174447,-187500.02235174447
$SILENCE,2307.594097565901,-7940.233700303281,6547.96588992666,12238.56356603665,-187500.02235174447,-187500.02235174447,-187500.02235174447,-187500.02235174447
$SILENCE,2570.8529437605075,-7881.359205408002,7093.393158125063,12180.627844408495,-187500.02235174447,-187500.02235174447,-187500.02235174447,-187500.02235174447
$SILENCE,2519.8015594245862,-7853.352469605502,7111.095739733665,12199.626827195505,-187500.02235174447,-187500.02235174447,-187500.02235174447,-187500.02235174447
$SILENCE,2269.350262802871,-7900.380539939469,6615.669323881784,12253.360420866064,-187500.02235174447,-187500.02235174447,-187500.02235174447,-187500.02235174447
$SILENCE,2266.4221842792253,-7940.256052047736,6478.071985014914,12244.956164950869,-187500.02235174447,-187500.02235174447,-187500.02235174447,-187500.02235174447
$SILENCE,2548.3000336051027,-7893.093871247038,7019.855918867102,12185.187600277377,-187500.02235174447,-187500.02235174447,-187500.02235174447,-187500.02235174447
$SILENCE,2555.609054041988,-7855.02885043965,7156.22391178893,12192.36251024753,-187500.02235174447,-187500.02235174447,-187500.02235174447,-187500.02235174447
$SILENCE,2310.2316034116275,-7891.395138668435,6702.595258068473,12243.816225983648,-187500.02235174447,-187500.02235174447,-187500.02235174447,-187500.02235174447
$SILENCE,2233.2968989964606,-7941.999488115251,6431.4015425922325,12252.198130154387,-187500.02235174447,-187500.02235174447,-187500.02235174447,-187500.02235174447
$SILENCE,2509.340943019503,-7907.689560376354,6922.402313041964,12190.350853246553,-187500.02235174447,-187500.02235174447,-187500.02235174447,-187500.02235174447
$SILENCE,2577.3349496525466,-7857.062859185084,7181.011996389866,12176.64923389545,-187500.02235174447,-187500.02235174447,-187500.02235174447,-187500.02235174447
$SILENCE,2354.018670799574,-7879.1463827069265,6801.6134860054835,12229.376999065518,-187500.02235174447,-187500.02235174447,-187500.02235174447,-187500.02235174447
$SILENCE,2222.568061657913,-7934.176377555893,6426.305344856423,12262.591691326106,-187500.02235174447,-187500.02235174447,-187500.02235174447,-187500.02235174447
$SILENCE,2465.6209308649222,-7918.217232014804,6824.166396160888,12201.660835940938,-187500.02235174447,-187500.02235174447,-187500.02235174447,-187500.02235174447
$SILENCE,2593.2046882158147,-7862.0025947097065,7192.992531417911,12175.1740187614,-187500.02235174447,-187500.02235174447,-187500.02235174447,-187500.02235174447
$SILENCE,2405.919421424797,-7876.620635583477,6899.827051142103,12219.855155927558,-187500.02235174447,-187500.02235174447,-187500.02235174447,-187500.02235174447
$SILENCE,2219.7070383676337,-7932.008258343728,6443.538539831465,12261.630566314527,-187500.02235174447,-187500.02235174447,-187500.02235174447,-187500.02235174447
$SILENCE,2418.9951919311516,-7929.884842620474,6719.0237902431245,12209.50629824475,-187500.02235174447,-187500.02235174447,-187500.02235174447,-187500.02235174447
$SILENCE,2603.777063343175,-7868.015213968184,7179.961464400467,12168.714364613816,-187500.02235174447,-187500.02235174447,-187500.02235174447,-187500.02235174447
$SILENCE,2460.904712784852,-7864.617748810977,6989.032863263234,12207.718158688327,-187500.02235174447,-187500.02235174447,-187500.02235174447,-187500.02235174447
$SILENCE,2237.141399042773,-7919.625391915488,6483.481107173098,12252.46635108785,-187500.02235174447,-187500.02235174447,-187500.02235174447,-187500.02235174447
$SILENCE,2370.0895750629397,-7936.858586890529,6612.07069302448,12219.832804183103,-187500.02235174447,-187500.02235174447,-187500.02235174447,-187500.02235174447
$SILENCE,2607.1745285003817,-7876.330062905558,7139.996545314378,12177.45389669584,-187500.02235174447,-187500.02235174447,-187500.02235174447,-187500.02235174447
$SILENCE,2498.8579748699635,-7857.88987372993,7062.435992054462,12195.692920171372,-187500.02235174447,-187500.02235174447,-187500.02235174447,-187500.02235174447
$SILENCE,2249.501913726558,-7906.639028386954,6552.659756262274,12244.307964361664,-187500.02235174447,-187500.02235174447,-187500.02235174447,-187500.02235174447
$SILENCE,2310.2539551560826,-7942.111246837527,6529.548052495486,12229.175833365422,-187500.02235174447,-187500.02235174447,-187500.02235174447,-187500.02235174447
$SILENCE,2587.236772446248,-7891.5292491351665,7081.345567863652,12175.419887950407,-187500.02235174447,-187500.02235174447,-187500.02235174447,-187500.02235174447
$SILENCE,2547.450667315801,-7865.064783700083,7125.244393973875,12188.540361945674,-187500.02235174447,-187500.02235174447,-187500.02235174447,-187500.02235174447
$SILENCE,2290.919696202242,-7902.325141707081,6634.0871613129575,12237.37892358052,-187500.02235174447,-187500.02235174447,-187500.02235174447,-187500.02235174447
$SILENCE,2264.566989489435,-7946.603947473043,6457.4636766271215,12234.629659012517,-187500.02235174447,-187500.02235174447,-187500.02235174447,-187500.02235174447
$SILENCE,2555.005556941695,-7899.508821905712,6997.750043600803,12177.297434484653,-187500.02235174447,-187500.02235174447,-187500.02235174447,-187500.02235174447
$SILENCE,2581.5370776101445,-7855.006498695195,7172.652443963581,12177.252730995742,-187500.02235174447,-187500.02235174447,-187500.02235174447,-187500.02235174447
$SILENCE,2330.594042610412,-7891.551600879622,6731.361953182453,12222.17973735091,-187500.02235174447,-187500.02235174447,-187500.02235174447,-187500.02235174447
$SILENCE,2245.63506193579,-7943.05002010465,6428.518167557499,12240.865795715546,-187500.02235174447,-187500.02235174447,-187500.02235174447,-187500.02235174447
$SILENCE,2522.97550713724,-7911.265839489203,6903.671551188416,12192.161344547432,-187500.02235174447,-187500.02235174447,-187500.02235174447,-187500.02235174447
$SILENCE,2601.3630749420017,-7861.5555598206,7193.506621540382,12177.297434484653,-187500.02235174447,-187500.02235174447,-187500.02235174447,-187500.02235174447
$SILENCE,2390.6978834507327,-7878.297016417625,6837.1304079449665,12227.745321720282,-187500.02235174447,-187500.02235174447,-187500.02235174447,-187500.02235174447
$SILENCE,2237.7225443986113,-7931.784740899175,6429.345182102345,12255.014449955755,-187500.02235174447,-187500.02235174447,-187500.02235174447,-187500.02235174447
$SILENCE,2468.2584367106483,-7925.816825129608,6795.3326458135425,12188.763879390226,-187500.02235174447,-187500.02235174447,-187500.02235174447,-187500.02235174447
$SILENCE,2620.4067612179233,-7871.41267912539,7196.56881053076,12163.55111164464,-187500.02235174447,-187500.02235174447,-187500.02235174447,-187500.02235174447
$SILENCE,2438.1282851848946,-7876.575932094566,6933.9805166698125,12211.406196523452,-187500.02235174447,-187500.02235174447,-187500.02235174447,-187500.02235174447
$SILENCE,2245.7691724025217,-7930.041304831661,6486.14096476328,12253.159255165965,-187500.02235174447,-187500.02235174447,-187500.02235174447,-187500.02235174447
$SILENCE,2405.6735522357885,-7932.410589743923,6691.218220140722,12206.354702276552,-187500.02235174447,-187500.02235174447,-187500.02235174447,-187500.02235174447
$SILENCE,2622.641935663454,-7879.101679218016,7176.943978899,12158.477265653286,-187500.02235174447,-187500.02235174447,-187500.02235174447,-187500.02235174447
$SILENCE,2485.357521218958,-7867.523475590167,7019.274773511264,12189.993225335267,-187500.02235174447,-187500.02235174447,-187500.02235174447,-187500.02235174447
$SILENCE,2259.671957453723,-7927.672019919399,6513.253630787567,12236.931888691413,-187500.02235174447,-187500.02235174447,-187500.02235174447,-187500.02235174447
não,2370.246037274127,-7945.285194550181,6605.700445854717,12213.41785352443,-187500.02235174447,-187500.02235174447,-187500.02235174447,-187500.02235174447
não,2614.483548937267,-7891.395138668435,7126.943126552478,12164.221663978298,-187500.02235174447,-187500.02235174447,-187500.02235174447,-187500.02235174447
não,2529.949251407296,-7868.730469790754,7092.610847069126,12184.964082832825,-187500.02235174447,-187500.02235174447,-187500.02235174447,-187500.02235174447
não,2270.669015725734,-7921.257069260725,6563.656814534284,12242.318659105142,-187500.02235174447,-187500.02235174447,-187500.02235174447,-187500.02235174447
não,2310.2316034116275,-7956.57282550011,6506.235183028601,12225.42074029693,-187500.02235174447,-187500.02235174447,-187500.02235174447,-187500.02235174447
não,2583.7946038001305,-7905.655551630921,7055.439896039951,12166.45683842383,-187500.02235174447,-187500.02235174447,-187500.02235174447,-187500.02235174447
não,2561.129934922449,-7871.211513425293,7142.835216860201,12176.470419939807,-187500.02235174447,-187500.02235174447,-187500.02235174447,-187500.02235174447
não,2321.8768622728426,-7906.169641753393,6674.543818777063,12232.886222945002,-187500.02235174447,-187500.02235174447,-187500.02235174447,-187500.02235174447
não,2287.4328240672144,-7954.024726632206,6463.7445168190625,12240.32935384862,-187500.02235174447,-187500.02235174447,-187500.02235174447,-187500.02235174447
não,2563.9909582127284,-7913.478662190279,6978.840467791613,12178.951463574347,-187500.02235174447,-187500.02235174447,-187500.02235174447,-187500.02235174447
não,2595.685731850354,-7868.685766301843,7184.945903414,12175.50929492823,-187500.02235174447,-187500.02235174447,-187500.02235174447,-187500.02235174447
não,2360.1206970358726,-7897.0501300156275,6770.499857723697,12225.84542344158,-187500.02235174447,-187500.02235174447,-187500.02235174447,-187500.02235174447
não,2246.3950212472705,-7953.823560932107,6432.139150159258,12244.598537039583,-187500.02235174447,-187500.02235174447,-187500.02235174447,-187500.02235174447
não,2510.235012797715,-7928.633144930976,6877.542361920162,12182.79596362066,-187500.02235174447,-187500.02235174447,-187500.02235174447,-187500.02235174447
não,2619.80326411763,-7868.484600601745,7207.074130424754,12163.796980833647,-187500.02235174447,-187500.02235174447,-187500.02235174447,-187500.02235174447
não,2414.1448633843497,-7886.142478721438,6872.759088606726,12212.79200467968,-187500.02235174447,-187500.02235174447,-187500.02235174447,-187500.02235174447
não,2242.5952246898682,-7946.514540495222,6440.364592118811,12246.56549055165,-187500.02235174447,-187500.02235174447,-187500.02235174447,-187500.02235174447
não,2466.2244279652155,-7941.61950845951,6775.327834526042,12194.910609115435,-187500.02235174447,-187500.02235174447,-187500.02235174447,-187500.02235174447
não,2646.848874908552,-7882.722661819776,7206.962371702478,12169.384916947474,-187500.02235174447,-187500.02235174447,-187500.02235174447,-187500.02235174447
não,2477.10972751495,-7883.259103686703,6972.1349444550215,12211.294437801176,-187500.02235174447,-187500.02235174447,-187500.02235174447,-187500.02235174447
não,2259.962530131642,-7942.2453573042585,6483.011720539537,12256.199092411887,-187500.02235174447,-187500.02235174447,-187500.02235174447,-187500.02235174447
não,2423.733761755677,-7952.236587075781,6674.521467032608,12214.334275047098,-187500.02235174447,-187500.02235174447,-187500.02235174447,-187500.02235174447
não,2645.7312876857864,-7889.092908989538,7176.60870273217,12170.748373359249,-187500.02235174447,-187500.02235174447,-187500.02235174447,-187500.02235174447
não,2533.145550864405,-7875.123068704971,7052.82474193868,12206.17588832091,-187500.02235174447,-187500.02235174447,-187500.02235174447,-187500.02235174447
não,2301.670885285245,-7930.644801931954,6546.468323048154,12259.082467446622,-187500.02235174447,-187500.02235174447,-187500.02235174447,-187500.02235174447
não,2394.85530791942,-7956.19284584437,6585.561524100486,12233.109740389555,-187500.02235174447,-187500.02235174447,-187500.02235174447,-187500.02235174447
não,2648.2570348092363,-7895.574914881578,7128.5077486643495,12180.292568241664,-187500.02235174447,-187500.02235174447,-187500.02235174447,-187500.02235174447
não,2584.286342178147,-7870.630368069455,7125.020876529322,12202.800774908159,-187500.02235174447,-187500.02235174447,-187500.02235174447,-187500.02235174447
não,2347.3578509518925,-7916.13851978046,6642.290251528055,12261.943490736901,-187500.02235174447,-187500.02235174447,-187500.02235174447,-187500.02235174447
não,2360.6794906472555,-7949.844950419063,6543.450837546688,12256.154388922978,-187500.02235174447,-187500.02235174447,-187500.02235174447,-187500.02235174447
não,2618.193938516848,-7906.728435364776,7048.15322734752,12196.430527738397,-187500.02235174447,-187500.02235174447,-187500.02235174447,-187500.02235174447
não,2636.365906759013,-7867.143495934427,7201.374435588651,12207.762862177236,-187500.02235174447,-187500.02235174447,-187500.02235174447,-187500.02235174447
não,2372.7494326531214,-7908.583630154566,6700.449490600764,12260.065944202655,-187500.02235174447,-187500.02235174447,-187500.02235174447,-187500.02235174447
não,2311.1256731898397,-7962.674851736409,6453.216845180613,12267.106743706077,-187500.02235174447,-187500.02235174447,-187500.02235174447,-187500.02235174447
não,2592.3776736709683,-7931.047133332149,6958.992118715301,12200.096213829067,-187500.02235174447,-187500.02235174447,-187500.02235174447,-187500.02235174447
não,2649.039345865172,-7871.636196569943,7197.932266942534,12178.415021707418,-187500.02235174447,-187500.02235174447,-187500.02235174447,-187500.02235174447
não,2424.069037922506,-7890.523420634678,6814.599849534017,12249.158292908465,-187500.02235174447,-187500.02235174447,-187500.02235174447,-187500.02235174447
não,2295.6582660267673,-7946.0004503727505,6449.841731767861,12287.268017204764,-187500.02235174447,-187500.02235174447,-187500.02235174447,-187500.02235174447
não,2546.6013010264996,-7928.700200164342,6860.264463456209,12214.55779249165,-187500.02235174447,-187500.02235174447,-187500.02235174447,-187500.02235174447
não,2673.9615409328394,-7869.199856424315,7216.7300840294465,12198.039853339178,-187500.02235174447,-187500.02235174447,-187500.02235174447,-187500.02235174447
não,2476.3721199479246,-7885.360167665502,6902.308094776642,12243.70446726137,-187500.02235174447,-187500.02235174447,-187500.02235174447,-187500.02235174447
não,2286.8293269669207,-7951.610738231032,6448.165350933713,12272.33705190862,-187500.02235174447,-187500.02235174447,-187500.02235174447,-187500.02235174447
não,2490.4090154658575,-7946.246319561758,6746.404677200875,12217.597629737573,-187500.02235174447,-187500.02235174447,-187500.02235174447,-187500.02235174447
não,2683.5280875597105,-7880.599246096522,7215.14311017312,12204.141879575478,-187500.02235174447,-187500.02235174447,-187500.02235174447,-187500.02235174447
não,2540.4545713012903,-7869.244559913226,7021.53229970125,12244.196205639388,-187500.02235174447,-187500.02235174447,-187500.02235174447,-187500.02235174447
não,2297.982847450119,-7937.819711902108,6516.1593575667575,12279.131982223033,-187500.02235174447,-187500.02235174447,-187500.02235174447,-187500.02235174447
não,2443.8950352543634,-7949.084991107583,6653.913158644815,12265.318604149654,-187500.02235174447,-187500.02235174447,-187500.02235174447,-187500.02235174447
não,2668.3959565634677,-7895.083176503561,7148.378449485118,12205.192411564876,-187500.02235174447,-187500.02235174447,-187500.02235174447,-187500.02235174447
não,2576.7314525522534,-7875.123068704971,7090.710948790425,12225.13016761901,-187500.02235174447,-187500.02235174447,-187500.02235174447,-187500.02235174447
não,2301.6932370297,-7960.707898224342,6552.972680684648,12256.936699978913,-187500.02235174447,-187500.02235174447,-187500.02235174447,-187500.02235174447
não,2384.7970229145317,-7972.889598952484,6539.248709589089,12241.55869979366,-187500.02235174447,-187500.02235174447,-187500.02235174447,-187500.02235174447
não,2640.948014372351,-7921.5252901941885,7081.300864374741,12173.40823094943,-187500.02235174447,-187500.02235174447,-187500.02235174447,-187500.02235174447
não,2604.224098232281,-7892.199801468826,7134.833292345202,12212.27791455721,-187500.02235174447,-187500.02235174447,-187500.02235174447,-187500.02235174447
não,2365.5745226829677,-7904.917944063895,6655.254263312133,12292.073642262656,-187500.02235174447,-187500.02235174447,-187500.02235174447,-187500.02235174447
não,2351.448220187214,-7942.357116026536,6510.459662730654,12294.95701729739,-187500.02235174447,-187500.02235174447,-187500.02235174447,-187500.02235174447
não,2619.0433048061495,-7908.851851088029,7044.085209856655,12209.41689126693,-187500.02235174447,-187500.02235174447,-187500.02235174447,-187500.02235174447
não,2622.2172525188034,-7901.319313206592,7180.587313245215,12195.491754471273,-187500.02235174447,-187500.02235174447,-187500.02235174447,-187500.02235174447
não,2374.7163861651884,-7941.820674159608,6706.819737770526,12245.112627162056,-187500.02235174447,-187500.02235174447,-187500.02235174447,-187500.02235174447
não,2312.533833090524,-7974.029537919705,6439.5599293184205,12259.507150591273,-187500.02235174447,-187500.02235174447,-187500.02235174447,-187500.02235174447
não,2588.9578567693065,-7935.4951304787555,6938.56262428315,12198.375129506008,-187500.02235174447,-187500.02235174447,-187500.02235174447,-187500.02235174447
não,2696.1568231769593,-7867.299958145614,7269.7931253663455,12201.146745818467,-187500.02235174447,-187500.02235174447,-187500.02235174447,-187500.02235174447
não,2435.0884479389724,-7911.9587435673175,6845.132332459967,12255.305022633675,-187500.02235174447,-187500.02235174447,-187500.02235174447,-187500.02235174447
não,2279.6767687412225,-7997.67768355342,6444.946699732149,12279.981348512334,-187500.02235174447,-187500.02235174447,-187500.02235174447,-187500.02235174447
não,2509.452701741779,-7970.743831484775,6820.388951347942,12221.777405950716,-187500.02235174447,-187500.02235174447,-187500.02235174447,-187500.02235174447
não,2680.2200293803253,-7891.886877046451,7226.967182989977,12205.930019131902,-187500.02235174447,-187500.02235174447,-187500.02235174447,-187500.02235174447
não,2488.6655793983437,-7915.80324361363,6927.65497298896,12233.668534000939,-187500.02235174447,-187500.02235174447,-187500.02235174447,-187500.02235174447
não,2273.373576804826,-7975.638863520488,6430.529824558476,12249.717086519848,-187500.02235174447,-187500.02235174447,-187500.02235174447,-187500.02235174447
não,2473.3993379353687,-7972.464915807834,6700.248324900666,12215.809490181147,-187500.02235174447,-187500.02235174447,-187500.02235174447,-187500.02235174447
não,2675.2132386223366,-7916.965534325306,7187.225781348441,12187.825106123104,-187500.02235174447,-187500.02235174447,-187500.02235174447,-187500.02235174447
não,2536.5430160216115,-7909.410644699413,7017.57604093266,12231.23219385531,-187500.02235174447,-187500.02235174447,-187500.02235174447,-187500.02235174447
não,2306.543565576502,-7958.807999945641,6519.020380857037,12284.898732292502,-187500.02235174447,-187500.02235174447,-187500.02235174447,-187500.02235174447
não,2432.0486106930507,-7974.364814086535,6622.955992574214,12252.019316198744,-187500.02235174447,-187500.02235174447,-187500.02235174447,-187500.02235174447
não,2664.5738082616103,-7913.858641846019,7144.958632583455,12186.215780522321,-187500.02235174447,-187500.02235174447,-187500.02235174447,-187500.02235174447
não,2571.0764612050607,-7910.416473199902,7082.910189975523,12199.448013239862,-187500.02235174447,-187500.02235174447,-187500.02235174447,-187500.02235174447
não,2345.569711395468,-7953.2200638318145,6591.261218936589,12276.695642077404,-187500.02235174447,-187500.02235174447,-187500.02235174447,-187500.02235174447
não,2388.596819471934,-7990.033386949705,6536.1194653653465,12255.528540078229,-187500.02235174447,-187500.02235174447,-187500.02235174447,-187500.02235174447
não,2656.90715991344,-7931.337706010068,7086.575876066194,12202.443146996875,-187500.02235174447,-187500.02235174447,-187500.02235174447,-187500.02235174447
não,2604.4029121879234,-7896.826612571074,7156.760353655858,12214.55779249165,-187500.02235174447,-187500.02235174447,-187500.02235174447,-187500.02235174447
não,2357.7961156125207,-7940.434866003378,6682.1657636363225,12273.320528664653,-187500.02235174447,-187500.02235174447,-187500.02235174447,-187500.02235174447
não,2322.0333244840294,-7983.797250246675,6483.123479261813,12276.047441488201,-187500.02235174447,-187500.02235174447,-187500.02235174447,-187500.02235174447
não,2588.555525369111,-7939.8984241364515,6996.677159866948,12213.350798291063,-187500.02235174447,-187500.02235174447,-187500.02235174447,-187500.02235174447
não,2632.163778801415,-7897.251295715725,7194.355987829685,12216.435339025897,-187500.02235174447,-187500.02235174447,-187500.02235174447,-187500.02235174447
não,2399.660932977311,-7928.320220508603,6775.216075803766,12270.906540263479,-187500.02235174447,-187500.02235174447,-187500.02235174447,-187500.02235174447
não,2285.5552775329684,-7977.382299588001,6447.763019533518,12280.629549101539,-187500.02235174447,-187500.02235174447,-187500.02235174447,-187500.02235174447
não,2529.524568262645,-7952.258938820236,6889.947580092858,12208.455766255353,-187500.02235174447,-187500.02235174447,-187500.02235174447,-187500.02235174447
não,2619.646801906443,-7904.5603161526105,7188.410423804573,12189.926170101902,-187500.02235174447,-187500.02235174447,-187500.02235174447,-187500.02235174447
não,2405.6064970024227,-7911.221136000292,6854.698879086838,12249.739438264303,-187500.02235174447,-187500.02235174447,-187500.02235174447,-187500.02235174447
não,2233.922747841209,-7964.597101759566,6433.793179248951,12273.85697053158,-187500.02235174447,-187500.02235174447,-187500.02235174447,-187500.02235174447
não,2474.0698902690283,-7958.986813901283,6786.5260584981515,12221.732702461804,-187500.02235174447,-187500.02235174447,-187500.02235174447,-187500.02235174447
não,2618.9986013172393,-7903.04039752965,7204.458976323483,12185.41111772193,-187500.02235174447,-187500.02235174447,-187500.02235174447,-187500.02235174447
não,2437.144808428861,-7906.281400475669,6953.940624468401,12224.101987374066,-187500.02235174447,-187500.02235174447,-187500.02235174447,-187500.02235174447
não,2228.1336460272846,-7966.832276205097,6467.454906398643,12266.883226261525,-187500.02235174447,-187500.02235174447,-187500.02235174447,-187500.02235174447
não,2402.85723243442,-7971.459087307345,6673.694452487762,12219.206955338354,-187500.02235174447,-187500.02235174447,-187500.02235174447,-187500.02235174447
não,2635.293023025158,-7904.649723130432,7190.220915105452,12164.087553511567,-187500.02235174447,-187500.02235174447,-187500.02235174447,-187500.02235174447
não,2479.3225502160253,-7892.669188102387,7033.5351864737495,12199.760937662237,-187500.02235174447,-187500.02235174447,-187500.02235174447,-187500.02235174447
não,2242.304652011949,-7953.644746976465,6507.553935951464,12267.084391961622,-187500.02235174447,-187500.02235174447,-187500.02235174447,-187500.02235174447
não,2348.855417830398,-7979.326901355613,6580.532381598042,12221.151557105966,-187500.02235174447,-187500.02235174447,-187500.02235174447,-187500.02235174447
não,2601.296019708636,-7918.217232014804,7125.445559673973,12162.21000697732,-187500.02235174447,-187500.02235174447,-187500.02235174447,-187500.02235174447
não,2529.2786990736367,-7896.558391637611,7103.339684407674,12186.193428777866,-187500.02235174447,-187500.02235174447,-187500.02235174447,-187500.02235174447
não,2275.0276058945187,-7945.262842805725,6603.845251064927,12245.626717284527,-187500.02235174447,-187500.02235174447,-187500.02235174447,-187500.02235174447
não,2289.1315566458175,-7982.72436651282,6510.52671796402,12227.544156020183,-187500.02235174447,-187500.02235174447,-187500.02235174447,-187500.02235174447
não,2565.622635557966,-7924.386313484468,7058.0103466523115,12166.121562257,-187500.02235174447,-187500.02235174447,-187500.02235174447,-187500.02235174447
não,2553.8879697189295,-7880.040452485139,7161.7894961583015,12179.152629274444,-187500.02235174447,-187500.02235174447,-187500.02235174447,-187500.02235174447
não,2309.5610510779684,-7916.764368625209,6694.3698161089205,12233.892051445491,-187500.02235174447,-187500.02235174447,-187500.02235174447,-187500.02235174447
não,2249.926596871209,-7975.191828631381,6454.155618447736,12245.023220184234,-187500.02235174447,-187500.02235174447,-187500.02235174447,-187500.02235174447
não,2523.042562370606,-7940.1889968143705,6959.126229182033,12187.758050889737,-187500.02235174447,-187500.02235174447,-187500.02235174447,-187500.02235174447
não,2579.458365375801,-7890.948103779328,7191.293798839307,12186.416946222418,-187500.02235174447,-187500.02235174447,-187500.02235174447,-187500.02235174447
não,2348.6766038747555,-7909.097720277038,6794.2150585907775,12249.202996397376,-187500.02235174447,-187500.02235174447,-187500.02235174447,-187500.02235174447
não,2223.6409453917677,-7963.613625003532,6438.755266518029,12250.633508042516,-187500.02235174447,-187500.02235174447,-187500.02235174447,-187500.02235174447
não,2476.2603612256485,-7946.2910230506695,6867.7075943598265,12196.65404518295,-187500.02235174447,-187500.02235174447,-187500.02235174447,-187500.02235174447
não,2596.8033190731194,-7888.5117636337,7211.969162460467,12194.79885039316,-187500.02235174447,-187500.02235174447,-187500.02235174447,-187500.02235174447
não,2403.460729534713,-7903.710949863309,6898.731815663793,12235.031990412712,-187500.02235174447,-187500.02235174447,-187500.02235174447,-187500.02235174447
não,2224.467959936614,-7959.255034834748,6456.010813237526,12258.23310115732,-187500.02235174447,-187500.02235174447,-187500.02235174447,-187500.02235174447
não,2429.925194969797,-7954.739982454776,6763.414354731364,12204.968894120324,-187500.02235174447,-187500.02235174447,-187500.02235174447,-187500.02235174447
não,2601.877165064474,-7888.154135722415,7198.312246598273,12172.715326871315,-187500.02235174447,-187500.02235174447,-187500.02235174447,-187500.02235174447
não,2443.29153815407,-7891.641007857444,6977.745232313304,12206.734681932294,-187500.02235174447,-187500.02235174447,-187500.02235174447,-187500.02235174447
não,2225.764361115022,-7944.055848605139,6482.452926928155,12254.679173788927,-187500.02235174447,-187500.02235174447,-187500.02235174447,-187500.02235174447
não,2376.012787343596,-7955.187017343881,6653.667289455806,12224.101987374066,-187500.02235174447,-187500.02235174447,-187500.02235174447,-187500.02235174447
não,2600.200784230326,-7898.011255027206,7166.930397383023,12177.40919320693,-187500.02235174447,-187500.02235174447,-187500.02235174447,-187500.02235174447
não,2485.4692799412346,-7883.929656020362,7059.686727486459,12204.119527831022,-187500.02235174447,-187500.02235174447,-187500.02235174447,-187500.02235174447
não,2239.6000909328573,-7928.431979230879,6548.301166093489,12270.459505374374,-187500.02235174447,-187500.02235174447,-187500.02235174447,-187500.02235174447
não,2324.9390512632194,-7961.3784505580015,6568.596550058908,12251.28170863172,-187500.02235174447,-187500.02235174447,-187500.02235174447,-187500.02235174447
não,2588.3990631579236,-7904.5603161526105,7116.214289213931,12191.289626513675,-187500.02235174447,-187500.02235174447,-187500.02235174447,-187500.02235174447
não,2527.065876372561,-7876.620635583477,7126.026705029811,12203.068995841622,-187500.02235174447,-187500.02235174447,-187500.02235174447,-187500.02235174447
não,2278.3803675628146,-7918.306638992624,6629.706219399717,12248.890071975002,-187500.02235174447,-187500.02235174447,-187500.02235174447,-187500.02235174447
não,2280.503783286069,-7962.764258714231,6492.779432866506,12235.143749134988,-187500.02235174447,-187500.02235174447,-187500.02235174447,-187500.02235174447
não,2563.655682045899,-7914.685656390865,7043.481712756362,12179.59966416355,-187500.02235174447,-187500.02235174447,-187500.02235174447,-187500.02235174447
não,2574.071594962072,-7876.12889720546,7192.143165128608,12188.093327056567,-187500.02235174447,-187500.02235174447,-187500.02235174447,-187500.02235174447
não,2312.1538534347837,-7916.339685480558,6699.108385933446,12248.599499297083,-187500.02235174447,-187500.02235174447,-187500.02235174447,-187500.02235174447
não,2239.5777391884017,-7960.998470902261,6434.12845541578,12261.295290147698,-187500.02235174447,-187500.02235174447,-187500.02235174447,-187500.02235174447
não,2516.6723152008435,-7926.062694318616,6927.811435200148,12209.305132544654,-187500.02235174447,-187500.02235174447,-187500.02235174447,-187500.02235174447
não,2584.6663218338877,-7876.5088768612,7189.952694171989,12190.686129413383,-187500.02235174447,-187500.02235174447,-187500.02235174447,-187500.02235174447
não,2358.399612712814,-7895.127879992471,6807.20142211931,12234.80847296816,-187500.02235174447,-187500.02235174447,-187500.02235174447,-187500.02235174447
não,2222.0763232798963,-7953.28711906518,6434.84371123835,12269.408973384974,-187500.02235174447,-187500.02235174447,-187500.02235174447,-187500.02235174447
não,2473.175820490816,-7935.696296178854,6839.790265535148,12216.345932048074,-187500.02235174447,-187500.02235174447,-187500.02235174447,-187500.02235174447
não,2603.397083687435,-7875.883028016452,7205.643618779614,12182.50539094274,-187500.02235174447,-187500.02235174447,-187500.02235174447,-187500.02235174447
não,2409.8756801933864,-7885.494278132234,6906.84549890107,12222.827937940114,-187500.02235174447,-187500.02235174447,-187500.02235174447,-187500.02235174447
não,2212.8674045643097,-7946.603947473043,6437.995307206548,12253.114551677056,-187500.02235174447,-187500.02235174447,-187500.02235174447,-187500.02235174447
não,2403.661895234811,-7949.353212041046,6708.831394771504,12206.265295298732,-187500.02235174447,-187500.02235174447,-187500.02235174447,-187500.02235174447
não,2592.5564876266108,-7891.9986357687285,7173.65827246407,12174.525818172195,-187500.02235174447,-187500.02235174447,-187500.02235174447,-187500.02235174447
não,2446.4431341222685,-7880.532190863156,6989.971636530357,12218.737568704793,-187500.02235174447,-187500.02235174447,-187500.02235174447,-187500.02235174447
não,2218.7906168449663,-7930.689505420864,6487.794993852973,12264.46923786035,-187500.02235174447,-187500.02235174447,-187500.02235174447,-187500.02235174447
não,2347.55901665199,-7950.627261474999,6612.741245358139,12231.254545599764,-187500.02235174447,-187500.02235174447,-187500.02235174447,-187500.02235174447
não,2594.009351016206,-7885.516629876689,7144.377487227618,12185.679338655395,-187500.02235174447,-187500.02235174447,-187500.02235174447,-187500.02235174447
não,2492.107748044461,-7869.89276050243,7065.185256622464,12218.379940793508,-187500.02235174447,-187500.02235174447,-187500.02235174447,-187500.02235174447
não,2246.4844282250915,-7926.3979704854455,6551.162189383768,12276.38271765503,-187500.02235174447,-187500.02235174447,-187500.02235174447,-187500.02235174447
não,2301.7379405186107,-7954.829389432596,6518.662752945752,12243.413894583451,-187500.02235174447,-187500.02235174447,-187500.02235174447,-187500.02235174447
não,2558.1795046543484,-7910.550583666633,7053.741163461347,12154.49865514024,-187500.02235174447,-187500.02235174447,-187500.02235174447,-187500.02235174447
não,2516.2476320561927,-7883.147344964426,7099.673998317004,12162.254710466232,-187500.02235174447,-187500.02235174447,-187500.02235174447,-187500.02235174447
não,2303.3249143749376,-7908.918906321395,6648.0570015975245,12258.031935457222,-187500.02235174447,-187500.02235174447,-187500.02235174447,-187500.02235174447
não,2293.534850303513,-7955.321127810613,6481.670615872218,12265.542121594206,-187500.02235174447,-187500.02235174447,-187500.02235174447,-187500.02235174447
não,2568.640121059432,-7919.714798893309,7004.455566937396,12189.926170101902,-187500.02235174447,-187500.02235174447,-187500.02235174447,-187500.02235174447
não,2582.721720066276,-7880.263969929692,7167.265673549852,12181.231341508788,-187500.02235174447,-187500.02235174447,-187500.02235174447,-187500.02235174447
não,2340.8311415709427,-7908.650685387932,6730.467883404242,12235.52372879073,-187500.02235174447,-187500.02235174447,-187500.02235174447,-187500.02235174447
não,2248.5854922038907,-7947.542720740166,6433.703772271129,12269.967766996357,-187500.02235174447,-187500.02235174447,-187500.02235174447,-187500.02235174447
não,2509.586812208511,-7914.395083712946,6902.956295365846,12217.731740204305,-187500.02235174447,-187500.02235174447,-187500.02235174447,-187500.02235174447
não,2589.136670724949,-7871.300920403114,7192.970179673455,12191.781364891693,-187500.02235174447,-187500.02235174447,-187500.02235174447,-187500.02235174447
não,2371.4753832191686,-7885.918961276885,6836.057524211112,12243.816225983648,-187500.02235174447,-187500.02235174447,-187500.02235174447,-187500.02235174447
não,2208.7770353289884,-7941.351287526047,6422.4161413212,12267.553778595184,-187500.02235174447,-187500.02235174447,-187500.02235174447,-187500.02235174447
não,2437.144808428861,-7933.058790333127,6782.592151474018,12210.914458145435,-187500.02235174447,-187500.02235174447,-187500.02235174447,-187500.02235174447
não,2592.1541562264156,-7868.708118046298,7187.6728162375475,12185.701690399848,-187500.02235174447,-187500.02235174447,-187500.02235174447,-187500.02235174447
não,2405.785310958065,-7879.213437940292,6918.378999040008,12216.681208214904,-187500.02235174447,-187500.02235174447,-187500.02235174447,-187500.02235174447
não,2203.211450959617,-7940.725438681297,6440.27518514099,12261.027069214233,-187500.02235174447,-187500.02235174447,-187500.02235174447,-187500.02235174447
não,2386.562810726501,-7952.013069631228,6671.325167575499,12214.535440747195,-187500.02235174447,-187500.02235174447,-187500.02235174447,-187500.02235174447
não,2603.2853249651585,-7887.08125198856,7168.56207472826,12180.963120575325,-187500.02235174447,-187500.02235174447,-187500.02235174447,-187500.02235174447
não,2470.9629977897403,-7867.501123845712,7015.0055903203,12236.596612524583,-187500.02235174447,-187500.02235174447,-187500.02235174447,-187500.02235174447
não,2233.341602485371,-7919.670095404398,6505.989313839593,12295.180534741943,-187500.02235174447,-187500.02235174447,-187500.02235174447,-187500.02235174447
não,2341.0323072710407,-7943.720572438308,6584.667454322273,12249.717086519848,-187500.02235174447,-187500.02235174447,-187500.02235174447,-187500.02235174447
não,2593.361150427002,-7888.645874100433,7121.019914271822,12184.69586189936,-187500.02235174447,-187500.02235174447,-187500.02235174447,-187500.02235174447
não,2514.548899477589,-7868.395193623924,7081.636140541571,12210.55683023415,-187500.02235174447,-187500.02235174447,-187500.02235174447,-187500.02235174447
não,2256.1627335742396,-7920.13948203796,6571.994015216114,12268.604310584584,-187500.02235174447,-187500.02235174447,-187500.02235174447,-187500.02235174447
não,2286.8740304558314,-7954.404706287945,6500.691950403685,12254.925042977935,-187500.02235174447,-187500.02235174447,-187500.02235174447,-187500.02235174447
não,2564.169772168371,-7896.826612571074,7047.415619780496,12189.479135212796,-187500.02235174447,-187500.02235174447,-187500.02235174447,-187500.02235174447
não,2536.945347421807,-7871.591493081033,7124.5738416402155,12199.872696384513,-187500.02235174447,-187500.02235174447,-187500.02235174447,-187500.02235174447
não,2280.6825972417114,-7907.488394676256,6640.010373593614,12241.178720137921,-187500.02235174447,-187500.02235174447,-187500.02235174447,-187500.02235174447
não,2248.4513817371585,-7938.110284580027,6436.989478706059,12260.960013980868,-187500.02235174447,-187500.02235174447,-187500.02235174447,-187500.02235174447
não,2543.583815525033,-7900.425243428379,6977.409956146474,12218.156423348955,-187500.02235174447,-187500.02235174447,-187500.02235174447,-187500.02235174447
não,2581.425318887868,-7865.981205222751,7181.8613626791675,12211.808527923647,-187500.02235174447,-187500.02235174447,-187500.02235174447,-187500.02235174447
não,2344.6532898728,-7892.870353802486,6763.883741364925,12257.89782499049,-187500.02235174447,-187500.02235174447,-187500.02235174447,-187500.02235174447
não,2229.765323372522,-7945.151084083448,6422.617307021297,12265.922101249946,-187500.02235174447,-187500.02235174447,-187500.02235174447,-187500.02235174447
não,2492.755948633665,-7921.94997333884,6868.802829838137,12194.821202137615,-187500.02235174447,-187500.02235174447,-187500.02235174447,-187500.02235174447
não,2601.0277987751724,-7856.906396973896,7199.362778587673,12182.661853153928,-187500.02235174447,-187500.02235174447,-187500.02235174447,-187500.02235174447
não,2390.228496817171,-7878.297016417625,6851.122599973989,12218.93873440489,-187500.02235174447,-187500.02235174447,-187500.02235174447,-187500.02235174447
não,2213.694419109156,-7949.912005652429,6408.759225459007,12247.168987651943,-187500.02235174447,-187500.02235174447,-187500.02235174447,-187500.02235174447
não,2455.562645860034,-7933.349363011046,6754.563063927062,12224.549022263172,-187500.02235174447,-187500.02235174447,-187500.02235174447,-187500.02235174447
não,2626.933470598873,-7867.925806990363,7191.271447094852,12184.137068287977,-187500.02235174447,-187500.02235174447,-187500.02235174447,-187500.02235174447
não,2456.076735982506,-7868.685766301843,6954.834694246614,12211.137975589989,-187500.02235174447,-187500.02235174447,-187500.02235174447,-187500.02235174447
não,2240.695326411167,-7929.549566453644,6471.522923889509,12260.155351180478,-187500.02235174447,-187500.02235174447,-187500.02235174447,-187500.02235174447
não,2395.5929154864452,-7942.781799171186,6652.527350488585,12214.133109347,-187500.02235174447,-187500.02235174447,-187500.02235174447,-187500.02235174447
não,2625.61471767601,-7888.0647287445945,7161.856551391667,12174.816390850114,-187500.02235174447,-187500.02235174447,-187500.02235174447,-187500.02235174447
não,2515.3088587890697,-7882.096812975027,7045.4486662684285,12222.023275139723,-187500.02235174447,-187500.02235174447,-187500.02235174447,-187500.02235174447
não,2285.4882222996025,-7931.5612234546215,6543.763761969061,12274.035784487223,-187500.02235174447,-187500.02235174447,-187500.02235174447,-187500.02235174447
não,2362.825258114965,-7940.47956949229,6566.674300035751,12240.731685248815,-187500.02235174447,-187500.02235174447,-187500.02235174447,-187500.02235174447
não,2626.352325243035,-7885.538981621145,7107.988847254378,12179.867885097014,-187500.02235174447,-187500.02235174447,-187500.02235174447,-187500.02235174447
não,2564.013309957184,-7861.801429009609,7107.78768155428,12193.189524792377,-187500.02235174447,-187500.02235174447,-187500.02235174447,-187500.02235174447
$SILENCE,2320.759275050077,-7915.780891869175,6621.033742551058,12254.835636000114,-187500.02235174447,-187500.02235174447,-187500.02235174447,-187500.02235174447
$SILENCE,2334.7514670790993,-7954.851741177052,6504.871726616827,12246.878414974024,-187500.02235174447,-187500.02235174447,-187500.02235174447,-187500.02235174447
$SILENCE,2608.806205845619,-7906.773138853686,7040.553634232716,12179.286739741176,-187500.02235174447,-187500.02235174447,-187500.02235174447,-187500.02235174447
$SILENCE,2601.899516808929,-7885.8966095324295,7162.415345003051,12182.840667109569,-187500.02235174447,-187500.02235174447,-187500.02235174447,-187500.02235174447
$SILENCE,2356.790287112032,-7913.277496490181,6711.781825039605,12248.286574874708,-187500.02235174447,-187500.02235174447,-187500.02235174447,-187500.02235174447
$SILENCE,2294.6300857818233,-7936.813883401619,6456.65901382673,12264.603348327084,-187500.02235174447,-187500.02235174447,-187500.02235174447,-187500.02235174447
$SILENCE,2572.3728623834686,-7913.523365679189,6953.001851201278,12194.84355388207,-187500.02235174447,-187500.02235174447,-187500.02235174447,-187500.02235174447
$SILENCE,2636.075334081094,-7871.882065758952,7195.5406302858155,12193.41304223693,-187500.02235174447,-187500.02235174447,-187500.02235174447,-187500.02235174447
$SILENCE,2413.42960756178,-7894.434975914357,6806.329704085553,12252.175778409932,-187500.02235174447,-187500.02235174447,-187500.02235174447,-187500.02235174447
$SILENCE,2268.702062213667,-7951.1637033419265,6433.346144359844,12264.893921005001,-187500.02235174447,-187500.02235174447,-187500.02235174447,-187500.02235174447
$SILENCE,2514.0571610995726,-7931.449464732345,6840.25965216871,12196.072899827112,-187500.02235174447,-187500.02235174447,-187500.02235174447,-187500.02235174447
$SILENCE,2645.932453385884,-7877.022966983673,7196.211182619475,12190.909646857936,-187500.02235174447,-187500.02235174447,-187500.02235174447,-187500.02235174447
$SILENCE,2453.3498231589583,-7880.934522263351,6895.960199351335,12248.33127836362,-187500.02235174447,-187500.02235174447,-187500.02235174447,-187500.02235174447
$SILENCE,2264.92461740072,-7946.805113173141,6447.338336388867,12275.466296132363,-187500.02235174447,-187500.02235174447,-187500.02235174447,-187500.02235174447
$SILENCE,2464.369233175425,-7954.583520243588,6740.660278875862,12203.761899919737,-187500.02235174447,-187500.02235174447,-187500.02235174447,-187500.02235174447
$SILENCE,2662.1151163715263,-7861.220283653771,7203.2296303784415,12166.412134934919,-187500.02235174447,-187500.02235174447,-187500.02235174447,-187500.02235174447
$SILENCE,2516.7617221786645,-7865.824743011563,7008.948267572912,12210.445071511875,-187500.02235174447,-187500.02235174447,-187500.02235174447,-187500.02235174447
$SILENCE,2290.919696202242,-7948.414438773923,6509.207965041157,12272.560569353172,-187500.02235174447,-187500.02235174447,-187500.02235174447,-187500.02235174447
$SILENCE,2426.035991434573,-7964.217122103825,6641.820864894494,12257.495493590295,-187500.02235174447,-187500.02235174447,-187500.02235174447,-187500.02235174447
$SILENCE,2662.4056890494453,-7887.79650781113,7161.364813013651,12180.359623475031,-187500.02235174447,-187500.02235174447,-187500.02235174447,-187500.02235174447
$SILENCE,2556.1007924200053,-7874.810144282597,7077.188143394965,12171.776553604193,-187500.02235174447,-187500.02235174447,-187500.02235174447,-187500.02235174447
$SILENCE,2315.1489871917947,-7941.9547846263395,6572.463401849676,12218.156423348955,-187500.02235174447,-187500.02235174447,-187500.02235174447,-187500.02235174447
$SILENCE,2398.5433457545455,-7963.211293603336,6568.864770992372,12203.918362130924,-187500.02235174447,-187500.02235174447,-187500.02235174447,-187500.02235174447
$SILENCE,2664.3055873281464,-7903.643894629943,7114.292039190775,12159.997184276246,-187500.02235174447,-187500.02235174447,-187500.02235174447,-187500.02235174447
$SILENCE,2616.2716884936917,-7880.219266440781,7157.430905989517,12181.656024653439,-187500.02235174447,-187500.02235174447,-187500.02235174447,-187500.02235174447
$SILENCE,2367.139144794839,-7920.5194616937,6666.765411706617,12244.643240528494,-187500.02235174447,-187500.02235174447,-187500.02235174447,-187500.02235174447
$SILENCE,2357.5055429346016,-7972.397860574468,6506.503403962065,12237.222461369332,-187500.02235174447,-187500.02235174447,-187500.02235174447,-187500.02235174447
$SILENCE,2643.585520218077,-7928.0967030640495,7053.718811716893,12169.988414047768,-187500.02235174447,-187500.02235174447,-187500.02235174447,-187500.02235174447
$SILENCE,2655.0519651236496,-7875.9724349942735,7190.422080805551,12172.558864660128,-187500.02235174447,-187500.02235174447,-187500.02235174447,-187500.02235174447
$SILENCE,2412.7367034836657,-7907.711912120809,6752.841979604003,12224.526670518717,-187500.02235174447,-187500.02235174447,-187500.02235174447,-187500.02235174447
$SILENCE,2320.893385516809,-7968.620415761521,6463.18572320768,12217.999961137768,-187500.02235174447,-187500.02235174447,-187500.02235174447,-187500.02235174447
$SILENCE,2606.168699999893,-7944.458180005334,6942.51888305174,12153.40341966193,-187500.02235174447,-187500.02235174447,-187500.02235174447,-187500.02235174447
$SILENCE,2690.8818114855067,-7891.886877046451,7219.702866042003,12144.909756768913,-187500.02235174447,-187500.02235174447,-187500.02235174447,-187500.02235174447
$SILENCE,2470.8288873230085,-7905.18616499736,6865.472419914297,12201.504373729751,-187500.02235174447,-187500.02235174447,-187500.02235174447,-187500.02235174447
$SILENCE,2318.948783749197,-7955.499941766256,6468.594845365864,12230.651048499472,-187500.02235174447,-187500.02235174447,-187500.02235174447,-187500.02235174447
$SILENCE,2547.7412399937202,-7941.66421194842,6838.940899245847,12166.702707612838,-187500.02235174447,-187500.02235174447,-187500.02235174447,-187500.02235174447
$SILENCE,2688.6466370399758,-7891.797470068631,7234.611479593692,12138.472454365785,-187500.02235174447,-187500.02235174447,-187500.02235174447,-187500.02235174447
$SILENCE,2517.5440332346,-7901.676941117877,6962.255473405776,12182.50539094274,-187500.02235174447,-187500.02235174447,-187500.02235174447,-187500.02235174447
$SILENCE,2316.7583127925773,-7959.5009040237555,6487.906752575249,12223.56554550714,-187500.02235174447,-187500.02235174447,-187500.02235174447,-187500.02235174447
$SILENCE,2496.5110417021565,-7967.972215172317,6737.598089885484,12169.697841369849,-187500.02235174447,-187500.02235174447,-187500.02235174447,-187500.02235174447
$SILENCE,2701.185965679403,-7907.443691187345,7202.42496757805,12125.620201303984,-187500.02235174447,-187500.02235174447,-187500.02235174447,-187500.02235174447
$SILENCE,2554.9608534527842,-7896.737205593254,7022.851052624113,12161.293585454654,-187500.02235174447,-187500.02235174447,-187500.02235174447,-187500.02235174447
$SILENCE,2321.854510528387,-7949.867302163519,6527.782264683517,12211.316789545632,-187500.02235174447,-187500.02235174447,-187500.02235174447,-187500.02235174447
$SILENCE,2440.0952386969616,-7971.14616288497,6626.912251342804,12171.26246348172,-187500.02235174447,-187500.02235174447,-187500.02235174447,-187500.02235174447
$SILENCE,2686.545573061177,-7909.991790055251,7178.843877177701,12120.2110791458,-187500.02235174447,-187500.02235174447,-187500.02235174447,-187500.02235174447
$SILENCE,2598.4573481628117,-7890.210496212304,7125.847891074168,12146.854358536526,-187500.02235174447,-187500.02235174447,-187500.02235174447,-187500.02235174447
$SILENCE,2358.0643365459846,-7941.418342759413,6615.155233759312,12205.550039476162,-187500.02235174447,-187500.02235174447,-187500.02235174447,-187500.02235174447
$SILENCE,2393.491851507646,-7976.15295364296,6564.953215712692,12185.79109737767,-187500.02235174447,-187500.02235174447,-187500.02235174447,-187500.02235174447
$SILENCE,2654.314357556624,-7925.079217562583,7090.576838323694,12112.075044164068,-187500.02235174447,-187500.02235174447,-187500.02235174447,-187500.02235174447
$SILENCE,2624.4077234754236,-7889.361129923002,7148.847836118679,12122.088625680046,-187500.02235174447,-187500.02235174447,-187500.02235174447,-187500.02235174447
$SILENCE,2373.621150686878,-7927.560261197122,6668.821772196505,12175.397536205952,-187500.02235174447,-187500.02235174447,-187500.02235174447,-187500.02235174447
$SILENCE,2353.2587114880935,-7976.622340276521,6486.029206041004,12185.187600277377,-187500.02235174447,-187500.02235174447,-187500.02235174447,-187500.02235174447
$SILENCE,2633.2813660241804,-7935.696296178854,7007.4730524388615,12115.181936643356,-187500.02235174447,-187500.02235174447,-187500.02235174447,-187500.02235174447
$SILENCE,2662.226875093803,-7892.646836357932,7205.040121679321,12114.73490175425,-187500.02235174447,-187500.02235174447,-187500.02235174447,-187500.02235174447
$SILENCE,2427.8688344799084,-7913.657476145921,6786.123727097956,12169.40726869193,-187500.02235174447,-187500.02235174447,-187500.02235174447,-187500.02235174447
$SILENCE,2318.188824437717,-7966.072316893616,6466.717298831618,12184.494696199263,-187500.02235174447,-187500.02235174447,-187500.02235174447,-187500.02235174447
$SILENCE,2579.7936415426307,-7942.781799171186,6929.778388712214,12116.321875610576,-187500.02235174447,-187500.02235174447,-187500.02235174447,-187500.02235174447
$SILENCE,2678.3424828460793,-7890.27755144567,7222.80975852129,12091.511439265185,-187500.02235174447,-187500.02235174447,-187500.02235174447,-187500.02235174447
$SILENCE,2464.168067475327,-7909.321237721591,6873.451992684841,12141.109960211512,-187500.02235174447,-187500.02235174447,-187500.02235174447,-187500.02235174447
$SILENCE,2300.0615596844627,-7966.944034927373,6456.346089404356,12182.684204898384,-187500.02235174447,-187500.02235174447,-187500.02235174447,-187500.02235174447
$SILENCE,2531.133893863427,-7957.712764467331,6803.133404628445,12123.094454180535,-187500.02235174447,-187500.02235174447,-187500.02235174447,-187500.02235174447
$SILENCE,2711.579526851121,-7896.8713160599855,7251.375287935172,12085.454116517796,-187500.02235174447,-187500.02235174447,-187500.02235174447,-187500.02235174447
$SILENCE,2519.779207680131,-7897.94419979384,6977.231142190832,12135.11969269749,-187500.02235174447,-187500.02235174447,-187500.02235174447,-187500.02235174447
$SILENCE,2311.013914467563,-7952.840084176074,6497.6744649022185,12165.987451790268,-187500.02235174447,-187500.02235174447,-187500.02235174447,-187500.02235174447
$SILENCE,2465.7997448205647,-7959.769124957219,6690.65942652934,12127.140119926944,-187500.02235174447,-187500.02235174447,-187500.02235174447,-187500.02235174447
$SILENCE,2682.611666037043,-7895.798432326131,7188.343368571207,12090.974997398258,-187500.02235174447,-187500.02235174447,-187500.02235174447,-187500.02235174447
$SILENCE,2545.5507690371,-7882.700310075321,7047.683840713959,12118.53469831165,-187500.02235174447,-187500.02235174447,-187500.02235174447,-187500.02235174447
$SILENCE,2309.784568522521,-7942.982964871284,6526.664677460752,12169.496675669752,-187500.02235174447,-187500.02235174447,-187500.02235174447,-187500.02235174447
$SILENCE,2410.5462325270455,-7969.067450650627,6576.464364107176,12143.613355590505,-187500.02235174447,-187500.02235174447,-187500.02235174447,-187500.02235174447
$SILENCE,2667.5242385297106,-7912.271667989692,7116.214289213931,12088.851581675004,-187500.02235174447,-187500.02235174447,-187500.02235174447,-187500.02235174447
$SILENCE,2600.3125429526026,-7886.678920588365,7108.12295772111,12110.085738907545,-187500.02235174447,-187500.02235174447,-187500.02235174447,-187500.02235174447
$SILENCE,2348.520141663568,-7928.990772842261,6613.277687225067,12167.842646580058,-187500.02235174447,-187500.02235174447,-187500.02235174447,-187500.02235174447
$SILENCE,2370.46955471868,-7968.933340183895,6518.0369041010035,12156.622070863496,-187500.02235174447,-187500.02235174447,-187500.02235174447,-187500.02235174447
$SILENCE,2645.3960115189566,-7916.47379594729,7062.547750776738,12095.780622456148,-187500.02235174447,-187500.02235174447,-187500.02235174447,-187500.02235174447
$SILENCE,2630.5991566895436,-7875.41364138289,7169.679661951025,12104.67661674936,-187500.02235174447,-187500.02235174447,-187500.02235174447,-187500.02235174447
$SILENCE,2381.04192984604,-7914.059807546117,6702.863479001937,12155.146855729445,-187500.02235174447,-187500.02235174447,-187500.02235174447,-187500.02235174447
$SILENCE,2325.5201966190575,-7964.5300465262,6462.537522618476,12157.806713319625,-187500.02235174447,-187500.02235174447,-187500.02235174447,-187500.02235174447
$SILENCE,2604.738188354753,-7927.023819330195,6970.726784554337,12103.53667778214,-187500.02235174447,-187500.02235174447,-187500.02235174447,-187500.02235174447
$SILENCE,2656.7730494467082,-7879.414603640391,7206.4035780910945,12097.658168990394,-187500.02235174447,-187500.02235174447,-187500.02235174447,-187500.02235174447
$SILENCE,2425.298383867548,-7904.783833597164,6807.357884330498,12152.218777205799,-187500.02235174447,-187500.02235174447,-187500.02235174447,-187500.02235174447
$SILENCE,2298.0051991945743,-7959.255034834748,6451.249891668545,12180.292568241664,-187500.02235174447,-187500.02235174447,-187500.02235174447,-187500.02235174447
$SILENCE,2558.514780821178,-7937.171511312904,6876.760050864226,12119.093491923035,-187500.02235174447,-187500.02235174447,-187500.02235174447,-187500.02235174447
$SILENCE,2675.190886877881,-7882.99088275324,7217.557098574293,12098.462831790786,-187500.02235174447,-187500.02235174447,-187500.02235174447,-187500.02235174447
$SILENCE,2462.5810936190005,-7891.864525301997,6885.477231201796,12141.2664224227,-187500.02235174447,-187500.02235174447,-187500.02235174447,-187500.02235174447
$SILENCE,2280.9284664307197,-7946.693354450865,6446.690135799663,12168.200274491344,-187500.02235174447,-187500.02235174447,-187500.02235174447,-187500.02235174447
$SILENCE,2498.723864403232,-7943.631165460488,6759.972186085247,12120.2110791458,-187500.02235174447,-187500.02235174447,-187500.02235174447,-187500.02235174447
$SILENCE,2681.941113703384,-7885.0695949875835,7203.050816422799,12092.986654399236,-187500.02235174447,-187500.02235174447,-187500.02235174447,-187500.02235174447
$SILENCE,2527.8928909174074,-7883.1920484533375,6991.379796431041,12136.170224686888,-187500.02235174447,-187500.02235174447,-187500.02235174447,-187500.02235174447
$SILENCE,2301.179146907228,-7934.981040356284,6495.104014289858,12185.701690399848,-187500.02235174447,-187500.02235174447,-187500.02235174447,-187500.02235174447
$SILENCE,2449.48297136819,-7948.816770174119,6657.0424028685575,12147.904890525924,-187500.02235174447,-187500.02235174447,-187500.02235174447,-187500.02235174447
$SILENCE,2686.545573061177,-7888.757632822709,7192.61255176217,12095.557105011596,-187500.02235174447,-187500.02235174447,-187500.02235174447,-187500.02235174447
$SILENCE,2562.0240047006614,-7871.189161680837,7083.334873120174,12127.92243098288,-187500.02235174447,-187500.02235174447,-187500.02235174447,-187500.02235174447
$SILENCE,2313.472606357647,-7925.012162329217,6557.420677831255,12174.324652472098,-187500.02235174447,-187500.02235174447,-187500.02235174447,-187500.02235174447
$SILENCE,2384.9311333812634,-7949.062639363127,6580.5547333424975,12156.242091207754,-187500.02235174447,-187500.02235174447,-187500.02235174447,-187500.02235174447
$SILENCE,2641.037421350172,-7899.844098072541,7097.729396549392,12103.581381271051,-187500.02235174447,-187500.02235174447,-187500.02235174447,-187500.02235174447
$SILENCE,2605.744016855242,-7870.943292491829,7131.100551021165,12120.233430890255,-187500.02235174447,-187500.02235174447,-187500.02235174447,-187500.02235174447
$SILENCE,2335.243205457116,-7914.976229068784,6603.554678387008,12179.867885097014,-187500.02235174447,-187500.02235174447,-187500.02235174447,-187500.02235174447
$SILENCE,2335.55612987949,-7958.025688889706,6482.385871694788,12171.731850115282,-187500.02235174447,-187500.02235174447,-187500.02235174447,-187500.02235174447
$SILENCE,2619.199767017337,-7908.807147599119,7025.041523580733,12107.06825340608,-187500.02235174447,-187500.02235174447,-187500.02235174447,-187500.02235174447
$SILENCE,2628.878072366485,-7867.970510479273,7170.774897429335,12112.276209864165,-187500.02235174447,-187500.02235174447,-187500.02235174447,-187500.02235174447
$SILENCE,2388.0603776050066,-7902.280438218169,6731.026677015624,12175.576350161595,-187500.02235174447,-187500.02235174447,-187500.02235174447,-187500.02235174447
$SILENCE,2316.7806645370324,-7952.258938820236,6450.780505034984,12184.517047943718,-187500.02235174447,-187500.02235174447,-187500.02235174447,-187500.02235174447
$SILENCE,2581.000635743217,-7916.160871524915,6933.712295736349,12123.697951280827,-187500.02235174447,-187500.02235174447,-187500.02235174447,-187500.02235174447
$SILENCE,2647.6311859644875,-7865.377708122458,7199.452185565494,12114.556087798606,-187500.02235174447,-187500.02235174447,-187500.02235174447,-187500.02235174447
$SILENCE,2429.075828680495,-7887.148307221927,6813.392855333431,12160.757143587727,-187500.02235174447,-187500.02235174447,-187500.02235174447,-187500.02235174447
$SILENCE,2285.9352571887084,-7940.926604381395,6426.595917534342,12189.725004401804,-187500.02235174447,-187500.02235174447,-187500.02235174447,-187500.02235174447
$SILENCE,2522.1931960813044,-7923.738112895265,6821.35007635952,12133.175090929877,-187500.02235174447,-187500.02235174447,-187500.02235174447,-187500.02235174447
$SILENCE,2666.093726884571,-7869.691594802332,7202.268505366863,12114.243163376232,-187500.02235174447,-187500.02235174447,-187500.02235174447,-187500.02235174447
$SILENCE,2483.30116072907,-7878.006443739706,6916.2555833167535,12163.573463389095,-187500.02235174447,-187500.02235174447,-187500.02235174447,-187500.02235174447
$SILENCE,2288.148079889784,-7933.416418244412,6453.261548669523,12204.298341786665,-187500.02235174447,-187500.02235174447,-187500.02235174447,-187500.02235174447
$SILENCE,2473.0864135129946,-7935.0257438451945,6717.816796042538,12154.230434206776,-187500.02235174447,-187500.02235174447,-187500.02235174447,-187500.02235174447
$SILENCE,2660.1481628594593,-7872.731432048254,7180.810830689768,12115.740730254738,-187500.02235174447,-187500.02235174447,-187500.02235174447,-187500.02235174447
$SILENCE,2506.5916784515,-7865.645929055921,6998.174726745454,12157.985527275268,-187500.02235174447,-187500.02235174447,-187500.02235174447,-187500.02235174447
$SILENCE,2286.047015910985,-7922.776987883686,6497.450947457665,12210.445071511875,-187500.02235174447,-187500.02235174447,-187500.02235174447,-187500.02235174447
$SILENCE,2417.6764390082885,-7941.261880548225,6614.082350025457,12173.631748393984,-187500.02235174447,-187500.02235174447,-187500.02235174447,-187500.02235174447
$SILENCE,2651.4980377552556,-7880.331025163058,7137.694315635481,12121.105148924013,-187500.02235174447,-187500.02235174447,-187500.02235174447,-187500.02235174447
$SILENCE,2559.565312810578,-7860.236806897737,7066.97339617889,12148.173111459388,-187500.02235174447,-187500.02235174447,-187500.02235174447,-187500.02235174447
$SILENCE,2310.9021557452866,-7909.075368532583,6558.471209820654,12208.813394166636,-187500.02235174447,-187500.02235174447,-187500.02235174447,-187500.02235174447
$SILENCE,2369.5084297071016,-7945.173435827904,6534.443084531198,12201.057338840645,-187500.02235174447,-187500.02235174447,-187500.02235174447,-187500.02235174447
$SILENCE,2634.0189735912054,-7884.913132776396,7074.729451504881,12141.467588122796,-187500.02235174447,-187500.02235174447,-187500.02235174447,-187500.02235174447
$SILENCE,2592.13180448196,-7852.2572341271925,7126.831367830202,12157.158512730422,-187500.02235174447,-187500.02235174447,-187500.02235174447,-187500.02235174447
$SILENCE,2350.1294672643503,-7896.446632915335,6653.689641200262,12207.762862177236,-187500.02235174447,-187500.02235174447,-187500.02235174447,-187500.02235174447
$SILENCE,2335.846702557409,-7935.472778734301,6490.007816554048,12205.617094709527,-187500.02235174447,-187500.02235174447,-187500.02235174447,-187500.02235174447
$SILENCE,2606.973362800284,-7899.486470161256,6981.120345726054,12149.827140549081,-187500.02235174447,-187500.02235174447,-187500.02235174447,-187500.02235174447
$SILENCE,2649.2628633097247,-7853.93361496134,7191.7855372173235,12150.050657993634,-187500.02235174447,-187500.02235174447,-187500.02235174447,-187500.02235174447
$SILENCE,2379.209086800705,-7883.437917642345,6714.531089607607,12213.641370968982,-187500.02235174447,-187500.02235174447,-187500.02235174447,-187500.02235174447
$SILENCE,2290.0703299129405,-7937.260918290725,6421.767940731996,12234.003810167767,-187500.02235174447,-187500.02235174447,-187500.02235174447,-187500.02235174447
$SILENCE,2572.171696683371,-7907.689560376354,6892.965065594324,12170.36839370351,-187500.02235174447,-187500.02235174447,-187500.02235174447,-187500.02235174447
$SILENCE,2662.1151163715263,-7854.090077172527,7189.058624393777,12160.287756954165,-187500.02235174447,-187500.02235174447,-187500.02235174447,-187500.02235174447
$SILENCE,2442.173950931305,-7869.088097702039,6830.402532863919,12211.495603501273,-187500.02235174447,-187500.02235174447,-187500.02235174447,-187500.02235174447
$SILENCE,2286.2258298666275,-7924.14044429546,6421.142091887247,12241.0893131601,-187500.02235174447,-187500.02235174447,-187500.02235174447,-187500.02235174447
$SILENCE,2527.8034839395864,-7917.680790147876,6780.871067150959,12188.853286368047,-187500.02235174447,-187500.02235174447,-187500.02235174447,-187500.02235174447
$SILENCE,2682.4999073147665,-7858.158094663393,7186.868153437156,12163.953443044835,-187500.02235174447,-187500.02235174447,-187500.02235174447,-187500.02235174447
$SILENCE,2501.920163860341,-7859.856827241997,6926.470330532829,12209.394539522475,-187500.02235174447,-187500.02235174447,-187500.02235174447,-187500.02235174447
$SILENCE,2292.886649714309,-7914.059807546117,6448.590034078364,12257.71901103485,-187500.02235174447,-187500.02235174447,-187500.02235174447,-187500.02235174447
$SILENCE,2479.9036955718634,-7924.1627960399155,6679.975292679703,12211.786176179192,-187500.02235174447,-187500.02235174447,-187500.02235174447,-187500.02235174447
$SILENCE,2694.3016283871684,-7863.03077495465,7164.918740382045,12167.082687268578,-187500.02235174447,-187500.02235174447,-187500.02235174447,-187500.02235174447
$SILENCE,2561.3087488780916,-7850.826722482053,7019.453587466906,12209.953333133857,-187500.02235174447,-187500.02235174447,-187500.02235174447,-187500.02235174447
$SILENCE,2326.7718943085547,-7898.905324805418,6516.092302333392,12262.703450048382,-187500.02235174447,-187500.02235174447,-187500.02235174447,-187500.02235174447
$SILENCE,2432.2944798820595,-7923.514595450712,6583.1922391882235,12227.27593508672,-187500.02235174447,-187500.02235174447,-187500.02235174447,-187500.02235174447
$SILENCE,2687.931381217406,-7866.897626745418,7115.186108968986,12171.463629181819,-187500.02235174447,-187500.02235174447,-187500.02235174447,-187500.02235174447
$SILENCE,2615.847005349041,-7843.9870886787285,7084.3630533651185,12203.963065619835,-187500.02235174447,-187500.02235174447,-187500.02235174447,-187500.02235174447
$SILENCE,2355.5385894225346,-7890.32225493458,6574.184486172734,12256.66847904545,-187500.02235174447,-187500.02235174447,-187500.02235174447,-187500.02235174447
$SILENCE,2388.529764238568,-7931.3824094989795,6497.696816646674,12238.60826952556,-187500.02235174447,-187500.02235174447,-187500.02235174447,-187500.02235174447
$SILENCE,2673.514506043733,-7874.787792538142,7047.236805824853,12186.036966566679,-187500.02235174447,-187500.02235174447,-187500.02235174447,-187500.02235174447
$SILENCE,2654.8955029124622,-7841.595452022011,7142.924623838023,12202.1302225745,-187500.02235174447,-187500.02235174447,-187500.02235174447,-187500.02235174447
$SILENCE,2400.599706244434,-7883.907304275907,6672.599217009451,12257.71901103485,-187500.02235174447,-187500.02235174447,-187500.02235174447,-187500.02235174447
$SILENCE,2364.0099005710963,-7929.482511220278,6455.60848183733,12262.479932603828,-187500.02235174447,-187500.02235174447,-187500.02235174447,-187500.02235174447
$SILENCE,2639.606909705032,-7884.220228698281,6967.172857185943,12199.269199284221,-187500.02235174447,-187500.02235174447,-187500.02235174447,-187500.02235174447
$SILENCE,2688.490174828789,-7841.863672955475,7185.102365625187,12200.565600462629,-187500.02235174447,-187500.02235174447,-187500.02235174447,-187500.02235174447
$SILENCE,2470.068928011528,-7873.446687870824,6776.557180471084,12258.657784301971,-187500.02235174447,-187500.02235174447,-187500.02235174447,-187500.02235174447
$SILENCE,2353.75044986611,-7927.068522819105,6435.357801360822,12284.38464217003,-187500.02235174447,-187500.02235174447,-187500.02235174447,-187500.02235174447
$SILENCE,2618.70802863932,-7902.950990551829,6874.1225450185,12217.32940880411,-187500.02235174447,-187500.02235174447,-187500.02235174447,-187500.02235174447
$SILENCE,2733.059553272671,-7841.349582833002,7230.252889424907,12189.166210790421,-187500.02235174447,-187500.02235174447,-187500.02235174447,-187500.02235174447
$SILENCE,2494.1864602788046,-7856.45936208479,6862.030251268179,12242.318659105142,-187500.02235174447,-187500.02235174447,-187500.02235174447,-187500.02235174447
$SILENCE,2344.4074206837918,-7914.462138946312,6442.331545630878,12273.0970112201,-187500.02235174447,-187500.02235174447,-187500.02235174447,-187500.02235174447
$SILENCE,2558.939463965829,-7912.159909267415,6743.990688799702,12225.621905997028,-187500.02235174447,-187500.02235174447,-187500.02235174447,-187500.02235174447
$SILENCE,2732.9924980393052,-7851.385516093435,7180.073223122743,12195.044719582167,-187500.02235174447,-187500.02235174447,-187500.02235174447,-187500.02235174447
$SILENCE,2569.4000803709127,-7852.793675994119,6961.942548983401,12234.18262412341,-187500.02235174447,-187500.02235174447,-187500.02235174447,-187500.02235174447
$SILENCE,2353.6833946327442,-7911.489356933756,6474.003967524049,12279.66842408996,-187500.02235174447,-187500.02235174447,-187500.02235174447,-187500.02235174447
$SILENCE,2520.561518736067,-7920.541813438155,6661.155123848334,12236.887185202502,-187500.02235174447,-187500.02235174447,-187500.02235174447,-187500.02235174447
$SILENCE,2747.4987801907996,-7860.169751664371,7167.8915223946005,12190.619074180016,-187500.02235174447,-187500.02235174447,-187500.02235174447,-187500.02235174447
$SILENCE,2629.4145142334123,-7850.446742826312,7049.963718648401,12218.491699515784,-187500.02235174447,-187500.02235174447,-187500.02235174447,-187500.02235174447
$SILENCE,2389.110909594406,-7902.883935318463,6539.919261922749,12265.206845427376,-187500.02235174447,-187500.02235174447,-187500.02235174447,-187500.02235174447
$SILENCE,2475.4109949363465,-7928.677848419888,6569.691785537218,12237.535385791707,-187500.02235174447,-187500.02235174447,-187500.02235174447,-187500.02235174447
$SILENCE,2740.2121114983693,-7875.927731505362,7115.990771769378,12183.868847354513,-187500.02235174447,-187500.02235174447,-187500.02235174447,-187500.02235174447
$SILENCE,2674.9673694333283,-7850.64790852641,7118.829443315201,12203.448975497364,-187500.02235174447,-187500.02235174447,-187500.02235174447,-187500.02235174447
$SILENCE,2427.600613546445,-7897.318350949091,6629.281536255066,12258.009583712768,-187500.02235174447,-187500.02235174447,-187500.02235174447,-187500.02235174447
$SILENCE,2438.3518026294473,-7936.836235146075,6511.8231191424275,12245.358496351064,-187500.02235174447,-187500.02235174447,-187500.02235174447,-187500.02235174447
$SILENCE,2713.3676664075456,-7888.176487466871,7048.242634325342,12184.561751432628,-187500.02235174447,-187500.02235174447,-187500.02235174447,-187500.02235174447
$SILENCE,2710.126663461526,-7848.748010247709,7177.1674963435535,12193.770670148215,-187500.02235174447,-187500.02235174447,-187500.02235174447,-187500.02235174447
$SILENCE,2458.7589453171427,-7884.331987420558,6719.694342576783,12247.034877185211,-187500.02235174447,-187500.02235174447,-187500.02235174447,-187500.02235174447
$SILENCE,2396.084653864462,-7938.758485169231,6459.497685372554,12247.727781263326,-187500.02235174447,-187500.02235174447,-187500.02235174447,-187500.02235174447
$SILENCE,2677.783689234697,-7905.387330697457,6957.3380896256085,12185.120545044012,-187500.02235174447,-187500.02235174447,-187500.02235174447,-187500.02235174447
$SILENCE,2740.614442898565,-7859.074516186061,7206.180060646541,12173.83291409408,-187500.02235174447,-187500.02235174447,-187500.02235174447,-187500.02235174447
$SILENCE,2514.9959343666956,-7880.979225752262,6815.136291400945,12228.974667665323,-187500.02235174447,-187500.02235174447,-187500.02235174447,-187500.02235174447
$SILENCE,2377.3762437553696,-7934.33283976708,6443.717353787107,12252.019316198744,-187500.02235174447,-187500.02235174447,-187500.02235174447,-187500.02235174447
$SILENCE,2635.136560813971,-7919.871261104497,6855.302376187132,12191.289626513675,-187500.02235174447,-187500.02235174447,-187500.02235174447,-187500.02235174447
$SILENCE,2757.154733795492,-7860.46032434229,7211.343313615717,12167.149742501944,-187500.02235174447,-187500.02235174447,-187500.02235174447,-187500.02235174447
$SILENCE,2558.8053534990972,-7868.216379668282,6912.209917570343,12222.626772240017,-187500.02235174447,-187500.02235174447,-187500.02235174447,-187500.02235174447
$SILENCE,2372.5482669530234,-7929.437807731368,6457.888359771772,12254.589766811105,-187500.02235174447,-187500.02235174447,-187500.02235174447,-187500.02235174447
$SILENCE,2572.819897272575,-7926.420322229901,6742.04608703209,12203.851306897559,-187500.02235174447,-187500.02235174447,-187500.02235174447,-187500.02235174447
$SILENCE,2760.8204198861627,-7868.328138390558,7199.630999521137,12165.227492478787,-187500.02235174447,-187500.02235174447,-187500.02235174447,-187500.02235174447
$SILENCE,2604.8275953325747,-7870.69742330282,6996.297180211209,12197.928094616902,-187500.02235174447,-187500.02235174447,-187500.02235174447,-187500.02235174447
não,2393.693017207744,-7925.839176874063,6521.456721002665,12236.70837124686,-187500.02235174447,-187500.02235174447,-187500.02235174447,-187500.02235174447
não,2521.0309053696283,-7933.461121733323,6653.466123755708,12206.265295298732,-187500.02235174447,-187500.02235174447,-187500.02235174447,-187500.02235174447
não,2749.9574720808832,-7879.280493173658,7147.193807028986,12164.892216311959,-187500.02235174447,-187500.02235174447,-187500.02235174447,-187500.02235174447
não,2653.9567296453392,-7863.70132728831,7078.328082362185,12185.880504355491,-187500.02235174447,-187500.02235174447,-187500.02235174447,-187500.02235174447
não,2405.628848746878,-7913.322199979091,6573.066898949969,12239.837615470602,-187500.02235174447,-187500.02235174447,-187500.02235174447,-187500.02235174447
não,2465.173895975816,-7944.793456172163,6563.880331978838,12217.642333226482,-187500.02235174447,-187500.02235174447,-187500.02235174447,-187500.02235174447
não,2732.6348701280203,-7892.222153213282,7103.719664063414,12153.224605706288,-187500.02235174447,-187500.02235174447,-187500.02235174447,-187500.02235174447
não,2691.8876399859955,-7860.46032434229,7138.70014413597,12171.418925692908,-187500.02235174447,-187500.02235174447,-187500.02235174447,-187500.02235174447
não,2438.1282851848946,-7903.219211485292,6648.9957748646475,12223.90082167397,-187500.02235174447,-187500.02235174447,-187500.02235174447,-187500.02235174447
não,2418.592860530956,-7946.536892239677,6478.742537348573,12211.450900012363,-187500.02235174447,-187500.02235174447,-187500.02235174447,-187500.02235174447
não,2707.086826215604,-7904.113281263505,7024.169805546976,12156.756181330227,-187500.02235174447,-187500.02235174447,-187500.02235174447,-187500.02235174447
não,2728.879777059529,-7863.433106354846,7195.5406302858155,12165.808637834625,-187500.02235174447,-187500.02235174447,-187500.02235174447,-187500.02235174447
não,2481.714186872743,-7893.451499158324,6747.499912679185,12213.84253666908,-187500.02235174447,-187500.02235174447,-187500.02235174447,-187500.02235174447
não,2389.982627628163,-7950.2249300748035,6448.232406167079,12222.85028968457,-187500.02235174447,-187500.02235174447,-187500.02235174447,-187500.02235174447
não,2667.1889623628813,-7917.367865725502,6932.237080602298,12165.182788989878,-187500.02235174447,-187500.02235174447,-187500.02235174447,-187500.02235174447
não,2746.4929516903107,-7859.454495841801,7220.149900931108,12150.587099860562,-187500.02235174447,-187500.02235174447,-187500.02235174447,-187500.02235174447
não,2523.400190281891,-7882.27562693067,6854.16243721991,12200.476193484807,-187500.02235174447,-187500.02235174447,-187500.02235174447,-187500.02235174447
não,2373.0400053310404,-7942.692392193365,6445.885472999272,12224.437263540896,-187500.02235174447,-187500.02235174447,-187500.02235174447,-187500.02235174447
não,2611.7566361137197,-7930.465987976312,6822.668829282383,12166.255672723732,-187500.02235174447,-187500.02235174447,-187500.02235174447,-187500.02235174447
não,2752.326756993146,-7870.205684924804,7213.556136316793,12141.087608467056,-187500.02235174447,-187500.02235174447,-187500.02235174447,-187500.02235174447
não,2576.4408798743343,-7880.599246096522,6944.731705752815,12185.925207844402,-187500.02235174447,-187500.02235174447,-187500.02235174447,-187500.02235174447
não,2382.695958935733,-7937.797360157652,6473.3110634459335,12224.258449585253,-187500.02235174447,-187500.02235174447,-187500.02235174447,-187500.02235174447
não,2567.1872576698374,-7942.647688704454,6713.61466808494,12171.88831232647,-187500.02235174447,-187500.02235174447,-187500.02235174447,-187500.02235174447
não,2771.6610159469865,-7886.164830465893,7195.384168074628,12125.508442581708,-187500.02235174447,-187500.02235174447,-187500.02235174447,-187500.02235174447
não,2638.9587091158282,-7880.1969146963265,7033.401076007018,12161.271233710198,-187500.02235174447,-187500.02235174447,-187500.02235174447,-187500.02235174447
não,2405.405331302325,-7934.601060700544,6521.702590191673,12206.242943554276,-187500.02235174447,-187500.02235174447,-187500.02235174447,-187500.02235174447
não,2522.1931960813044,-7949.599081230054,6615.915193070793,12176.537475173172,-187500.02235174447,-187500.02235174447,-187500.02235174447,-187500.02235174447
não,2772.2421613028246,-7893.719720091787,7155.307490266263,12125.664904792895,-187500.02235174447,-187500.02235174447,-187500.02235174447,-187500.02235174447
não,2690.0100934517495,-7875.592455338533,7103.920829763512,12151.570576616596,-187500.02235174447,-187500.02235174447,-187500.02235174447,-187500.02235174447
não,2437.9271194847965,-7920.944144838351,6596.647989350318,12206.488812743284,-187500.02235174447,-187500.02235174447,-187500.02235174447,-187500.02235174447
não,2474.293407713581,-7958.249206334259,6536.566500254453,12186.819277622615,-187500.02235174447,-187500.02235174447,-187500.02235174447,-187500.02235174447
não,2740.97207080985,-7899.978208539273,7084.519515576305,12132.25866940721,-187500.02235174447,-187500.02235174447,-187500.02235174447,-187500.02235174447
não,2711.914803017951,-7863.656623799399,7166.840990405201,12151.101189983034,-187500.02235174447,-187500.02235174447,-187500.02235174447,-187500.02235174447
não,2453.7968580480647,-7909.2541824882255,6687.1502026498565,12200.386786506986,-187500.02235174447,-187500.02235174447,-187500.02235174447,-187500.02235174447
não,2411.5744127719895,-7956.90810166694,6479.256627471045,12198.196315550365,-187500.02235174447,-187500.02235174447,-187500.02235174447,-187500.02235174447
não,2692.5358405751995,-7914.238621501759,6998.085319767633,12135.074989208579,-187500.02235174447,-187500.02235174447,-187500.02235174447,-187500.02235174447
não,2730.936137549417,-7869.848057013519,7195.160650630075,12128.324762383076,-187500.02235174447,-187500.02235174447,-187500.02235174447,-187500.02235174447
não,2496.913373102352,-7907.354284209524,6774.836096148026,12172.178885004389,-187500.02235174447,-187500.02235174447,-187500.02235174447,-187500.02235174447
não,2389.8708689058863,-7952.90713940944,6450.624042823797,12192.74248990327,-187500.02235174447,-187500.02235174447,-187500.02235174447,-187500.02235174447
não,2661.869247182518,-7922.687580905865,6906.420815756419,12146.07204748059,-187500.02235174447,-187500.02235174447,-187500.02235174447,-187500.02235174447
não,2766.83303914464,-7870.295091902625,7229.023543479865,12136.617259575994,-187500.02235174447,-187500.02235174447,-187500.02235174447,-187500.02235174447
não,2775.6172747155756,-7891.03751075715,7187.203429603986,12109.839869718537,-187500.02235174447,-187500.02235174447,-187500.02235174447,-187500.02235174447
não,2385.4452235037356,-7952.19188358687,6452.859217269328,12198.978626606302,-187500.02235174447,-187500.02235174447,-187500.02235174447,-187500.02235174447
não,2603.508842409711,-7946.0004503727505,6791.599904489506,12132.2139659183,-187500.02235174447,-187500.02235174447,-187500.02235174447,-187500.02235174447
não,2396.039950375551,-7923.536947195166,6488.622008397819,12208.947504633368,-187500.02235174447,-187500.02235174447,-187500.02235174447,-187500.02235174447
não,2643.0937818400603,-7886.410699654902,7053.160018105509,12143.769817801693,-187500.02235174447,-187500.02235174447,-187500.02235174447,-187500.02235174447
não,2448.946529501263,-7982.38909034599,6525.278869304522,12177.208027506833,-187500.02235174447,-187500.02235174447,-187500.02235174447,-187500.02235174447
não,2494.9911230791954,-7986.859439237051,6590.054224736003,12149.916547526902,-187500.02235174447,-187500.02235174447,-187500.02235174447,-187500.02235174447
não,2754.606634927587,-7905.0297027861725,7139.705972636459,12085.945854895814,-187500.02235174447,-187500.02235174447,-187500.02235174447,-187500.02235174447
não,2686.3667591055346,-7871.032699469651,7107.497108876361,12106.218887116776,-187500.02235174447,-187500.02235174447,-187500.02235174447,-187500.02235174447
não,2751.343280237112,-7886.902438032918,7105.038416986277,12152.419942905897,-187500.02235174447,-187500.02235174447,-187500.02235174447,-187500.02235174447
não,2746.2694342457576,-7846.9822224357395,7213.936115972533,12154.275137695688,-187500.02235174447,-187500.02235174447,-187500.02235174447,-187500.02235174447
não,2461.2176372072267,-7917.077293047583,6697.454356843753,12174.682280383382,-187500.02235174447,-187500.02235174447,-187500.02235174447,-187500.02235174447
não,2394.2294590746715,-7974.878904209007,6431.625060036786,12174.659928638928,-187500.02235174447,-187500.02235174447,-187500.02235174447,-187500.02235174447
não,2668.3736048190126,-7936.657421190432,6928.750208467271,12098.328721324055,-187500.02235174447,-187500.02235174447,-187500.02235174447,-187500.02235174447
não,2742.737858621819,-7878.364071650991,7197.306418097784,12120.412244845897,-187500.02235174447,-187500.02235174447,-187500.02235174447,-187500.02235174447
não,2499.617934181444,-7920.497109949245,6794.617389990973,12148.97777425978,-187500.02235174447,-187500.02235174447,-187500.02235174447,-187500.02235174447
não,2387.7921566715427,-7967.1899041163815,6456.189627193168,12188.205085778844,-187500.02235174447,-187500.02235174447,-187500.02235174447,-187500.02235174447
não,2661.1763431044037,-7937.23856654627,6898.754167408249,12146.340268414053,-187500.02235174447,-187500.02235174447,-187500.02235174447,-187500.02235174447
não,2782.1216323520703,-7877.2688361726805,7258.974881049977,12112.723244753272,-187500.02235174447,-187500.02235174447,-187500.02235174447,-187500.02235174447
não,2563.2757023901586,-7885.695443832332,6901.682245931894,12174.257597238731,-187500.02235174447,-187500.02235174447,-187500.02235174447,-187500.02235174447
não,2374.939903609741,-7956.103438866549,6417.878737196772,12192.0272340807,-187500.02235174447,-187500.02235174447,-187500.02235174447,-187500.02235174447
não,2555.7655162531755,-7992.156802672959,6710.530127350107,12112.790299986638,-187500.02235174447,-187500.02235174447,-187500.02235174447,-187500.02235174447
não,2749.0186988137602,-7937.819711902108,7189.416252305062,12097.904038179404,-187500.02235174447,-187500.02235174447,-187500.02235174447,-187500.02235174447
não,2603.2406214762477,-7905.521441164189,6993.503212154295,12147.033172492167,-187500.02235174447,-187500.02235174447,-187500.02235174447,-187500.02235174447
não,2404.5783167574787,-7929.661325175921,6537.214700843657,12204.678321442405,-187500.02235174447,-187500.02235174447,-187500.02235174447,-187500.02235174447
não,2548.9705859387623,-7947.632127717988,6675.192019366267,12160.891254054459,-187500.02235174447,-187500.02235174447,-187500.02235174447,-187500.02235174447
não,2741.5308644212323,-7910.036493544161,7127.613678886138,12083.755383939193,-187500.02235174447,-187500.02235174447,-187500.02235174447,-187500.02235174447
não,2659.6340727369875,-7881.694481574832,7057.9656431634,12143.21102419031,-187500.02235174447,-187500.02235174447,-187500.02235174447,-187500.02235174447
não,2405.2488690911377,-7960.886712179985,6539.718096222651,12174.79403910566,-187500.02235174447,-187500.02235174447,-187500.02235174447,-187500.02235174447
não,2485.4245764523243,-7973.046061163672,6560.7734394995505,12167.574425646595,-187500.02235174447,-187500.02235174447,-187500.02235174447,-187500.02235174447
não,2741.1732365099474,-7924.90040360694,7106.31246642023,12105.905962694404,-187500.02235174447,-187500.02235174447,-187500.02235174447,-187500.02235174447
não,2687.707863772853,-7905.007351041717,7116.996600269867,12108.364654584486,-187500.02235174447,-187500.02235174447,-187500.02235174447,-187500.02235174447
não,2451.6063870914445,-7918.798377370642,6634.221271779689,12178.191504262866,-187500.02235174447,-187500.02235174447,-187500.02235174447,-187500.02235174447
não,2455.3838319043916,-7955.9246249109065,6500.736653892595,12178.660890896428,-187500.02235174447,-187500.02235174447,-187500.02235174447,-187500.02235174447
não,2709.009076238761,-7951.543682997666,7016.234936265342,12088.493953763718,-187500.02235174447,-187500.02235174447,-187500.02235174447,-187500.02235174447
não,2706.840957026596,-7913.277496490181,7143.46106570495,12095.400642800409,-187500.02235174447,-187500.02235174447,-187500.02235174447,-187500.02235174447
não,2480.104861271961,-7930.175415298393,6728.612688614451,12176.962158317823,-187500.02235174447,-187500.02235174447,-187500.02235174447,-187500.02235174447
não,2415.910651196319,-7982.679663023909,6461.554045862442,12205.79590866517,-187500.02235174447,-187500.02235174447,-187500.02235174447,-187500.02235174447
não,2668.3065495856467,-7936.724476423798,6919.183661840399,12096.048843389612,-187500.02235174447,-187500.02235174447,-187500.02235174447,-187500.02235174447
não,2747.2305592573357,-7887.08125198856,7205.375397846151,12106.174183627867,-187500.02235174447,-187500.02235174447,-187500.02235174447,-187500.02235174447
não,2528.1611118508713,-7905.18616499736,6828.659096796406,12157.806713319625,-187500.02235174447,-187500.02235174447,-187500.02235174447,-187500.02235174447
não,2376.9962640996296,-7974.677738508909,6435.290746127456,12185.142896788466,-187500.02235174447,-187500.02235174447,-187500.02235174447,-187500.02235174447
não,2616.942240827351,-7964.284177337191,6826.535681073151,12124.524965825674,-187500.02235174447,-187500.02235174447,-187500.02235174447,-187500.02235174447
não,2755.4112977279783,-7903.979170796772,7199.541592543315,12092.651378232405,-187500.02235174447,-187500.02235174447,-187500.02235174447,-187500.02235174447
não,2573.490449606234,-7906.124938264483,6924.279859576209,12143.300431168132,-187500.02235174447,-187500.02235174447,-187500.02235174447,-187500.02235174447
não,2388.0827293494617,-7965.647633748965,6457.262510927023,12199.000978350758,-187500.02235174447,-187500.02235174447,-187500.02235174447,-187500.02235174447
não,2578.229019430759,-7967.681642494398,6725.326982179521,12158.521969142195,-187500.02235174447,-187500.02235174447,-187500.02235174447,-187500.02235174447
não,2771.4598502468884,-7905.521441164189,7196.032368663832,12125.374332114976,-187500.02235174447,-187500.02235174447,-187500.02235174447,-187500.02235174447
não,2610.974325057784,-7897.631275371466,7007.964790816879,12157.002050519235,-187500.02235174447,-187500.02235174447,-187500.02235174447,-187500.02235174447
não,2384.014711858596,-7955.164665599426,6512.024284842526,12225.376036808018,-187500.02235174447,-187500.02235174447,-187500.02235174447,-187500.02235174447
não,2509.698570930788,-7972.95665418585,6620.050265795025,12172.64827163795,-187500.02235174447,-187500.02235174447,-187500.02235174447,-187500.02235174447
não,2730.846730571596,-7906.527269664678,7124.864414318135,12077.496895491708,-187500.02235174447,-187500.02235174447,-187500.02235174447,-187500.02235174447
não,2651.81096217763,-7888.176487466871,7080.630312041082,12148.776608559681,-187500.02235174447,-187500.02235174447,-187500.02235174447,-187500.02235174447
não,2411.820281960998,-7939.294927036158,6574.877390250849,12212.389673279486,-187500.02235174447,-187500.02235174447,-187500.02235174447,-187500.02235174447
não,2454.690927826277,-7973.2919303526805,6532.096151363391,12181.968949075814,-187500.02235174447,-187500.02235174447,-187500.02235174447,-187500.02235174447
não,2725.8846433025174,-7921.078255305083,7086.173544665998,12133.488015352252,-187500.02235174447,-187500.02235174447,-187500.02235174447,-187500.02235174447
não,2683.639846281987,-7891.439842157346,7142.075257548721,12148.26251843721,-187500.02235174447,-187500.02235174447,-187500.02235174447,-187500.02235174447
não,2428.7852560025763,-7927.761426897219,6657.914120902315,12199.537420217684,-187500.02235174447,-187500.02235174447,-187500.02235174447,-187500.02235174447
não,2404.2206888461938,-7971.615549518532,6473.691043101674,12203.22545805281,-187500.02235174447,-187500.02235174447,-187500.02235174447,-187500.02235174447
não,2678.0519101681602,-7925.99563908525,7000.275790724253,12143.143968956945,-187500.02235174447,-187500.02235174447,-187500.02235174447,-187500.02235174447
não,2695.0168842097387,-7884.667263587387,7179.246208577897,12145.133274213467,-187500.02235174447,-187500.02235174447,-187500.02235174447,-187500.02235174447
não,2456.1437912158717,-7918.9995430707395,6744.929462066825,12193.70361491485,-187500.02235174447,-187500.02235174447,-187500.02235174447,-187500.02235174447
não,2351.2247027426606,-7963.479514536801,6426.79708323444,12198.397481250464,-187500.02235174447,-187500.02235174447,-187500.02235174447,-187500.02235174447
não,2614.483548937267,-7932.343534510557,6891.959237093835,12138.338343899053,-187500.02235174447,-187500.02235174447,-187500.02235174447,-187500.02235174447
não,2704.069340714138,-7883.393214153435,7198.669874509558,12145.40149514693,-187500.02235174447,-187500.02235174447,-187500.02235174447,-187500.02235174447
não,2489.3361317320027,-7905.364978953002,6844.372373148486,12195.715271915828,-187500.02235174447,-187500.02235174447,-187500.02235174447,-187500.02235174447
não,2321.9439175062084,-7959.612662746033,6427.042952423448,12218.491699515784,-187500.02235174447,-187500.02235174447,-187500.02235174447,-187500.02235174447
não,2545.0590306590834,-7945.307546294635,6786.838982920526,12158.343155186552,-187500.02235174447,-187500.02235174447,-187500.02235174447,-187500.02235174447
não,2694.346331876079,-7887.058900244106,7191.249095350397,12128.347114127531,-187500.02235174447,-187500.02235174447,-187500.02235174447,-187500.02235174447
não,2513.073684343539,-7892.199801468826,6927.699676477871,12166.88152156848,-187500.02235174447,-187500.02235174447,-187500.02235174447,-187500.02235174447
não,2309.6281063113342,-7946.626299217499,6453.149789947247,12219.1846035939,-187500.02235174447,-187500.02235174447,-187500.02235174447,-187500.02235174447
não,2487.816213109042,-7952.303642309147,6680.668196757817,12175.956329817334,-187500.02235174447,-187500.02235174447,-187500.02235174447,-187500.02235174447
não,2690.747701018775,-7885.7177955767875,7168.293853794797,12143.12161721249,-187500.02235174447,-187500.02235174447,-187500.02235174447,-187500.02235174447
não,2545.7072312482874,-7879.973397251773,7011.943401329923,12174.481114683285,-187500.02235174447,-187500.02235174447,-187500.02235174447,-187500.02235174447
não,2303.1908039082055,-7939.496092736255,6496.042787556981,12208.813394166636,-187500.02235174447,-187500.02235174447,-187500.02235174447,-187500.02235174447
não,2412.8261104614867,-7959.43384879039,6572.932788483237,12170.949539059346,-187500.02235174447,-187500.02235174447,-187500.02235174447,-187500.02235174447
não,2660.505790770744,-7895.75372883722,7112.436844400984,12128.481224594263,-187500.02235174447,-187500.02235174447,-187500.02235174447,-187500.02235174447
não,2574.876257762463,-7868.953987235307,7081.189105652465,12155.728001085283,-187500.02235174447,-187500.02235174447,-187500.02235174447,-187500.02235174447
não,2318.568804093457,-7922.553470439133,6575.458535606687,12207.427586010408,-187500.02235174447,-187500.02235174447,-187500.02235174447,-187500.02235174447
não,2352.0070137985963,-7963.054831392149,6499.283790503,12200.207972551343,-187500.02235174447,-187500.02235174447,-187500.02235174447,-187500.02235174447
não,2622.396066474446,-7910.103548777527,7040.173654576976,12144.663887579905,-187500.02235174447,-187500.02235174447,-187500.02235174447,-187500.02235174447
não,2596.915077795396,-7866.495295345223,7129.379466698107,12151.034134749669,-187500.02235174447,-187500.02235174447,-187500.02235174447,-187500.02235174447
não,2340.5405688930236,-7903.107452763016,6654.851931911938,12202.554905719151,-187500.02235174447,-187500.02235174447,-187500.02235174447,-187500.02235174447
não,2288.1033764008735,-7952.236587075781,6428.696981513141,12203.739548175281,-187500.02235174447,-187500.02235174447,-187500.02235174447,-187500.02235174447
não,2574.8315542735522,-7915.937354080362,6948.330336610119,12142.607527090016,-187500.02235174447,-187500.02235174447,-187500.02235174447,-187500.02235174447
não,2625.0559240646276,-7868.596359324022,7170.75254568488,12150.385934160464,-187500.02235174447,-187500.02235174447,-187500.02235174447,-187500.02235174447
não,2381.1313368238616,-7900.0452637726385,6756.641776161406,12197.190487049877,-187500.02235174447,-187500.02235174447,-187500.02235174447,-187500.02235174447
não,2275.944027417186,-7946.4698370063115,6441.012792708015,12224.347856563076,-187500.02235174447,-187500.02235174447,-187500.02235174447,-187500.02235174447
não,2513.9901058662067,-7920.362999482513,6832.59300382054,12164.892216311959,-187500.02235174447,-187500.02235174447,-187500.02235174447,-187500.02235174447
não,2627.8275403770854,-7870.630368069455,7184.208295846975,12133.488015352252,-187500.02235174447,-187500.02235174447,-187500.02235174447,-187500.02235174447
não,2396.978723642674,-7875.860676271996,6828.994372963235,12195.357644004542,-187500.02235174447,-187500.02235174447,-187500.02235174447,-187500.02235174447
não,2244.2045502906503,-7935.182206056382,6422.282030854468,12227.365342064542,-187500.02235174447,-187500.02235174447,-187500.02235174447,-187500.02235174447
não,2458.4013174058578,-7933.818749644608,6727.226880458222,12178.862056596525,-187500.02235174447,-187500.02235174447,-187500.02235174447,-187500.02235174447
não,2636.1200375700046,-7874.787792538142,7171.333691040718,12138.025419476679,-187500.02235174447,-187500.02235174447,-187500.02235174447,-187500.02235174447
não,2440.1846456747826,-7872.932597748351,6925.263336332243,12185.522876444207,-187500.02235174447,-187500.02235174447,-187500.02235174447,-187500.02235174447
não,2229.5194541835135,-7936.366848512513,6436.140112416758,12235.657839257461,-187500.02235174447,-187500.02235174447,-187500.02235174447,-187500.02235174447
não,2390.206145072716,-7944.748752683253,6611.713065113195,12200.0291585957,-187500.02235174447,-187500.02235174447,-187500.02235174447,-187500.02235174447
não,2616.1152262825044,-7881.917999019385,7119.902327049056,12155.97387027429,-187500.02235174447,-187500.02235174447,-187500.02235174447,-187500.02235174447
não,2497.650980669377,-7869.646891313421,7008.031846050245,12190.306149757642,-187500.02235174447,-187500.02235174447,-187500.02235174447,-187500.02235174447
não,2249.054878837452,-7919.08895004856,6497.138023035291,12232.997981667279,-187500.02235174447,-187500.02235174447,-187500.02235174447,-187500.02235174447
não,2329.632917598834,-7949.084991107583,6529.14572109529,12207.137013332489,-187500.02235174447,-187500.02235174447,-187500.02235174447,-187500.02235174447
não,2596.13276673946,-7894.122051491982,7076.718756761403,12153.939861528857,-187500.02235174447,-187500.02235174447,-187500.02235174447,-187500.02235174447
não,2542.198007368804,-7865.712984289287,7085.681806287981,12183.108888043034,-187500.02235174447,-187500.02235174447,-187500.02235174447,-187500.02235174447
não,2289.0645014124516,-7904.046226030139,6587.483774123642,12242.788045738704,-187500.02235174447,-187500.02235174447,-187500.02235174447,-187500.02235174447
não,2288.1033764008735,-7944.94991838335,6458.715374316618,12233.310906089653,-187500.02235174447,-187500.02235174447,-187500.02235174447,-187500.02235174447
não,2566.6284640584545,-7893.317388691591,6999.649941879505,12173.005899549235,-187500.02235174447,-187500.02235174447,-187500.02235174447,-187500.02235174447
não,2566.1590774248934,-7854.9617952062845,7126.339629452184,12176.69393738436,-187500.02235174447,-187500.02235174447,-187500.02235174447,-187500.02235174447
não,2314.1208069468507,-7892.423318913379,6667.570074507007,12229.019371154234,-187500.02235174447,-187500.02235174447,-187500.02235174447,-187500.02235174447
não,2239.3542217438485,-7944.771104427708,6402.768957944984,12236.283688102209,-187500.02235174447,-187500.02235174447,-187500.02235174447,-187500.02235174447
não,2515.9570593782737,-7909.500051677233,6900.721120920315,12177.02921355119,-187500.02235174447,-187500.02235174447,-187500.02235174447,-187500.02235174447
não,2583.548734611122,-7862.092001687527,7154.3910687435955,12171.50833267073,-187500.02235174447,-187500.02235174447,-187500.02235174447,-187500.02235174447
não,2359.3607377243925,-7888.578818867067,6763.995500087202,12226.784196708704,-187500.02235174447,-187500.02235174447,-187500.02235174447,-187500.02235174447
não,2224.9596983146307,-7944.346421283058,6390.095518838825,12250.633508042516,-187500.02235174447,-187500.02235174447,-187500.02235174447,-187500.02235174447
não,2466.5820558765004,-7923.492243706256,6790.258799822188,12184.785268877182,-187500.02235174447,-187500.02235174447,-187500.02235174447,-187500.02235174447
não,2588.7119875802982,-7865.735336033743,7150.792437886291,12154.83393130707,-187500.02235174447,-187500.02235174447,-187500.02235174447,-187500.02235174447
não,2404.8018342020314,-7875.2124756827925,6864.64540536945,12214.736606447294,-187500.02235174447,-187500.02235174447,-187500.02235174447,-187500.02235174447
não,2215.5943173878572,-7925.839176874063,6407.798100447429,12255.081505189122,-187500.02235174447,-187500.02235174447,-187500.02235174447,-187500.02235174447
não,2421.498587310146,-7927.8061303861305,6694.034539942091,12204.879487142503,-187500.02235174447,-187500.02235174447,-187500.02235174447,-187500.02235174447
não,2623.714819397309,-7862.807257510097,7179.80500218928,12163.55111164464,-187500.02235174447,-187500.02235174447,-187500.02235174447,-187500.02235174447
não,2448.119514956417,-7862.695498787821,6954.164141912955,12206.779385421203,-187500.02235174447,-187500.02235174447,-187500.02235174447,-187500.02235174447
não,2229.6535646502452,-7922.642877416954,6457.843656282861,12258.724839535338,-187500.02235174447,-187500.02235174447,-187500.02235174447,-187500.02235174447
não,2359.293682491026,-7936.47860723479,6593.094061981924,12216.36828379253,-187500.02235174447,-187500.02235174447,-187500.02235174447,-187500.02235174447
não,2589.6507608474208,-7881.605074597011,7101.171565195509,12155.1692074739,-187500.02235174447,-187500.02235174447,-187500.02235174447,-187500.02235174447
não,2487.1903642642933,-7862.1814086653485,7024.616840436082,12186.863981111524,-187500.02235174447,-187500.02235174447,-187500.02235174447,-187500.02235174447
não,2238.0131170765303,-7913.8362901015635,6501.742482393084,12251.527577820729,-187500.02235174447,-187500.02235174447,-187500.02235174447,-187500.02235174447
não,2297.602867794379,-7942.915909637918,6496.378063723811,12223.69965597387,-187500.02235174447,-187500.02235174447,-187500.02235174447,-187500.02235174447
não,2553.262120874181,-7892.624484613477,7016.681971154449,12162.388820932963,-187500.02235174447,-187500.02235174447,-187500.02235174447,-187500.02235174447
não,2522.5508239925894,-7859.454495841801,7075.958797449923,12184.427640965896,-187500.02235174447,-187500.02235174447,-187500.02235174447,-187500.02235174447
não,2270.7807744480106,-7898.9276765498735,6589.87541078036,12240.776388737726,-187500.02235174447,-187500.02235174447,-187500.02235174447,-187500.02235174447
não,2259.627253964812,-7941.932432881884,6428.540519301953,12241.245775371288,-187500.02235174447,-187500.02235174447,-187500.02235174447,-187500.02235174447
não,2540.5663300235665,-7900.604057384022,6959.5732640711385,12174.011728049723,-187500.02235174447,-187500.02235174447,-187500.02235174447,-187500.02235174447
não,2558.0453941876167,-7860.9520627203065,7123.858585817646,12175.755164117238,-187500.02235174447,-187500.02235174447,-187500.02235174447,-187500.02235174447
não,2314.724304047144,-7890.366958423491,6686.479650316197,12229.019371154234,-187500.02235174447,-187500.02235174447,-187500.02235174447,-187500.02235174447
não,2225.451436692648,-7944.1229038385045,6391.257809550501,12243.570356794638,-187500.02235174447,-187500.02235174447,-187500.02235174447,-187500.02235174447
não,2499.0814923145167,-7910.3717697109905,6871.619149639506,12182.483039198285,-187500.02235174447,-187500.02235174447,-187500.02235174447,-187500.02235174447
não,2579.458365375801,-7856.548769062611,7156.335670511207,12171.731850115282,-187500.02235174447,-187500.02235174447,-187500.02235174447,-187500.02235174447
não,2359.1148685353837,-7880.3757286519685,6787.889514909925,12219.206955338354,-187500.02235174447,-187500.02235174447,-187500.02235174447,-187500.02235174447
não,2207.637096361768,-7936.5233107237,6383.144126313225,12251.460522587362,-187500.02235174447,-187500.02235174447,-187500.02235174447,-187500.02235174447
não,2448.2536254231486,-7919.826557615585,6761.916787852859,12191.915475358424,-187500.02235174447,-187500.02235174447,-187500.02235174447,-187500.02235174447
não,2599.4184731743903,-7862.896664487918,7156.4474292334835,12165.965100045813,-187500.02235174447,-187500.02235174447,-187500.02235174447,-187500.02235174447
não,2413.3178488395038,-7871.122106447471,6878.570542165106,12213.596667480073,-187500.02235174447,-187500.02235174447,-187500.02235174447,-187500.02235174447
não,2205.6477911052457,-7929.527214709189,6403.864193423295,12252.980441210324,-187500.02235174447,-187500.02235174447,-187500.02235174447,-187500.02235174447
não,2394.2294590746715,-7930.309525765125,6649.956899876225,12206.242943554276,-187500.02235174447,-187500.02235174447,-187500.02235174447,-187500.02235174447
não,2593.94229578284,-7871.300920403114,7127.971306797423,12164.623995378495,-187500.02235174447,-187500.02235174447,-187500.02235174447,-187500.02235174447
não,2449.10299171245,-7864.371879621969,6960.266168149254,12199.380958006497,-187500.02235174447,-187500.02235174447,-187500.02235174447,-187500.02235174447
não,2215.370799943304,-7917.680790147876,6456.547255104453,12244.0397434282,-187500.02235174447,-187500.02235174447,-187500.02235174447,-187500.02235174447
não,2335.17615022375,-7937.529139224189,6555.364317341366,12214.490737258284,-187500.02235174447,-187500.02235174447,-187500.02235174447,-187500.02235174447
não,2599.1279004964713,-7876.4418216278345,7112.392140912073,12166.635652379473,-187500.02235174447,-187500.02235174447,-187500.02235174447,-187500.02235174447
não,2513.0960360879944,-7854.201835894804,7064.067669399699,12198.285722528188,-187500.02235174447,-187500.02235174447,-187500.02235174447,-187500.02235174447
não,2253.1899515616838,-7905.432034186368,6527.804616427972,12250.164121408954,-187500.02235174447,-187500.02235174447,-187500.02235174447,-187500.02235174447
não,2303.1013969303845,-7938.534967724678,6489.538429920487,12229.80168221017,-187500.02235174447,-187500.02235174447,-187500.02235174447,-187500.02235174447
não,2564.102716935005,-7889.405833411913,7008.4118257059845,12174.637576894473,-187500.02235174447,-187500.02235174447,-187500.02235174447,-187500.02235174447
não,2543.628519013944,-7847.496312558212,7107.117129220621,12185.008786321734,-187500.02235174447,-187500.02235174447,-187500.02235174447,-187500.02235174447
não,2268.433841280203,-7890.478717145767,6584.466288622176,12242.89980446098,-187500.02235174447,-187500.02235174447,-187500.02235174447,-187500.02235174447
não,2243.690460168178,-7936.366848512513,6395.1246613412695,12246.699601018383,-187500.02235174447,-187500.02235174447,-187500.02235174447,-187500.02235174447
não,2527.1776350948376,-7893.764423580697,6926.447978788374,12188.65212066795,-187500.02235174447,-187500.02235174447,-187500.02235174447,-187500.02235174447
não,2563.3204058790693,-7853.151303905404,7127.546623652772,12186.238132266777,-187500.02235174447,-187500.02235174447,-187500.02235174447,-187500.02235174447
não,2323.732057062633,-7880.867467029985,6710.75364479466,12240.888147460002,-187500.02235174447,-187500.02235174447,-187500.02235174447,-187500.02235174447
não,2215.7507795990446,-7929.482511220278,6384.775803658463,12265.720935549849,-187500.02235174447,-187500.02235174447,-187500.02235174447,-187500.02235174447
não,2485.8269078525195,-7903.599191141033,6836.213986422299,12202.93488537489,-187500.02235174447,-187500.02235174447,-187500.02235174447,-187500.02235174447
não,2586.677978834865,-7851.921957960362,7151.3959349865845,12178.571483918606,-187500.02235174447,-187500.02235174447,-187500.02235174447,-187500.02235174447
não,2376.4151187437915,-7867.568179079078,6809.458948309297,12229.734626976804,-187500.02235174447,-187500.02235174447,-187500.02235174447,-187500.02235174447
não,2207.793558572955,-7928.789607142164,6384.775803658463,12261.272938403243,-187500.02235174447,-187500.02235174447,-187500.02235174447,-187500.02235174447
não,2437.10010493995,-7918.70897039282,6731.496063649186,12211.719120945827,-187500.02235174447,-187500.02235174447,-187500.02235174447,-187500.02235174447
não,2599.239659218748,-7855.051202184106,7151.999432086877,12188.65212066795,-187500.02235174447,-187500.02235174447,-187500.02235174447,-187500.02235174447
não,2421.722104754699,-7853.732449261242,6905.727911678304,12232.774464222726,-187500.02235174447,-187500.02235174447,-187500.02235174447,-187500.02235174447
não,2208.173538228695,-7909.812976099608,6420.382132575766,12271.912368763968,-187500.02235174447,-187500.02235174447,-187500.02235174447,-187500.02235174447
não,2369.5531331960124,-7920.050075060139,6624.386504219354,12227.588859509095,-187500.02235174447,-187500.02235174447,-187500.02235174447,-187500.02235174447
não,2582.2076299438036,-7860.527379575656,7119.924678793512,12186.305187500142,-187500.02235174447,-187500.02235174447,-187500.02235174447,-187500.02235174447
não,2469.599541377967,-7852.011364938184,6988.362310929574,12215.585972736595,-187500.02235174447,-187500.02235174447,-187500.02235174447,-187500.02235174447
não,2233.341602485371,-7904.761481852709,6480.083642015892,12265.162141938466,-187500.02235174447,-187500.02235174447,-187500.02235174447,-187500.02235174447
$SILENCE,2326.995411753108,-7931.874147876996,6532.565537996953,12239.971725937334,-187500.02235174447,-187500.02235174447,-187500.02235174447,-187500.02235174447
$SILENCE,2579.324254909069,-7873.826667526564,7069.3426810911515,12186.282835755686,-187500.02235174447,-187500.02235174447,-187500.02235174447,-187500.02235174447
$SILENCE,2507.5751552075335,-7843.651812511899,7054.769343706292,12211.048568612166,-187500.02235174447,-187500.02235174447,-187500.02235174447,-187500.02235174447
$SILENCE,2258.330852786404,-7888.310597933602,6557.644195275807,12266.95028149489,-187500.02235174447,-187500.02235174447,-187500.02235174447,-187500.02235174447
$SILENCE,2274.6476262387787,-7924.09574080655,6457.351917904844,12262.748153537292,-187500.02235174447,-187500.02235174447,-187500.02235174447,-187500.02235174447
$SILENCE,2545.2154928702707,-7878.922865262373,6997.973561045356,12202.621960952516,-187500.02235174447,-187500.02235174447,-187500.02235174447,-187500.02235174447
$SILENCE,2534.9783939097397,-7843.920033445363,7109.352303666152,12206.600571465562,-187500.02235174447,-187500.02235174447,-187500.02235174447,-187500.02235174447
$SILENCE,2294.7194927596443,-7880.398080396424,6662.563283749018,12259.820075013648,-187500.02235174447,-187500.02235174447,-187500.02235174447,-187500.02235174447
$SILENCE,2240.9635473446306,-7926.308563507625,6445.974879977093,12268.827828029136,-187500.02235174447,-187500.02235174447,-187500.02235174447,-187500.02235174447
$SILENCE,2505.11646331745,-7890.232847956759,6903.0457023436675,12212.903763401959,-187500.02235174447,-187500.02235174447,-187500.02235174447,-187500.02235174447
$SILENCE,2596.266877206192,-7843.1600741338825,7167.913874139056,12200.587952207085,-187500.02235174447,-187500.02235174447,-187500.02235174447,-187500.02235174447
$SILENCE,2358.176095268261,-7874.2737024156695,6733.753589839172,12257.070810445644,-187500.02235174447,-187500.02235174447,-187500.02235174447,-187500.02235174447
$SILENCE,2225.473788437103,-7929.124883308993,6381.557152456899,12284.652863103494,-187500.02235174447,-187500.02235174447,-187500.02235174447,-187500.02235174447
$SILENCE,2466.8279250655087,-7904.917944063895,6802.77577671716,12222.604420495561,-187500.02235174447,-187500.02235174447,-187500.02235174447,-187500.02235174447
$SILENCE,2592.6235428599766,-7847.809236980586,7151.485341964405,12195.31294051563,-187500.02235174447,-187500.02235174447,-187500.02235174447,-187500.02235174447
$SILENCE,2403.147805112339,-7862.874312743464,6841.623108580484,12241.961031193858,-187500.02235174447,-187500.02235174447,-187500.02235174447,-187500.02235174447
$SILENCE,2214.2308609760835,-7919.334819237569,6397.605704975808,12279.66842408996,-187500.02235174447,-187500.02235174447,-187500.02235174447,-187500.02235174447
$SILENCE,2415.5753750294894,-7912.47283368979,6704.919839491826,12234.428493312418,-187500.02235174447,-187500.02235174447,-187500.02235174447,-187500.02235174447
$SILENCE,2590.7236445812755,-7848.859768969985,7149.60779543016,12203.113699330534,-187500.02235174447,-187500.02235174447,-187500.02235174447,-187500.02235174447
$SILENCE,2438.307099140537,-7847.652774769399,6935.858063204058,12236.0378189132,-187500.02235174447,-187500.02235174447,-187500.02235174447,-187500.02235174447
$SILENCE,2228.468922194114,-7904.225039985781,6442.309193886423,12282.842371802613,-187500.02235174447,-187500.02235174447,-187500.02235174447,-187500.02235174447
$SILENCE,2382.3159792799925,-7919.245412259747,6602.884126053349,12243.391542838997,-187500.02235174447,-187500.02235174447,-187500.02235174447,-187500.02235174447
$SILENCE,2619.9820780732725,-7862.807257510097,7114.336742679685,12195.290588771175,-187500.02235174447,-187500.02235174447,-187500.02235174447,-187500.02235174447
$SILENCE,2512.1796145653266,-7846.222263124259,7012.323380985664,12228.102949631566,-187500.02235174447,-187500.02235174447,-187500.02235174447,-187500.02235174447
$SILENCE,2258.7108324421447,-7893.004464269217,6502.636552171297,12281.121287479555,-187500.02235174447,-187500.02235174447,-187500.02235174447,-187500.02235174447
$SILENCE,2327.688315831222,-7924.788644884664,6512.292505775989,12253.628641799527,-187500.02235174447,-187500.02235174447,-187500.02235174447,-187500.02235174447
$SILENCE,2589.293132936136,-7868.08226920155,7058.099753630132,12196.922266116413,-187500.02235174447,-187500.02235174447,-187500.02235174447,-187500.02235174447
$SILENCE,2541.907434690885,-7840.187292121326,7082.396099853051,12212.076748857111,-187500.02235174447,-187500.02235174447,-187500.02235174447,-187500.02235174447
$SILENCE,2296.172356149239,-7884.555504865111,6592.132936970346,12267.28555766172,-187500.02235174447,-187500.02235174447,-187500.02235174447,-187500.02235174447
$SILENCE,2297.8487369833874,-7929.974249598295,6452.926272502694,12262.18935992591,-187500.02235174447,-187500.02235174447,-187500.02235174447,-187500.02235174447
$SILENCE,2576.485583363245,-7885.807202554608,6991.692720853415,12205.37122552052,-187500.02235174447,-187500.02235174447,-187500.02235174447,-187500.02235174447
$SILENCE,2583.258161933203,-7844.143550889916,7135.50384467886,12210.534478489695,-187500.02235174447,-187500.02235174447,-187500.02235174447,-187500.02235174447
$SILENCE,2337.6571938582892,-7875.100716960516,6690.391205595876,12262.56933958165,-187500.02235174447,-187500.02235174447,-187500.02235174447,-187500.02235174447
$SILENCE,2257.1685620747285,-7926.643839674454,6413.766016216996,12273.85697053158,-187500.02235174447,-187500.02235174447,-187500.02235174447,-187500.02235174447
$SILENCE,2537.459437544279,-7895.954894537318,6898.485946474785,12214.84836516957,-187500.02235174447,-187500.02235174447,-187500.02235174447,-187500.02235174447
$SILENCE,2614.1259210259823,-7845.2164346237705,7162.214179302952,12203.806603408648,-187500.02235174447,-187500.02235174447,-187500.02235174447,-187500.02235174447
$SILENCE,2395.727025953177,-7867.9928622237285,6788.649474221405,12249.873548731035,-187500.02235174447,-187500.02235174447,-187500.02235174447,-187500.02235174447
$SILENCE,2265.483411012103,-7922.642877416954,6432.876757726283,12273.655804831482,-187500.02235174447,-187500.02235174447,-187500.02235174447,-187500.02235174447
$SILENCE,2482.5412014175895,-7908.695388876843,6783.039186363124,12218.491699515784,-187500.02235174447,-187500.02235174447,-187500.02235174447,-187500.02235174447
$SILENCE,2633.750752657742,-7852.927786460851,7182.844839435201,12188.763879390226,-187500.02235174447,-187500.02235174447,-187500.02235174447,-187500.02235174447
$SILENCE,2426.684192023777,-7864.774211022164,6873.206123495833,12246.699601018383,-187500.02235174447,-187500.02235174447,-187500.02235174447,-187500.02235174447
$SILENCE,2251.5806259609017,-7920.161833782415,6431.669763525697,12285.323415437153,-187500.02235174447,-187500.02235174447,-187500.02235174447,-187500.02235174447
$SILENCE,2437.9941747181624,-7914.506842435222,6680.511734546631,12235.926060190925,-187500.02235174447,-187500.02235174447,-187500.02235174447,-187500.02235174447
$SILENCE,2632.6555171794316,-7859.119219674972,7132.642821388581,12199.448013239862,-187500.02235174447,-187500.02235174447,-187500.02235174447,-187500.02235174447
$SILENCE,2495.616971923944,-7855.878216728952,6967.351671141586,12239.32352534813,-187500.02235174447,-187500.02235174447,-187500.02235174447,-187500.02235174447
$SILENCE,2266.600998234868,-7908.114243521005,6470.114763988825,12288.787935827726,-187500.02235174447,-187500.02235174447,-187500.02235174447,-187500.02235174447
$SILENCE,2393.0671683629953,-7926.487377463267,6589.361320657888,12249.784141753214,-187500.02235174447,-187500.02235174447,-187500.02235174447,-187500.02235174447
$SILENCE,2636.4776654812895,-7869.803353524609,7117.041303758777,12194.620036437516,-187500.02235174447,-187500.02235174447,-187500.02235174447,-187500.02235174447
$SILENCE,2546.467190559768,-7851.631385282444,7052.891797172046,12223.140862362488,-187500.02235174447,-187500.02235174447,-187500.02235174447,-187500.02235174447
$SILENCE,2294.9430102041974,-7896.692502104343,6546.557730025975,12280.830714801636,-187500.02235174447,-187500.02235174447,-187500.02235174447,-187500.02235174447
$SILENCE,2345.569711395468,-7931.3824094989795,6509.677351674718,12258.411915112963,-187500.02235174447,-187500.02235174447,-187500.02235174447,-187500.02235174447
$SILENCE,2626.1735112873926,-7882.029757741661,7056.512779773806,12201.012635351735,-187500.02235174447,-187500.02235174447,-187500.02235174447,-187500.02235174447
$SILENCE,2587.7285108242645,-7850.714963759776,7108.100605976654,12211.674417456916,-187500.02235174447,-187500.02235174447,-187500.02235174447,-187500.02235174447
$SILENCE,2333.7679903230655,-7891.328083435069,6627.314582742999,12268.738421051316,-187500.02235174447,-187500.02235174447,-187500.02235174447,-187500.02235174447
$SILENCE,2311.8409290124096,-7935.897461878952,6446.690135799663,12274.169894953955,-187500.02235174447,-187500.02235174447,-187500.02235174447,-187500.02235174447
$SILENCE,2596.4680429062896,-7894.971417781284,6975.219485189854,12209.729815689305,-187500.02235174447,-187500.02235174447,-187500.02235174447,-187500.02235174447
$SILENCE,2622.1725490298927,-7850.312632359581,7155.419248988539,12213.529612246706,-187500.02235174447,-187500.02235174447,-187500.02235174447,-187500.02235174447
$SILENCE,2380.7066536792104,-7878.989920495739,6725.170519968334,12269.118400707055,-187500.02235174447,-187500.02235174447,-187500.02235174447,-187500.02235174447
$SILENCE,2280.6155420083455,-7931.672982176899,6414.928306928672,12280.830714801636,-187500.02235174447,-187500.02235174447,-187500.02235174447,-187500.02235174447
$SILENCE,2551.049298173106,-7903.04039752965,6878.816411354114,12213.015522124235,-187500.02235174447,-187500.02235174447,-187500.02235174447,-187500.02235174447
$SILENCE,2651.4980377552556,-7852.190178893827,7179.760298700368,12198.732757417292,-187500.02235174447,-187500.02235174447,-187500.02235174447,-187500.02235174447
$SILENCE,2440.7657910306207,-7872.664376814888,6826.692143284338,12249.515920819751,-187500.02235174447,-187500.02235174447,-187500.02235174447,-187500.02235174447
$SILENCE,2279.766175719044,-7931.80709264363,6413.0284086499705,12281.411860157474,-187500.02235174447,-187500.02235174447,-187500.02235174447,-187500.02235174447
$SILENCE,2504.8929458728967,-7918.194880270348,6772.444459491308,12226.404217052963,-187500.02235174447,-187500.02235174447,-187500.02235174447,-187500.02235174447
$SILENCE,2658.3153198141245,-7857.800466752108,7177.4580690214725,12201.660835940938,-187500.02235174447,-187500.02235174447,-187500.02235174447,-187500.02235174447
$SILENCE,2483.2564572401593,-7863.835437755041,6919.22836532931,12249.739438264303,-187500.02235174447,-187500.02235174447,-187500.02235174447,-187500.02235174447
$SILENCE,2291.4561380691694,-7920.161833782415,6466.449077898154,12284.563456125672,-187500.02235174447,-187500.02235174447,-187500.02235174447,-187500.02235174447
$SILENCE,2448.3430324009696,-7929.504862964734,6665.401955294843,12238.56356603665,-187500.02235174447,-187500.02235174447,-187500.02235174447,-187500.02235174447
$SILENCE,2664.842029195074,-7869.5574843356,7154.212254787953,12189.725004401804,-187500.02235174447,-187500.02235174447,-187500.02235174447,-187500.02235174447
$SILENCE,2535.157207865382,-7856.124085917961,7003.047407036711,12218.89403091598,-187500.02235174447,-187500.02235174447,-187500.02235174447,-187500.02235174447
$SILENCE,2309.784568522521,-7913.769234868198,6492.8017846109615,12271.308871663676,-187500.02235174447,-187500.02235174447,-187500.02235174447,-187500.02235174447
$SILENCE,2417.0729419079953,-7934.690467678365,6570.2505791486,12243.525653305729,-187500.02235174447,-187500.02235174447,-187500.02235174447,-187500.02235174447
$SILENCE,2673.894485699473,-7880.912170518896,7085.748861521347,12193.055414325645,-187500.02235174447,-187500.02235174447,-187500.02235174447,-187500.02235174447
$SILENCE,2608.426226189879,-7860.236806897737,7066.593416523149,12217.687036715393,-187500.02235174447,-187500.02235174447,-187500.02235174447,-187500.02235174447
$SILENCE,2355.046851044518,-7904.739130108253,6568.909474481282,12273.208769942376,-187500.02235174447,-187500.02235174447,-187500.02235174447,-187500.02235174447
$SILENCE,2376.0574908325066,-7939.294927036158,6494.388758467288,12259.507150591273,-187500.02235174447,-187500.02235174447,-187500.02235174447,-187500.02235174447
$SILENCE,2644.837217907574,-7887.461231644301,7042.989974378344,12201.951408618857,-187500.02235174447,-187500.02235174447,-187500.02235174447,-187500.02235174447
$SILENCE,2623.4913019527557,-7851.519626560167,7131.994620799377,12218.446996026874,-187500.02235174447,-187500.02235174447,-187500.02235174447,-187500.02235174447
$SILENCE,2370.693072163233,-7889.875220045474,6661.691565715261,12263.374002382041,-187500.02235174447,-187500.02235174447,-187500.02235174447,-187500.02235174447
$SILENCE,2320.9604407501747,-7935.137502567471,6439.023487451493,12264.513941349262,-187500.02235174447,-187500.02235174447,-187500.02235174447,-187500.02235174447
$SILENCE,2602.2124412313037,-7895.530211392666,6949.738496510804,12206.42175750992,-187500.02235174447,-187500.02235174447,-187500.02235174447,-187500.02235174447
$SILENCE,2641.260938794725,-7849.083286414539,7159.643728690592,12204.32069353112,-187500.02235174447,-187500.02235174447,-187500.02235174447,-187500.02235174447
$SILENCE,2408.6239825038892,-7874.877199515963,6754.0713255490455,12257.830769757125,-187500.02235174447,-187500.02235174447,-187500.02235174447,-187500.02235174447
$SILENCE,2299.8380422399096,-7932.56705195511,6411.754359216018,12273.879322276036,-187500.02235174447,-187500.02235174447,-187500.02235174447,-187500.02235174447
$SILENCE,2565.2203041577704,-7909.2541824882255,6851.234358696265,12214.021350624724,-187500.02235174447,-187500.02235174447,-187500.02235174447,-187500.02235174447
$SILENCE,2669.714709486331,-7851.36316434898,7182.241342334908,12192.116641058523,-187500.02235174447,-187500.02235174447,-187500.02235174447,-187500.02235174447
$SILENCE,2461.396451162869,-7868.685766301843,6851.726097074283,12235.814301468648,-187500.02235174447,-187500.02235174447,-187500.02235174447,-187500.02235174447
$SILENCE,2289.869164212843,-7927.314392008114,6415.576507517875,12275.220426943353,-187500.02235174447,-187500.02235174447,-187500.02235174447,-187500.02235174447
$SILENCE,2512.2243180542373,-7924.073389062094,6736.569909640541,12226.314810075142,-187500.02235174447,-187500.02235174447,-187500.02235174447,-187500.02235174447
$SILENCE,2682.254038125758,-7866.629405811955,7169.344385784196,12186.528704944696,-187500.02235174447,-187500.02235174447,-187500.02235174447,-187500.02235174447
$SILENCE,2515.3759140224356,-7867.612882567988,6946.899824964979,12230.069903143634,-187500.02235174447,-187500.02235174447,-187500.02235174447,-187500.02235174447
$SILENCE,2295.6135625378565,-7920.586516927066,6459.654147583741,12281.255397946286,-187500.02235174447,-187500.02235174447,-187500.02235174447,-187500.02235174447
$SILENCE,2454.020375492618,-7929.773083898197,6640.278594527077,12242.139845149499,-187500.02235174447,-187500.02235174447,-187500.02235174447,-187500.02235174447
$SILENCE,2679.1918491353813,-7869.5574843356,7144.17632152752,12195.357644004542,-187500.02235174447,-187500.02235174447,-187500.02235174447,-187500.02235174447
$SILENCE,2561.465211089279,-7855.677051028854,7030.160073060999,12223.967876907334,-187500.02235174447,-187500.02235174447,-187500.02235174447,-187500.02235174447
$SILENCE,2313.919641246753,-7906.549621409134,6519.713284935151,12273.901674020492,-187500.02235174447,-187500.02235174447,-187500.02235174447,-187500.02235174447
$SILENCE,2396.4869852646575,-7934.243432789259,6545.909529436771,12254.053324944178,-187500.02235174447,-187500.02235174447,-187500.02235174447,-187500.02235174447
$SILENCE,2667.635997251987,-7878.520533862178,7105.686617575481,12198.688053928383,-187500.02235174447,-187500.02235174447,-187500.02235174447,-187500.02235174447
$SILENCE,2604.782891843664,-7848.613899780978,7119.589402626682,12219.162251849444,-187500.02235174447,-187500.02235174447,-187500.02235174447,-187500.02235174447
$SILENCE,2337.8360078139317,-7899.352359694524,6594.882201538348,12274.996909498801,-187500.02235174447,-187500.02235174447,-187500.02235174447,-187500.02235174447
$SILENCE,2353.6833946327442,-7936.031572345683,6492.645322399774,12260.065944202655,-187500.02235174447,-187500.02235174447,-187500.02235174447,-187500.02235174447
$SILENCE,2610.616697146499,-7891.775118324175,6984.003720760789,12194.977664348802,-187500.02235174447,-187500.02235174447,-187500.02235174447,-187500.02235174447
$SILENCE,2626.262918265214,-7852.45839982729,7125.758484096347,12203.694844686372,-187500.02235174447,-187500.02235174447,-187500.02235174447,-187500.02235174447
$SILENCE,2386.2275345596713,-7884.488449631745,6683.238647370177,12265.273900660743,-187500.02235174447,-187500.02235174447,-187500.02235174447,-187500.02235174447
$SILENCE,2310.499824345091,-7932.052961832638,6427.244118123546,12273.544046109206,-187500.02235174447,-187500.02235174447,-187500.02235174447,-187500.02235174447
$SILENCE,2583.4369758888456,-7898.301827705125,6915.249754816265,12210.020388367224,-187500.02235174447,-187500.02235174447,-187500.02235174447,-187500.02235174447
$SILENCE,2652.347404044557,-7848.300975358603,7159.666080435048,12203.94071387538,-187500.02235174447,-187500.02235174447,-187500.02235174447,-187500.02235174447
$SILENCE,2427.645317035355,-7870.004519224706,6772.220942046755,12257.71901103485,-187500.02235174447,-187500.02235174447,-187500.02235174447,-187500.02235174447
$SILENCE,2289.7574054905663,-7926.733246652276,6399.595010232331,12283.825848558647,-187500.02235174447,-187500.02235174447,-187500.02235174447,-187500.02235174447
$SILENCE,2534.173731109349,-7906.460214431312,6804.496861040218,12226.873603686525,-187500.02235174447,-187500.02235174447,-187500.02235174447,-187500.02235174447
$SILENCE,2659.969348903817,-7849.239748625726,7164.091725837198,12208.321655788619,-187500.02235174447,-187500.02235174447,-187500.02235174447,-187500.02235174447
$SILENCE,2465.6432826093774,-7861.756725520698,6868.333443204576,12260.512979091762,-187500.02235174447,-187500.02235174447,-187500.02235174447,-187500.02235174447
$SILENCE,2273.7088529716557,-7919.75950238222,6412.447263294132,12293.392395185518,-187500.02235174447,-187500.02235174447,-187500.02235174447,-187500.02235174447
$SILENCE,2477.7132246152432,-7918.485452948267,6692.984007952691,12241.111664904556,-187500.02235174447,-187500.02235174447,-187500.02235174447,-187500.02235174447
$SILENCE,2664.752622217253,-7852.994841694217,7149.294871007785,12209.685112200394,-187500.02235174447,-187500.02235174447,-187500.02235174447,-187500.02235174447
$SILENCE,2509.0280185971283,-7850.178521892849,6956.175798913932,12252.354592365575,-187500.02235174447,-187500.02235174447,-187500.02235174447,-187500.02235174447
$SILENCE,2278.179201862717,-7906.951952809329,6456.770772549006,12300.254380733299,-187500.02235174447,-187500.02235174447,-187500.02235174447,-187500.02235174447
$SILENCE,2412.4461308057466,-7924.8109966291195,6588.802527046505,12258.009583712768,-187500.02235174447,-187500.02235174447,-187500.02235174447,-187500.02235174447
$SILENCE,2648.838180165074,-7865.154190677905,7107.988847254378,12212.747301190771,-187500.02235174447,-187500.02235174447,-187500.02235174447,-187500.02235174447
$SILENCE,2541.907434690885,-7848.636251525432,7031.34471551713,12247.437208585407,-187500.02235174447,-187500.02235174447,-187500.02235174447,-187500.02235174447
$SILENCE,2291.143213646795,-7896.468984659789,6522.663715203252,12308.278656992754,-187500.02235174447,-187500.02235174447,-187500.02235174447,-187500.02235174447
$SILENCE,2357.527894679057,-7930.533043209678,6494.656979400752,12281.300101435198,-187500.02235174447,-187500.02235174447,-187500.02235174447,-187500.02235174447
$SILENCE,2628.945127599851,-7875.503048360712,7037.178520819965,12218.379940793508,-187500.02235174447,-187500.02235174447,-187500.02235174447,-187500.02235174447
$SILENCE,2585.493336378734,-7840.83549271053,7084.944198720957,12229.75697872126,-187500.02235174447,-187500.02235174447,-187500.02235174447,-187500.02235174447
$SILENCE,2336.830179313443,-7876.732394305754,6606.7956813330275,12286.798630571204,-187500.02235174447,-187500.02235174447,-187500.02235174447,-187500.02235174447
$SILENCE,2320.3792953943366,-7922.128787294482,6439.828150251884,12287.357424182586,-187500.02235174447,-187500.02235174447,-187500.02235174447,-187500.02235174447
$SILENCE,2596.669208606387,-7882.700310075321,6962.635453061516,12223.56554550714,-187500.02235174447,-187500.02235174447,-187500.02235174447,-187500.02235174447
$SILENCE,2615.6011361600326,-7842.556577033589,7125.423207929517,12226.068940886134,-187500.02235174447,-187500.02235174447,-187500.02235174447,-187500.02235174447
$SILENCE,2377.510354222102,-7874.050184971116,6700.89652548987,12283.043537502712,-187500.02235174447,-187500.02235174447,-187500.02235174447,-187500.02235174447
$SILENCE,2298.9439724616973,-7920.944144838351,6434.351972860333,12295.0017207863,-187500.02235174447,-187500.02235174447,-187500.02235174447,-187500.02235174447
$SILENCE,2544.544940536611,-7896.80426082662,6857.872826799492,12236.440150313396,-187500.02235174447,-187500.02235174447,-187500.02235174447,-187500.02235174447
$SILENCE,2640.4115725054235,-7845.395248579413,7150.278347763819,12220.816280939136,-187500.02235174447,-187500.02235174447,-187500.02235174447,-187500.02235174447
$SILENCE,2411.3508953274363,-7865.780039522653,6767.683537922328,12279.556665367683,-187500.02235174447,-187500.02235174447,-187500.02235174447,-187500.02235174447
$SILENCE,2259.1355155867955,-7920.094778549049,6378.629073933253,12311.072625049666,-187500.02235174447,-187500.02235174447,-187500.02235174447,-187500.02235174447
$SILENCE,2502.6801231718214,-7907.108415020516,6751.925558081336,12247.593670796594,-187500.02235174447,-187500.02235174447,-187500.02235174447,-187500.02235174447
$SILENCE,2651.743906944264,-7849.4409143258235,7142.254071504363,12217.932905904401,-187500.02235174447,-187500.02235174447,-187500.02235174447,-187500.02235174447
$SILENCE,2465.978558776207,-7854.805332995097,6874.748393863249,12264.08925820461,-187500.02235174447,-187500.02235174447,-187500.02235174447,-187500.02235174447
$SILENCE,2262.6894429551894,-7910.416473199902,6407.663989980697,12305.19411625792,-187500.02235174447,-187500.02235174447,-187500.02235174447,-187500.02235174447
$SILENCE,2448.9912329901736,-7917.032589558672,6648.9957748646475,12257.18256916792,-187500.02235174447,-187500.02235174447,-187500.02235174447,-187500.02235174447
$SILENCE,2652.012127877728,-7856.861693484985,7123.1656817395315,12218.446996026874,-187500.02235174447,-187500.02235174447,-187500.02235174447,-187500.02235174447
$SILENCE,2512.6713529433437,-7847.563367791578,6961.0931826941,12256.37790636753,-187500.02235174447,-187500.02235174447,-187500.02235174447,-187500.02235174447
$SILENCE,2277.240428595594,-7901.632237628965,6456.480199871087,12308.502174437306,-187500.02235174447,-187500.02235174447,-187500.02235174447,-187500.02235174447
$SILENCE,2391.368435784392,-7921.637048916466,6550.178712627735,12274.773392054247,-187500.02235174447,-187500.02235174447,-187500.02235174447,-187500.02235174447
$SILENCE,2636.5894242035656,-7862.874312743464,7078.819820740202,12219.586934994095,-187500.02235174447,-187500.02235174447,-187500.02235174447,-187500.02235174447
$SILENCE,2547.4059638268905,-7843.025963667151,7032.931689373457,12246.833711485115,-187500.02235174447,-187500.02235174447,-187500.02235174447,-187500.02235174447
$SILENCE,2299.055731183974,-7890.813993312597,6532.38672404131,12301.595485400616,-187500.02235174447,-187500.02235174447,-187500.02235174447,-187500.02235174447
$SILENCE,2339.020650270063,-7924.0510373176385,6469.958301777638,12285.837505559624,-187500.02235174447,-187500.02235174447,-187500.02235174447,-187500.02235174447
$SILENCE,2610.5272901686776,-7872.306748903603,7011.474014696362,12227.253583342264,-187500.02235174447,-187500.02235174447,-187500.02235174447,-187500.02235174447
$SILENCE,2589.0249120026724,-7840.8131409660755,7085.0112539543225,12240.597574782083,-187500.02235174447,-187500.02235174447,-187500.02235174447,-187500.02235174447
$SILENCE,2343.7145166056775,-7875.927731505362,6614.529384914564,12297.169839998465,-187500.02235174447,-187500.02235174447,-187500.02235174447,-187500.02235174447
$SILENCE,2302.207327152172,-7920.85473786053,6412.670780738686,12299.829697588648,-187500.02235174447,-187500.02235174447,-187500.02235174447,-187500.02235174447
$SILENCE,2576.7314525522534,-7882.722661819776,6930.091313134589,12239.61409802605,-187500.02235174447,-187500.02235174447,-187500.02235174447,-187500.02235174447
$SILENCE,2613.2094995033144,-7838.622670009455,7127.524271908316,12240.32935384862,-187500.02235174447,-187500.02235174447,-187500.02235174447,-187500.02235174447
$SILENCE,2380.170211812283,-7866.919978489874,6712.810005284549,12294.554685897194,-187500.02235174447,-187500.02235174447,-187500.02235174447,-187500.02235174447
$SILENCE,2269.0373383804963,-7922.598173928043,6385.8486873923175,12304.47886043535,-187500.02235174447,-187500.02235174447,-187500.02235174447,-187500.02235174447
$SILENCE,2531.133893863427,-7894.502031147723,6826.803902006615,12239.457635814862,-187500.02235174447,-187500.02235174447,-187500.02235174447,-187500.02235174447
$SILENCE,2630.800322389641,-7838.577966520545,7140.376524970117,12225.979533908312,-187500.02235174447,-187500.02235174447,-187500.02235174447,-187500.02235174447
$SILENCE,2420.135130898372,-7854.045373683617,6806.843794208025,12277.992043255812,-187500.02235174447,-187500.02235174447,-187500.02235174447,-187500.02235174447
$SILENCE,2251.9159021277314,-7910.751749366731,6383.546457713421,12313.15133728401,-187500.02235174447,-187500.02235174447,-187500.02235174447,-187500.02235174447
$SILENCE,2483.748195618176,-7901.028740528673,6725.28227869061,12265.653880316482,-187500.02235174447,-187500.02235174447,-187500.02235174447,-187500.02235174447
$SILENCE,2637.8187701486077,-7845.663469512877,7131.07819927671,12225.84542344158,-187500.02235174447,-187500.02235174447,-187500.02235174447,-187500.02235174447
$SILENCE,2460.569436618023,-7846.758704991187,6888.807641125637,12271.107705963577,-187500.02235174447,-187500.02235174447,-187500.02235174447,-187500.02235174447
$SILENCE,2270.7137192146447,-7897.005426526717,6423.913708199705,12309.642113404527,-187500.02235174447,-187500.02235174447,-187500.02235174447,-187500.02235174447
$SILENCE,2431.556872315034,-7906.080234775572,6618.485643683153,12261.407048869974,-187500.02235174447,-187500.02235174447,-187500.02235174447,-187500.02235174447
$SILENCE,2639.4727992383005,-7848.122161402961,7109.1958414549645,12220.682170472404,-187500.02235174447,-187500.02235174447,-187500.02235174447,-187500.02235174447
$SILENCE,2514.884175644419,-7840.477864799245,6979.019281747256,12255.640298800505,-187500.02235174447,-187500.02235174447,-187500.02235174447,-187500.02235174447
$SILENCE,2273.887666927298,-7891.03751075715,6471.1429442337685,12304.791784857725,-187500.02235174447,-187500.02235174447,-187500.02235174447,-187500.02235174447
$SILENCE,2371.207162285705,-7916.13851978046,6521.479072747121,12284.116421236566,-187500.02235174447,-187500.02235174447,-187500.02235174447,-187500.02235174447
$SILENCE,2622.8654531080074,-7859.74506851972,7054.344660561641,12231.522766533228,-187500.02235174447,-187500.02235174447,-187500.02235174447,-187500.02235174447
$SILENCE,2549.842303972519,-7835.158149618883,7040.307765043708,12245.783179495715,-187500.02235174447,-187500.02235174447,-187500.02235174447,-187500.02235174447
$SILENCE,2300.8215189959433,-7880.107507718505,6545.8648259478605,12298.220371987865,-187500.02235174447,-187500.02235174447,-187500.02235174447,-187500.02235174447
$SILENCE,2317.562975592968,-7917.747845381242,6443.4938363425545,12283.535275880728,-187500.02235174447,-187500.02235174447,-187500.02235174447,-187500.02235174447
$SILENCE,2592.0871009930493,-7868.574007579567,6984.540162627717,12226.94065891989,-187500.02235174447,-187500.02235174447,-187500.02235174447,-187500.02235174447
$SILENCE,2584.3981009004237,-7832.297126328604,7095.583629081682,12237.75890323626,-187500.02235174447,-187500.02235174447,-187500.02235174447,-187500.02235174447
$SILENCE,2342.5298741495462,-7867.277606401159,6640.122132315891,12298.443889432418,-187500.02235174447,-187500.02235174447,-187500.02235174447,-187500.02235174447
$SILENCE,2287.701045000678,-7918.440749459357,6400.6455422217305,12309.709168637894,-187500.02235174447,-187500.02235174447,-187500.02235174447,-187500.02235174447
$SILENCE,2560.9958244557174,-7883.3708624089795,6895.066129573122,12238.541214292194,-187500.02235174447,-187500.02235174447,-187500.02235174447,-187500.02235174447
$SILENCE,2613.812996603608,-7836.4098473083795,7124.819710829224,12232.595650267083,-187500.02235174447,-187500.02235174447,-187500.02235174447,-187500.02235174447
$SILENCE,2393.6706654632885,-7861.846132498519,6739.252118975177,12284.854028803591,-187500.02235174447,-187500.02235174447,-187500.02235174447,-187500.02235174447
$SILENCE,2280.2802658415158,-7911.332894722569,6411.597897004831,12302.936590067935,-187500.02235174447,-187500.02235174447,-187500.02235174447,-187500.02235174447
$SILENCE,2506.815195896053,-7894.725548592276,6782.256875307188,12250.074714431134,-187500.02235174447,-187500.02235174447,-187500.02235174447,-187500.02235174447
$SILENCE,2636.2764997811914,-7841.662507255377,7150.434809975006,12221.50918501725,-187500.02235174447,-187500.02235174447,-187500.02235174447,-187500.02235174447
$SILENCE,2424.784293745076,-7850.782018993142,6816.410340834897,12271.800610041691,-187500.02235174447,-187500.02235174447,-187500.02235174447,-187500.02235174447
$SILENCE,2262.801201677466,-7909.4329964438675,6393.671797951674,12306.401110458508,-187500.02235174447,-187500.02235174447,-187500.02235174447,-187500.02235174447
$SILENCE,2456.7472883161654,-7907.0860632760605,6672.688623987273,12260.222406413843,-187500.02235174447,-187500.02235174447,-187500.02235174447,-187500.02235174447
$SILENCE,2636.5894242035656,-7849.195045136816,7116.258992702841,12222.872641429025,-187500.02235174447,-187500.02235174447,-187500.02235174447,-187500.02235174447
$SILENCE,2478.406128693358,-7850.0891149150275,6914.534498993695,12260.021240713744,-187500.02235174447,-187500.02235174447,-187500.02235174447,-187500.02235174447
$SILENCE,2254.5310562290024,-7906.750787109231,6425.523033800488,12306.937552325435,-187500.02235174447,-187500.02235174447,-187500.02235174447,-187500.02235174447
$SILENCE,2401.650238233833,-7917.725493636787,6579.861829264382,12259.082467446622,-187500.02235174447,-187500.02235174447,-187500.02235174447,-187500.02235174447
$SILENCE,2634.421304991401,-7857.509894074189,7086.397062110551,12212.568487235128,-187500.02235174447,-187500.02235174447,-187500.02235174447,-187500.02235174447
$SILENCE,2526.3729722944468,-7842.802446222598,6989.301084196697,12241.938679449402,-187500.02235174447,-187500.02235174447,-187500.02235174447,-187500.02235174447
$SILENCE,2280.079100141418,-7892.535077635655,6487.638531641785,12294.28646496373,-187500.02235174447,-187500.02235174447,-187500.02235174447,-187500.02235174447
$SILENCE,2348.564845152479,-7918.9995430707395,6494.411110211744,12272.024127486246,-187500.02235174447,-187500.02235174447,-187500.02235174447,-187500.02235174447
$SILENCE,2605.766368599697,-7863.276644143659,7030.316535272185,12218.603458238062,-187500.02235174447,-187500.02235174447,-187500.02235174447,-187500.02235174447
$SILENCE,2548.9705859387623,-7840.679030499343,7049.896663415035,12233.46736830084,-187500.02235174447,-187500.02235174447,-187500.02235174447,-187500.02235174447
$SILENCE,2295.345341604393,-7880.979225752262,6563.209779645179,12282.082412491132,-187500.02235174447,-187500.02235174447,-187500.02235174447,-187500.02235174447
$SILENCE,2292.6854840142114,-7922.553470439133,6421.231498865069,12277.701470577893,-187500.02235174447,-187500.02235174447,-187500.02235174447,-187500.02235174447
$SILENCE,2576.46323161879,-7875.458344871801,6957.427496603429,12227.65591474246,-187500.02235174447,-187500.02235174447,-187500.02235174447,-187500.02235174447
$SILENCE,2586.297999179125,-7835.962812419273,7106.044245486766,12232.573298522628,-187500.02235174447,-187500.02235174447,-187500.02235174447,-187500.02235174447
$SILENCE,2344.206254983694,-7867.501123845712,6664.418478538809,12285.23400845933,-187500.02235174447,-187500.02235174447,-187500.02235174447,-187500.02235174447
$SILENCE,2262.868256910832,-7918.28428724817,6384.418175747178,12294.487630663829,-187500.02235174447,-187500.02235174447,-187500.02235174447,-187500.02235174447
$SILENCE,2531.3127078190696,-7889.204667711815,6860.711498345316,12231.053379899668,-187500.02235174447,-187500.02235174447,-187500.02235174447,-187500.02235174447
$SILENCE,2603.9782290432727,-7842.042486911117,7124.082103262199,12218.536403004695,-187500.02235174447,-187500.02235174447,-187500.02235174447,-187500.02235174447
$SILENCE,2386.7416246821435,-7862.114353431983,6755.0100988161685,12267.866703017558,-187500.02235174447,-187500.02235174447,-187500.02235174447,-187500.02235174447
$SILENCE,2245.8138758914324,-7916.540851180655,6372.884675608239,12295.381700442042,-187500.02235174447,-187500.02235174447,-187500.02235174447,-187500.02235174447
$SILENCE,2481.2448002391816,-7899.486470161256,6756.977052328236,12239.055304414667,-187500.02235174447,-187500.02235174447,-187500.02235174447,-187500.02235174447
$SILENCE,2618.0151245612055,-7843.070667156061,7130.8546818321565,12215.585972736595,-187500.02235174447,-187500.02235174447,-187500.02235174447,-187500.02235174447
não,2438.1953404182605,-7853.620690538966,6851.882559285469,12261.80938027017,-187500.02235174447,-187500.02235174447,-187500.02235174447,-187500.02235174447
não,2243.2210735346166,-7908.538926665656,6393.157707829203,12301.975465056357,-187500.02235174447,-187500.02235174447,-187500.02235174447,-187500.02235174447
não,2431.333354870481,-7909.723569121787,6653.51082724462,12253.0921999326,-187500.02235174447,-187500.02235174447,-187500.02235174447,-187500.02235174447
não,2637.841121893063,-7848.613899780978,7142.36583022664,12213.440205268886,-187500.02235174447,-187500.02235174447,-187500.02235174447,-187500.02235174447
não,2476.9979687926734,-7841.059010155083,6941.870682462536,12254.746229022292,-187500.02235174447,-187500.02235174447,-187500.02235174447,-187500.02235174447
não,2249.859541637843,-7897.9889032827505,6442.532711330976,12298.62270338806,-187500.02235174447,-187500.02235174447,-187500.02235174447,-187500.02235174447
não,2378.918514122786,-7914.618601157499,6559.789962743516,12269.85600827408,-187500.02235174447,-187500.02235174447,-187500.02235174447,-187500.02235174447
não,2608.2250604897813,-7860.683841786843,7048.086172114155,12224.973705407823,-187500.02235174447,-187500.02235174447,-187500.02235174447,-187500.02235174447
não,2527.69172521731,-7839.539091532122,6999.739348857325,12249.784141753214,-187500.02235174447,-187500.02235174447,-187500.02235174447,-187500.02235174447
não,2283.8118414654546,-7885.159001965404,6504.424691727721,12303.540087168229,-187500.02235174447,-187500.02235174447,-187500.02235174447,-187500.02235174447
não,2324.9390512632194,-7917.859604103519,6463.520999374509,12281.568322368661,-187500.02235174447,-187500.02235174447,-187500.02235174447,-187500.02235174447
não,2593.718778338287,-7866.182370922848,7001.818061091669,12223.252621084765,-187500.02235174447,-187500.02235174447,-187500.02235174447,-187500.02235174447
não,2561.532266322645,-7836.543957775111,7062.883026943568,12240.0387811707,-187500.02235174447,-187500.02235174447,-187500.02235174447,-187500.02235174447
não,2312.60088832389,-7875.458344871801,6588.534306113042,12294.845258575113,-187500.02235174447,-187500.02235174447,-187500.02235174447,-187500.02235174447
não,2284.147117632284,-7919.133653537471,6405.250001579524,12293.86178181908,-187500.02235174447,-187500.02235174447,-187500.02235174447,-187500.02235174447
não,2563.3204058790693,-7877.425298383868,6929.554871267662,12235.210804368355,-187500.02235174447,-187500.02235174447,-187500.02235174447,-187500.02235174447
não,2596.7362638397535,-7836.678068241843,7110.715760077926,12233.623830512028,-187500.02235174447,-187500.02235174447,-187500.02235174447,-187500.02235174447
não,2363.764031382088,-7864.46128659979,6685.7420427491725,12287.759755582782,-187500.02235174447,-187500.02235174447,-187500.02235174447,-187500.02235174447
não,2266.6457017237785,-7917.345513981047,6372.638806419231,12304.523563924262,-187500.02235174447,-187500.02235174447,-187500.02235174447,-187500.02235174447
não,2533.3020130755917,-7890.366958423491,6829.30729738561,12244.263260872754,-187500.02235174447,-187500.02235174447,-187500.02235174447,-187500.02235174447
não,2620.227947262281,-7840.142588632416,7128.708914364447,12227.141824619988,-187500.02235174447,-187500.02235174447,-187500.02235174447,-187500.02235174447
não,2418.0340669195734,-7857.666356285376,6785.609636975484,12277.880284533536,-187500.02235174447,-187500.02235174447,-187500.02235174447,-187500.02235174447
não,2263.9411406446866,-7910.32706622208,6380.55132395641,12311.139680283033,-187500.02235174447,-187500.02235174447,-187500.02235174447,-187500.02235174447
não,2483.7034921292657,-7901.475775417778,6732.680706105317,12253.785104010714,-187500.02235174447,-187500.02235174447,-187500.02235174447,-187500.02235174447
não,2630.7556189007305,-7844.12119914546,7131.391123699084,12227.298286831176,-187500.02235174447,-187500.02235174447,-187500.02235174447,-187500.02235174447
não,2455.29442492657,-7847.004574180195,6877.385899708975,12267.66553731746,-187500.02235174447,-187500.02235174447,-187500.02235174447,-187500.02235174447
não,2252.0723643389183,-7903.219211485292,6399.326789298867,12306.043482547222,-187500.02235174447,-187500.02235174447,-187500.02235174447,-187500.02235174447
não,2430.573395559001,-7911.444653444845,6620.676114639773,12262.636394815016,-187500.02235174447,-187500.02235174447,-187500.02235174447,-187500.02235174447
não,2641.5068079837333,-7847.161036391382,7116.482510147394,12225.353685063565,-187500.02235174447,-187500.02235174447,-187500.02235174447,-187500.02235174447
não,2512.5148907321563,-7839.8743676989525,6975.957092756879,12261.384697125519,-187500.02235174447,-187500.02235174447,-187500.02235174447,-187500.02235174447
não,2285.5552775329684,-7896.379577681969,6475.3674239358215,12303.584790657138,-187500.02235174447,-187500.02235174447,-187500.02235174447,-187500.02235174447
não,2384.752319425621,-7913.769234868198,6537.8852531773155,12273.745211809304,-187500.02235174447,-187500.02235174447,-187500.02235174447,-187500.02235174447
não,2630.8897293674627,-7851.094943415516,7061.117239131599,12229.153481620966,-187500.02235174447,-187500.02235174447,-187500.02235174447,-187500.02235174447
não,2558.3359668655357,-7822.752931446187,7057.406849552018,12255.193263911398,-187500.02235174447,-187500.02235174447,-187500.02235174447,-187500.02235174447
não,2293.020760181041,-7881.649778085921,6516.0475988444805,12298.220371987865,-187500.02235174447,-187500.02235174447,-187500.02235174447,-187500.02235174447
não,2338.059525258485,-7910.952915066829,6463.9233307747045,12290.978406784345,-187500.02235174447,-187500.02235174447,-187500.02235174447,-187500.02235174447
não,2573.848077517519,-7884.890781031941,6964.4459443623955,12219.1846035939,-187500.02235174447,-187500.02235174447,-187500.02235174447,-187500.02235174447
não,2585.4486328898233,-7837.661544997877,7091.850887757646,12239.457635814862,-187500.02235174447,-187500.02235174447,-187500.02235174447,-187500.02235174447
não,2341.5240456490574,-7869.624539568966,6601.833594063949,12297.57217139866,-187500.02235174447,-187500.02235174447,-187500.02235174447,-187500.02235174447
não,2302.564955063457,-7898.078310260572,6386.586294959342,12308.636284904038,-187500.02235174447,-187500.02235174447,-187500.02235174447,-187500.02235174447
não,2546.847170215508,-7898.257124216214,6869.339271705065,12214.691902958382,-187500.02235174447,-187500.02235174447,-187500.02235174447,-187500.02235174447
não,2601.3854266864573,-7849.955004448296,7117.60009737016,12244.486778317307,-187500.02235174447,-187500.02235174447,-187500.02235174447,-187500.02235174447
não,2370.8718861188754,-7866.942330234329,6742.04608703209,12301.774299356259,-187500.02235174447,-187500.02235174447,-187500.02235174447,-187500.02235174447
não,2257.436783008192,-7916.13851978046,6361.485285936033,12315.945305340923,-187500.02235174447,-187500.02235174447,-187500.02235174447,-187500.02235174447
não,2514.3700855219467,-7881.627426341466,6773.003253102691,12254.209787155365,-187500.02235174447,-187500.02235174447,-187500.02235174447,-187500.02235174447
não,2605.788720344153,-7849.195045136816,7105.239582686375,12218.1340716045,-187500.02235174447,-187500.02235174447,-187500.02235174447,-187500.02235174447
não,2398.3868835433586,-7878.185257695349,6794.595038246517,12252.175778409932,-187500.02235174447,-187500.02235174447,-187500.02235174447,-187500.02235174447
não,2242.2375967785833,-7915.937354080362,6362.714631881075,12296.543991153716,-187500.02235174447,-187500.02235174447,-187500.02235174447,-187500.02235174447
não,2464.2574744531485,-7904.47090917479,6680.534086291085,12262.815208770659,-187500.02235174447,-187500.02235174447,-187500.02235174447,-187500.02235174447
não,2617.746903627742,-7867.076440701061,7093.706082547436,12208.522821488717,-187500.02235174447,-187500.02235174447,-187500.02235174447,-187500.02235174447
não,2447.0242794781066,-7859.342737119525,6862.477286157285,12235.70254274637,-187500.02235174447,-187500.02235174447,-187500.02235174447,-187500.02235174447
não,2258.6214254643232,-7896.916019548896,6434.262565882513,12325.333038012152,-187500.02235174447,-187500.02235174447,-187500.02235174447,-187500.02235174447
não,2407.6628574923106,-7921.502938449734,6604.560506887497,12272.247644930798,-187500.02235174447,-187500.02235174447,-187500.02235174447,-187500.02235174447
não,2604.5593743991108,-7888.221190955782,7058.926768174979,12212.680245957405,-187500.02235174447,-187500.02235174447,-187500.02235174447,-187500.02235174447
não,2505.3399807620026,-7871.435030869846,6953.381830857019,12252.28753713221,-187500.02235174447,-187500.02235174447,-187500.02235174447,-187500.02235174447
não,2254.7322219291,-7916.227926758281,6447.740667789062,12271.465333874863,-187500.02235174447,-187500.02235174447,-187500.02235174447,-187500.02235174447
não,2342.038135771529,-7943.452351504845,6488.912581075738,12255.886167989513,-187500.02235174447,-187500.02235174447,-187500.02235174447,-187500.02235174447
não,2600.8266330750744,-7889.517592134189,7035.904471386012,12211.98734187929,-187500.02235174447,-187500.02235174447,-187500.02235174447,-187500.02235174447
não,2541.013364912673,-7865.668280800377,7028.640154438038,12228.818205454136,-187500.02235174447,-187500.02235174447,-187500.02235174447,-187500.02235174447
não,2275.944027417186,-7900.559353895111,6509.252668530067,12270.280691418731,-187500.02235174447,-187500.02235174447,-187500.02235174447,-187500.02235174447
não,2282.5154402870467,-7923.067560561605,6392.643617706731,12244.017391683745,-187500.02235174447,-187500.02235174447,-187500.02235174447,-187500.02235174447
não,2574.161001939893,-7888.623522355977,6960.400278615985,12210.310961045143,-187500.02235174447,-187500.02235174447,-187500.02235174447,-187500.02235174447
não,2563.096888434516,-7869.51278084669,7095.6953878039585,12229.064074643145,-187500.02235174447,-187500.02235174447,-187500.02235174447,-187500.02235174447
não,2295.3006381154823,-7906.996656298239,6607.466233666687,12252.980441210324,-187500.02235174447,-187500.02235174447,-187500.02235174447,-187500.02235174447
não,2249.9936521045747,-7941.574804970599,6382.227704790557,12253.852159244081,-187500.02235174447,-187500.02235174447,-187500.02235174447,-187500.02235174447
não,2493.6276666674216,-7917.367865725502,6811.91764019938,12206.868792399026,-187500.02235174447,-187500.02235174447,-187500.02235174447,-187500.02235174447
não,2578.139612452938,-7863.187237165837,7082.865486486613,12204.410100508941,-187500.02235174447,-187500.02235174447,-187500.02235174447,-187500.02235174447
não,2358.0643365459846,-7888.13178397796,6716.766264053138,12251.929909220924,-187500.02235174447,-187500.02235174447,-187500.02235174447,-187500.02235174447
não,2217.5165674110135,-7945.3522497835465,6342.955689782583,12268.827828029136,-187500.02235174447,-187500.02235174447,-187500.02235174447,-187500.02235174447
não,2468.884285555397,-7923.849871617541,6744.57183415554,12217.41881578193,-187500.02235174447,-187500.02235174447,-187500.02235174447,-187500.02235174447
não,2596.333932439558,-7867.232902912248,7099.115204705621,12183.444164209863,-187500.02235174447,-187500.02235174447,-187500.02235174447,-187500.02235174447
não,2400.4432440332466,-7874.787792538142,6797.120785369967,12214.490737258284,-187500.02235174447,-187500.02235174447,-187500.02235174447,-187500.02235174447
não,2223.1939105026618,-7930.086008320572,6367.408498216689,12292.543028896216,-187500.02235174447,-187500.02235174447,-187500.02235174447,-187500.02235174447
não,2420.9844971876737,-7922.486415205767,6652.482646999675,12246.140807406999,-187500.02235174447,-187500.02235174447,-187500.02235174447,-187500.02235174447
não,2598.256182462714,-7870.742126791732,7093.303751147241,12191.960178847336,-187500.02235174447,-187500.02235174447,-187500.02235174447,-187500.02235174447
não,2435.2225584057046,-7889.584647367556,6883.353815478542,12212.32261804612,-187500.02235174447,-187500.02235174447,-187500.02235174447,-187500.02235174447
não,2224.758532614533,-7931.0918368210605,6402.0537021224145,12274.773392054247,-187500.02235174447,-187500.02235174447,-187500.02235174447,-187500.02235174447
não,2353.057545787996,-7945.642822461466,6536.499445021087,12231.90274618897,-187500.02235174447,-187500.02235174447,-187500.02235174447,-187500.02235174447
não,2593.6964265938313,-7887.818859555586,7050.388401793051,12182.46068745383,-187500.02235174447,-187500.02235174447,-187500.02235174447,-187500.02235174447
não,2492.487727700201,-7872.08323145905,6971.844371777102,12210.825051167614,-187500.02235174447,-187500.02235174447,-187500.02235174447,-187500.02235174447
não,2254.061669595441,-7921.3464762385465,6475.657996613741,12260.580034325129,-187500.02235174447,-187500.02235174447,-187500.02235174447,-187500.02235174447
não,2320.625164583345,-7952.258938820236,6463.051612740947,12235.94841193538,-187500.02235174447,-187500.02235174447,-187500.02235174447,-187500.02235174447
não,2578.1172607084827,-7900.537002150656,6994.889020310524,12170.1225245145,-187500.02235174447,-187500.02235174447,-187500.02235174447,-187500.02235174447
não,2528.518739762156,-7871.300920403114,7033.15520681801,12181.432507208885,-187500.02235174447,-187500.02235174447,-187500.02235174447,-187500.02235174447
não,2277.821573951432,-7914.3056767351245,6557.174808642246,12243.570356794638,-187500.02235174447,-187500.02235174447,-187500.02235174447,-187500.02235174447
não,2261.504800499058,-7961.579616258099,6396.93515264215,12239.368228837042,-187500.02235174447,-187500.02235174447,-187500.02235174447,-187500.02235174447
não,2537.2359200997257,-7913.255144745725,6923.65401073146,12177.990338562768,-187500.02235174447,-187500.02235174447,-187500.02235174447,-187500.02235174447
não,2556.8607517314854,-7873.3349291485465,7089.7051202899365,12176.917454828914,-187500.02235174447,-187500.02235174447,-187500.02235174447,-187500.02235174447
não,2317.339458148415,-7904.001522541228,6656.12598134589,12224.347856563076,-187500.02235174447,-187500.02235174447,-187500.02235174447,-187500.02235174447
não,2229.7206198836116,-7953.3988777874565,6361.708803380586,12242.251603871777,-187500.02235174447,-187500.02235174447,-187500.02235174447,-187500.02235174447
não,2493.404149222869,-7922.776987883686,6826.736846773249,12183.019481065212,-187500.02235174447,-187500.02235174447,-187500.02235174447,-187500.02235174447
não,2572.7528420392086,-7871.636196569943,7109.709931577437,12168.088515769066,-187500.02235174447,-187500.02235174447,-187500.02235174447,-187500.02235174447
não,2362.2888162480376,-7895.776080581675,6759.703965151783,12219.22930708281,-187500.02235174447,-187500.02235174447,-187500.02235174447,-187500.02235174447
não,2227.9771838160973,-7946.313374795124,6397.493946253532,12247.928946963424,-187500.02235174447,-187500.02235174447,-187500.02235174447,-187500.02235174447
não,2431.0651339370174,-7932.790569399664,6726.399865913376,12191.200219535855,-187500.02235174447,-187500.02235174447,-187500.02235174447,-187500.02235174447
não,2583.8393072890412,-7873.424336126368,7129.7370946093915,12162.724097099794,-187500.02235174447,-187500.02235174447,-187500.02235174447,-187500.02235174447
não,2389.490889250146,-7876.888856516941,6835.141102688444,12216.904725659459,-187500.02235174447,-187500.02235174447,-187500.02235174447,-187500.02235174447
não,2197.6905700791563,-7938.445560746856,6367.766126127974,12253.114551677056,-187500.02235174447,-187500.02235174447,-187500.02235174447,-187500.02235174447
não,2382.2042205577163,-7947.006278873239,6616.742207615639,12202.84547839707,-187500.02235174447,-187500.02235174447,-187500.02235174447,-187500.02235174447
não,2590.187202714348,-7881.94035076384,7093.393158125063,12168.31203321362,-187500.02235174447,-187500.02235174447,-187500.02235174447,-187500.02235174447
não,2453.327471414503,-7870.69742330282,6933.153502124966,12207.94167613288,-187500.02235174447,-187500.02235174447,-187500.02235174447,-187500.02235174447
não,2223.462131436125,-7920.921793093896,6440.99044096356,12260.155351180478,-187500.02235174447,-187500.02235174447,-187500.02235174447,-187500.02235174447
não,2336.539606635524,-7945.464008505823,6532.990221141604,12226.314810075142,-187500.02235174447,-187500.02235174447,-187500.02235174447,-187500.02235174447
não,2578.139612452938,-7885.0695949875835,7059.105582130621,12176.269254239709,-187500.02235174447,-187500.02235174447,-187500.02235174447,-187500.02235174447
não,2491.3030852440697,-7865.51181858919,7012.323380985664,12198.866867884026,-187500.02235174447,-187500.02235174447,-187500.02235174447,-187500.02235174447
não,2244.8080473909436,-7911.712874378309,6512.7618924095505,12250.812321998159,-187500.02235174447,-187500.02235174447,-187500.02235174447,-187500.02235174447
não,2286.114071144351,-7942.2453573042585,6454.423839381199,12237.982420680812,-187500.02235174447,-187500.02235174447,-187500.02235174447,-187500.02235174447
não,2559.0959261770163,-7892.222153213282,6995.961904044379,12185.008786321734,-187500.02235174447,-187500.02235174447,-187500.02235174447,-187500.02235174447
não,2531.782094452631,-7859.566254564078,7067.129858390076,12195.827030638104,-187500.02235174447,-187500.02235174447,-187500.02235174447,-187500.02235174447
não,2281.531963531013,-7896.312522448603,6600.760710330094,12253.80745575517,-187500.02235174447,-187500.02235174447,-187500.02235174447,-187500.02235174447
não,2243.981032846097,-7943.742924182764,6404.020655634482,12253.360420866064,-187500.02235174447,-187500.02235174447,-187500.02235174447,-187500.02235174447
não,2519.533338491123,-7898.681807360865,6915.98736238329,12190.864943369024,-187500.02235174447,-187500.02235174447,-187500.02235174447,-187500.02235174447
não,2559.006519199195,-7855.677051028854,7109.59817285516,12186.50635320024,-187500.02235174447,-187500.02235174447,-187500.02235174447,-187500.02235174447
não,2323.307373917982,-7885.986016510251,6695.554458565052,12240.150539892977,-187500.02235174447,-187500.02235174447,-187500.02235174447,-187500.02235174447
não,2213.2920877089605,-7938.400857257946,6370.381280229245,12255.059153444667,-187500.02235174447,-187500.02235174447,-187500.02235174447,-187500.02235174447
não,2467.1632012323385,-7912.942220323351,6809.526003542663,12191.468440469318,-187500.02235174447,-187500.02235174447,-187500.02235174447,-187500.02235174447
não,2571.7693652831754,-7860.236806897737,7128.105417264154,12192.004882336245,-187500.02235174447,-187500.02235174447,-187500.02235174447,-187500.02235174447
não,2373.174115797772,-7873.133763448449,6794.3938725464195,12242.89980446098,-187500.02235174447,-187500.02235174447,-187500.02235174447,-187500.02235174447
não,2206.0501225054413,-7928.834310631074,6375.566884942876,12270.727726307838,-187500.02235174447,-187500.02235174447,-187500.02235174447,-187500.02235174447
não,2428.8746629803973,-7918.798377370642,6715.715732063739,12219.944562905379,-187500.02235174447,-187500.02235174447,-187500.02235174447,-187500.02235174447
não,2583.682845077854,-7858.31455687458,7128.440693430984,12186.372242733509,-187500.02235174447,-187500.02235174447,-187500.02235174447,-187500.02235174447
não,2411.015619160607,-7863.321347632569,6885.745452135259,12223.431435040407,-187500.02235174447,-187500.02235174447,-187500.02235174447,-187500.02235174447
não,2203.904355037732,-7920.094778549049,6407.2169550915905,12269.230159429331,-187500.02235174447,-187500.02235174447,-187500.02235174447,-187500.02235174447
não,2373.1517640533166,-7929.773083898197,6609.768463345584,12226.426568797418,-187500.02235174447,-187500.02235174447,-187500.02235174447,-187500.02235174447
não,2600.491356908245,-7869.356318635502,7127.45721667495,12176.760992617727,-187500.02235174447,-187500.02235174447,-187500.02235174447,-187500.02235174447
não,2462.3575761744473,-7856.168789406871,6980.5839038591275,12209.886277900492,-187500.02235174447,-187500.02235174447,-187500.02235174447,-187500.02235174447
não,2216.1754627436953,-7914.730359879775,6442.7338770310735,12263.03872621521,-187500.02235174447,-187500.02235174447,-187500.02235174447,-187500.02235174447
não,2329.342344920915,-7941.552453226144,6503.642380671786,12232.618002011539,-187500.02235174447,-187500.02235174447,-187500.02235174447,-187500.02235174447
não,2590.187202714348,-7884.041414742639,7045.403962779518,12182.79596362066,-187500.02235174447,-187500.02235174447,-187500.02235174447,-187500.02235174447
não,2525.7024199607877,-7858.091039430027,7036.597375464127,12201.325559774108,-187500.02235174447,-187500.02235174447,-187500.02235174447,-187500.02235174447
não,2278.492126285091,-7901.98986554025,6545.708363736673,12256.444961600895,-187500.02235174447,-187500.02235174447,-187500.02235174447,-187500.02235174447
não,2296.9099637162644,-7938.244395046759,6447.315984644411,12247.079580674123,-187500.02235174447,-187500.02235174447,-187500.02235174447,-187500.02235174447
não,2566.7625745251867,-7887.416528155391,6986.149488228499,12189.769707890715,-187500.02235174447,-187500.02235174447,-187500.02235174447,-187500.02235174447
não,2550.5352080506336,-7851.407867837891,7091.605018568638,12202.823126652615,-187500.02235174447,-187500.02235174447,-187500.02235174447,-187500.02235174447
não,2297.9157922167533,-7889.137612478449,6632.45548396772,12260.602386069582,-187500.02235174447,-187500.02235174447,-187500.02235174447,-187500.02235174447
não,2238.9742420881084,-7936.836235146075,6395.906972397205,12264.268072160254,-187500.02235174447,-187500.02235174447,-187500.02235174447,-187500.02235174447
não,2509.2291842972263,-7897.117185248993,6895.423757484407,12200.878524885002,-187500.02235174447,-187500.02235174447,-187500.02235174447,-187500.02235174447
não,2559.811181999586,-7848.748010247709,7125.467911418428,12203.56073421964,-187500.02235174447,-187500.02235174447,-187500.02235174447,-187500.02235174447
não,2331.4210571552585,-7873.826667526564,6732.412485171853,12258.054287201678,-187500.02235174447,-187500.02235174447,-187500.02235174447,-187500.02235174447
não,2208.508814395525,-7928.90136586444,6375.186905287136,12276.829752544136,-187500.02235174447,-187500.02235174447,-187500.02235174447,-187500.02235174447
não,2465.5091721426456,-7909.924734821884,6793.700968468305,12216.033007625701,-187500.02235174447,-187500.02235174447,-187500.02235174447,-187500.02235174447
não,2582.721720066276,-7854.760629506187,7139.124827280621,12193.949484103858,-187500.02235174447,-187500.02235174447,-187500.02235174447,-187500.02235174447
não,2383.4559182472135,-7865.444763355824,6824.881651983458,12240.731685248815,-187500.02235174447,-187500.02235174447,-187500.02235174447,-187500.02235174447
não,2208.5535178844357,-7922.866394861508,6382.674739679664,12281.14363922401,-187500.02235174447,-187500.02235174447,-187500.02235174447,-187500.02235174447
não,2417.654087263833,-7920.430054715879,6685.205600882245,12225.0854641301,-187500.02235174447,-187500.02235174447,-187500.02235174447,-187500.02235174447
não,2594.366978927491,-7860.817952253575,7125.780835840802,12188.65212066795,-187500.02235174447,-187500.02235174447,-187500.02235174447,-187500.02235174447
não,2434.440247349769,-7859.1862749083375,6915.3168100496305,12229.689923487893,-187500.02235174447,-187500.02235174447,-187500.02235174447,-187500.02235174447
não,2216.8460150773544,-7913.791586612652,6431.334487358867,12279.91429327897,-187500.02235174447,-187500.02235174447,-187500.02235174447,-187500.02235174447
não,2362.601740670412,-7928.968421097806,6589.718948569173,12243.95033645038,-187500.02235174447,-187500.02235174447,-187500.02235174447,-187500.02235174447
não,2587.3038276796137,-7868.194027923826,7093.795489525258,12195.469402726818,-187500.02235174447,-187500.02235174447,-187500.02235174447,-187500.02235174447
não,2479.3225502160253,-7853.732449261242,6996.967732544867,12222.157385606455,-187500.02235174447,-187500.02235174447,-187500.02235174447,-187500.02235174447
não,2236.1355705422843,-7902.928638807373,6496.176898023713,12273.119362964555,-187500.02235174447,-187500.02235174447,-187500.02235174447,-187500.02235174447
não,2303.794301008499,-7930.689505420864,6498.590886424886,12252.75692376577,-187500.02235174447,-187500.02235174447,-187500.02235174447,-187500.02235174447
não,2564.2144756572816,-7876.665339072388,7034.183387062953,12195.424699237908,-187500.02235174447,-187500.02235174447,-187500.02235174447,-187500.02235174447
não,2515.8676524004522,-7850.64790852641,7058.278567585775,12218.916382660436,-187500.02235174447,-187500.02235174447,-187500.02235174447,-187500.02235174447
não,2268.344434302382,-7890.65753110141,6573.782154772539,12272.828790286636,-187500.02235174447,-187500.02235174447,-187500.02235174447,-187500.02235174447
não,2262.4882772550914,-7931.024781587695,6429.903975713727,12258.836598257614,-187500.02235174447,-187500.02235174447,-187500.02235174447,-187500.02235174447
não,2536.3194985770583,-7884.890781031941,6957.80747625917,12203.538382475184,-187500.02235174447,-187500.02235174447,-187500.02235174447,-187500.02235174447
não,2545.394306825913,-7845.395248579413,7104.21140244143,12211.026216867713,-187500.02235174447,-187500.02235174447,-187500.02235174447,-187500.02235174447
não,2311.148024934295,-7877.514705361689,6663.300891316044,12264.625700071538,-187500.02235174447,-187500.02235174447,-187500.02235174447,-187500.02235174447
não,2232.1346082847845,-7929.95189785384,6384.015844346982,12274.48281937633,-187500.02235174447,-187500.02235174447,-187500.02235174447,-187500.02235174447
não,2502.0319225826174,-7896.603095126521,6863.393707679953,12214.133109347,-187500.02235174447,-187500.02235174447,-187500.02235174447,-187500.02235174447
não,2583.9287142668622,-7845.708173001787,7135.4367894454945,12207.65110345496,-187500.02235174447,-187500.02235174447,-187500.02235174447,-187500.02235174447
não,2367.049737817018,-7864.729507533254,6766.498895466197,12259.75301978028,-187500.02235174447,-187500.02235174447,-187500.02235174447,-187500.02235174447
não,2221.9645645576197,-7920.474758204789,6381.490097223533,12285.681043348437,-187500.02235174447,-187500.02235174447,-187500.02235174447,-187500.02235174447
não,2460.301215684559,-7906.303752220125,6766.498895466197,12227.924135675925,-187500.02235174447,-187500.02235174447,-187500.02235174447,-187500.02235174447
não,2595.7974905726305,-7850.2008736373045,7138.767199369336,12200.811469651637,-187500.02235174447,-187500.02235174447,-187500.02235174447,-187500.02235174447
não,2408.8027964595317,-7858.850998741508,6856.464666898807,12245.939641706902,-187500.02235174447,-187500.02235174447,-187500.02235174447,-187500.02235174447
não,2216.0637040214187,-7914.9538773243285,6401.517260255488,12287.513886393774,-187500.02235174447,-187500.02235174447,-187500.02235174447,-187500.02235174447
não,2411.440302305258,-7916.6526099029315,6664.239664583167,12240.32935384862,-187500.02235174447,-187500.02235174447,-187500.02235174447,-187500.02235174447
não,2605.2746302216806,-7855.74410626222,7126.250222474364,12207.65110345496,-187500.02235174447,-187500.02235174447,-187500.02235174447,-187500.02235174447
não,2456.635529593889,-7850.245577126215,6942.18360688491,12242.341010849597,-187500.02235174447,-187500.02235174447,-187500.02235174447,-187500.02235174447
não,2226.5466721709577,-7903.1521562519265,6443.203263664635,12287.402127671496,-187500.02235174447,-187500.02235174447,-187500.02235174447,-187500.02235174447
não,2353.5716359104676,-7919.692447148854,6561.600454044396,12254.43330459992,-187500.02235174447,-187500.02235174447,-187500.02235174447,-187500.02235174447
não,2595.998656272728,-7861.019117953672,7081.680844030481,12204.410100508941,-187500.02235174447,-187500.02235174447,-187500.02235174447,-187500.02235174447
não,2508.111597074461,-7845.574062535055,7019.140663044533,12235.52372879073,-187500.02235174447,-187500.02235174447,-187500.02235174447,-187500.02235174447
não,2259.291977797983,-7891.953932279817,6517.7463314230845,12293.168877740965,-187500.02235174447,-187500.02235174447,-187500.02235174447,-187500.02235174447
não,2305.984771965119,-7924.609830929021,6479.971883293615,12271.66649957496,-187500.02235174447,-187500.02235174447,-187500.02235174447,-187500.02235174447
não,2572.2164001722813,-7874.318405904581,7016.592564176627,12211.115623845533,-187500.02235174447,-187500.02235174447,-187500.02235174447,-187500.02235174447
não,2539.582853267533,-7842.422466566857,7074.5059340603275,12225.42074029693,-187500.02235174447,-187500.02235174447,-187500.02235174447,-187500.02235174447
não,2292.864297969854,-7880.554542607611,6603.1523469868125,12277.43324964443,-187500.02235174447,-187500.02235174447,-187500.02235174447,-187500.02235174447
não,2263.918788900231,-7925.906232107429,6420.359780831312,12274.326357165142,-187500.02235174447,-187500.02235174447,-187500.02235174447,-187500.02235174447
não,2538.5099695336785,-7883.437917642345,6937.914423693946,12214.066054113633,-187500.02235174447,-187500.02235174447,-187500.02235174447,-187500.02235174447
não,2569.1318594374493,-7842.020135166662,7119.254126459852,12213.931943646901,-187500.02235174447,-187500.02235174447,-187500.02235174447,-187500.02235174447
não,2334.2597287010826,-7871.345623892024,6701.0082842121465,12267.620833828549,-187500.02235174447,-187500.02235174447,-187500.02235174447,-187500.02235174447
não,2237.431971720692,-7924.0510373176385,6392.420100262178,12284.630511359039,-187500.02235174447,-187500.02235174447,-187500.02235174447,-187500.02235174447
não,2502.3448470049916,-7896.468984659789,6846.0487539826345,12227.141824619988,-187500.02235174447,-187500.02235174447,-187500.02235174447,-187500.02235174447
não,2597.004484773217,-7842.757742733686,7139.996545314378,12213.015522124235,-187500.02235174447,-187500.02235174447,-187500.02235174447,-187500.02235174447
não,2388.6862264497554,-7861.868484242975,6791.778718445149,12257.450790101384,-187500.02235174447,-187500.02235174447,-187500.02235174447,-187500.02235174447
não,2227.1278175267958,-7918.038418059161,6384.865210636283,12286.016319515267,-187500.02235174447,-187500.02235174447,-187500.02235174447,-187500.02235174447
não,2450.175875446305,-7907.577801654077,6736.23463347371,12233.176795622921,-187500.02235174447,-187500.02235174447,-187500.02235174447,-187500.02235174447
não,2600.9607435418066,-7848.569196292066,7134.587423156193,12207.27112379922,-187500.02235174447,-187500.02235174447,-187500.02235174447,-187500.02235174447
não,2429.589918802967,-7852.681917271843,6882.772670122704,12251.840502243103,-187500.02235174447,-187500.02235174447,-187500.02235174447,-187500.02235174447
não,2228.468922194114,-7906.191993497849,6419.599821519831,12299.33795921063,-187500.02235174447,-187500.02235174447,-187500.02235174447,-187500.02235174447
não,2403.3266190679815,-7912.539888923156,6638.98219334867,12252.421647598941,-187500.02235174447,-187500.02235174447,-187500.02235174447,-187500.02235174447
$SILENCE,2608.6273918899765,-7852.659565527388,7114.3590944241405,12207.896972643968,-187500.02235174447,-187500.02235174447,-187500.02235174447,-187500.02235174447
$SILENCE,2478.6296461379106,-7845.149379390405,6966.837581019114,12237.982420680812,-187500.02235174447,-187500.02235174447,-187500.02235174447,-187500.02235174447
$SILENCE,2244.5174747130245,-7899.017083527695,6470.204170966646,12290.330206195142,-187500.02235174447,-187500.02235174447,-187500.02235174447,-187500.02235174447
$SILENCE,2348.9448248082194,-7920.944144838351,6541.10390437888,12252.28753713221,-187500.02235174447,-187500.02235174447,-187500.02235174447,-187500.02235174447
$SILENCE,2595.5739731280773,-7862.382574365446,7066.4593060564175,12195.536457960185,-187500.02235174447,-187500.02235174447,-187500.02235174447,-187500.02235174447
$SILENCE,2521.768512936653,-7839.472036298756,7040.374820277074,12224.481967029807,-187500.02235174447,-187500.02235174447,-187500.02235174447,-187500.02235174447
$SILENCE,2276.7263384731223,-7884.0190629981835,6548.703497493684,12281.009528757279,-187500.02235174447,-187500.02235174447,-187500.02235174447,-187500.02235174447
$SILENCE,2306.9011934877867,-7921.882918105473,6469.623025610808,12270.86183677457,-187500.02235174447,-187500.02235174447,-187500.02235174447,-187500.02235174447
$SILENCE,2579.681882820354,-7873.826667526564,7004.2991047262085,12213.864888413536,-187500.02235174447,-187500.02235174447,-187500.02235174447,-187500.02235174447
$SILENCE,2561.867542489474,-7838.2873938426255,7097.036492471278,12225.46544378584,-187500.02235174447,-187500.02235174447,-187500.02235174447,-187500.02235174447
$SILENCE,2316.3783331368368,-7871.479734358756,6639.272766026588,12281.210694457377,-187500.02235174447,-187500.02235174447,-187500.02235174447,-187500.02235174447
$SILENCE,2266.109259856851,-7918.753673881731,6416.64939125173,12282.127115980044,-187500.02235174447,-187500.02235174447,-187500.02235174447,-187500.02235174447
$SILENCE,2542.8238562135525,-7882.879124030963,6917.551984495161,12219.028141382712,-187500.02235174447,-187500.02235174447,-187500.02235174447,-187500.02235174447
$SILENCE,2589.2484294472256,-7836.476902541745,7131.234661487897,12216.033007625701,-187500.02235174447,-187500.02235174447,-187500.02235174447,-187500.02235174447
$SILENCE,2356.1197347783727,-7860.7732487646645,6731.1160839934455,12270.52656060774,-187500.02235174447,-187500.02235174447,-187500.02235174447,-187500.02235174447
$SILENCE,2235.867349608821,-7914.663304646409,6391.078995594859,12288.698528849904,-187500.02235174447,-187500.02235174447,-187500.02235174447,-187500.02235174447
$SILENCE,2492.465375955746,-7892.713891591298,6816.3432856015315,12225.644257741484,-187500.02235174447,-187500.02235174447,-187500.02235174447,-187500.02235174447
$SILENCE,2604.782891843664,-7838.153283375894,7144.869225605635,12210.489775000784,-187500.02235174447,-187500.02235174447,-187500.02235174447,-187500.02235174447
$SILENCE,2408.847499948442,-7851.854902726996,6827.295640384632,12259.194226168898,-187500.02235174447,-187500.02235174447,-187500.02235174447,-187500.02235174447
$SILENCE,2236.2920327534716,-7908.360112710013,6400.824356177373,12293.325339952153,-187500.02235174447,-187500.02235174447,-187500.02235174447,-187500.02235174447
$SILENCE,2450.5782068465005,-7904.627371385976,6717.705037320261,12240.776388737726,-187500.02235174447,-187500.02235174447,-187500.02235174447,-187500.02235174447
$SILENCE,2613.5671274145993,-7844.657641012388,7139.84008310319,12209.059263355644,-187500.02235174447,-187500.02235174447,-187500.02235174447,-187500.02235174447
$SILENCE,2446.19726493326,-7844.2776613566475,6912.858118159547,12244.218557383843,-187500.02235174447,-187500.02235174447,-187500.02235174447,-187500.02235174447
$SILENCE,2237.431971720692,-7898.413586427401,6433.659068782219,12290.307854450686,-187500.02235174447,-187500.02235174447,-187500.02235174447,-187500.02235174447
$SILENCE,2394.2741625635817,-7909.321237721591,6614.797605848027,12252.399295854486,-187500.02235174447,-187500.02235174447,-187500.02235174447,-187500.02235174447
$SILENCE,2611.846043091541,-7851.251405626704,7112.079216489699,12209.03691161119,-187500.02235174447,-187500.02235174447,-187500.02235174447,-187500.02235174447
$SILENCE,2496.756910891165,-7838.399152564902,7000.3651977020745,12238.9882491813,-187500.02235174447,-187500.02235174447,-187500.02235174447,-187500.02235174447
$SILENCE,2262.9800156331085,-7887.461231644301,6499.306142247456,12290.352557939597,-187500.02235174447,-187500.02235174447,-187500.02235174447,-187500.02235174447
$SILENCE,2349.6377288863337,-7916.116168036005,6524.898889648783,12262.971670981846,-187500.02235174447,-187500.02235174447,-187500.02235174447,-187500.02235174447
$SILENCE,2600.6031156305216,-7861.533208076145,7055.35048906213,12208.612228466538,-187500.02235174447,-187500.02235174447,-187500.02235174447,-187500.02235174447
$SILENCE,2538.353507322491,-7836.1192746304605,7060.804314709225,12226.47127228633,-187500.02235174447,-187500.02235174447,-187500.02235174447,-187500.02235174447
$SILENCE,2290.696178757689,-7878.185257695349,6576.196143173712,12280.473086890352,-187500.02235174447,-187500.02235174447,-187500.02235174447,-187500.02235174447
$SILENCE,2297.0664259274517,-7918.016066314705,6456.65901382673,12273.991080998312,-187500.02235174447,-187500.02235174447,-187500.02235174447,-187500.02235174447
$SILENCE,2582.65466483291,-7874.787792538142,6999.918162812968,12212.926115146412,-187500.02235174447,-187500.02235174447,-187500.02235174447,-187500.02235174447
$SILENCE,2591.103624237016,-7833.3029548290915,7145.807998872758,12217.955257648857,-187500.02235174447,-187500.02235174447,-187500.02235174447,-187500.02235174447
$SILENCE,2328.5823856094344,-7868.819876768574,6659.903426158837,12275.71216532137,-187500.02235174447,-187500.02235174447,-187500.02235174447,-187500.02235174447
$SILENCE,2278.894457685287,-7916.160871524915,6433.212033893113,12281.14363922401,-187500.02235174447,-187500.02235174447,-187500.02235174447,-187500.02235174447
$SILENCE,2534.754876465187,-7887.863563044497,6879.822239854603,12223.006751895757,-187500.02235174447,-187500.02235174447,-187500.02235174447,-187500.02235174447
$SILENCE,2622.5525286856328,-7837.013344408673,7164.874036893134,12216.055359370155,-187500.02235174447,-187500.02235174447,-187500.02235174447,-187500.02235174447
$SILENCE,2379.7455286676322,-7859.521551075167,6748.014002801658,12271.040650730212,-187500.02235174447,-187500.02235174447,-187500.02235174447,-187500.02235174447
$SILENCE,2264.187009833695,-7912.808109856619,6407.440472536144,12285.904560792991,-187500.02235174447,-187500.02235174447,-187500.02235174447,-187500.02235174447
$SILENCE,2489.850221854475,-7895.731377092765,6774.590226959018,12231.969801422334,-187500.02235174447,-187500.02235174447,-187500.02235174447,-187500.02235174447
$SILENCE,2628.676906666387,-7841.394286321913,7149.563091941249,12209.908629644946,-187500.02235174447,-187500.02235174447,-187500.02235174447,-187500.02235174447
$SILENCE,2422.079732665984,-7850.0891149150275,6839.991431235246,12260.334165136119,-187500.02235174447,-187500.02235174447,-187500.02235174447,-187500.02235174447
$SILENCE,2243.310480512438,-7906.750787109231,6400.26556256599,12296.320473709164,-187500.02235174447,-187500.02235174447,-187500.02235174447,-187500.02235174447
$SILENCE,2442.4868753536794,-7909.589458655055,6677.650711256351,12241.536348049207,-187500.02235174447,-187500.02235174447,-187500.02235174447,-187500.02235174447
$SILENCE,2628.252223521736,-7850.491446315223,7125.154986996054,12199.425661495408,-187500.02235174447,-187500.02235174447,-187500.02235174447,-187500.02235174447
$SILENCE,2479.389605449391,-7845.149379390405,6935.99217367079,12240.955202693369,-187500.02235174447,-187500.02235174447,-187500.02235174447,-187500.02235174447
$SILENCE,2256.632120207801,-7897.072481760083,6448.299461400445,12291.358386440086,-187500.02235174447,-187500.02235174447,-187500.02235174447,-187500.02235174447
$SILENCE,2390.183793328261,-7913.121034278994,6586.232076434145,12250.879377231524,-187500.02235174447,-187500.02235174447,-187500.02235174447,-187500.02235174447
$SILENCE,2625.7935316316525,-7854.604167295,7099.4504808724505,12204.27599004221,-187500.02235174447,-187500.02235174447,-187500.02235174447,-187500.02235174447
$SILENCE,2525.7694751941535,-7837.952117675796,7020.593526434127,12236.954240435869,-187500.02235174447,-187500.02235174447,-187500.02235174447,-187500.02235174447
$SILENCE,2279.7438239745884,-7886.902438032918,6518.886270390305,12288.497363149807,-187500.02235174447,-187500.02235174447,-187500.02235174447,-187500.02235174447
$SILENCE,2343.1557229942946,-7919.08895004856,6498.680293402707,12263.463409359862,-187500.02235174447,-187500.02235174447,-187500.02235174447,-187500.02235174447
$SILENCE,2608.3144674676023,-7865.690632544832,7035.032753352256,12206.712330187838,-187500.02235174447,-187500.02235174447,-187500.02235174447,-187500.02235174447
$SILENCE,2563.812144257086,-7835.649887996899,7077.299902117241,12222.805586195658,-187500.02235174447,-187500.02235174447,-187500.02235174447,-187500.02235174447
$SILENCE,2315.9089465032753,-7875.234827427248,6599.263143451589,12279.400203156496,-187500.02235174447,-187500.02235174447,-187500.02235174447,-187500.02235174447
$SILENCE,2297.446405583192,-7918.194880270348,6438.040010695459,12276.38271765503,-187500.02235174447,-187500.02235174447,-187500.02235174447,-187500.02235174447
$SILENCE,2571.4787926052563,-7876.307711161103,6958.679194292927,12214.46838551383,-187500.02235174447,-187500.02235174447,-187500.02235174447,-187500.02235174447
$SILENCE,2592.198859715326,-7836.1192746304605,7117.331876436696,12215.518917503228,-187500.02235174447,-187500.02235174447,-187500.02235174447,-187500.02235174447
$SILENCE,2358.46666794618,-7864.573045322067,6692.000531196658,12271.442982130407,-187500.02235174447,-187500.02235174447,-187500.02235174447,-187500.02235174447
$SILENCE,2271.7866029484994,-7915.959705824817,6400.26556256599,12283.088240991621,-187500.02235174447,-187500.02235174447,-187500.02235174447,-187500.02235174447
$SILENCE,2542.041545157617,-7887.7741560666755,6861.918492545902,12220.548060005673,-187500.02235174447,-187500.02235174447,-187500.02235174447,-187500.02235174447
$SILENCE,2626.2405665207584,-7835.716943230265,7145.606833172659,12213.529612246706,-187500.02235174447,-187500.02235174447,-187500.02235174447,-187500.02235174447
$SILENCE,2411.7755784720875,-7856.012327195684,6793.388044045931,12263.821037271147,-187500.02235174447,-187500.02235174447,-187500.02235174447,-187500.02235174447
$SILENCE,2273.7982599494767,-7906.348455709035,6431.379190847778,12288.698528849904,-187500.02235174447,-187500.02235174447,-187500.02235174447,-187500.02235174447
$SILENCE,2482.5859049065,-7895.664321859399,6756.507665694674,12238.27299335873,-187500.02235174447,-187500.02235174447,-187500.02235174447,-187500.02235174447
$SILENCE,2644.2113690628257,-7842.087190400028,7159.219045545941,12208.612228466538,-187500.02235174447,-187500.02235174447,-187500.02235174447,-187500.02235174447
$SILENCE,2447.560721345034,-7848.144513147416,6871.730908361782,12253.494531332795,-187500.02235174447,-187500.02235174447,-187500.02235174447,-187500.02235174447
$SILENCE,2262.3988702772704,-7905.23086848627,6429.345182102345,12291.358386440086,-187500.02235174447,-187500.02235174447,-187500.02235174447,-187500.02235174447
$SILENCE,2427.5782618019894,-7906.70608362032,6655.053097612035,12248.778313252726,-187500.02235174447,-187500.02235174447,-187500.02235174447,-187500.02235174447
$SILENCE,2634.1754358023927,-7851.072591671061,7122.137501494587,12205.46063249834,-187500.02235174447,-187500.02235174447,-187500.02235174447,-187500.02235174447
$SILENCE,2492.107748044461,-7843.003611922695,6948.084467421111,12240.977554437823,-187500.02235174447,-187500.02235174447,-187500.02235174447,-187500.02235174447
$SILENCE,2263.3599952888485,-7896.558391637611,6445.907824743727,12286.262188704275,-187500.02235174447,-187500.02235174447,-187500.02235174447,-187500.02235174447
$SILENCE,2382.8077176580096,-7916.563202925111,6550.893968450305,12255.305022633675,-187500.02235174447,-187500.02235174447,-187500.02235174447,-187500.02235174447
$SILENCE,2625.905290353929,-7859.0074609526955,7077.769288750803,12205.46063249834,-187500.02235174447,-187500.02235174447,-187500.02235174447,-187500.02235174447
$SILENCE,2543.2485393582033,-7838.667373498366,7032.462302739895,12229.488757787796,-187500.02235174447,-187500.02235174447,-187500.02235174447,-187500.02235174447
$SILENCE,2301.31325737396,-7884.153173464915,6536.1194653653465,12285.56928462616,-187500.02235174447,-187500.02235174447,-187500.02235174447,-187500.02235174447
$SILENCE,2338.171283980761,-7919.9383163378625,6477.446136170165,12269.788953040714,-187500.02235174447,-187500.02235174447,-187500.02235174447,-187500.02235174447
$SILENCE,2604.067636021094,-7870.920940747374,7014.96088683139,12211.406196523452,-187500.02235174447,-187500.02235174447,-187500.02235174447,-187500.02235174447
$SILENCE,2571.948179238818,-7838.197986864804,7085.5923993101605,12222.447958284374,-187500.02235174447,-187500.02235174447,-187500.02235174447,-187500.02235174447
$SILENCE,2327.017763497563,-7877.760574550698,6614.283515725555,12275.890979277014,-187500.02235174447,-187500.02235174447,-187500.02235174447,-187500.02235174447
$SILENCE,2292.439614825203,-7923.514595450712,6414.347161572834,12279.154333967488,-187500.02235174447,-187500.02235174447,-187500.02235174447,-187500.02235174447
$SILENCE,2567.455478603301,-7882.32033041958,6927.006772399756,12215.138937847489,-187500.02235174447,-187500.02235174447,-187500.02235174447,-187500.02235174447
$SILENCE,2603.1512144984263,-7837.50508278669,7125.289097462785,12213.060225613144,-187500.02235174447,-187500.02235174447,-187500.02235174447,-187500.02235174447
$SILENCE,2369.307264007004,-7862.114353431983,6715.872194274926,12269.721897807349,-187500.02235174447,-187500.02235174447,-187500.02235174447,-187500.02235174447
$SILENCE,2259.381384775804,-7915.736188380264,6389.424966505167,12287.312720693675,-187500.02235174447,-187500.02235174447,-187500.02235174447,-187500.02235174447
$SILENCE,2523.9589838932734,-7892.266856702192,6831.20719566431,12225.286629830198,-187500.02235174447,-187500.02235174447,-187500.02235174447,-187500.02235174447
$SILENCE,2624.9888688312612,-7840.254347354692,7145.159798283554,12213.775481435714,-187500.02235174447,-187500.02235174447,-187500.02235174447,-187500.02235174447
$SILENCE,2416.0894651519616,-7854.917091717374,6811.001218676713,12267.598482084095,-187500.02235174447,-187500.02235174447,-187500.02235174447,-187500.02235174447
$SILENCE,2244.91980611322,-7910.639990644454,6393.113004340292,12300.455546433395,-187500.02235174447,-187500.02235174447,-187500.02235174447,-187500.02235174447
$SILENCE,2469.398375677869,-7903.330970207569,6725.66225834635,12238.720028247837,-187500.02235174447,-187500.02235174447,-187500.02235174447,-187500.02235174447
$SILENCE,2633.5048834687336,-7844.992917179217,7135.392085956584,12200.945580118369,-187500.02235174447,-187500.02235174447,-187500.02235174447,-187500.02235174447
$SILENCE,2464.816268064531,-7847.943347447318,6896.876620874003,12246.699601018383,-187500.02235174447,-187500.02235174447,-187500.02235174447,-187500.02235174447
$SILENCE,2267.048033123974,-7902.816880085097,6450.042897467959,12288.743232338815,-187500.02235174447,-187500.02235174447,-187500.02235174447,-187500.02235174447
$SILENCE,2412.4237790612915,-7909.365941210502,6629.16977753279,12246.319621362642,-187500.02235174447,-187500.02235174447,-187500.02235174447,-187500.02235174447
$SILENCE,2635.650650936443,-7853.263062627681,7117.443635158973,12201.504373729751,-187500.02235174447,-187500.02235174447,-187500.02235174447,-187500.02235174447
$SILENCE,2510.324419775536,-7840.857844454986,6989.077566752144,12239.055304414667,-187500.02235174447,-187500.02235174447,-187500.02235174447,-187500.02235174447
$SILENCE,2273.30652157146,-7895.999598026228,6481.983540294593,12292.721842851859,-187500.02235174447,-187500.02235174447,-187500.02235174447,-187500.02235174447
$SILENCE,2363.8087348709983,-7915.847947102541,6535.359506053866,12267.24085417281,-187500.02235174447,-187500.02235174447,-187500.02235174447,-187500.02235174447
$SILENCE,2606.079293022072,-7863.790734266131,7039.100770843122,12211.406196523452,-187500.02235174447,-187500.02235174447,-187500.02235174447,-187500.02235174447
$SILENCE,2540.1863503678264,-7837.125103130949,7039.748971432326,12232.394484566985,-187500.02235174447,-187500.02235174447,-187500.02235174447,-187500.02235174447
$SILENCE,2294.7194927596443,-7880.308673418603,6553.754991740584,12286.597464871105,-187500.02235174447,-187500.02235174447,-187500.02235174447,-187500.02235174447
$SILENCE,2316.1548156922836,-7919.580688426578,6457.597787093853,12274.035784487223,-187500.02235174447,-187500.02235174447,-187500.02235174447,-187500.02235174447
$SILENCE,2591.818880059586,-7872.194990181326,6993.257342965287,12215.720083203327,-187500.02235174447,-187500.02235174447,-187500.02235174447,-187500.02235174447
$SILENCE,2582.6323130884543,-7835.873405441453,7101.842117529169,12223.56554550714,-187500.02235174447,-187500.02235174447,-187500.02235174447,-187500.02235174447
$SILENCE,2337.456028158191,-7870.27274015817,6647.542911475052,12277.43324964443,-187500.02235174447,-187500.02235174447,-187500.02235174447,-187500.02235174447
$SILENCE,2275.8099169504544,-7920.675923904887,6407.373417302778,12285.122249737055,-187500.02235174447,-187500.02235174447,-187500.02235174447,-187500.02235174447
$SILENCE,2545.0813824035386,-7887.193010710837,6899.134147063988,12221.062150128146,-187500.02235174447,-187500.02235174447,-187500.02235174447,-187500.02235174447
$SILENCE,2602.190089486848,-7840.388457821425,7131.480530676906,12214.066054113633,-187500.02235174447,-187500.02235174447,-187500.02235174447,-187500.02235174447
$SILENCE,2383.500621736124,-7862.695498787821,6745.667069633851,12267.687889061915,-187500.02235174447,-187500.02235174447,-187500.02235174447,-187500.02235174447
$SILENCE,2256.5874167188904,-7913.322199979091,6390.542553727932,12293.079470763145,-187500.02235174447,-187500.02235174447,-187500.02235174447,-187500.02235174447
$SILENCE,2506.010533095662,-7892.065691002094,6806.754387230205,12232.126263633521,-187500.02235174447,-187500.02235174447,-187500.02235174447,-187500.02235174447
$SILENCE,2626.5311391986775,-7836.208681608282,7150.591272186193,12215.451862269863,-187500.02235174447,-187500.02235174447,-187500.02235174447,-187500.02235174447
$SILENCE,2430.5063403256345,-7848.636251525432,6839.320878901587,12262.85991225957,-187500.02235174447,-187500.02235174447,-187500.02235174447,-187500.02235174447
$SILENCE,2249.9489486156644,-7905.789662097653,6399.438548021144,12294.95701729739,-187500.02235174447,-187500.02235174447,-187500.02235174447,-187500.02235174447
$SILENCE,2458.20015170576,-7903.75565335222,6697.99079871068,12241.111664904556,-187500.02235174447,-187500.02235174447,-187500.02235174447,-187500.02235174447
$SILENCE,2632.9237381128955,-7844.45647531229,7135.570899912227,12209.238077311287,-187500.02235174447,-187500.02235174447,-187500.02235174447,-187500.02235174447
$SILENCE,2475.008663536151,-7842.98126017824,6927.096179377578,12248.398333596986,-187500.02235174447,-187500.02235174447,-187500.02235174447,-187500.02235174447
$SILENCE,2256.475657996614,-7898.2794759606695,6440.61046130782,12295.448755675407,-187500.02235174447,-187500.02235174447,-187500.02235174447,-187500.02235174447
$SILENCE,2401.493776022646,-7914.0151040572055,6595.2845329385445,12255.32737437813,-187500.02235174447,-187500.02235174447,-187500.02235174447,-187500.02235174447
$SILENCE,2625.0559240646276,-7855.095905673016,7099.159908194531,12210.22155406732,-187500.02235174447,-187500.02235174447,-187500.02235174447,-187500.02235174447
$SILENCE,2515.68883844481,-7839.8743676989525,7000.834584335636,12237.46833055834,-187500.02235174447,-187500.02235174447,-187500.02235174447,-187500.02235174447
$SILENCE,2277.531001273513,-7889.025853756172,6499.909639347749,12289.167915483466,-187500.02235174447,-187500.02235174447,-187500.02235174447,-187500.02235174447
$SILENCE,2353.057545787996,-7918.910136092918,6508.448005729677,12270.750078052293,-187500.02235174447,-187500.02235174447,-187500.02235174447,-187500.02235174447
$SILENCE,2612.0919122805494,-7865.824743011563,7047.6167854805935,12215.518917503228,-187500.02235174447,-187500.02235174447,-187500.02235174447,-187500.02235174447
$SILENCE,2558.5371325656333,-7838.712076987276,7067.934521190467,12228.527632776217,-187500.02235174447,-187500.02235174447,-187500.02235174447,-187500.02235174447
$SILENCE,2319.909908760775,-7879.347548407024,6599.732530085151,12283.62468285855,-187500.02235174447,-187500.02235174447,-187500.02235174447,-187500.02235174447
$SILENCE,2319.50757736058,-7916.943182580851,6474.0710227574145,12277.43324964443,-187500.02235174447,-187500.02235174447,-187500.02235174447,-187500.02235174447
$SILENCE,2575.5021066072118,-7877.246484428226,6958.008641959267,12219.65399022746,-187500.02235174447,-187500.02235174447,-187500.02235174447,-187500.02235174447
$SILENCE,2592.332970182058,-7835.806350208087,7118.002428770355,12222.269144328731,-187500.02235174447,-187500.02235174447,-187500.02235174447,-187500.02235174447
$SILENCE,2334.818522312465,-7873.089059959539,6646.157103318823,12278.059098489179,-187500.02235174447,-187500.02235174447,-187500.02235174447,-187500.02235174447
$SILENCE,2263.0023673775636,-7922.888746605962,6384.7981554029175,12287.357424182586,-187500.02235174447,-187500.02235174447,-187500.02235174447,-187500.02235174447
$SILENCE,2531.625632241444,-7889.383481667457,6868.154629248933,12226.89595543098,-187500.02235174447,-187500.02235174447,-187500.02235174447,-187500.02235174447
$SILENCE,2607.5545081561218,-7839.36027757648,7137.649612146571,12220.860984428047,-187500.02235174447,-187500.02235174447,-187500.02235174447,-187500.02235174447
$SILENCE,2394.408273030314,-7857.912225474385,6771.706851924283,12271.800610041691,-187500.02235174447,-187500.02235174447,-187500.02235174447,-187500.02235174447
$SILENCE,2250.083059082396,-7911.556412167122,6389.559076971898,12297.996854543311,-187500.02235174447,-187500.02235174447,-187500.02235174447,-187500.02235174447
$SILENCE,2486.497460186179,-7896.312522448603,6773.874971136448,12239.837615470602,-187500.02235174447,-187500.02235174447,-187500.02235174447,-187500.02235174447
$SILENCE,2621.2561275072253,-7839.8743676989525,7146.009164572855,12215.541269247684,-187500.02235174447,-187500.02235174447,-187500.02235174447,-187500.02235174447
$SILENCE,2436.9659944732184,-7848.636251525432,6864.69010885836,12261.138827936511,-187500.02235174447,-187500.02235174447,-187500.02235174447,-187500.02235174447
$SILENCE,2245.188027046684,-7905.432034186368,6409.385074303756,12300.030863288745,-187500.02235174447,-187500.02235174447,-187500.02235174447,-187500.02235174447
$SILENCE,2436.6307183063886,-7908.896554576941,6668.821772196505,12249.448865586384,-187500.02235174447,-187500.02235174447,-187500.02235174447,-187500.02235174447
$SILENCE,2626.687601409865,-7848.949175947807,7126.406684685551,12211.517955245728,-187500.02235174447,-187500.02235174447,-187500.02235174447,-187500.02235174447
$SILENCE,2482.4070909508578,-7843.920033445363,6945.268147619742,12248.487740574807,-187500.02235174447,-187500.02235174447,-187500.02235174447,-187500.02235174447
$SILENCE,2253.0334893504964,-7896.334874193058,6449.484103856576,12296.991026042822,-187500.02235174447,-187500.02235174447,-187500.02235174447,-187500.02235174447
$SILENCE,2382.5618484690012,-7913.880993590474,6566.517837824565,12262.099952948089,-187500.02235174447,-187500.02235174447,-187500.02235174447,-187500.02235174447
$SILENCE,2622.5078251967225,-7855.006498695195,7085.659454543526,12213.529612246706,-187500.02235174447,-187500.02235174447,-187500.02235174447,-187500.02235174447
$SILENCE,2522.6402309704104,-7837.370972319958,7019.990029333834,12242.028086427223,-187500.02235174447,-187500.02235174447,-187500.02235174447,-187500.02235174447
$SILENCE,2273.30652157146,-7886.745975821731,6523.758950681562,12297.750985354303,-187500.02235174447,-187500.02235174447,-187500.02235174447,-187500.02235174447
$SILENCE,2328.7164960761665,-7918.485452948267,6489.784299109495,12277.790877555713,-187500.02235174447,-187500.02235174447,-187500.02235174447,-187500.02235174447
$SILENCE,2604.5146709102,-7867.299958145614,7025.510910214295,12215.027179125213,-187500.02235174447,-187500.02235174447,-187500.02235174447,-187500.02235174447
$SILENCE,2569.690653048832,-7834.822873452053,7077.54577130625,12228.214708353844,-187500.02235174447,-187500.02235174447,-187500.02235174447,-187500.02235174447
$SILENCE,2317.9653069931637,-7873.3349291485465,6605.6780941102625,12285.703395092893,-187500.02235174447,-187500.02235174447,-187500.02235174447,-187500.02235174447
$SILENCE,2288.9974461790857,-7917.5913831700545,6423.801949477429,12284.71991833686,-187500.02235174447,-187500.02235174447,-187500.02235174447,-187500.02235174447
$SILENCE,2560.906417477896,-7874.251350671215,6939.389638827996,12222.403254795463,-187500.02235174447,-187500.02235174447,-187500.02235174447,-187500.02235174447
$SILENCE,2587.527345124167,-7833.213547851271,7117.443635158973,12223.230269340309,-187500.02235174447,-187500.02235174447,-187500.02235174447,-187500.02235174447
$SILENCE,2356.410307456292,-7864.88596974444,6697.163784165834,12275.37688915454,-187500.02235174447,-187500.02235174447,-187500.02235174447,-187500.02235174447
$SILENCE,2264.499934256069,-7917.3008104921355,6390.676664194663,12290.397261428507,-187500.02235174447,-187500.02235174447,-187500.02235174447,-187500.02235174447
$SILENCE,2532.430295041835,-7890.054034001117,6852.061373241112,12229.533461276706,-187500.02235174447,-187500.02235174447,-187500.02235174447,-187500.02235174447
$SILENCE,2630.845025878552,-7835.605184507988,7176.116964354153,12213.239039568787,-187500.02235174447,-187500.02235174447,-187500.02235174447,-187500.02235174447
$SILENCE,2394.564735241501,-7855.945271962318,6782.033357862635,12269.230159429331,-187500.02235174447,-187500.02235174447,-187500.02235174447,-187500.02235174447
$SILENCE,2240.7176781556223,-7915.110339535516,6371.230646518547,12298.041558032222,-187500.02235174447,-187500.02235174447,-187500.02235174447,-187500.02235174447
$SILENCE,2472.304102457059,-7902.995694040739,6734.312383450554,12242.363362594053,-187500.02235174447,-187500.02235174447,-187500.02235174447,-187500.02235174447
$SILENCE,2622.8207496190967,-7842.824797967053,7136.6661353905365,12217.888202415492,-187500.02235174447,-187500.02235174447,-187500.02235174447,-187500.02235174447
$SILENCE,2449.2594539236375,-7849.798542237108,6884.6725684014045,12260.021240713744,-187500.02235174447,-187500.02235174447,-187500.02235174447,-187500.02235174447
$SILENCE,2243.5563497014464,-7905.521441164189,6416.425873807178,12299.71793886637,-187500.02235174447,-187500.02235174447,-187500.02235174447,-187500.02235174447
$SILENCE,2416.983534930174,-7911.08702553356,6639.205710793222,12257.674307545938,-187500.02235174447,-187500.02235174447,-187500.02235174447,-187500.02235174447
$SILENCE,2622.6642874079093,-7851.050239926606,7117.421283414517,12216.345932048074,-187500.02235174447,-187500.02235174447,-187500.02235174447,-187500.02235174447
$SILENCE,2492.197155022282,-7841.126065388449,6969.363328142564,12250.700563275883,-187500.02235174447,-187500.02235174447,-187500.02235174447,-187500.02235174447
$SILENCE,2259.4931434980804,-7894.65849335891,6467.544313376465,12297.885095821035,-187500.02235174447,-187500.02235174447,-187500.02235174447,-187500.02235174447
$SILENCE,2365.105136049406,-7919.200708770837,6538.309936321966,12264.223368671343,-187500.02235174447,-187500.02235174447,-187500.02235174447,-187500.02235174447
$SILENCE,2611.644877391443,-7860.482676086745,7069.119163646599,12213.283743057698,-187500.02235174447,-187500.02235174447,-187500.02235174447,-187500.02235174447
$SILENCE,2536.2747950881476,-7837.16980661986,7040.061895854699,12238.18358638091,-187500.02235174447,-187500.02235174447,-187500.02235174447,-187500.02235174447
$SILENCE,2286.695216500189,-7882.856772286507,6544.702535236184,12291.023110273256,-187500.02235174447,-187500.02235174447,-187500.02235174447,-187500.02235174447
$SILENCE,2318.859376771376,-7920.273592504692,6468.684252343685,12280.853066546091,-187500.02235174447,-187500.02235174447,-187500.02235174447,-187500.02235174447
$SILENCE,2590.9695137702843,-7870.719775047276,7005.461395437885,12224.034932140701,-187500.02235174447,-187500.02235174447,-187500.02235174447,-187500.02235174447
$SILENCE,2568.014272214684,-7837.639193253422,7090.710948790425,12228.281763587209,-187500.02235174447,-187500.02235174447,-187500.02235174447,-187500.02235174447
$SILENCE,2323.240318684616,-7874.899551260419,6637.328164258977,12283.915255536469,-187500.02235174447,-187500.02235174447,-187500.02235174447,-187500.02235174447
$SILENCE,2278.6485884962785,-7919.915964593407,6416.135301129259,12284.965787525867,-187500.02235174447,-187500.02235174447,-187500.02235174447,-187500.02235174447
$SILENCE,2557.17367615386,-7881.89564727493,6927.543214266684,12220.771577450227,-187500.02235174447,-187500.02235174447,-187500.02235174447,-187500.02235174447
$SILENCE,2601.541888897644,-7835.582832763534,7129.759446353847,12224.638429240995,-187500.02235174447,-187500.02235174447,-187500.02235174447,-187500.02235174447
$SILENCE,2373.889371620342,-7862.851960999008,6729.394999670387,12281.47891539084,-187500.02235174447,-187500.02235174447,-187500.02235174447,-187500.02235174447
$SILENCE,2256.8109341634436,-7916.227926758281,6387.145088570725,12299.516773166273,-187500.02235174447,-187500.02235174447,-187500.02235174447,-187500.02235174447
$SILENCE,2515.0853413445166,-7893.429147413868,6817.796148991126,12233.690885745393,-187500.02235174447,-187500.02235174447,-187500.02235174447,-187500.02235174447
$SILENCE,2625.8158833761076,-7839.092056643017,7150.591272186193,12213.641370968982,-187500.02235174447,-187500.02235174447,-187500.02235174447,-187500.02235174447
$SILENCE,2420.2245378761936,-7855.162960906382,6822.713532771294,12261.80938027017,-187500.02235174447,-187500.02235174447,-187500.02235174447,-187500.02235174447
$SILENCE,2247.266739281027,-7910.550583666633,6386.630998448253,12294.778203341748,-187500.02235174447,-187500.02235174447,-187500.02235174447,-187500.02235174447
$SILENCE,2458.7812970615983,-7903.934467307862,6705.970371481225,12247.548967307685,-187500.02235174447,-187500.02235174447,-187500.02235174447,-187500.02235174447
$SILENCE,2618.5962699170436,-7845.395248579413,7133.626298144615,12228.952315920867,-187500.02235174447,-187500.02235174447,-187500.02235174447,-187500.02235174447
$SILENCE,2461.9552447742517,-7844.679992756844,6908.097196590566,12261.697621547894,-187500.02235174447,-187500.02235174447,-187500.02235174447,-187500.02235174447
$SILENCE,2247.020870092019,-7898.413586427401,6427.244118123546,12295.538162653227,-187500.02235174447,-187500.02235174447,-187500.02235174447,-187500.02235174447
$SILENCE,2405.539441769057,-7909.298885977136,6611.221326735178,12258.1436941795,-187500.02235174447,-187500.02235174447,-187500.02235174447,-187500.02235174447
$SILENCE,2627.3134502546136,-7848.591548036522,7104.859603030634,12213.574315735617,-187500.02235174447,-187500.02235174447,-187500.02235174447,-187500.02235174447
$SILENCE,2503.9541726057737,-7836.767475219664,6985.545991128206,12241.715162004848,-187500.02235174447,-187500.02235174447,-187500.02235174447,-187500.02235174447
$SILENCE,2270.691367470189,-7890.366958423491,6483.324644961911,12294.62174113056,-187500.02235174447,-187500.02235174447,-187500.02235174447,-187500.02235174447
$SILENCE,2355.5162376780795,-7917.65843840342,6524.138930337302,12270.638319330015,-187500.02235174447,-187500.02235174447,-187500.02235174447,-187500.02235174447
não,2618.3504007280353,-7857.576949307555,7054.746991961836,12218.715216960338,-187500.02235174447,-187500.02235174447,-187500.02235174447,-187500.02235174447
não,2570.4953158492226,-7826.776245448143,7054.501122772828,12239.189414881399,-187500.02235174447,-187500.02235174447,-187500.02235174447,-187500.02235174447
não,2329.0741239874515,-7875.123068704971,6576.77728852955,12291.850124818102,-187500.02235174447,-187500.02235174447,-187500.02235174447,-187500.02235174447
não,2324.1567402072837,-7926.3979704854455,6444.052629953937,12271.979423997334,-187500.02235174447,-187500.02235174447,-187500.02235174447,-187500.02235174447
não,2599.194955729837,-7876.955911750307,6965.3847176295185,12215.094234358578,-187500.02235174447,-187500.02235174447,-187500.02235174447,-187500.02235174447
não,2597.876202806974,-7842.467170055768,7094.890725003568,12220.860984428047,-187500.02235174447,-187500.02235174447,-187500.02235174447,-187500.02235174447
não,2358.399612712814,-7872.753783792709,6649.621623709396,12281.702432835393,-187500.02235174447,-187500.02235174447,-187500.02235174447,-187500.02235174447
não,2292.2608008695606,-7913.702179634832,6401.450205022122,12299.226200488354,-187500.02235174447,-187500.02235174447,-187500.02235174447,-187500.02235174447
não,2552.591568540522,-7883.862600786996,6894.730853406293,12230.941621177391,-187500.02235174447,-187500.02235174447,-187500.02235174447,-187500.02235174447
não,2611.6001739025323,-7832.766512962165,7138.633088902604,12226.672437986426,-187500.02235174447,-187500.02235174447,-187500.02235174447,-187500.02235174447
não,2397.1798893427717,-7834.889928685418,6769.181104800833,12294.018244030267,-187500.02235174447,-187500.02235174447,-187500.02235174447,-187500.02235174447
não,2232.8051606184436,-7920.13948203796,6361.708803380586,12300.254380733299,-187500.02235174447,-187500.02235174447,-187500.02235174447,-187500.02235174447
não,2462.625797107911,-7918.28428724817,6758.809895373571,12227.387693808996,-187500.02235174447,-187500.02235174447,-187500.02235174447,-187500.02235174447
não,2617.970421072295,-7838.376800820447,7162.124772325132,12235.61313576855,-187500.02235174447,-187500.02235174447,-187500.02235174447,-187500.02235174447
não,2417.587032030467,-7837.147454875405,6819.092550169534,12282.775316569248,-187500.02235174447,-187500.02235174447,-187500.02235174447,-187500.02235174447
não,2212.5321283974804,-7907.019008042695,6341.703992093086,12300.991988300322,-187500.02235174447,-187500.02235174447,-187500.02235174447,-187500.02235174447
não,2385.959313626208,-7932.343534510557,6619.714989628195,12235.210804368355,-187500.02235174447,-187500.02235174447,-187500.02235174447,-187500.02235174447
não,2591.3494934260243,-7859.499199330712,7098.019969227311,12222.269144328731,-187500.02235174447,-187500.02235174447,-187500.02235174447,-187500.02235174447
não,2462.8046110635532,-7844.054143912094,6930.113664879044,12266.883226261525,-187500.02235174447,-187500.02235174447,-187500.02235174447,-187500.02235174447
não,2233.274547252005,-7898.65945561641,6433.234385637568,12306.646979647516,-187500.02235174447,-187500.02235174447,-187500.02235174447,-187500.02235174447
não,2350.6435573868225,-7929.28134552018,6545.551901525486,12257.160217423465,-187500.02235174447,-187500.02235174447,-187500.02235174447,-187500.02235174447
não,2578.720757808776,-7874.564275093589,7044.554596490217,12207.204068565854,-187500.02235174447,-187500.02235174447,-187500.02235174447,-187500.02235174447
não,2487.7268061312207,-7850.402039337402,6974.52658111174,12240.061132915156,-187500.02235174447,-187500.02235174447,-187500.02235174447,-187500.02235174447
não,2245.657413680245,-7891.775118324175,6485.202191496157,12301.014340044778,-187500.02235174447,-187500.02235174447,-187500.02235174447,-187500.02235174447
não,2295.2782863710268,-7941.597156715055,6482.989368795082,12273.85697053158,-187500.02235174447,-187500.02235174447,-187500.02235174447,-187500.02235174447
não,2567.8354582590414,-7881.359205408002,7016.413750220985,12221.352722806065,-187500.02235174447,-187500.02235174447,-187500.02235174447,-187500.02235174447
não,2537.079457888539,-7827.111521614972,7043.68287845646,12249.18064465292,-187500.02235174447,-187500.02235174447,-187500.02235174447,-187500.02235174447
não,2259.761364431544,-7892.020987513183,6530.620936229341,12266.480894861328,-187500.02235174447,-187500.02235174447,-187500.02235174447,-187500.02235174447
não,2233.25219550755,-7970.095630895571,6377.422079732666,12256.0426302007,-187500.02235174447,-187500.02235174447,-187500.02235174447,-187500.02235174447
não,2514.303030288581,-7924.408665228923,6903.179812810399,12201.124394074011,-187500.02235174447,-187500.02235174447,-187500.02235174447,-187500.02235174447
não,2541.5051032906895,-7873.491391359734,7072.583684037171,12210.22155406732,-187500.02235174447,-187500.02235174447,-187500.02235174447,-187500.02235174447
não,2308.018780710552,-7900.84992657303,6653.644937711351,12266.056211716677,-187500.02235174447,-187500.02235174447,-187500.02235174447,-187500.02235174447
não,2232.4475327071586,-7935.293964778658,6362.44641094761,12282.23887470232,-187500.02235174447,-187500.02235174447,-187500.02235174447,-187500.02235174447
não,2479.009625793651,-7927.537909452666,6794.170355101866,12194.240056781777,-187500.02235174447,-187500.02235174447,-187500.02235174447,-187500.02235174447
não,2558.1124494209826,-7878.878161773463,7098.377597138596,12182.684204898384,-187500.02235174447,-187500.02235174447,-187500.02235174447,-187500.02235174447
não,2365.105136049406,-7874.676033815866,6778.01004386068,12262.703450048382,-187500.02235174447,-187500.02235174447,-187500.02235174447,-187500.02235174447
não,2191.3873781427596,-7951.923662653407,6337.479512391033,12269.699546062893,-187500.02235174447,-187500.02235174447,-187500.02235174447,-187500.02235174447
não,2435.2449101501597,-7924.028685573183,6707.579697082007,12223.632600740506,-187500.02235174447,-187500.02235174447,-187500.02235174447,-187500.02235174447
não,2584.554563111611,-7861.868484242975,7098.578762838693,12203.828955153103,-187500.02235174447,-187500.02235174447,-187500.02235174447,-187500.02235174447
não,2378.0691478334843,-7890.366958423491,6815.382160589953,12229.332295576609,-187500.02235174447,-187500.02235174447,-187500.02235174447,-187500.02235174447
não,2219.863500578821,-7911.064673789106,6410.122681870781,12304.948247068913,-187500.02235174447,-187500.02235174447,-187500.02235174447,-187500.02235174447
não,2353.146952765817,-7974.610683275543,6588.958989257692,12198.755109161748,-187500.02235174447,-187500.02235174447,-187500.02235174447,-187500.02235174447
não,2563.7003855348094,-7903.710949863309,7066.906340945523,12180.426678708396,-187500.02235174447,-187500.02235174447,-187500.02235174447,-187500.02235174447
não,2447.0913347114724,-7870.250388413715,6940.730743495315,12240.284650359708,-187500.02235174447,-187500.02235174447,-187500.02235174447,-187500.02235174447
não,2207.7488550840444,-7940.546624725655,6415.040065650948,12258.18839766841,-187500.02235174447,-187500.02235174447,-187500.02235174447,-187500.02235174447
não,2319.6863913162224,-7966.854627949551,6490.030168298504,12224.70548447436,-187500.02235174447,-187500.02235174447,-187500.02235174447,-187500.02235174447
não,2567.8354582590414,-7896.334874193058,7026.62849743706,12186.79692587816,-187500.02235174447,-187500.02235174447,-187500.02235174447,-187500.02235174447
não,2487.1233090309274,-7870.295091902625,6991.648017364504,12213.194336079876,-187500.02235174447,-187500.02235174447,-187500.02235174447,-187500.02235174447
não,2260.610730720846,-7891.75276657972,6536.968831654648,12288.832639316635,-187500.02235174447,-187500.02235174447,-187500.02235174447,-187500.02235174447
não,2319.954612249686,-7902.0345690291615,6494.589924167386,12289.816116072669,-187500.02235174447,-187500.02235174447,-187500.02235174447,-187500.02235174447
não,2529.3457543070026,-7926.442673974357,6939.948432439379,12181.544265931161,-187500.02235174447,-187500.02235174447,-187500.02235174447,-187500.02235174447
não,2480.820117094531,-7922.039380316661,7007.115424527577,12182.952425831847,-187500.02235174447,-187500.02235174447,-187500.02235174447,-187500.02235174447
não,2278.3356640739044,-7916.250278502736,6589.718948569173,12267.151447194989,-187500.02235174447,-187500.02235174447,-187500.02235174447,-187500.02235174447
não,2250.9994806050636,-7954.449409776857,6396.130489841758,12265.944452994401,-187500.02235174447,-187500.02235174447,-187500.02235174447,-187500.02235174447
não,2533.145550864405,-7907.890726076452,6912.813414670636,12211.473251756817,-187500.02235174447,-187500.02235174447,-187500.02235174447,-187500.02235174447
não,2565.108545435494,-7859.901530730907,7108.681751332492,12210.646237211971,-187500.02235174447,-187500.02235174447,-187500.02235174447,-187500.02235174447
não,2339.5123886480797,-7876.46417337229,6708.9878569826915,12275.153371709988,-187500.02235174447,-187500.02235174447,-187500.02235174447,-187500.02235174447
não,2222.053971535441,-7948.816770174119,6368.8837133507395,12275.756868810282,-187500.02235174447,-187500.02235174447,-187500.02235174447,-187500.02235174447
não,2487.547992175578,-7916.272630247192,6821.68535252635,12217.32940880411,-187500.02235174447,-187500.02235174447,-187500.02235174447,-187500.02235174447
não,2588.9578567693065,-7865.377708122458,7130.944088809978,12206.555867976651,-187500.02235174447,-187500.02235174447,-187500.02235174447,-187500.02235174447
não,2392.6648369627997,-7874.676033815866,6807.2461256082215,12272.068830975155,-187500.02235174447,-187500.02235174447,-187500.02235174447,-187500.02235174447
não,2230.949965828653,-7924.118092551004,6397.024559619971,12305.1047092801,-187500.02235174447,-187500.02235174447,-187500.02235174447,-187500.02235174447
não,2442.91155849833,-7925.682714662876,6713.033522729102,12240.284650359708,-187500.02235174447,-187500.02235174447,-187500.02235174447,-187500.02235174447
não,2602.3465516980355,-7869.959815735796,7124.976173040411,12209.595705222573,-187500.02235174447,-187500.02235174447,-187500.02235174447,-187500.02235174447
não,2442.665689309322,-7863.544865077122,6896.094309818067,12259.23892965781,-187500.02235174447,-187500.02235174447,-187500.02235174447,-187500.02235174447
não,2230.569986172913,-7917.032589558672,6424.427798322177,12304.38945345753,-187500.02235174447,-187500.02235174447,-187500.02235174447,-187500.02235174447
não,2392.8660026628977,-7923.246374517247,6625.638201908851,12259.685964546916,-187500.02235174447,-187500.02235174447,-187500.02235174447,-187500.02235174447
não,2607.688618622854,-7859.141571419427,7118.2930014482745,12216.927077403912,-187500.02235174447,-187500.02235174447,-187500.02235174447,-187500.02235174447
não,2505.9658296067514,-7841.193120621815,7000.834584335636,12263.172836681942,-187500.02235174447,-187500.02235174447,-187500.02235174447,-187500.02235174447
não,2252.474695739114,-7911.489356933756,6472.416993667722,12292.140697496021,-187500.02235174447,-187500.02235174447,-187500.02235174447,-187500.02235174447
não,2346.955519551697,-7936.188034556871,6531.649116474285,12265.028031471735,-187500.02235174447,-187500.02235174447,-187500.02235174447,-187500.02235174447
não,2611.488415180256,-7876.061841972094,7067.1075066456215,12220.972743150323,-187500.02235174447,-187500.02235174447,-187500.02235174447,-187500.02235174447
não,2541.1251236349494,-7849.798542237108,7052.82474193868,12240.75403699327,-187500.02235174447,-187500.02235174447,-187500.02235174447,-187500.02235174447
não,2283.8341932099097,-7892.9374090358515,6558.314747609466,12278.304967678187,-187500.02235174447,-187500.02235174447,-187500.02235174447,-187500.02235174447
não,2297.602867794379,-7929.28134552018,6456.614310337819,12263.821037271147,-187500.02235174447,-187500.02235174447,-187500.02235174447,-187500.02235174447
não,2580.3077316651024,-7884.1308217204605,6999.1358517570325,12219.56458324964,-187500.02235174447,-187500.02235174447,-187500.02235174447,-187500.02235174447
não,2576.5749903410665,-7854.693574272821,7111.967457767422,12230.18166186591,-187500.02235174447,-187500.02235174447,-187500.02235174447,-187500.02235174447
não,2336.9419380357194,-7884.644911842932,6670.051118141547,12285.882209048536,-187500.02235174447,-187500.02235174447,-187500.02235174447,-187500.02235174447
não,2279.7438239745884,-7926.621487929999,6432.474426326087,12283.870552047558,-187500.02235174447,-187500.02235174447,-187500.02235174447,-187500.02235174447
não,2546.3330800930357,-7893.764423580697,6913.327504793108,12216.815318681636,-187500.02235174447,-187500.02235174447,-187500.02235174447,-187500.02235174447
não,2597.5409266401443,-7849.239748625726,7136.286155734797,12211.070920356622,-187500.02235174447,-187500.02235174447,-187500.02235174447,-187500.02235174447
não,2375.923380365775,-7874.6089785825,6751.09854353649,12258.367211624052,-187500.02235174447,-187500.02235174447,-187500.02235174447,-187500.02235174447
não,2255.246312051572,-7928.342572253057,6404.937077157149,12279.131982223033,-187500.02235174447,-187500.02235174447,-187500.02235174447,-187500.02235174447
não,2503.7083034167654,-7906.080234775572,6816.276230368166,12223.856118185058,-187500.02235174447,-187500.02235174447,-187500.02235174447,-187500.02235174447
não,2617.746903627742,-7851.36316434898,7151.172417542031,12207.002902865757,-187500.02235174447,-187500.02235174447,-187500.02235174447,-187500.02235174447
não,2418.458750064224,-7865.444763355824,6849.893254028947,12250.499397575784,-187500.02235174447,-187500.02235174447,-187500.02235174447,-187500.02235174447
não,2240.9635473446306,-7923.1122640505155,6423.041990165948,12285.658691603981,-187500.02235174447,-187500.02235174447,-187500.02235174447,-187500.02235174447
não,2446.398430633358,-7919.491281448756,6718.800272798571,12235.546080535183,-187500.02235174447,-187500.02235174447,-187500.02235174447,-187500.02235174447
não,2619.3785809729793,-7856.5040655737,7150.613623930648,12205.237115053787,-187500.02235174447,-187500.02235174447,-187500.02235174447,-187500.02235174447
não,2467.2302564657043,-7854.1347806614385,6940.864853962047,12240.351705593075,-187500.02235174447,-187500.02235174447,-187500.02235174447,-187500.02235174447
não,2251.49121898308,-7907.1978219983375,6456.27903417099,12282.127115980044,-187500.02235174447,-187500.02235174447,-187500.02235174447,-187500.02235174447
não,2391.860174162409,-7919.580688426578,6613.434149436253,12244.889109717502,-187500.02235174447,-187500.02235174447,-187500.02235174447,-187500.02235174447
não,2615.3329152265687,-7861.153228420405,7109.59817285516,12199.492716728773,-187500.02235174447,-187500.02235174447,-187500.02235174447,-187500.02235174447
não,2510.6373441979104,-7847.518664302667,7012.81511936368,12231.522766533228,-187500.02235174447,-187500.02235174447,-187500.02235174447,-187500.02235174447
não,2264.9469691451754,-7897.184240482359,6517.902793634271,12279.511961878772,-187500.02235174447,-187500.02235174447,-187500.02235174447,-187500.02235174447
não,2338.9088915477864,-7923.201671028337,6533.392552541799,12253.740400521803,-187500.02235174447,-187500.02235174447,-187500.02235174447,-187500.02235174447
não,2598.9267347963732,-7867.299958145614,7063.106544388122,12203.516030730729,-187500.02235174447,-187500.02235174447,-187500.02235174447,-187500.02235174447
não,2545.617824270466,-7839.740257232221,7080.965588207911,12226.985362408801,-187500.02235174447,-187500.02235174447,-187500.02235174447,-187500.02235174447
não,2310.857452256376,-7882.543847864134,6618.21742274969,12273.387583898018,-187500.02235174447,-187500.02235174447,-187500.02235174447,-187500.02235174447
não,2305.4483300981915,-7918.932487837374,6496.445118957176,12267.956109995379,-187500.02235174447,-187500.02235174447,-187500.02235174447,-187500.02235174447
não,2552.8597894739855,-7876.978263494762,6975.040671234211,12219.676341971915,-187500.02235174447,-187500.02235174447,-187500.02235174447,-187500.02235174447
não,2575.770327540675,-7838.309745587081,7143.639879660593,12218.715216960338,-187500.02235174447,-187500.02235174447,-187500.02235174447,-187500.02235174447
não,2322.8379872844207,-7870.3397953915355,6674.789687966071,12266.369136139052,-187500.02235174447,-187500.02235174447,-187500.02235174447,-187500.02235174447
não,2263.918788900231,-7914.618601157499,6443.247967153546,12273.074659475644,-187500.02235174447,-187500.02235174447,-187500.02235174447,-187500.02235174447
não,2511.5314139761226,-7887.975321766773,6880.291626488165,12219.050493127168,-187500.02235174447,-187500.02235174447,-187500.02235174447,-187500.02235174447
não,2597.675037106876,-7839.784960721131,7167.84681890569,12206.600571465562,-187500.02235174447,-187500.02235174447,-187500.02235174447,-187500.02235174447
não,2362.199409270216,-7861.734373776242,6764.129610553934,12262.94931923739,-187500.02235174447,-187500.02235174447,-187500.02235174447,-187500.02235174447
não,2230.279413494994,-7914.976229068784,6394.476460752066,12285.032842759234,-187500.02235174447,-187500.02235174447,-187500.02235174447,-187500.02235174447
não,2470.9629977897403,-7896.334874193058,6788.448308521308,12226.247754841776,-187500.02235174447,-187500.02235174447,-187500.02235174447,-187500.02235174447
não,2597.026836517672,-7841.081361899539,7154.726344910425,12203.292513286176,-187500.02235174447,-187500.02235174447,-187500.02235174447,-187500.02235174447
não,2414.077808150984,-7851.4972748157115,6880.537495677173,12251.415819098453,-187500.02235174447,-187500.02235174447,-187500.02235174447,-187500.02235174447
não,2226.3231547264045,-7901.721644606787,6428.160539646214,12288.899694550002,-187500.02235174447,-187500.02235174447,-187500.02235174447,-187500.02235174447
não,2414.1225116398946,-7901.364016695502,6684.311531104033,12235.255507857264,-187500.02235174447,-187500.02235174447,-187500.02235174447,-187500.02235174447
não,2599.3514179410245,-7845.88698695743,7133.089856277687,12192.854248625548,-187500.02235174447,-187500.02235174447,-187500.02235174447,-187500.02235174447
não,2459.8318290509974,-7843.607109022989,6960.646147804993,12233.199147367377,-187500.02235174447,-187500.02235174447,-187500.02235174447,-187500.02235174447
não,2238.9071868547426,-7894.680845103365,6476.3285489474,12283.602331114094,-187500.02235174447,-187500.02235174447,-187500.02235174447,-187500.02235174447
não,2364.859266860398,-7912.361074967513,6595.083367238447,12247.504263818773,-187500.02235174447,-187500.02235174447,-187500.02235174447,-187500.02235174447
não,2591.461252148301,-7856.861693484985,7097.327065149197,12199.537420217684,-187500.02235174447,-187500.02235174447,-187500.02235174447,-187500.02235174447
não,2502.0989778159833,-7836.78982696412,7030.875328883569,12228.080597887112,-187500.02235174447,-187500.02235174447,-187500.02235174447,-187500.02235174447
não,2259.403736520259,-7882.923827519874,6538.131122366324,12273.365232153563,-187500.02235174447,-187500.02235174447,-187500.02235174447,-187500.02235174447
não,2309.9186789892533,-7915.557374424622,6509.342075507889,12255.66265054496,-187500.02235174447,-187500.02235174447,-187500.02235174447,-187500.02235174447
não,2567.5672373255775,-7862.136705176438,7039.413695265495,12206.019426109724,-187500.02235174447,-187500.02235174447,-187500.02235174447,-187500.02235174447
não,2533.793751453609,-7832.1853676063265,7090.3533208791405,12225.42074029693,-187500.02235174447,-187500.02235174447,-187500.02235174447,-187500.02235174447
não,2294.451271826181,-7873.312577404092,6623.850062352427,12277.47795313334,-187500.02235174447,-187500.02235174447,-187500.02235174447,-187500.02235174447
não,2265.528114501013,-7917.3008104921355,6445.259624154523,12272.269996675253,-187500.02235174447,-187500.02235174447,-187500.02235174447,-187500.02235174447
não,2530.1280653629383,-7877.045318728128,6952.398354100986,12203.56073421964,-187500.02235174447,-187500.02235174447,-187500.02235174447,-187500.02235174447
não,2556.7713447536644,-7831.6489257394,7127.703085863958,12204.901838886957,-187500.02235174447,-187500.02235174447,-187500.02235174447,-187500.02235174447
não,2328.5153303760685,-7862.092001687527,6709.859575016449,12262.368173881552,-187500.02235174447,-187500.02235174447,-187500.02235174447,-187500.02235174447
não,2239.376573488304,-7916.071464547094,6408.64746673673,12279.646072345504,-187500.02235174447,-187500.02235174447,-187500.02235174447,-187500.02235174447
não,2495.1475852903827,-7887.572990366578,6856.956405276824,12218.424644282419,-187500.02235174447,-187500.02235174447,-187500.02235174447,-187500.02235174447
não,2582.095871221527,-7839.561443276578,7143.908100594056,12206.019426109724,-187500.02235174447,-187500.02235174447,-187500.02235174447,-187500.02235174447
não,2382.0030548576183,-7855.274719628659,6806.687331996838,12255.528540078229,-187500.02235174447,-187500.02235174447,-187500.02235174447,-187500.02235174447
não,2239.3318699993933,-7907.823670843086,6440.141074674258,12278.394374656007,-187500.02235174447,-187500.02235174447,-187500.02235174447,-187500.02235174447
não,2437.8600642514307,-7898.793566083142,6749.936252824814,12225.264278085742,-187500.02235174447,-187500.02235174447,-187500.02235174447,-187500.02235174447
não,2593.9646475272953,-7843.9870886787285,7154.256958276864,12191.401385235953,-187500.02235174447,-187500.02235174447,-187500.02235174447,-187500.02235174447
não,2405.42768304678,-7851.631385282444,6879.1516875209445,12235.32256309063,-187500.02235174447,-187500.02235174447,-187500.02235174447,-187500.02235174447
não,2205.7371980830667,-7908.5165749212,6408.289838825445,12276.047441488201,-187500.02235174447,-187500.02235174447,-187500.02235174447,-187500.02235174447
não,2380.5501914680235,-7910.595287155544,6635.540024702553,12231.858042700058,-187500.02235174447,-187500.02235174447,-187500.02235174447,-187500.02235174447
não,2579.8606967759965,-7851.787847493631,7108.994675754867,12194.687091670883,-187500.02235174447,-187500.02235174447,-187500.02235174447,-187500.02235174447
não,2445.7949335330645,-7845.261138112681,6959.506208837773,12226.717141475337,-187500.02235174447,-187500.02235174447,-187500.02235174447,-187500.02235174447
não,2217.225994733095,-7896.513688148701,6470.248874455557,12275.980386254834,-187500.02235174447,-187500.02235174447,-187500.02235174447,-187500.02235174447
não,2324.2237954406496,-7919.267764004203,6549.7987329719945,12247.101932418578,-187500.02235174447,-187500.02235174447,-187500.02235174447,-187500.02235174447
não,2564.2815308906474,-7861.60026330951,7066.906340945523,12195.447050982362,-187500.02235174447,-187500.02235174447,-187500.02235174447,-187500.02235174447
não,2485.648093896877,-7840.656678754888,7031.523529472773,12217.552926248662,-187500.02235174447,-187500.02235174447,-187500.02235174447,-187500.02235174447
não,2244.8527508798543,-7886.477754888268,6541.819160201449,12273.633453087026,-187500.02235174447,-187500.02235174447,-187500.02235174447,-187500.02235174447
não,2274.8487919388763,-7921.435883216368,6468.393679665766,12258.1436941795,-187500.02235174447,-187500.02235174447,-187500.02235174447,-187500.02235174447
não,2543.203835869293,-7872.642025070432,6993.838488321125,12197.346949261064,-187500.02235174447,-187500.02235174447,-187500.02235174447,-187500.02235174447
não,2530.932728163329,-7836.745123475209,7081.680844030481,12213.730777946805,-187500.02235174447,-187500.02235174447,-187500.02235174447,-187500.02235174447
não,2292.864297969854,-7870.295091902625,6630.734399644662,12271.241816430309,-187500.02235174447,-187500.02235174447,-187500.02235174447,-187500.02235174447
não,2250.239521293583,-7917.032589558672,6420.2480221090345,12273.745211809304,-187500.02235174447,-187500.02235174447,-187500.02235174447,-187500.02235174447
não,2521.790864681109,-7881.985054252751,6919.340124051586,12213.395501779974,-187500.02235174447,-187500.02235174447,-187500.02235174447,-187500.02235174447
não,2563.476868090256,-7838.533263031633,7122.562184639238,12208.299304044165,-187500.02235174447,-187500.02235174447,-187500.02235174447,-187500.02235174447
não,2339.422981670258,-7863.790734266131,6724.768188568139,12259.842426758103,-187500.02235174447,-187500.02235174447,-187500.02235174447,-187500.02235174447
não,2225.2949744814605,-7915.959705824817,6393.805908418407,12278.640243845015,-187500.02235174447,-187500.02235174447,-187500.02235174447,-187500.02235174447
não,2475.545105403078,-7893.205629969315,6819.204308891811,12221.464481528341,-187500.02235174447,-187500.02235174447,-187500.02235174447,-187500.02235174447
não,2584.241638689237,-7840.097885143506,7135.839120845691,12207.204068565854,-187500.02235174447,-187500.02235174447,-187500.02235174447,-187500.02235174447
não,2393.0671683629953,-7852.5031033162,6817.68439026885,12258.23310115732,-187500.02235174447,-187500.02235174447,-187500.02235174447,-187500.02235174447
não,2226.9490035711533,-7906.639028386954,6404.244173079035,12294.867610319568,-187500.02235174447,-187500.02235174447,-187500.02235174447,-187500.02235174447
não,2442.643337564866,-7898.65945561641,6724.3658571679425,12238.831786970113,-187500.02235174447,-187500.02235174447,-187500.02235174447,-187500.02235174447
não,2604.0452842766385,-7839.561443276578,7138.051943546766,12209.79687092267,-187500.02235174447,-187500.02235174447,-187500.02235174447,-187500.02235174447
não,2441.637509064378,-7841.640155510921,6912.634600714994,12250.700563275883,-187500.02235174447,-187500.02235174447,-187500.02235174447,-187500.02235174447
não,2245.5009514690582,-7895.731377092765,6467.656072098741,12294.599389386105,-187500.02235174447,-187500.02235174447,-187500.02235174447,-187500.02235174447
não,2380.6395984458445,-7906.281400475669,6630.890861855849,12262.18935992591,-187500.02235174447,-187500.02235174447,-187500.02235174447,-187500.02235174447
não,2600.714874352798,-7851.430219582346,7112.16862346752,12212.926115146412,-187500.02235174447,-187500.02235174447,-187500.02235174447,-187500.02235174447
não,2488.0844340425056,-7837.393324064413,6996.6101046335825,12235.546080535183,-187500.02235174447,-187500.02235174447,-187500.02235174447,-187500.02235174447
não,2242.3270037564043,-7890.076385745572,6473.08754600138,12289.704357350392,-187500.02235174447,-187500.02235174447,-187500.02235174447,-187500.02235174447
não,2335.0643915014734,-7912.673999389887,6522.082569847414,12263.150484937489,-187500.02235174447,-187500.02235174447,-187500.02235174447,-187500.02235174447
não,2587.7285108242645,-7856.325251618058,7054.5458262617385,12208.925152888913,-187500.02235174447,-187500.02235174447,-187500.02235174447,-187500.02235174447
não,2523.0202106261504,-7832.6547542398885,7055.529303017772,12230.628696755017,-187500.02235174447,-187500.02235174447,-187500.02235174447,-187500.02235174447
não,2277.732166973611,-7875.883028016452,6572.597512316408,12287.849162560602,-187500.02235174447,-187500.02235174447,-187500.02235174447,-187500.02235174447
não,2290.919696202242,-7915.736188380264,6461.956377262638,12281.076583990643,-187500.02235174447,-187500.02235174447,-187500.02235174447,-187500.02235174447
não,2560.0123476996837,-7866.629405811955,6987.468241151362,12222.112682117544,-187500.02235174447,-187500.02235174447,-187500.02235174447,-187500.02235174447
não,2558.1795046543484,-7830.441931538812,7106.4912803758725,12221.062150128146,-187500.02235174447,-187500.02235174447,-187500.02235174447,-187500.02235174447
não,2320.558109349979,-7865.109487188994,6663.524408760597,12272.42645888644,-187500.02235174447,-187500.02235174447,-187500.02235174447,-187500.02235174447
não,2257.705003941656,-7914.238621501759,6417.610516263308,12283.647034603006,-187500.02235174447,-187500.02235174447,-187500.02235174447,-187500.02235174447
não,2524.3166118045583,-7878.185257695349,6900.676417431405,12222.22444083982,-187500.02235174447,-187500.02235174447,-187500.02235174447,-187500.02235174447
não,2575.189182184837,-7829.480806527235,7134.69918187847,12212.724949446316,-187500.02235174447,-187500.02235174447,-187500.02235174447,-187500.02235174447
não,2352.2528829876046,-7853.486580072235,6753.713697637761,12269.699546062893,-187500.02235174447,-187500.02235174447,-187500.02235174447,-187500.02235174447
não,2226.5913756598684,-7908.3154092211025,6394.923495641172,12293.86178181908,-187500.02235174447,-187500.02235174447,-187500.02235174447,-187500.02235174447
não,2477.400300192869,-7890.054034001117,6804.005122662202,12237.736551491804,-187500.02235174447,-187500.02235174447,-187500.02235174447,-187500.02235174447
não,2598.636162118454,-7832.967678662262,7159.040231590299,12224.906650174458,-187500.02235174447,-187500.02235174447,-187500.02235174447,-187500.02235174447
não,2404.7124272242104,-7844.992917179217,6854.140085475456,12266.190322183409,-187500.02235174447,-187500.02235174447,-187500.02235174447,-187500.02235174447
não,2222.635116891279,-7902.056920773616,6406.680513224664,12299.62853188855,-187500.02235174447,-187500.02235174447,-187500.02235174447,-187500.02235174447
não,2427.95824145773,-7899.620580627988,6696.940266721281,12247.32544986313,-187500.02235174447,-187500.02235174447,-187500.02235174447,-187500.02235174447
não,2603.508842409711,-7838.957946176285,7138.02959180231,12213.261391313243,-187500.02235174447,-187500.02235174447,-187500.02235174447,-187500.02235174447
não,2453.1263057144056,-7838.555614776089,6935.6792492484155,12254.656822044471,-187500.02235174447,-187500.02235174447,-187500.02235174447,-187500.02235174447
não,2234.3697827303154,-7891.641007857444,6446.824246266395,12300.075566777656,-187500.02235174447,-187500.02235174447,-187500.02235174447,-187500.02235174447
não,2374.2917030205376,-7906.415510942401,6594.949256771714,12256.914348234457,-187500.02235174447,-187500.02235174447,-187500.02235174447,-187500.02235174447
não,2602.3018482091247,-7846.825760224553,7107.921792021012,12215.429510525408,-187500.02235174447,-187500.02235174447,-187500.02235174447,-187500.02235174447
não,2496.2204690242374,-7830.464283283268,7019.230070022353,12248.644202785994,-187500.02235174447,-187500.02235174447,-187500.02235174447,-187500.02235174447
não,2246.149152058262,-7879.36990015148,6509.409130741255,12300.120270266567,-187500.02235174447,-187500.02235174447,-187500.02235174447,-187500.02235174447
não,2311.304487145482,-7910.885859833463,6503.374159738321,12276.986214755323,-187500.02235174447,-187500.02235174447,-187500.02235174447,-187500.02235174447
não,2586.4097579014015,-7856.593472551522,7063.330061832674,12218.268182071231,-187500.02235174447,-187500.02235174447,-187500.02235174447,-187500.02235174447
não,2539.5157980341673,-7823.982277391229,7102.244448929364,12234.741417734793,-187500.02235174447,-187500.02235174447,-187500.02235174447,-187500.02235174447
não,2273.1947628491835,-7868.372841879469,6573.960968728182,12291.760717840281,-187500.02235174447,-187500.02235174447,-187500.02235174447,-187500.02235174447
não,2272.8147831934434,-7911.489356933756,6428.27229836849,12283.66938634746,-187500.02235174447,-187500.02235174447,-187500.02235174447,-187500.02235174447
não,2553.999728441206,-7865.310652889091,6965.027089718234,12219.497528016273,-187500.02235174447,-187500.02235174447,-187500.02235174447,-187500.02235174447
não,2570.6964815493207,-7826.038637881117,7124.752655595858,12227.90178393147,-187500.02235174447,-187500.02235174447,-187500.02235174447,-187500.02235174447
não,2329.9681937656637,-7857.1299144184495,6682.903371203348,12283.647034603006,-187500.02235174447,-187500.02235174447,-187500.02235174447,-187500.02235174447
não,2248.54078871498,-7909.343589466047,6398.8797544097615,12297.438060931929,-187500.02235174447,-187500.02235174447,-187500.02235174447,-187500.02235174447
não,2525.300088560592,-7878.744051306731,6883.756146878737,12237.04364741369,-187500.02235174447,-187500.02235174447,-187500.02235174447,-187500.02235174447
não,2602.7265313537755,-7827.938536159818,7156.246263533386,12222.067978628635,-187500.02235174447,-187500.02235174447,-187500.02235174447,-187500.02235174447
não,2379.3208455229815,-7850.178521892849,6779.529962483641,12266.883226261525,-187500.02235174447,-187500.02235174447,-187500.02235174447,-187500.02235174447
não,2228.7818466164886,-7906.840194087053,6387.435661248644,12293.48180216334,-187500.02235174447,-187500.02235174447,-187500.02235174447,-187500.02235174447
não,2472.1923437347823,-7891.551600879622,6773.740860669716,12233.579127023117,-187500.02235174447,-187500.02235174447,-187500.02235174447,-187500.02235174447
não,2617.9257175833845,-7832.766512962165,7160.001356601877,12211.383844778997,-187500.02235174447,-187500.02235174447,-187500.02235174447,-187500.02235174447
não,2432.1603694153273,-7839.539091532122,6878.503486931741,12262.345822137097,-187500.02235174447,-187500.02235174447,-187500.02235174447,-187500.02235174447
não,2232.7381053850777,-7896.17841198187,6411.21791734909,12302.087223778633,-187500.02235174447,-187500.02235174447,-187500.02235174447,-187500.02235174447
não,2422.2585466216265,-7900.425243428379,6668.687661729773,12249.113589419556,-187500.02235174447,-187500.02235174447,-187500.02235174447,-187500.02235174447
não,2616.785778616164,-7838.667373498366,7139.057772047255,12210.445071511875,-187500.02235174447,-187500.02235174447,-187500.02235174447,-187500.02235174447
$SILENCE,2473.3993379353687,-7832.274774584148,6962.546046083695,12250.18647315341,-187500.02235174447,-187500.02235174447,-187500.02235174447,-187500.02235174447
$SILENCE,2241.1647130447286,-7885.5613333656,6459.385926650278,12296.298121964708,-187500.02235174447,-187500.02235174447,-187500.02235174447,-187500.02235174447
$SILENCE,2363.2275895151606,-7905.253220230726,6569.244750648111,12259.060115702167,-187500.02235174447,-187500.02235174447,-187500.02235174447,-187500.02235174447
$SILENCE,2606.3475139555353,-7846.781056735642,7097.997617482855,12208.36635927753,-187500.02235174447,-187500.02235174447,-187500.02235174447,-187500.02235174447
$SILENCE,2517.946364634796,-7830.106655371983,7036.776189419769,12234.920231690436,-187500.02235174447,-187500.02235174447,-187500.02235174447,-187500.02235174447
$SILENCE,2265.3940040342814,-7881.001577496717,6525.412979771255,12288.273845705253,-187500.02235174447,-187500.02235174447,-187500.02235174447,-187500.02235174447
$SILENCE,2308.1975946661946,-7916.116168036005,6478.027281526003,12267.151447194989,-187500.02235174447,-187500.02235174447,-187500.02235174447,-187500.02235174447
$SILENCE,2585.7392055677424,-7859.320385375069,7032.507006228806,12209.394539522475,-187500.02235174447,-187500.02235174447,-187500.02235174447,-187500.02235174447
$SILENCE,2552.7703824961645,-7826.150396603393,7099.092852961166,12221.665647228438,-187500.02235174447,-187500.02235174447,-187500.02235174447,-187500.02235174447
$SILENCE,2305.1354056758173,-7866.2270744117595,6620.7655216175945,12283.602331114094,-187500.02235174447,-187500.02235174447,-187500.02235174447,-187500.02235174447
$SILENCE,2272.0995273708736,-7912.4281302008785,6425.992420434049,12281.590674113117,-187500.02235174447,-187500.02235174447,-187500.02235174447,-187500.02235174447
$SILENCE,2548.8588272164857,-7870.9879959807395,6948.084467421111,12211.339141290086,-187500.02235174447,-187500.02235174447,-187500.02235174447,-187500.02235174447
$SILENCE,2576.4408798743343,-7827.178576848338,7134.877995834112,12211.60736222355,-187500.02235174447,-187500.02235174447,-187500.02235174447,-187500.02235174447
$SILENCE,2337.120751991362,-7857.3087283740915,6708.004380226658,12268.09022046211,-187500.02235174447,-187500.02235174447,-187500.02235174447,-187500.02235174447
$SILENCE,2233.2968989964606,-7912.830461601075,6387.949751371116,12283.267054947264,-187500.02235174447,-187500.02235174447,-187500.02235174447,-187500.02235174447
$SILENCE,2499.5061754591675,-7886.030719999161,6848.865073784003,12220.346894305576,-187500.02235174447,-187500.02235174447,-187500.02235174447,-187500.02235174447
$SILENCE,2594.9034207944183,-7831.425408294846,7159.599025201682,12206.958199376846,-187500.02235174447,-187500.02235174447,-187500.02235174447,-187500.02235174447
$SILENCE,2383.4559182472135,-7848.189216636327,6807.849622708514,12256.780237767725,-187500.02235174447,-187500.02235174447,-187500.02235174447,-187500.02235174447
$SILENCE,2221.606936646335,-7909.365941210502,6386.251018792513,12289.190267227921,-187500.02235174447,-187500.02235174447,-187500.02235174447,-187500.02235174447
$SILENCE,2452.34399465847,-7901.006388784217,6739.363877697454,12230.271068843731,-187500.02235174447,-187500.02235174447,-187500.02235174447,-187500.02235174447
$SILENCE,2608.359170956513,-7839.852015954497,7153.251129776375,12196.542286460673,-187500.02235174447,-187500.02235174447,-187500.02235174447,-187500.02235174447
$SILENCE,2433.7473432716542,-7842.310707844581,6901.972818609813,12243.99503993929,-187500.02235174447,-187500.02235174447,-187500.02235174447,-187500.02235174447
$SILENCE,2225.5855471593795,-7896.021949770684,6423.645487266242,12291.872476562557,-187500.02235174447,-187500.02235174447,-187500.02235174447,-187500.02235174447
$SILENCE,2396.8446131759424,-7903.107452763016,6639.74215266015,12246.654897529472,-187500.02235174447,-187500.02235174447,-187500.02235174447,-187500.02235174447
$SILENCE,2612.270726236192,-7842.042486911117,7128.7983213422685,12201.504373729751,-187500.02235174447,-187500.02235174447,-187500.02235174447,-187500.02235174447
$SILENCE,2481.5800764060114,-7833.258251340181,6982.819078304658,12236.0378189132,-187500.02235174447,-187500.02235174447,-187500.02235174447,-187500.02235174447
$SILENCE,2241.120009555818,-7887.058900244106,6473.355766934845,12285.85985730408,-187500.02235174447,-187500.02235174447,-187500.02235174447,-187500.02235174447
$SILENCE,2343.692164861222,-7912.115205778505,6540.3439450673995,12252.734572021314,-187500.02235174447,-187500.02235174447,-187500.02235174447,-187500.02235174447
$SILENCE,2599.641990618943,-7855.207664395293,7080.026814940788,12198.08455682809,-187500.02235174447,-187500.02235174447,-187500.02235174447,-187500.02235174447
$SILENCE,2522.9084519038743,-7831.470111783757,7054.411715795007,12223.766711207238,-187500.02235174447,-187500.02235174447,-187500.02235174447,-187500.02235174447
$SILENCE,2267.8973994132757,-7877.5594088505995,6550.804561472483,12277.992043255812,-187500.02235174447,-187500.02235174447,-187500.02235174447,-187500.02235174447
$SILENCE,2292.171393891739,-7915.311505235613,6463.90097903025,12260.244758158298,-187500.02235174447,-187500.02235174447,-187500.02235174447,-187500.02235174447
$SILENCE,2573.490449606234,-7866.495295345223,7012.770415874769,12202.063167341134,-187500.02235174447,-187500.02235174447,-187500.02235174447,-187500.02235174447
$SILENCE,2555.8996267199072,-7832.386533306424,7108.592344354671,12213.440205268886,-187500.02235174447,-187500.02235174447,-187500.02235174447,-187500.02235174447
$SILENCE,2310.209251667172,-7870.630368069455,6643.094914328446,12270.392450141007,-187500.02235174447,-187500.02235174447,-187500.02235174447,-187500.02235174447
$SILENCE,2265.215190078639,-7918.820729115097,6415.464748795599,12278.774354311749,-187500.02235174447,-187500.02235174447,-187500.02235174447,-187500.02235174447
$SILENCE,2542.8238562135525,-7878.744051306731,6927.2302898443095,12219.385769293996,-187500.02235174447,-187500.02235174447,-187500.02235174447,-187500.02235174447
$SILENCE,2588.1531939689153,-7831.559518761578,7147.283214006808,12212.546135490673,-187500.02235174447,-187500.02235174447,-187500.02235174447,-187500.02235174447
$SILENCE,2351.917606820775,-7855.855864984497,6737.955717796769,12259.931833735924,-187500.02235174447,-187500.02235174447,-187500.02235174447,-187500.02235174447
$SILENCE,2230.7935036174663,-7909.969438310795,6386.765108914985,12278.774354311749,-187500.02235174447,-187500.02235174447,-187500.02235174447,-187500.02235174447
$SILENCE,2493.426500967324,-7890.4116619124015,6823.2723263826765,12216.07771111461,-187500.02235174447,-187500.02235174447,-187500.02235174447,-187500.02235174447
$SILENCE,2605.9451825553397,-7833.258251340181,7163.42117350354,12198.397481250464,-187500.02235174447,-187500.02235174447,-187500.02235174447,-187500.02235174447
$SILENCE,2403.23721209016,-7847.496312558212,6838.337402145553,12247.996002196789,-187500.02235174447,-187500.02235174447,-187500.02235174447,-187500.02235174447
$SILENCE,2229.318288483416,-7906.236696986759,6399.952638143616,12282.417688657963,-187500.02235174447,-187500.02235174447,-187500.02235174447,-187500.02235174447
$SILENCE,2446.1525614443494,-7902.615714385,6717.28035417561,12224.772539707727,-187500.02235174447,-187500.02235174447,-187500.02235174447,-187500.02235174447
$SILENCE,2615.3329152265687,-7841.237824110726,7154.32401351023,12190.440260224374,-187500.02235174447,-187500.02235174447,-187500.02235174447,-187500.02235174447
$SILENCE,2446.756058544643,-7842.288356100125,6928.929022422913,12236.261336357753,-187500.02235174447,-187500.02235174447,-187500.02235174447,-187500.02235174447
$SILENCE,2226.5913756598684,-7898.994731783239,6437.660031039719,12281.590674113117,-187500.02235174447,-187500.02235174447,-187500.02235174447,-187500.02235174447
$SILENCE,2386.294589793037,-7913.389255212457,6615.781082604061,12236.462502057851,-187500.02235174447,-187500.02235174447,-187500.02235174447,-187500.02235174447
$SILENCE,2617.6574966499206,-7849.642080025921,7124.9314695515,12196.810507394137,-187500.02235174447,-187500.02235174447,-187500.02235174447,-187500.02235174447
$SILENCE,2500.288486515103,-7831.8947949284075,7010.535241429239,12231.656876999961,-187500.02235174447,-187500.02235174447,-187500.02235174447,-187500.02235174447
$SILENCE,2256.319195785427,-7882.4320891418565,6497.249781757568,12284.630511359039,-187500.02235174447,-187500.02235174447,-187500.02235174447,-187500.02235174447
$SILENCE,2339.7135543481772,-7912.226964500781,6519.422712257232,12255.506188333773,-187500.02235174447,-187500.02235174447,-187500.02235174447,-187500.02235174447
$SILENCE,2602.257144720214,-7857.487542329734,7068.49331480185,12197.525763216707,-187500.02235174447,-187500.02235174447,-187500.02235174447,-187500.02235174447
$SILENCE,2538.26410034467,-7831.559518761578,7075.534114305272,12217.307057059654,-187500.02235174447,-187500.02235174447,-187500.02235174447,-187500.02235174447
$SILENCE,2283.856544954365,-7872.373804136969,6578.140744941324,12275.779220554736,-187500.02235174447,-187500.02235174447,-187500.02235174447,-187500.02235174447
$SILENCE,2287.4328240672144,-7913.322199979091,6450.2440631680565,12266.100915205589,-187500.02235174447,-187500.02235174447,-187500.02235174447,-187500.02235174447
$SILENCE,2569.288321648636,-7868.059917457094,6994.57609588815,12203.493678986273,-187500.02235174447,-187500.02235174447,-187500.02235174447,-187500.02235174447
$SILENCE,2571.322330394069,-7830.59839375,7128.060713775243,12214.75895819175,-187500.02235174447,-187500.02235174447,-187500.02235174447,-187500.02235174447
$SILENCE,2321.2957169170045,-7864.729507533254,6668.0171093961135,12272.471162375352,-187500.02235174447,-187500.02235174447,-187500.02235174447,-187500.02235174447
$SILENCE,2247.4008497477594,-7915.222098257792,6397.136318342247,12282.127115980044,-187500.02235174447,-187500.02235174447,-187500.02235174447,-187500.02235174447
$SILENCE,2526.4847310167233,-7880.040452485139,6894.619094684017,12214.04370236918,-187500.02235174447,-187500.02235174447,-187500.02235174447,-187500.02235174447
$SILENCE,2593.651723104921,-7828.564385004567,7154.972214099434,12205.907667387446,-187500.02235174447,-187500.02235174447,-187500.02235174447,-187500.02235174447
$SILENCE,2363.3393482374368,-7853.017193438673,6765.29190126561,12257.629604057027,-187500.02235174447,-187500.02235174447,-187500.02235174447,-187500.02235174447
$SILENCE,2226.1890442596728,-7911.534060422667,6383.255885035502,12283.803496814191,-187500.02235174447,-187500.02235174447,-187500.02235174447,-187500.02235174447
$SILENCE,2478.786108349098,-7891.9986357687285,6792.471622523263,12222.962048406845,-187500.02235174447,-187500.02235174447,-187500.02235174447,-187500.02235174447
$SILENCE,2612.0472087916387,-7834.778169963142,7165.589292715704,12197.615170194527,-187500.02235174447,-187500.02235174447,-187500.02235174447,-187500.02235174447
$SILENCE,2416.2235756186933,-7846.468132313268,6865.450068169841,12244.129150406021,-187500.02235174447,-187500.02235174447,-187500.02235174447,-187500.02235174447
$SILENCE,2228.334811727382,-7906.571973153588,6402.299571311423,12280.026052001245,-187500.02235174447,-187500.02235174447,-187500.02235174447,-187500.02235174447
$SILENCE,2437.2565671511375,-7907.890726076452,6682.031653169591,12227.477100786818,-187500.02235174447,-187500.02235174447,-187500.02235174447,-187500.02235174447
$SILENCE,2637.639956192965,-7847.675126513855,7148.221987273931,12193.882428870491,-187500.02235174447,-187500.02235174447,-187500.02235174447,-187500.02235174447
$SILENCE,2488.889096842897,-7845.305841601592,6951.906615722968,12231.90274618897,-187500.02235174447,-187500.02235174447,-187500.02235174447,-187500.02235174447
$SILENCE,2254.8663323958317,-7899.128842249971,6445.885472999272,12277.612063600072,-187500.02235174447,-187500.02235174447,-187500.02235174447,-187500.02235174447
$SILENCE,2391.4131392733025,-7916.026761058183,6582.052300221003,12241.513996304751,-187500.02235174447,-187500.02235174447,-187500.02235174447,-187500.02235174447
$SILENCE,2628.945127599851,-7856.8393417405305,7110.179318210998,12196.877562627502,-187500.02235174447,-187500.02235174447,-187500.02235174447,-187500.02235174447
$SILENCE,2516.135873333916,-7836.1192746304605,7029.9589073609,12229.645219998984,-187500.02235174447,-187500.02235174447,-187500.02235174447,-187500.02235174447
$SILENCE,2256.8779893968094,-7880.934522263351,6515.734674422107,12284.474049147851,-187500.02235174447,-187500.02235174447,-187500.02235174447,-187500.02235174447
$SILENCE,2316.557147092479,-7913.3669034680015,6496.579229423908,12264.022202971246,-187500.02235174447,-187500.02235174447,-187500.02235174447,-187500.02235174447
$SILENCE,2586.3874061569463,-7859.968585964273,7047.639137225049,12205.41592900943,-187500.02235174447,-187500.02235174447,-187500.02235174447,-187500.02235174447
$SILENCE,2535.760704965676,-7829.905489671885,7089.4145476120175,12222.962048406845,-187500.02235174447,-187500.02235174447,-187500.02235174447,-187500.02235174447
$SILENCE,2281.5990187643793,-7871.189161680837,6597.653817850807,12279.936645023423,-187500.02235174447,-187500.02235174447,-187500.02235174447,-187500.02235174447
$SILENCE,2272.792431448988,-7918.418397714901,6428.451112324133,12279.802534556691,-187500.02235174447,-187500.02235174447,-187500.02235174447,-187500.02235174447
$SILENCE,2561.17463841136,-7875.994786738728,6966.792877530203,12211.875583157014,-187500.02235174447,-187500.02235174447,-187500.02235174447,-187500.02235174447
$SILENCE,2579.3019031646136,-7834.375838562947,7133.872167333623,12210.780347678703,-187500.02235174447,-187500.02235174447,-187500.02235174447,-187500.02235174447
$SILENCE,2339.2888712035265,-7865.891798244929,6689.94417070677,12266.123266950044,-187500.02235174447,-187500.02235174447,-187500.02235174447,-187500.02235174447
$SILENCE,2247.4902567255804,-7917.904307592429,6391.704844439608,12284.295235192209,-187500.02235174447,-187500.02235174447,-187500.02235174447,-187500.02235174447
$SILENCE,2524.271908315648,-7888.779984567164,6871.283873472676,12218.22347858232,-187500.02235174447,-187500.02235174447,-187500.02235174447,-187500.02235174447
$SILENCE,2616.6293164049766,-7836.45455079729,7159.643728690592,12203.448975497364,-187500.02235174447,-187500.02235174447,-187500.02235174447,-187500.02235174447
$SILENCE,2399.1244911103836,-7856.213492895782,6788.180087587844,12255.99792671179,-187500.02235174447,-187500.02235174447,-187500.02235174447,-187500.02235174447
$SILENCE,2236.6720124092117,-7912.942220323351,6379.813716389384,12285.613988115072,-187500.02235174447,-187500.02235174447,-187500.02235174447,-187500.02235174447
$SILENCE,2474.91925655833,-7901.699292862331,6759.748668640694,12225.823071697125,-187500.02235174447,-187500.02235174447,-187500.02235174447,-187500.02235174447
$SILENCE,2625.1900345313593,-7843.204777622793,7160.336632768707,12202.621960952516,-187500.02235174447,-187500.02235174447,-187500.02235174447,-187500.02235174447
$SILENCE,2441.3469363864588,-7849.463266070279,6885.45487945734,12245.984345195813,-187500.02235174447,-187500.02235174447,-187500.02235174447,-187500.02235174447
$SILENCE,2233.0733815519075,-7903.912115563407,6409.31801907039,12286.083374748634,-187500.02235174447,-187500.02235174447,-187500.02235174447,-187500.02235174447
$SILENCE,2418.9728401866964,-7908.762444110209,6654.69546970075,12239.100007903578,-187500.02235174447,-187500.02235174447,-187500.02235174447,-187500.02235174447
$SILENCE,2625.972345587295,-7847.965699191774,7139.504806936361,12199.090385328578,-187500.02235174447,-187500.02235174447,-187500.02235174447,-187500.02235174447
$SILENCE,2482.5188496731344,-7842.176597377849,6971.464392121362,12235.23315611281,-187500.02235174447,-187500.02235174447,-187500.02235174447,-187500.02235174447
$SILENCE,2247.82553289241,-7897.251295715725,6456.502551615543,12284.742270081315,-187500.02235174447,-187500.02235174447,-187500.02235174447,-187500.02235174447
$SILENCE,2364.434583715747,-7918.0607698036165,6549.86578820536,12252.622813299038,-187500.02235174447,-187500.02235174447,-187500.02235174447,-187500.02235174447
$SILENCE,2612.941278569851,-7859.70036503081,7093.884896503079,12201.191449307376,-187500.02235174447,-187500.02235174447,-187500.02235174447,-187500.02235174447
$SILENCE,2522.103789103483,-7837.818007209064,7047.303861058219,12226.717141475337,-187500.02235174447,-187500.02235174447,-187500.02235174447,-187500.02235174447
$SILENCE,2265.148134845273,-7885.114298476494,6533.169035097246,12282.48474389133,-187500.02235174447,-187500.02235174447,-187500.02235174447,-187500.02235174447
$SILENCE,2305.850661498387,-7921.882918105473,6468.997176766059,12264.402182626985,-187500.02235174447,-187500.02235174447,-187500.02235174447,-187500.02235174447
$SILENCE,2586.0744817345717,-7869.244559913226,7024.683895669448,12198.330426017097,-187500.02235174447,-187500.02235174447,-187500.02235174447,-187500.02235174447
$SILENCE,2560.9958244557174,-7834.21937635176,7106.088948975676,12208.500469744262,-187500.02235174447,-187500.02235174447,-187500.02235174447,-187500.02235174447
$SILENCE,2308.6222778108454,-7874.050184971116,6627.381637976366,12266.391487883508,-187500.02235174447,-187500.02235174447,-187500.02235174447,-187500.02235174447
$SILENCE,2274.178239605217,-7923.04520881715,6414.123644128281,12267.263205917265,-187500.02235174447,-187500.02235174447,-187500.02235174447,-187500.02235174447
$SILENCE,2559.565312810578,-7881.806240297108,6940.574281284128,12204.387748764486,-187500.02235174447,-187500.02235174447,-187500.02235174447,-187500.02235174447
$SILENCE,2593.8528888050187,-7835.269908341159,7146.545606439782,12203.56073421964,-187500.02235174447,-187500.02235174447,-187500.02235174447,-187500.02235174447
$SILENCE,2357.5055429346016,-7866.160019178394,6719.135548965401,12255.975574967335,-187500.02235174447,-187500.02235174447,-187500.02235174447,-187500.02235174447
$SILENCE,2243.1093148123405,-7921.793511127653,6382.7417949130295,12270.52656060774,-187500.02235174447,-187500.02235174447,-187500.02235174447,-187500.02235174447
$SILENCE,2516.426446011835,-7895.954894537318,6841.578405091573,12211.674417456916,-187500.02235174447,-187500.02235174447,-187500.02235174447,-187500.02235174447
$SILENCE,2628.3863339884683,-7842.511873544679,7162.817676403246,12194.530629459696,-187500.02235174447,-187500.02235174447,-187500.02235174447,-187500.02235174447
$SILENCE,2412.0885028944617,-7860.370917364468,6812.7670064886825,12241.961031193858,-187500.02235174447,-187500.02235174447,-187500.02235174447,-187500.02235174447
$SILENCE,2232.313422240427,-7917.367865725502,6379.83606813384,12273.588749598117,-187500.02235174447,-187500.02235174447,-187500.02235174447,-187500.02235174447
$SILENCE,2462.3352244299917,-7908.449519687834,6728.970316525736,12216.07771111461,-187500.02235174447,-187500.02235174447,-187500.02235174447,-187500.02235174447
$SILENCE,2629.9956595892504,-7846.736353246732,7160.403688002073,12188.339196245575,-187500.02235174447,-187500.02235174447,-187500.02235174447,-187500.02235174447
$SILENCE,2457.4178406498245,-7847.719830002765,6912.925173392913,12234.09321714559,-187500.02235174447,-187500.02235174447,-187500.02235174447,-187500.02235174447
$SILENCE,2239.6894979106783,-7904.5156126637,6419.3092488419115,12276.941511266412,-187500.02235174447,-187500.02235174447,-187500.02235174447,-187500.02235174447
$SILENCE,2405.5841452579675,-7915.020932557694,6627.918079843293,12233.84734795658,-187500.02235174447,-187500.02235174447,-187500.02235174447,-187500.02235174447
$SILENCE,2627.492264210256,-7854.179484150349,7135.861472590145,12191.624902680505,-187500.02235174447,-187500.02235174447,-187500.02235174447,-187500.02235174447
$SILENCE,2503.9318208613186,-7843.1600741338825,6994.911372054979,12222.51501351774,-187500.02235174447,-187500.02235174447,-187500.02235174447,-187500.02235174447
$SILENCE,2263.3823470333036,-7898.1006620050275,6473.489877401576,12273.879322276036,-187500.02235174447,-187500.02235174447,-187500.02235174447,-187500.02235174447
$SILENCE,2355.8291621004537,-7925.883880362974,6522.1496250807795,12241.84927247158,-187500.02235174447,-187500.02235174447,-187500.02235174447,-187500.02235174447
$SILENCE,2616.3163919826025,-7869.333966891047,7073.097774159643,12182.17011477591,-187500.02235174447,-187500.02235174447,-187500.02235174447,-187500.02235174447
$SILENCE,2547.3389085935246,-7842.6012805225,7064.849980455635,12206.42175750992,-187500.02235174447,-187500.02235174447,-187500.02235174447,-187500.02235174447
$SILENCE,2293.490146814602,-7887.572990366578,6559.655852276785,12266.503246605784,-187500.02235174447,-187500.02235174447,-187500.02235174447,-187500.02235174447
$SILENCE,2311.9750394791413,-7928.588441442066,6452.903920758238,12253.874510988535,-187500.02235174447,-187500.02235174447,-187500.02235174447,-187500.02235174447
$SILENCE,2595.5292696391666,-7879.124030962472,7008.635343150538,12188.138030545477,-187500.02235174447,-187500.02235174447,-187500.02235174447,-187500.02235174447
$SILENCE,2585.627446845466,-7841.483693299734,7121.198728227464,12199.64917893996,-187500.02235174447,-187500.02235174447,-187500.02235174447,-187500.02235174447
$SILENCE,2332.560996122479,-7877.5594088505995,6649.375754520387,12256.646127300994,-187500.02235174447,-187500.02235174447,-187500.02235174447,-187500.02235174447
$SILENCE,2270.40079479227,-7927.292040263658,6402.724254456074,12258.724839535338,-187500.02235174447,-187500.02235174447,-187500.02235174447,-187500.02235174447
$SILENCE,2553.1503621519046,-7891.708063090809,6916.434397272396,12195.067071326623,-187500.02235174447,-187500.02235174447,-187500.02235174447,-187500.02235174447
$SILENCE,2605.1181680104933,-7844.501178801201,7150.904196608567,12187.914513100925,-187500.02235174447,-187500.02235174447,-187500.02235174447,-187500.02235174447
$SILENCE,2372.727080908666,-7868.238731412737,6747.85754059047,12246.364324851553,-187500.02235174447,-187500.02235174447,-187500.02235174447,-187500.02235174447
$SILENCE,2247.6467189367677,-7923.961630339817,6380.8642483787835,12267.129095450533,-187500.02235174447,-187500.02235174447,-187500.02235174447,-187500.02235174447
$SILENCE,2503.4177307388463,-7902.347493451535,6808.497823297718,12203.22545805281,-187500.02235174447,-187500.02235174447,-187500.02235174447,-187500.02235174447
$SILENCE,2622.5078251967225,-7846.088152657528,7164.762278170858,12183.645329909961,-187500.02235174447,-187500.02235174447,-187500.02235174447,-187500.02235174447
$SILENCE,2419.531633798079,-7858.806295252597,6846.652251082927,12231.969801422334,-187500.02235174447,-187500.02235174447,-187500.02235174447,-187500.02235174447
$SILENCE,2236.470846709114,-7917.256107003225,6392.241286306535,12269.118400707055,-187500.02235174447,-187500.02235174447,-187500.02235174447,-187500.02235174447
$SILENCE,2451.405221391347,-7913.053979045628,6699.734234778194,12216.435339025897,-187500.02235174447,-187500.02235174447,-187500.02235174447,-187500.02235174447
$SILENCE,2634.3766015024903,-7852.391344593924,7152.379411742618,12181.83483860908,-187500.02235174447,-187500.02235174447,-187500.02235174447,-187500.02235174447
$SILENCE,2470.001872778162,-7853.3748213499575,6932.929984680412,12224.929001918914,-187500.02235174447,-187500.02235174447,-187500.02235174447,-187500.02235174447
$SILENCE,2241.1647130447286,-7906.773138853686,6428.831091979872,12269.47602861834,-187500.02235174447,-187500.02235174447,-187500.02235174447,-187500.02235174447
$SILENCE,2389.3120752945038,-7921.3464762385465,6594.412814904787,12227.208879853355,-187500.02235174447,-187500.02235174447,-187500.02235174447,-187500.02235174447
$SILENCE,2625.4135519759125,-7860.102696431005,7119.097664248666,12180.2255130083,-187500.02235174447,-187500.02235174447,-187500.02235174447,-187500.02235174447
$SILENCE,2513.319553532547,-7844.7470479902095,7017.464282210384,12213.84253666908,-187500.02235174447,-187500.02235174447,-187500.02235174447,-187500.02235174447
$SILENCE,2259.694309198178,-7895.798432326131,6495.9086770902495,12265.497418105295,-187500.02235174447,-187500.02235174447,-187500.02235174447,-187500.02235174447
$SILENCE,2335.4220194127583,-7926.33091525208,6503.865898116338,12244.799702739681,-187500.02235174447,-187500.02235174447,-187500.02235174447,-187500.02235174447
$SILENCE,2613.656534392421,-7869.736298291243,7077.992806195356,12188.763879390226,-187500.02235174447,-187500.02235174447,-187500.02235174447,-187500.02235174447
$SILENCE,2561.8898942339297,-7839.628498509944,7109.4864141328835,12207.360530777041,-187500.02235174447,-187500.02235174447,-187500.02235174447,-187500.02235174447
$SILENCE,2296.9323154607196,-7887.0141967551945,6576.129087940346,12267.03968847271,-187500.02235174447,-187500.02235174447,-187500.02235174447,-187500.02235174447
$SILENCE,2304.1966324086943,-7926.912060607918,6456.7037173156405,12255.707354033872,-187500.02235174447,-187500.02235174447,-187500.02235174447,-187500.02235174447
$SILENCE,2572.104641450005,-7885.628388598966,6966.23408391882,12194.351815504053,-187500.02235174447,-187500.02235174447,-187500.02235174447,-187500.02235174447
$SILENCE,2599.1279004964713,-7840.299050843603,7149.294871007785,12195.067071326623,-187500.02235174447,-187500.02235174447,-187500.02235174447,-187500.02235174447
$SILENCE,2334.7514670790993,-7877.134725705949,6660.350461047943,12255.28267088922,-187500.02235174447,-187500.02235174447,-187500.02235174447,-187500.02235174447
$SILENCE,2271.11605061484,-7925.95093559634,6412.134338871759,12260.445923858397,-187500.02235174447,-187500.02235174447,-187500.02235174447,-187500.02235174447
$SILENCE,2527.6023182394883,-7896.156060237416,6865.02538502519,12200.051510340156,-187500.02235174447,-187500.02235174447,-187500.02235174447,-187500.02235174447
$SILENCE,2608.5379849121555,-7847.183388135838,7141.628222659615,12188.428603223396,-187500.02235174447,-187500.02235174447,-187500.02235174447,-187500.02235174447
$SILENCE,2387.0992525934284,-7868.84222851303,6764.263721020666,12241.916327704947,-187500.02235174447,-187500.02235174447,-187500.02235174447,-187500.02235174447
$SILENCE,2240.829436877899,-7927.672019919399,6372.147068041214,12268.0455169732,-187500.02235174447,-187500.02235174447,-187500.02235174447,-187500.02235174447
$SILENCE,2484.686968885299,-7908.941258065851,6773.942026369814,12211.56265873464,-187500.02235174447,-187500.02235174447,-187500.02235174447,-187500.02235174447
$SILENCE,2622.5078251967225,-7848.233920125237,7163.3764700146285,12190.306149757642,-187500.02235174447,-187500.02235174447,-187500.02235174447,-187500.02235174447
$SILENCE,2433.568529316012,-7858.023984196661,6870.166286249911,12235.546080535183,-187500.02235174447,-187500.02235174447,-187500.02235174447,-187500.02235174447
$SILENCE,2235.867349608821,-7915.75854012472,6397.69511195363,12271.66649957496,-187500.02235174447,-187500.02235174447,-187500.02235174447,-187500.02235174447
$SILENCE,2432.0933141819614,-7917.636086658966,6670.2746355861,12221.285667572698,-187500.02235174447,-187500.02235174447,-187500.02235174447,-187500.02235174447
$SILENCE,2627.514615954711,-7854.939443461829,7151.597100686682,12184.181771776888,-187500.02235174447,-187500.02235174447,-187500.02235174447,-187500.02235174447
$SILENCE,2481.2224484947265,-7850.916129459874,6963.082487950622,12221.576240250617,-187500.02235174447,-187500.02235174447,-187500.02235174447,-187500.02235174447
$SILENCE,2251.6923846831783,-7907.577801654077,6445.974879977093,12269.051345473688,-187500.02235174447,-187500.02235174447,-187500.02235174447,-187500.02235174447
$SILENCE,2374.3811099983586,-7925.816825129608,6568.417736103265,12233.020333411734,-187500.02235174447,-187500.02235174447,-187500.02235174447,-187500.02235174447
$SILENCE,2619.0880082950603,-7865.60122556701,7107.6088675986375,12184.762917132726,-187500.02235174447,-187500.02235174447,-187500.02235174447,-187500.02235174447
$SILENCE,2525.389495538413,-7846.848111969008,7038.474921998373,12215.56362099214,-187500.02235174447,-187500.02235174447,-187500.02235174447,-187500.02235174447
$SILENCE,2271.719547715133,-7895.664321859399,6516.516985478042,12268.112572206566,-187500.02235174447,-187500.02235174447,-187500.02235174447,-187500.02235174447
$SILENCE,2325.2296239411385,-7929.728380409287,6479.502496660054,12244.978516695324,-187500.02235174447,-187500.02235174447,-187500.02235174447,-187500.02235174447
$SILENCE,2599.0161417741947,-7875.435993127346,7042.028849366767,12187.199257278355,-187500.02235174447,-187500.02235174447,-187500.02235174447,-187500.02235174447
$SILENCE,2558.939463965829,-7844.322364845559,7098.198783182953,12204.298341786665,-187500.02235174447,-187500.02235174447,-187500.02235174447,-187500.02235174447
$SILENCE,2299.6815800287222,-7886.857734544008,6604.225230720667,12262.85991225957,-187500.02235174447,-187500.02235174447,-187500.02235174447,-187500.02235174447
$SILENCE,2279.0285681520186,-7933.4387699888675,6417.69992324113,12260.244758158298,-187500.02235174447,-187500.02235174447,-187500.02235174447,-187500.02235174447
$SILENCE,2574.4739263622673,-7887.684749088854,6967.776354286237,12193.010710836734,-187500.02235174447,-187500.02235174447,-187500.02235174447,-187500.02235174447
$SILENCE,2610.1920140018483,-7839.650850254399,7176.787516687813,12191.244923024766,-187500.02235174447,-187500.02235174447,-187500.02235174447,-187500.02235174447
$SILENCE,2345.1673799952723,-7873.066708215083,6694.906257975848,12254.768580766748,-187500.02235174447,-187500.02235174447,-187500.02235174447,-187500.02235174447
$SILENCE,2264.3658237893374,-7924.676886162387,6408.781577203462,12265.832694272125,-187500.02235174447,-187500.02235174447,-187500.02235174447,-187500.02235174447
$SILENCE,2511.911393631863,-7901.364016695502,6839.7679137906935,12201.571428963118,-187500.02235174447,-187500.02235174447,-187500.02235174447,-187500.02235174447
$SILENCE,2626.978174087784,-7845.574062535055,7187.114022626165,12183.22064676531,-187500.02235174447,-187500.02235174447,-187500.02235174447,-187500.02235174447
$SILENCE,2391.1225665953834,-7862.98607146574,6799.53477377114,12242.922156205435,-187500.02235174447,-187500.02235174447,-187500.02235174447,-187500.02235174447
$SILENCE,2229.340640227871,-7922.9334500948735,6365.933283082639,12269.744249551804,-187500.02235174447,-187500.02235174447,-187500.02235174447,-187500.02235174447
$SILENCE,2469.5101344001455,-7914.596249413044,6732.971278783236,12212.747301190771,-187500.02235174447,-187500.02235174447,-187500.02235174447,-187500.02235174447
$SILENCE,2635.382430002979,-7848.390382336424,7156.22391178893,12186.394594477964,-187500.02235174447,-187500.02235174447,-187500.02235174447,-187500.02235174447
$SILENCE,2460.4129744068355,-7840.701382243798,6897.994208096768,12235.255507857264,-187500.02235174447,-187500.02235174447,-187500.02235174447,-187500.02235174447
$SILENCE,2245.188027046684,-7896.625446870977,6409.832109192862,12273.722860064849,-187500.02235174447,-187500.02235174447,-187500.02235174447,-187500.02235174447
$SILENCE,2425.1195699119057,-7897.720682349287,6648.325222530988,12232.908574689458,-187500.02235174447,-187500.02235174447,-187500.02235174447,-187500.02235174447
$SILENCE,2621.457293207323,-7858.471019085768,7125.691428862981,12171.374222203996,-187500.02235174447,-187500.02235174447,-187500.02235174447,-187500.02235174447
$SILENCE,2482.4741461842236,-7853.441876583323,6960.914368738458,12203.583085964096,-187500.02235174447,-187500.02235174447,-187500.02235174447,-187500.02235174447
$SILENCE,2243.690460168178,-7911.288191233658,6450.355821890334,12262.010545970268,-187500.02235174447,-187500.02235174447,-187500.02235174447,-187500.02235174447
$SILENCE,2351.0011852981074,-7943.407648015935,6532.096151363391,12231.075731644123,-187500.02235174447,-187500.02235174447,-187500.02235174447,-187500.02235174447
não,2600.3125429526026,-7884.711967076299,7076.763460250314,12174.637576894473,-187500.02235174447,-187500.02235174447,-187500.02235174447,-187500.02235174447
não,2521.5896989810108,-7853.307766116592,7040.866558655091,12196.832859138593,-187500.02235174447,-187500.02235174447,-187500.02235174447,-187500.02235174447
não,2277.575704762424,-7894.32321719208,6530.799750184983,12255.57324356714,-187500.02235174447,-187500.02235174447,-187500.02235174447,-187500.02235174447
não,2308.9352022332196,-7936.746828168253,6453.485066114076,12243.816225983648,-187500.02235174447,-187500.02235174447,-187500.02235174447,-187500.02235174447
não,2557.687766276332,-7913.009275556717,6982.304988182186,12160.511274398717,-187500.02235174447,-187500.02235174447,-187500.02235174447,-187500.02235174447
não,2554.4691150747676,-7867.009385467695,7091.0238732128,12184.382937476987,-187500.02235174447,-187500.02235174447,-187500.02235174447,-187500.02235174447
não,2304.26368764206,-7901.051092273127,6611.243678479634,12237.893013702991,-187500.02235174447,-187500.02235174447,-187500.02235174447,-187500.02235174447
não,2259.4707917536252,-7948.459142262834,6391.727196184063,12238.429455569918,-187500.02235174447,-187500.02235174447,-187500.02235174447,-187500.02235174447
não,2541.326289335047,-7906.639028386954,6909.304190791153,12178.593835663061,-187500.02235174447,-187500.02235174447,-187500.02235174447,-187500.02235174447
não,2583.0793479775607,-7865.444763355824,7121.444597416473,12184.070013054612,-187500.02235174447,-187500.02235174447,-187500.02235174447,-187500.02235174447
não,2330.638746099323,-7903.196859740837,6693.855725986448,12206.645274954471,-187500.02235174447,-187500.02235174447,-187500.02235174447,-187500.02235174447
não,2217.7624366000223,-7956.729287711298,6356.187922500125,12230.449882799374,-187500.02235174447,-187500.02235174447,-187500.02235174447,-187500.02235174447
não,2482.9658845622403,-7929.728380409287,6799.110090626489,12168.714364613816,-187500.02235174447,-187500.02235174447,-187500.02235174447,-187500.02235174447
não,2608.649743634432,-7860.594434809022,7146.456199461962,12167.97675704679,-187500.02235174447,-187500.02235174447,-187500.02235174447,-187500.02235174447
não,2373.554095453512,-7899.8664498169965,6777.361843271476,12185.142896788466,-187500.02235174447,-187500.02235174447,-187500.02235174447,-187500.02235174447
não,2220.0646662789186,-7945.866339906019,6371.901198852205,12233.288554345198,-187500.02235174447,-187500.02235174447,-187500.02235174447,-187500.02235174447
não,2433.3897153603693,-7931.225947287792,6685.160897393334,12204.052472597656,-187500.02235174447,-187500.02235174447,-187500.02235174447,-187500.02235174447
não,2605.364037199502,-7886.164830465893,7123.411550928539,12140.394704388942,-187500.02235174447,-187500.02235174447,-187500.02235174447,-187500.02235174447
não,2416.983534930174,-7890.925752034874,6875.530704919184,12187.869809612013,-187500.02235174447,-187500.02235174447,-187500.02235174447,-187500.02235174447
não,2210.1628434852178,-7922.262897761214,6403.663027723197,12258.90365349098,-187500.02235174447,-187500.02235174447,-187500.02235174447,-187500.02235174447
não,2368.368490739881,-7951.789552186675,6575.883218751338,12206.93584763239,-187500.02235174447,-187500.02235174447,-187500.02235174447,-187500.02235174447
não,2578.385481641946,-7900.626409128477,7064.224131610887,12143.456893379318,-187500.02235174447,-187500.02235174447,-187500.02235174447,-187500.02235174447
não,2481.267151983637,-7859.543902819622,7005.304933226697,12204.454803997853,-187500.02235174447,-187500.02235174447,-187500.02235174447,-187500.02235174447
não,2215.9742970435973,-7927.672019919399,6434.709600771618,12241.357534093564,-187500.02235174447,-187500.02235174447,-187500.02235174447,-187500.02235174447
não,2295.0100654375633,-7960.842008691074,6450.556987590431,12210.109795345044,-187500.02235174447,-187500.02235174447,-187500.02235174447,-187500.02235174447
não,2580.710063065298,-7879.74987980722,7055.909282673512,12180.270216497209,-187500.02235174447,-187500.02235174447,-187500.02235174447,-187500.02235174447
não,2520.8967949028965,-7854.425353339358,7091.806184268736,12205.639446453983,-187500.02235174447,-187500.02235174447,-187500.02235174447,-187500.02235174447
não,2243.1987217901615,-7929.549566453644,6518.081607589914,12244.464426572851,-187500.02235174447,-187500.02235174447,-187500.02235174447,-187500.02235174447
não,2245.5903584468792,-7958.517427267722,6383.16647805768,12230.159310121455,-187500.02235174447,-187500.02235174447,-187500.02235174447,-187500.02235174447
não,2541.3486410795026,-7909.544755166145,6966.211732174365,12174.347004216554,-187500.02235174447,-187500.02235174447,-187500.02235174447,-187500.02235174447
não,2538.3758590669468,-7870.004519224706,7099.361073894629,12166.009803534724,-187500.02235174447,-187500.02235174447,-187500.02235174447,-187500.02235174447
não,2297.6475712832894,-7901.207554484315,6634.198920035234,12237.13305439151,-187500.02235174447,-187500.02235174447,-187500.02235174447,-187500.02235174447
não,2214.5884888873684,-7958.025688889706,6334.953765267583,12225.867775186036,-187500.02235174447,-187500.02235174447,-187500.02235174447,-187500.02235174447
não,2501.2496115266817,-7916.719665136298,6856.151742476433,12167.574425646595,-187500.02235174447,-187500.02235174447,-187500.02235174447,-187500.02235174447
não,2580.978283998762,-7850.737315504231,7149.630147174615,12183.108888043034,-187500.02235174447,-187500.02235174447,-187500.02235174447,-187500.02235174447
não,2351.917606820775,-7885.22605719877,6736.055819518068,12230.494586288285,-187500.02235174447,-187500.02235174447,-187500.02235174447,-187500.02235174447
não,2188.4369478746594,-7967.413421560935,6326.258936674469,12232.95327817837,-187500.02235174447,-187500.02235174447,-187500.02235174447,-187500.02235174447
não,2449.4159161348243,-7938.154988068937,6754.116029037957,12175.732812372782,-187500.02235174447,-187500.02235174447,-187500.02235174447,-187500.02235174447
não,2592.1541562264156,-7859.052164441606,7133.760408611347,12161.517102899206,-187500.02235174447,-187500.02235174447,-187500.02235174447,-187500.02235174447
não,2378.784403656054,-7890.1210892344825,6813.102282655512,12209.528649989206,-187500.02235174447,-187500.02235174447,-187500.02235174447,-187500.02235174447
não,2188.86163101931,-7952.504808009245,6352.946919554105,12249.001830697278,-187500.02235174447,-187500.02235174447,-187500.02235174447,-187500.02235174447
não,2405.3382760689587,-7943.340592782569,6660.372812792399,12205.885315642992,-187500.02235174447,-187500.02235174447,-187500.02235174447,-187500.02235174447
não,2621.9490315853395,-7850.98318469324,7172.2948160522965,12169.474323925297,-187500.02235174447,-187500.02235174447,-187500.02235174447,-187500.02235174447
não,2449.10299171245,-7850.26792887067,6944.664650519449,12221.33037106161,-187500.02235174447,-187500.02235174447,-187500.02235174447,-187500.02235174447
não,2194.6954363221453,-7946.156912583937,6400.377321288267,12235.32256309063,-187500.02235174447,-187500.02235174447,-187500.02235174447,-187500.02235174447
não,2336.7407723356214,-7958.986813901283,6550.558692283475,12208.209897066343,-187500.02235174447,-187500.02235174447,-187500.02235174447,-187500.02235174447
não,2585.60509510101,-7890.858696801508,7087.73816677787,12166.099210512544,-187500.02235174447,-187500.02235174447,-187500.02235174447,-187500.02235174447
não,2486.139832274894,-7865.377708122458,7014.111520542088,12201.616132452027,-187500.02235174447,-187500.02235174447,-187500.02235174447,-187500.02235174447
não,2230.413523961726,-7917.032589558672,6472.461697156632,12258.210749412865,-187500.02235174447,-187500.02235174447,-187500.02235174447,-187500.02235174447
não,2300.4638910846584,-7944.704049194343,6471.992310523071,12228.70644673186,-187500.02235174447,-187500.02235174447,-187500.02235174447,-187500.02235174447
não,2569.623597815466,-7888.578818867067,7017.911317099491,12181.208989764333,-187500.02235174447,-187500.02235174447,-187500.02235174447,-187500.02235174447
não,2532.206777597282,-7856.280548129148,7062.659509499015,12198.196315550365,-187500.02235174447,-187500.02235174447,-187500.02235174447,-187500.02235174447
não,2257.727355686111,-7914.596249413044,6547.854131204383,12238.27299335873,-187500.02235174447,-187500.02235174447,-187500.02235174447,-187500.02235174447
não,2255.5815882184015,-7953.3988777874565,6394.923495641172,12244.151502150477,-187500.02235174447,-187500.02235174447,-187500.02235174447,-187500.02235174447
não,2561.711080278287,-7890.925752034874,6961.070830949644,12192.809545136637,-187500.02235174447,-187500.02235174447,-187500.02235174447,-187500.02235174447
não,2560.749955266709,-7862.606091809999,7117.577745625705,12178.638539151973,-187500.02235174447,-187500.02235174447,-187500.02235174447,-187500.02235174447
não,2304.4872050866134,-7907.935429565362,6670.341690819466,12236.082522402112,-187500.02235174447,-187500.02235174447,-187500.02235174447,-187500.02235174447
não,2230.212358261628,-7950.895482408462,6371.901198852205,12268.09022046211,-187500.02235174447,-187500.02235174447,-187500.02235174447,-187500.02235174447
não,2508.044541841095,-7919.42422621539,6852.888387785958,12192.161344547432,-187500.02235174447,-187500.02235174447,-187500.02235174447,-187500.02235174447
não,2596.4009876729237,-7861.153228420405,7152.960557098456,12180.292568241664,-187500.02235174447,-187500.02235174447,-187500.02235174447,-187500.02235174447
não,2373.956426853708,-7880.688653074343,6777.026567104646,12233.109740389555,-187500.02235174447,-187500.02235174447,-187500.02235174447,-187500.02235174447
não,2206.7430265835555,-7949.4649707633225,6350.644689875208,12252.198130154387,-187500.02235174447,-187500.02235174447,-187500.02235174447,-187500.02235174447
não,2458.3119104280368,-7927.962592597318,6747.298746979088,12200.722062673816,-187500.02235174447,-187500.02235174447,-187500.02235174447,-187500.02235174447
não,2606.079293022072,-7867.434068612346,7155.933339111011,12173.765858860716,-187500.02235174447,-187500.02235174447,-187500.02235174447,-187500.02235174447
não,2415.3742093293918,-7868.395193623924,6876.715347375316,12221.352722806065,-187500.02235174447,-187500.02235174447,-187500.02235174447,-187500.02235174447
não,2198.6293433462793,-7939.160816569426,6377.3550244993,12257.204920912376,-187500.02235174447,-187500.02235174447,-187500.02235174447,-187500.02235174447
não,2391.9272293957747,-7949.375563785502,6633.953050846226,12212.926115146412,-187500.02235174447,-187500.02235174447,-187500.02235174447,-187500.02235174447
não,2616.741075127253,-7878.364071650991,7137.26963249083,12178.102097285046,-187500.02235174447,-187500.02235174447,-187500.02235174447,-187500.02235174447
não,2475.858029825453,-7870.1609814358935,6964.5577030846725,12215.787138436692,-187500.02235174447,-187500.02235174447,-187500.02235174447,-187500.02235174447
não,2228.334811727382,-7930.890671120963,6435.536615316465,12258.031935457222,-187500.02235174447,-187500.02235174447,-187500.02235174447,-187500.02235174447
não,2340.1829409817387,-7953.935319654384,6535.8288926874275,12217.03883612619,-187500.02235174447,-187500.02235174447,-187500.02235174447,-187500.02235174447
não,2609.5214616681887,-7876.799449539119,7098.399948883051,12173.899969327447,-187500.02235174447,-187500.02235174447,-187500.02235174447,-187500.02235174447
não,2513.923050632841,-7868.976338979762,7033.624593451571,12197.257542283243,-187500.02235174447,-187500.02235174447,-187500.02235174447,-187500.02235174447
não,2253.63698645079,-7933.125845566493,6517.7463314230845,12231.209842110855,-187500.02235174447,-187500.02235174447,-187500.02235174447,-187500.02235174447
não,2311.1703766787505,-7952.996546387261,6483.481107173098,12225.688961230393,-187500.02235174447,-187500.02235174447,-187500.02235174447,-187500.02235174447
não,2580.3077316651024,-7900.581705639566,7014.91618334248,12165.920396556903,-187500.02235174447,-187500.02235174447,-187500.02235174447,-187500.02235174447
não,2560.7723070111642,-7867.188199423337,7119.097664248666,12176.738640873271,-187500.02235174447,-187500.02235174447,-187500.02235174447,-187500.02235174447
não,2282.02370190903,-7915.0656360466055,6589.942466013726,12232.886222945002,-187500.02235174447,-187500.02235174447,-187500.02235174447,-187500.02235174447
não,2267.3162540574376,-7949.397915529957,6418.236365108057,12232.32742933362,-187500.02235174447,-187500.02235174447,-187500.02235174447,-187500.02235174447
não,2537.727658477743,-7910.125900521983,6918.222536828821,12174.45876293883,-187500.02235174447,-187500.02235174447,-187500.02235174447,-187500.02235174447
não,2585.850964290019,-7863.880141243952,7136.509673179349,12174.302300727642,-187500.02235174447,-187500.02235174447,-187500.02235174447,-187500.02235174447
não,2319.6416878273117,-7912.785758112163,6685.205600882245,12215.965952392335,-187500.02235174447,-187500.02235174447,-187500.02235174447,-187500.02235174447
não,2212.733294097578,-7969.738002984286,6355.0926870218145,12236.194281124388,-187500.02235174447,-187500.02235174447,-187500.02235174447,-187500.02235174447
não,2493.426500967324,-7936.970345612806,6830.871919497481,12171.485980926274,-187500.02235174447,-187500.02235174447,-187500.02235174447,-187500.02235174447
não,2597.652685362421,-7874.385461137947,7159.979004857422,12161.941786043857,-187500.02235174447,-187500.02235174447,-187500.02235174447,-187500.02235174447
não,2380.7066536792104,-7877.671167572877,6810.084797154045,12217.597629737573,-187500.02235174447,-187500.02235174447,-187500.02235174447,-187500.02235174447
não,2211.2580789635276,-7929.0354763311725,6378.606722188798,12251.527577820729,-187500.02235174447,-187500.02235174447,-187500.02235174447,-187500.02235174447
não,2421.498587310146,-7947.09568585106,6710.351313394465,12171.106001270533,-187500.02235174447,-187500.02235174447,-187500.02235174447,-187500.02235174447
não,2586.007426501206,-7892.780946824664,7144.869225605635,12143.903928268424,-187500.02235174447,-187500.02235174447,-187500.02235174447,-187500.02235174447
não,2411.8426337054534,-7895.597266626033,6893.523859205707,12192.98835909228,-187500.02235174447,-187500.02235174447,-187500.02235174447,-187500.02235174447
não,2191.4097298872152,-7944.94991838335,6392.755376429007,12238.675324758928,-187500.02235174447,-187500.02235174447,-187500.02235174447,-187500.02235174447
não,2366.781516883554,-7948.973232385306,6610.707236612706,12199.85034464006,-187500.02235174447,-187500.02235174447,-187500.02235174447,-187500.02235174447
não,2588.488470135745,-7883.862600786996,7124.216213728931,12153.0681434951,-187500.02235174447,-187500.02235174447,-187500.02235174447,-187500.02235174447
não,2449.371212645914,-7884.331987420558,6977.5887701021165,12180.40432696394,-187500.02235174447,-187500.02235174447,-187500.02235174447,-187500.02235174447
não,2216.689552866167,-7925.056865818127,6461.174066206702,12252.734572021314,-187500.02235174447,-187500.02235174447,-187500.02235174447,-187500.02235174447
não,2321.9439175062084,-7938.199691557848,6517.969848867638,12225.04076064119,-187500.02235174447,-187500.02235174447,-187500.02235174447,-187500.02235174447
não,2566.2484844027144,-7903.129804507471,7058.5914920081495,12152.88932953946,-187500.02235174447,-187500.02235174447,-187500.02235174447,-187500.02235174447
não,2496.5333934466116,-7869.535132591144,7055.864579184602,12185.634635166483,-187500.02235174447,-187500.02235174447,-187500.02235174447,-187500.02235174447
não,2236.090867053374,-7917.23375525877,6539.069895633447,12246.654897529472,-187500.02235174447,-187500.02235174447,-187500.02235174447,-187500.02235174447
não,2254.4863527400917,-7962.093706380571,6435.469560083099,12227.342990320087,-187500.02235174447,-187500.02235174447,-187500.02235174447,-187500.02235174447
não,2544.008498669684,-7908.874202832485,7003.181517503443,12162.277062210687,-187500.02235174447,-187500.02235174447,-187500.02235174447,-187500.02235174447
não,2528.652850228888,-7867.74699303472,7113.062693245733,12177.40919320693,-187500.02235174447,-187500.02235174447,-187500.02235174447,-187500.02235174447
não,2285.1082426438625,-7905.454385930823,6637.0822950699685,12234.629659012517,-187500.02235174447,-187500.02235174447,-187500.02235174447,-187500.02235174447
não,2239.44362872167,-7954.360002799035,6418.102254641325,12237.937717191902,-187500.02235174447,-187500.02235174447,-187500.02235174447,-187500.02235174447
não,2494.432329467813,-7920.765330882708,6892.339216749575,12169.384916947474,-187500.02235174447,-187500.02235174447,-187500.02235174447,-187500.02235174447
não,2570.2494466602143,-7866.495295345223,7161.700089180481,12161.382992432475,-187500.02235174447,-187500.02235174447,-187500.02235174447,-187500.02235174447
não,2314.724304047144,-7896.513688148701,6711.714769806239,12223.65495248496,-187500.02235174447,-187500.02235174447,-187500.02235174447,-187500.02235174447
não,2196.2600584340166,-7949.129694596493,6370.157762784692,12242.072789916134,-187500.02235174447,-187500.02235174447,-187500.02235174447,-187500.02235174447
não,2439.4470381077576,-7931.538871710167,6775.238427548222,12176.760992617727,-187500.02235174447,-187500.02235174447,-187500.02235174447,-187500.02235174447
não,2574.4739263622673,-7874.944254749329,7137.716667379937,12161.517102899206,-187500.02235174447,-187500.02235174447,-187500.02235174447,-187500.02235174447
não,2367.9214558507747,-7889.316426434091,6813.7057797558045,12211.517955245728,-187500.02235174447,-187500.02235174447,-187500.02235174447,-187500.02235174447
não,2185.419462373193,-7945.464008505823,6361.887617336228,12249.38181035302,-187500.02235174447,-187500.02235174447,-187500.02235174447,-187500.02235174447
não,2401.7172934671994,-7939.987831114273,6681.137583391379,12196.631693438494,-187500.02235174447,-187500.02235174447,-187500.02235174447,-187500.02235174447
não,2587.3485311685245,-7879.4369553848455,7139.124827280621,12156.733829585772,-187500.02235174447,-187500.02235174447,-187500.02235174447,-187500.02235174447
não,2430.6404507923667,-7882.163868208393,6912.232269314799,12198.710405672839,-187500.02235174447,-187500.02235174447,-187500.02235174447,-187500.02235174447
não,2209.5816981293797,-7940.770142170209,6397.024559619971,12245.649069028983,-187500.02235174447,-187500.02235174447,-187500.02235174447,-187500.02235174447
não,2367.496772706124,-7954.941148154873,6571.792849516017,12199.827992895604,-187500.02235174447,-187500.02235174447,-187500.02235174447,-187500.02235174447
não,2602.5030139092223,-7891.03751075715,7104.300809419252,12151.950556272335,-187500.02235174447,-187500.02235174447,-187500.02235174447,-187500.02235174447
não,2478.5402391600896,-7873.849019271019,6996.498345911306,12187.109850300534,-187500.02235174447,-187500.02235174447,-187500.02235174447,-187500.02235174447
não,2216.734256355078,-7924.073389062094,6470.85237155585,12246.27491787373,-187500.02235174447,-187500.02235174447,-187500.02235174447,-187500.02235174447
não,2289.019797923541,-7949.9343573968845,6485.939799063182,12228.170004864933,-187500.02235174447,-187500.02235174447,-187500.02235174447,-187500.02235174447
não,2560.7052517777984,-7892.2892084466475,7050.880140171068,12174.011728049723,-187500.02235174447,-187500.02235174447,-187500.02235174447,-187500.02235174447
não,2501.4060737378686,-7863.74603077722,7068.538018290761,12191.334330002586,-187500.02235174447,-187500.02235174447,-187500.02235174447,-187500.02235174447
não,2236.15792228674,-7906.840194087053,6556.414849330766,12251.728743520825,-187500.02235174447,-187500.02235174447,-187500.02235174447,-187500.02235174447
não,2238.7283728991,-7949.330860296591,6413.341333072345,12245.47025507334,-187500.02235174447,-187500.02235174447,-187500.02235174447,-187500.02235174447
não,2532.45264678629,-7900.08996726155,6972.246703177298,12178.616187407517,-187500.02235174447,-187500.02235174447,-187500.02235174447,-187500.02235174447
não,2540.678088745843,-7861.488504587234,7118.941202037478,12182.438335709374,-187500.02235174447,-187500.02235174447,-187500.02235174447,-187500.02235174447
não,2288.8409839678984,-7897.743034093743,6650.493341743153,12239.94937419288,-187500.02235174447,-187500.02235174447,-187500.02235174447,-187500.02235174447
não,2213.895584809254,-7946.134560839482,6368.436678461633,12247.772484752237,-187500.02235174447,-187500.02235174447,-187500.02235174447,-187500.02235174447
não,2498.0980155584834,-7910.595287155544,6877.140030519967,12182.08070779809,-187500.02235174447,-187500.02235174447,-187500.02235174447,-187500.02235174447
não,2568.7965832706195,-7858.292205130126,7147.774952384824,12178.817353107615,-187500.02235174447,-187500.02235174447,-187500.02235174447,-187500.02235174447
não,2340.697031104211,-7880.018100740684,6755.993575572202,12233.04268515619,-187500.02235174447,-187500.02235174447,-187500.02235174447,-187500.02235174447
não,2195.455395633626,-7937.1938630573595,6357.193751000614,12262.926967492935,-187500.02235174447,-187500.02235174447,-187500.02235174447,-187500.02235174447
não,2453.662747581333,-7921.100607049538,6764.733107654227,12198.397481250464,-187500.02235174447,-187500.02235174447,-187500.02235174447,-187500.02235174447
não,2601.4748336642783,-7856.928748718352,7179.760298700368,12163.774629089194,-187500.02235174447,-187500.02235174447,-187500.02235174447,-187500.02235174447
não,2383.366511269392,-7867.612882567988,6843.657117325916,12218.782272193703,-187500.02235174447,-187500.02235174447,-187500.02235174447,-187500.02235174447
não,2195.0754159778853,-7927.537909452666,6377.645597177219,12257.584900568118,-187500.02235174447,-187500.02235174447,-187500.02235174447,-187500.02235174447
não,2383.388863013847,-7928.700200164342,6636.702315414228,12214.535440747195,-187500.02235174447,-187500.02235174447,-187500.02235174447,-187500.02235174447
não,2588.175545713371,-7866.27177790067,7119.723513093414,12179.26438799672,-187500.02235174447,-187500.02235174447,-187500.02235174447,-187500.02235174447
não,2438.105933440439,-7861.51085633169,6933.756999225259,12220.168080349933,-187500.02235174447,-187500.02235174447,-187500.02235174447,-187500.02235174447
não,2200.8868695362653,-7916.607906414021,6417.878737196772,12272.024127486246,-187500.02235174447,-187500.02235174447,-187500.02235174447,-187500.02235174447
não,2338.730077592144,-7932.991735099761,6552.704459751184,12236.216632868844,-187500.02235174447,-187500.02235174447,-187500.02235174447,-187500.02235174447
não,2586.4991648792225,-7870.742126791732,7094.68955930347,12181.41015546443,-187500.02235174447,-187500.02235174447,-187500.02235174447,-187500.02235174447
não,2482.138870017394,-7852.994841694217,7018.29129675523,12210.780347678703,-187500.02235174447,-187500.02235174447,-187500.02235174447,-187500.02235174447
não,2224.0432767919633,-7902.168679495893,6491.795956110473,12269.274862918242,-187500.02235174447,-187500.02235174447,-187500.02235174447,-187500.02235174447
não,2285.8682019553426,-7934.690467678365,6461.621101095808,12244.799702739681,-187500.02235174447,-187500.02235174447,-187500.02235174447,-187500.02235174447
não,2566.4049466139018,-7880.152211207415,7029.19894804942,12187.020443322712,-187500.02235174447,-187500.02235174447,-187500.02235174447,-187500.02235174447
não,2528.518739762156,-7848.256271869693,7080.250332385342,12204.477155742306,-187500.02235174447,-187500.02235174447,-187500.02235174447,-187500.02235174447
não,2265.8410389233877,-7889.070557245083,6577.49254435212,12262.479932603828,-187500.02235174447,-187500.02235174447,-187500.02235174447,-187500.02235174447
não,2238.5942624323684,-7934.735171167275,6391.570733972876,12258.434266857419,-187500.02235174447,-187500.02235174447,-187500.02235174447,-187500.02235174447
não,2530.4186380408573,-7890.434013656857,6938.540272538695,12190.104984057545,-187500.02235174447,-187500.02235174447,-187500.02235174447,-187500.02235174447
não,2561.6440250449214,-7847.339850347024,7123.903289306556,12192.586027692083,-187500.02235174447,-187500.02235174447,-187500.02235174447,-187500.02235174447
não,2318.881728515831,-7878.051147228617,6679.617664768418,12251.102894676078,-187500.02235174447,-187500.02235174447,-187500.02235174447,-187500.02235174447
não,2222.188082002173,-7931.896499621452,6361.909969080683,12267.866703017558,-187500.02235174447,-187500.02235174447,-187500.02235174447,-187500.02235174447
não,2500.4002452373797,-7902.302789962625,6844.148855703933,12205.348873776064,-187500.02235174447,-187500.02235174447,-187500.02235174447,-187500.02235174447
não,2591.41654865939,-7847.652774769399,7147.774952384824,12190.84259162457,-187500.02235174447,-187500.02235174447,-187500.02235174447,-187500.02235174447
não,2360.858304602898,-7868.305786646103,6771.751555413193,12242.162196893954,-187500.02235174447,-187500.02235174447,-187500.02235174447,-187500.02235174447
não,2198.606991601824,-7927.068522819105,6349.147122996703,12273.544046109206,-187500.02235174447,-187500.02235174447,-187500.02235174447,-187500.02235174447
não,2440.1846456747826,-7913.702179634832,6729.082075248012,12215.742434947782,-187500.02235174447,-187500.02235174447,-187500.02235174447,-187500.02235174447
não,2594.0540545051163,-7854.671222528365,7143.46106570495,12184.248827010255,-187500.02235174447,-187500.02235174447,-187500.02235174447,-187500.02235174447
não,2409.42864530428,-7858.538074319134,6872.5802746510835,12231.366304322042,-187500.02235174447,-187500.02235174447,-187500.02235174447,-187500.02235174447
não,2198.9199160241983,-7917.434920958868,6383.188829802136,12275.332185665631,-187500.02235174447,-187500.02235174447,-187500.02235174447,-187500.02235174447
não,2386.6745694487777,-7923.492243706256,6624.431207708265,12227.834728698102,-187500.02235174447,-187500.02235174447,-187500.02235174447,-187500.02235174447
não,2604.13469125446,-7859.02981269715,7125.020876529322,12185.053489810645,-187500.02235174447,-187500.02235174447,-187500.02235174447,-187500.02235174447
não,2466.738518087687,-7850.871425970963,6961.0931826941,12219.497528016273,-187500.02235174447,-187500.02235174447,-187500.02235174447,-187500.02235174447
não,2218.1424162557623,-7904.582667897066,6434.79900774944,12273.789915298214,-187500.02235174447,-187500.02235174447,-187500.02235174447,-187500.02235174447
não,2327.2189291976606,-7928.051999575138,6519.467415746143,12242.586880038605,-187500.02235174447,-187500.02235174447,-187500.02235174447,-187500.02235174447
não,2590.544830625633,-7866.830571512052,7072.4495735704395,12190.708481157837,-187500.02235174447,-187500.02235174447,-187500.02235174447,-187500.02235174447
não,2507.843376140997,-7846.848111969008,7033.781055662758,12213.641370968982,-187500.02235174447,-187500.02235174447,-187500.02235174447,-187500.02235174447
não,2249.501913726558,-7896.245467215236,6517.031075600515,12267.844351273103,-187500.02235174447,-187500.02235174447,-187500.02235174447,-187500.02235174447
não,2285.1082426438625,-7933.99756360025,6443.516188087009,12251.058191187167,-187500.02235174447,-187500.02235174447,-187500.02235174447,-187500.02235174447
não,2568.1930861703263,-7879.682824573854,7003.382683203541,12189.03210032369,-187500.02235174447,-187500.02235174447,-187500.02235174447,-187500.02235174447
não,2542.600338769,-7845.819931724064,7092.2308674133865,12204.208934808843,-187500.02235174447,-187500.02235174447,-187500.02235174447,-187500.02235174447
não,2286.8293269669207,-7884.823725798575,6607.108605755402,12261.652918058982,-187500.02235174447,-187500.02235174447,-187500.02235174447,-187500.02235174447
não,2245.322137513416,-7931.3824094989795,6382.540629212932,12262.032897714722,-187500.02235174447,-187500.02235174447,-187500.02235174447,-187500.02235174447
não,2536.051277643595,-7889.1823159673595,6913.41691177093,12197.0787283276,-187500.02235174447,-187500.02235174447,-187500.02235174447,-187500.02235174447
não,2576.2173624297816,-7842.444818311313,7128.731266108903,12198.039853339178,-187500.02235174447,-187500.02235174447,-187500.02235174447,-187500.02235174447
não,2332.27042344456,-7873.17846693736,6703.198755168767,12250.834673742615,-187500.02235174447,-187500.02235174447,-187500.02235174447,-187500.02235174447
não,2215.7731313434997,-7929.527214709189,6353.2151404875685,12266.927929750434,-187500.02235174447,-187500.02235174447,-187500.02235174447,-187500.02235174447
não,2485.916314830341,-7902.369845195991,6809.973038431769,12207.137013332489,-187500.02235174447,-187500.02235174447,-187500.02235174447,-187500.02235174447
não,2596.915077795396,-7845.439952068324,7146.769123884335,12188.048623567656,-187500.02235174447,-187500.02235174447,-187500.02235174447,-187500.02235174447
não,2384.349988025426,-7862.382574365446,6804.496861040218,12240.66463001545,-187500.02235174447,-187500.02235174447,-187500.02235174447,-187500.02235174447
não,2206.541860883458,-7923.089912306061,6362.826390603351,12274.728688565338,-187500.02235174447,-187500.02235174447,-187500.02235174447,-187500.02235174447
não,2431.489817081668,-7914.752711624231,6702.975237724214,12219.56458324964,-187500.02235174447,-187500.02235174447,-187500.02235174447,-187500.02235174447
não,2604.8946505659405,-7852.994841694217,7138.3648679691405,12191.043757324667,-187500.02235174447,-187500.02235174447,-187500.02235174447,-187500.02235174447
não,2434.9766892166963,-7856.235844640237,6894.1273563059995,12234.294382845686,-187500.02235174447,-187500.02235174447,-187500.02235174447,-187500.02235174447
não,2216.7566080995334,-7913.523365679189,6397.158670086703,12275.309833921176,-187500.02235174447,-187500.02235174447,-187500.02235174447,-187500.02235174447
não,2383.0982903359286,-7923.156967539427,6594.949256771714,12230.382827566007,-187500.02235174447,-187500.02235174447,-187500.02235174447,-187500.02235174447
não,2608.5379849121555,-7859.521551075167,7101.3280274066965,12186.685167155883,-187500.02235174447,-187500.02235174447,-187500.02235174447,-187500.02235174447
não,2484.552858418567,-7848.703306758798,6975.867685779058,12214.89306865848,-187500.02235174447,-187500.02235174447,-187500.02235174447,-187500.02235174447
não,2240.829436877899,-7902.392196940446,6464.057441241436,12265.877397761036,-187500.02235174447,-187500.02235174447,-187500.02235174447,-187500.02235174447
não,2334.1926734677168,-7928.364923997513,6505.609334183852,12239.479987559318,-187500.02235174447,-187500.02235174447,-187500.02235174447,-187500.02235174447
não,2596.1104149950047,-7871.144458191927,7055.909282673512,12184.785268877182,-187500.02235174447,-187500.02235174447,-187500.02235174447,-187500.02235174447
não,2528.8093124400752,-7847.786885236131,7051.103657615621,12209.70746394485,-187500.02235174447,-187500.02235174447,-187500.02235174447,-187500.02235174447
não,2273.887666927298,-7893.675016602876,6548.8599597048715,12268.559607095673,-187500.02235174447,-187500.02235174447,-187500.02235174447,-187500.02235174447
não,2284.6835594992112,-7932.388237999468,6434.12845541578,12250.633508042516,-187500.02235174447,-187500.02235174447,-187500.02235174447,-187500.02235174447
$SILENCE,2564.728565779754,-7882.096812975027,6981.120345726054,12186.79692587816,-187500.02235174447,-187500.02235174447,-187500.02235174447,-187500.02235174447
$SILENCE,2557.330138365047,-7843.0483154116055,7101.953876251445,12199.671530684416,-187500.02235174447,-187500.02235174447,-187500.02235174447,-187500.02235174447
$SILENCE,2307.6611527992673,-7875.592455338533,6637.976364848181,12259.596557569093,-187500.02235174447,-187500.02235174447,-187500.02235174447,-187500.02235174447
$SILENCE,2247.1326288142955,-7926.487377463267,6385.669873436675,12266.726764050338,-187500.02235174447,-187500.02235174447,-187500.02235174447,-187500.02235174447
$SILENCE,2532.430295041835,-7891.126917734971,6891.579257438095,12203.381920263997,-187500.02235174447,-187500.02235174447,-187500.02235174447,-187500.02235174447
$SILENCE,2590.0083887587057,-7844.367068334469,7132.955745810956,12198.330426017097,-187500.02235174447,-187500.02235174447,-187500.02235174447,-187500.02235174447
$SILENCE,2356.410307456292,-7868.574007579567,6732.881871805414,12248.264223130254,-187500.02235174447,-187500.02235174447,-187500.02235174447,-187500.02235174447
$SILENCE,2223.3950762027594,-7921.838214616563,6363.787515614929,12271.264168174765,-187500.02235174447,-187500.02235174447,-187500.02235174447,-187500.02235174447
$SILENCE,2475.656864125355,-7902.70512136282,6784.715567197271,12210.735644189794,-187500.02235174447,-187500.02235174447,-187500.02235174447,-187500.02235174447
$SILENCE,2598.4796999072673,-7844.545882290111,7143.818693616235,12189.590893935072,-187500.02235174447,-187500.02235174447,-187500.02235174447,-187500.02235174447
$SILENCE,2401.8737556783863,-7855.609995795488,6832.235375909255,12237.580089280616,-187500.02235174447,-187500.02235174447,-187500.02235174447,-187500.02235174447
$SILENCE,2216.9130703107203,-7914.171566268393,6379.478440222555,12275.086316476622,-187500.02235174447,-187500.02235174447,-187500.02235174447,-187500.02235174447
$SILENCE,2425.0972181674506,-7912.562240667611,6678.433022312287,12219.721045460827,-187500.02235174447,-187500.02235174447,-187500.02235174447,-187500.02235174447
$SILENCE,2610.66140063541,-7853.799504494608,7133.715705122436,12184.494696199263,-187500.02235174447,-187500.02235174447,-187500.02235174447,-187500.02235174447
$SILENCE,2456.4120121493356,-7853.397173094413,6924.123397365021,12226.1359961195,-187500.02235174447,-187500.02235174447,-187500.02235174447,-187500.02235174447
$SILENCE,2234.3250792414046,-7908.047188287639,6421.589126776354,12276.516828121761,-187500.02235174447,-187500.02235174447,-187500.02235174447,-187500.02235174447
$SILENCE,2379.209086800705,-7922.620525672499,6576.710233296184,12234.629659012517,-187500.02235174447,-187500.02235174447,-187500.02235174447,-187500.02235174447
$SILENCE,2629.4145142334123,-7862.606091809999,7124.372675940118,12185.03113806619,-187500.02235174447,-187500.02235174447,-187500.02235174447,-187500.02235174447
$SILENCE,2509.720922675243,-7844.367068334469,7020.571174689672,12217.41881578193,-187500.02235174447,-187500.02235174447,-187500.02235174447,-187500.02235174447
$SILENCE,2257.5932452193792,-7899.017083527695,6486.543296163475,12265.385659383019,-187500.02235174447,-187500.02235174447,-187500.02235174447,-187500.02235174447
$SILENCE,2333.142141478317,-7927.917889108407,6500.3343224924,12241.983382938311,-187500.02235174447,-187500.02235174447,-187500.02235174447,-187500.02235174447
$SILENCE,2590.0083887587057,-7876.933560005851,7027.902546871012,12187.646292167461,-187500.02235174447,-187500.02235174447,-187500.02235174447,-187500.02235174447
$SILENCE,2541.1474753794046,-7845.484655557234,7071.644910770048,12206.265295298732,-187500.02235174447,-187500.02235174447,-187500.02235174447,-187500.02235174447
$SILENCE,2277.3968908067814,-7892.9374090358515,6551.0280789170365,12263.351650637585,-187500.02235174447,-187500.02235174447,-187500.02235174447,-187500.02235174447
$SILENCE,2279.632065252312,-7933.774046155697,6410.8602894378055,12249.515920819751,-187500.02235174447,-187500.02235174447,-187500.02235174447,-187500.02235174447
$SILENCE,2565.197952413315,-7887.863563044497,6954.208845401865,12181.276044997698,-187500.02235174447,-187500.02235174447,-187500.02235174447,-187500.02235174447
$SILENCE,2581.7605950546977,-7848.300975358603,7113.397969412562,12185.45582121084,-187500.02235174447,-187500.02235174447,-187500.02235174447,-187500.02235174447
$SILENCE,2338.9088915477864,-7880.532190863156,6670.65461524184,12244.41972308394,-187500.02235174447,-187500.02235174447,-187500.02235174447,-187500.02235174447
$SILENCE,2251.401812005259,-7931.42711298789,6382.853553635306,12258.747191279792,-187500.02235174447,-187500.02235174447,-187500.02235174447,-187500.02235174447
$SILENCE,2527.4682077727566,-7900.581705639566,6868.109925760023,12196.0281963382,-187500.02235174447,-187500.02235174447,-187500.02235174447,-187500.02235174447
$SILENCE,2608.1133017675047,-7849.195045136816,7144.310431994251,12184.449992710352,-187500.02235174447,-187500.02235174447,-187500.02235174447,-187500.02235174447
$SILENCE,2384.9981886146297,-7869.490429102234,6767.415316988864,12234.875528201525,-187500.02235174447,-187500.02235174447,-187500.02235174447,-187500.02235174447
$SILENCE,2238.9295385991977,-7927.202633285837,6373.510524452988,12260.580034325129,-187500.02235174447,-187500.02235174447,-187500.02235174447,-187500.02235174447
$SILENCE,2483.7928991070867,-7913.746883123742,6764.15196229839,12200.520896973718,-187500.02235174447,-187500.02235174447,-187500.02235174447,-187500.02235174447
$SILENCE,2622.127845540982,-7855.386478350935,7148.624318674126,12173.631748393984,-187500.02235174447,-187500.02235174447,-187500.02235174447,-187500.02235174447
$SILENCE,2430.0369536920734,-7862.092001687527,6861.471457656796,12222.135033862,-187500.02235174447,-187500.02235174447,-187500.02235174447,-187500.02235174447
$SILENCE,2229.0053640610413,-7918.440749459357,6391.906010139705,12265.318604149654,-187500.02235174447,-187500.02235174447,-187500.02235174447,-187500.02235174447
$SILENCE,2421.878566965886,-7921.547641938644,6653.846103411449,12212.680245957405,-187500.02235174447,-187500.02235174447,-187500.02235174447,-187500.02235174447
$SILENCE,2623.714819397309,-7861.577911565056,7132.620469644126,12172.2235884933,-187500.02235174447,-187500.02235174447,-187500.02235174447,-187500.02235174447
$SILENCE,2476.439175181291,-7855.721754517765,6953.694755279393,12212.389673279486,-187500.02235174447,-187500.02235174447,-187500.02235174447,-187500.02235174447
$SILENCE,2241.9023206117536,-7909.812976099608,6445.594900321353,12261.451752358886,-187500.02235174447,-187500.02235174447,-187500.02235174447,-187500.02235174447
$SILENCE,2366.2227232721716,-7929.080179820083,6557.621843531352,12225.487795530296,-187500.02235174447,-187500.02235174447,-187500.02235174447,-187500.02235174447
$SILENCE,2615.8023018601302,-7870.831533769552,7090.286265645775,12173.519989671708,-187500.02235174447,-187500.02235174447,-187500.02235174447,-187500.02235174447
$SILENCE,2520.9414983918073,-7851.989013193729,7027.3661050040855,12198.866867884026,-187500.02235174447,-187500.02235174447,-187500.02235174447,-187500.02235174447
$SILENCE,2269.663187225245,-7901.9228103068845,6517.835738400905,12256.333202878619,-187500.02235174447,-187500.02235174447,-187500.02235174447,-187500.02235174447
$SILENCE,2320.6922198167113,-7935.606889201033,6475.702700102652,12238.205938125366,-187500.02235174447,-187500.02235174447,-187500.02235174447,-187500.02235174447
$SILENCE,2603.866470320996,-7879.638121084943,7042.677049955971,12175.196370505855,-187500.02235174447,-187500.02235174447,-187500.02235174447,-187500.02235174447
$SILENCE,2571.4340891163456,-7842.64598401141,7118.158890981543,12191.13316430249,-187500.02235174447,-187500.02235174447,-187500.02235174447,-187500.02235174447
$SILENCE,2300.5309463180242,-7888.310597933602,6595.440995149732,12250.879377231524,-187500.02235174447,-187500.02235174447,-187500.02235174447,-187500.02235174447
$SILENCE,2284.5270972880244,-7931.941203110362,6433.033219937471,12249.04653418619,-187500.02235174447,-187500.02235174447,-187500.02235174447,-187500.02235174447
$SILENCE,2552.3456993515133,-7895.239638714748,6923.698714220371,12190.283798013186,-187500.02235174447,-187500.02235174447,-187500.02235174447,-187500.02235174447
$SILENCE,2597.5409266401443,-7848.79271373662,7143.639879660593,12184.114716543523,-187500.02235174447,-187500.02235174447,-187500.02235174447,-187500.02235174447
$SILENCE,2332.918624033764,-7880.711004818798,6672.956844920736,12242.542176549696,-187500.02235174447,-187500.02235174447,-187500.02235174447,-187500.02235174447
$SILENCE,2238.6389659212787,-7936.56801421261,6361.619396402764,12254.880339489024,-187500.02235174447,-187500.02235174447,-187500.02235174447,-187500.02235174447
$SILENCE,2513.207794810271,-7908.404816198924,6835.610489322006,12193.390690492475,-187500.02235174447,-187500.02235174447,-187500.02235174447,-187500.02235174447
$SILENCE,2614.4388454483565,-7852.480751571746,7148.043173318288,12178.526780429696,-187500.02235174447,-187500.02235174447,-187500.02235174447,-187500.02235174447
$SILENCE,2399.079787621473,-7870.518609347178,6795.936142913836,12229.511109532252,-187500.02235174447,-187500.02235174447,-187500.02235174447,-187500.02235174447
$SILENCE,2228.044239049463,-7927.068522819105,6373.197600030613,12261.116476192055,-187500.02235174447,-187500.02235174447,-187500.02235174447,-187500.02235174447
$SILENCE,2461.9552447742517,-7915.915002335907,6731.987802027203,12202.152574318956,-187500.02235174447,-187500.02235174447,-187500.02235174447,-187500.02235174447
$SILENCE,2621.837272863063,-7856.727583018253,7148.087876807199,12170.100172770044,-187500.02235174447,-187500.02235174447,-187500.02235174447,-187500.02235174447
$SILENCE,2444.498532354657,-7863.298995888114,6890.282856259687,12214.289571558187,-187500.02235174447,-187500.02235174447,-187500.02235174447,-187500.02235174447
$SILENCE,2230.1229512838067,-7920.765330882708,6405.853498679817,12259.305984891174,-187500.02235174447,-187500.02235174447,-187500.02235174447,-187500.02235174447
$SILENCE,2409.0263139040844,-7930.041304831661,6627.135768787357,12212.166155834933,-187500.02235174447,-187500.02235174447,-187500.02235174447,-187500.02235174447
$SILENCE,2629.883900866974,-7869.2222081687705,7124.037399773289,12172.000071048746,-187500.02235174447,-187500.02235174447,-187500.02235174447,-187500.02235174447
$SILENCE,2493.6276666674216,-7858.605129552499,6974.392470645007,12207.427586010408,-187500.02235174447,-187500.02235174447,-187500.02235174447,-187500.02235174447
$SILENCE,2249.1666375597283,-7911.444653444845,6460.548217361953,12257.204920912376,-187500.02235174447,-187500.02235174447,-187500.02235174447,-187500.02235174447
$SILENCE,2354.8680370888756,-7935.85275839004,6530.0174391290475,12225.197222852377,-187500.02235174447,-187500.02235174447,-187500.02235174447,-187500.02235174447
$SILENCE,2608.090950023049,-7877.022966983673,7076.4952393168505,12174.525818172195,-187500.02235174447,-187500.02235174447,-187500.02235174447,-187500.02235174447
$SILENCE,2530.4409897853125,-7853.88891147243,7048.846131425636,12200.230324295799,-187500.02235174447,-187500.02235174447,-187500.02235174447,-187500.02235174447
$SILENCE,2276.525172773024,-7900.715816106298,6538.086418877414,12252.175778409932,-187500.02235174447,-187500.02235174447,-187500.02235174447,-187500.02235174447
$SILENCE,2304.531908575524,-7939.384334013979,6449.03706896747,12234.1379206345,-187500.02235174447,-187500.02235174447,-187500.02235174447,-187500.02235174447
$SILENCE,2589.203725958315,-7887.818859555586,7002.823889592158,12172.156533259933,-187500.02235174447,-187500.02235174447,-187500.02235174447,-187500.02235174447
$SILENCE,2573.7586705396975,-7853.3748213499575,7102.624428585104,12181.767783375715,-187500.02235174447,-187500.02235174447,-187500.02235174447,-187500.02235174447
$SILENCE,2319.529929105035,-7892.557429380111,6628.812149621505,12238.161234636455,-187500.02235174447,-187500.02235174447,-187500.02235174447,-187500.02235174447
$SILENCE,2270.110222114351,-7942.625336959999,6396.331655541856,12244.822054484137,-187500.02235174447,-187500.02235174447,-187500.02235174447,-187500.02235174447
$SILENCE,2557.620711042966,-7903.956819052318,6921.999981641768,12178.012690307223,-187500.02235174447,-187500.02235174447,-187500.02235174447,-187500.02235174447
$SILENCE,2615.4446739488453,-7850.580853293044,7171.490153251905,12173.11765827151,-187500.02235174447,-187500.02235174447,-187500.02235174447,-187500.02235174447
$SILENCE,2355.337423722437,-7879.9063420184075,6712.206508184256,12232.238022355798,-187500.02235174447,-187500.02235174447,-187500.02235174447,-187500.02235174447
$SILENCE,2253.860503895343,-7937.417380501913,6388.888524638239,12245.492606817796,-187500.02235174447,-187500.02235174447,-187500.02235174447,-187500.02235174447
$SILENCE,2493.426500967324,-7917.524327936689,6787.6436457209165,12190.999053835756,-187500.02235174447,-187500.02235174447,-187500.02235174447,-187500.02235174447
$SILENCE,2611.935450069362,-7862.382574365446,7130.161777754042,12173.855265838536,-187500.02235174447,-187500.02235174447,-187500.02235174447,-187500.02235174447
$SILENCE,2409.339238326459,-7874.497219860223,6811.269439610177,12222.582068751106,-187500.02235174447,-187500.02235174447,-187500.02235174447,-187500.02235174447
$SILENCE,2229.2065297611393,-7931.337706010068,6371.789440129929,12258.322508135141,-187500.02235174447,-187500.02235174447,-187500.02235174447,-187500.02235174447
$SILENCE,2448.0077562341403,-7925.2803832626805,6699.108385933446,12202.800774908159,-187500.02235174447,-187500.02235174447,-187500.02235174447,-187500.02235174447
$SILENCE,2626.0841043095716,-7865.780039522653,7142.790513371291,12167.730887857782,-187500.02235174447,-187500.02235174447,-187500.02235174447,-187500.02235174447
$SILENCE,2462.8940180413747,-7867.188199423337,6912.522841992717,12211.003865123257,-187500.02235174447,-187500.02235174447,-187500.02235174447,-187500.02235174447
$SILENCE,2237.3872682317815,-7922.061732061116,6411.352027815822,12254.388601111008,-187500.02235174447,-187500.02235174447,-187500.02235174447,-187500.02235174447
$SILENCE,2395.078825363973,-7936.47860723479,6593.384634659843,12211.249734312265,-187500.02235174447,-187500.02235174447,-187500.02235174447,-187500.02235174447
$SILENCE,2621.9266798408844,-7875.32423440507,7109.285248432786,12163.729925600283,-187500.02235174447,-187500.02235174447,-187500.02235174447,-187500.02235174447
$SILENCE,2504.8929458728967,-7861.533208076145,6994.978427288345,12196.36347250503,-187500.02235174447,-187500.02235174447,-187500.02235174447,-187500.02235174447
$SILENCE,2256.386251018793,-7913.61277265701,6474.026319268503,12245.80553124017,-187500.02235174447,-187500.02235174447,-187500.02235174447,-187500.02235174447
$SILENCE,2337.478379902647,-7942.178302070893,6499.641418414285,12219.788100694192,-187500.02235174447,-187500.02235174447,-187500.02235174447,-187500.02235174447
$SILENCE,2602.32419995358,-7884.823725798575,7054.67993672847,12167.485018668775,-187500.02235174447,-187500.02235174447,-187500.02235174447,-187500.02235174447
$SILENCE,2550.3116906060804,-7858.292205130126,7063.844151955146,12193.524800959207,-187500.02235174447,-187500.02235174447,-187500.02235174447,-187500.02235174447
$SILENCE,2296.8652602273537,-7905.007351041717,6555.833703974928,12249.672383030938,-187500.02235174447,-187500.02235174447,-187500.02235174447,-187500.02235174447
$SILENCE,2298.2063648946723,-7947.386258528979,6422.393789576744,12235.300211346175,-187500.02235174447,-187500.02235174447,-187500.02235174447,-187500.02235174447
$SILENCE,2582.095871221527,-7899.352359694524,6977.85699103558,12169.675489625393,-187500.02235174447,-187500.02235174447,-187500.02235174447,-187500.02235174447
$SILENCE,2581.335911910047,-7855.69940277331,7117.60009737016,12179.845533352558,-187500.02235174447,-187500.02235174447,-187500.02235174447,-187500.02235174447
$SILENCE,2328.26946118706,-7889.763461323198,6651.74503943265,12237.84831021408,-187500.02235174447,-187500.02235174447,-187500.02235174447,-187500.02235174447
$SILENCE,2257.079155096907,-7942.37946777099,6375.857457620795,12245.447903328884,-187500.02235174447,-187500.02235174447,-187500.02235174447,-187500.02235174447
$SILENCE,2540.3428125790138,-7907.980133054273,6880.850420099548,12179.487905441274,-187500.02235174447,-187500.02235174447,-187500.02235174447,-187500.02235174447
$SILENCE,2609.4097029459126,-7855.274719628659,7143.371658727129,12174.324652472098,-187500.02235174447,-187500.02235174447,-187500.02235174447,-187500.02235174447
$SILENCE,2377.800926900021,-7878.364071650991,6746.04704928959,12226.024237397223,-187500.02235174447,-187500.02235174447,-187500.02235174447,-187500.02235174447
$SILENCE,2236.090867053374,-7937.909118879929,6357.394916700711,12246.9901736963,-187500.02235174447,-187500.02235174447,-187500.02235174447,-187500.02235174447
$SILENCE,2489.6490561543774,-7919.915964593407,6775.126668825945,12187.22160902281,-187500.02235174447,-187500.02235174447,-187500.02235174447,-187500.02235174447
$SILENCE,2626.1064560540267,-7861.17558016486,7154.815751888246,12167.641480879962,-187500.02235174447,-187500.02235174447,-187500.02235174447,-187500.02235174447
$SILENCE,2422.504415810635,-7870.317443647081,6847.54632086114,12214.423682024919,-187500.02235174447,-187500.02235174447,-187500.02235174447,-187500.02235174447
$SILENCE,2225.116160525818,-7928.566089697611,6376.863286121284,12252.980441210324,-187500.02235174447,-187500.02235174447,-187500.02235174447,-187500.02235174447
$SILENCE,2433.166197915816,-7930.71185716532,6669.469972785709,12200.498545229262,-187500.02235174447,-187500.02235174447,-187500.02235174447,-187500.02235174447
$SILENCE,2641.7750289171972,-7864.707155788798,7171.177228829531,12154.900986540437,-187500.02235174447,-187500.02235174447,-187500.02235174447,-187500.02235174447
$SILENCE,2470.851239067464,-7861.443801098323,6946.162217397955,12202.063167341134,-187500.02235174447,-187500.02235174447,-187500.02235174447,-187500.02235174447
$SILENCE,2234.3027274969495,-7923.961630339817,6410.480309782066,12255.036801700211,-187500.02235174447,-187500.02235174447,-187500.02235174447,-187500.02235174447
$SILENCE,2367.1838482837497,-7939.563147969622,6551.430410317232,12214.133109347,-187500.02235174447,-187500.02235174447,-187500.02235174447,-187500.02235174447
$SILENCE,2614.8188251040965,-7877.067670472583,7096.969437237912,12166.345079701554,-187500.02235174447,-187500.02235174447,-187500.02235174447,-187500.02235174447
$SILENCE,2512.0231523541397,-7858.31455687458,7014.111520542088,12196.810507394137,-187500.02235174447,-187500.02235174447,-187500.02235174447,-187500.02235174447
$SILENCE,2257.9732248751193,-7910.32706622208,6492.041825299481,12251.415819098453,-187500.02235174447,-187500.02235174447,-187500.02235174447,-187500.02235174447
$SILENCE,2322.9944494956076,-7943.899386393951,6475.009796024537,12225.84542344158,-187500.02235174447,-187500.02235174447,-187500.02235174447,-187500.02235174447
$SILENCE,2604.84994707703,-7887.394176410935,7039.793674921236,12164.69105061186,-187500.02235174447,-187500.02235174447,-187500.02235174447,-187500.02235174447
$SILENCE,2562.582798312044,-7859.588606308533,7081.814954497213,12181.03017580869,-187500.02235174447,-187500.02235174447,-187500.02235174447,-187500.02235174447
$SILENCE,2296.954667205175,-7900.671112617388,6578.878352508349,12239.390580581497,-187500.02235174447,-187500.02235174447,-187500.02235174447,-187500.02235174447
$SILENCE,2278.760347218555,-7945.396953272457,6403.6406759787415,12234.652010756972,-187500.02235174447,-187500.02235174447,-187500.02235174447,-187500.02235174447
$SILENCE,2574.6080368289995,-7901.721644606787,6955.259377391265,12169.720193114304,-187500.02235174447,-187500.02235174447,-187500.02235174447,-187500.02235174447
$SILENCE,2593.2493917047254,-7858.046335941117,7129.312411464741,12173.631748393984,-187500.02235174447,-187500.02235174447,-187500.02235174447,-187500.02235174447
$SILENCE,2341.8146183269764,-7889.517592134189,6673.247417598655,12228.997019409779,-187500.02235174447,-187500.02235174447,-187500.02235174447,-187500.02235174447
$SILENCE,2251.6923846831783,-7942.290060793169,6363.787515614929,12244.710295761859,-187500.02235174447,-187500.02235174447,-187500.02235174447,-187500.02235174447
$SILENCE,2527.714076961765,-7909.2541824882255,6857.246977954743,12180.717251386315,-187500.02235174447,-187500.02235174447,-187500.02235174447,-187500.02235174447
$SILENCE,2614.3941419594457,-7855.989975451229,7157.430905989517,12168.93788205837,-187500.02235174447,-187500.02235174447,-187500.02235174447,-187500.02235174447
$SILENCE,2390.586124728456,-7877.492353617234,6776.57953221554,12224.817243196636,-187500.02235174447,-187500.02235174447,-187500.02235174447,-187500.02235174447
$SILENCE,2230.1005995393516,-7936.702124679342,6358.914835323672,12256.0426302007,-187500.02235174447,-187500.02235174447,-187500.02235174447,-187500.02235174447
$SILENCE,2469.4430791667796,-7923.671057661898,6749.399810957887,12192.943655603369,-187500.02235174447,-187500.02235174447,-187500.02235174447,-187500.02235174447
$SILENCE,2622.619583918999,-7862.561388321089,7157.520312967338,12163.1711319889,-187500.02235174447,-187500.02235174447,-187500.02235174447,-187500.02235174447
$SILENCE,2436.697773539755,-7870.540961091633,6870.792135094659,12206.42175750992,-187500.02235174447,-187500.02235174447,-187500.02235174447,-187500.02235174447
$SILENCE,2226.0996372818518,-7927.917889108407,6383.0323675909485,12251.482874331818,-187500.02235174447,-187500.02235174447,-187500.02235174447,-187500.02235174447
$SILENCE,2414.323677339992,-7931.650630432443,6637.261109025611,12201.0796905851,-187500.02235174447,-187500.02235174447,-187500.02235174447,-187500.02235174447
$SILENCE,2627.8051886326302,-7868.305786646103,7134.475664433917,12161.137123243467,-187500.02235174447,-187500.02235174447,-187500.02235174447,-187500.02235174447
$SILENCE,2482.4741461842236,-7861.756725520698,6961.495514094296,12198.375129506008,-187500.02235174447,-187500.02235174447,-187500.02235174447,-187500.02235174447
$SILENCE,2239.2871665104826,-7918.127825036982,6439.381115362778,12248.219519641343,-187500.02235174447,-187500.02235174447,-187500.02235174447,-187500.02235174447
$SILENCE,2363.115830792884,-7940.054886347639,6539.025192144536,12216.144766347978,-187500.02235174447,-187500.02235174447,-187500.02235174447,-187500.02235174447
$SILENCE,2622.5748804300883,-7879.705176318309,7089.883934245579,12159.46074240932,-187500.02235174447,-187500.02235174447,-187500.02235174447,-187500.02235174447
$SILENCE,2534.710172976276,-7858.694536530321,7038.497273742828,12186.662815411428,-187500.02235174447,-187500.02235174447,-187500.02235174447,-187500.02235174447
$SILENCE,2284.1918211211946,-7905.677903375376,6536.857072932372,12246.140807406999,-187500.02235174447,-187500.02235174447,-187500.02235174447,-187500.02235174447
$SILENCE,2322.368600650859,-7939.607851458532,6481.402394938755,12224.79489145218,-187500.02235174447,-187500.02235174447,-187500.02235174447,-187500.02235174447
$SILENCE,2586.0297782456614,-7893.94323753634,6996.967732544867,12162.098248255044,-187500.02235174447,-187500.02235174447,-187500.02235174447,-187500.02235174447
$SILENCE,2562.493391334223,-7859.163923163882,7080.786774252269,12173.676451882893,-187500.02235174447,-187500.02235174447,-187500.02235174447,-187500.02235174447
$SILENCE,2306.9011934877867,-7897.698330604831,6592.311750925988,12235.635487513006,-187500.02235174447,-187500.02235174447,-187500.02235174447,-187500.02235174447
$SILENCE,2272.635969237801,-7947.922700395907,6382.518277468476,12232.372132822531,-187500.02235174447,-187500.02235174447,-187500.02235174447,-187500.02235174447
$SILENCE,2562.7616122676864,-7904.068577774594,6925.933888665902,12165.518065156706,-187500.02235174447,-187500.02235174447,-187500.02235174447,-187500.02235174447
$SILENCE,2601.0948540085383,-7855.989975451229,7135.637955145593,12165.853341323536,-187500.02235174447,-187500.02235174447,-187500.02235174447,-187500.02235174447
$SILENCE,2359.2266272576603,-7885.136650220949,6701.522374334619,12222.067978628635,-187500.02235174447,-187500.02235174447,-187500.02235174447,-187500.02235174447
$SILENCE,2248.227864292606,-7941.887729392974,6360.032422546437,12242.586880038605,-187500.02235174447,-187500.02235174447,-187500.02235174447,-187500.02235174447
$SILENCE,2520.114483846961,-7916.85377560303,6823.831119994059,12178.325614729598,-187500.02235174447,-187500.02235174447,-187500.02235174447,-187500.02235174447
$SILENCE,2621.3455344850463,-7861.220283653771,7153.541702454294,12161.204178476833,-187500.02235174447,-187500.02235174447,-187500.02235174447,-187500.02235174447
$SILENCE,2405.3606278134143,-7877.961740250796,6801.658189494395,12210.1321470895,-187500.02235174447,-187500.02235174447,-187500.02235174447,-187500.02235174447
$SILENCE,2236.0238118200077,-7936.9032903794405,6363.7204603815635,12243.570356794638,-187500.02235174447,-187500.02235174447,-187500.02235174447,-187500.02235174447
$SILENCE,2464.7045093422544,-7929.102531564538,6714.106406462956,12186.953388089347,-187500.02235174447,-187500.02235174447,-187500.02235174447,-187500.02235174447
$SILENCE,2629.034534577672,-7867.74699303472,7146.769123884335,12158.566672631106,-187500.02235174447,-187500.02235174447,-187500.02235174447,-187500.02235174447
$SILENCE,2449.170046945816,-7869.758650035697,6891.2439812712655,12207.807565666148,-187500.02235174447,-187500.02235174447,-187500.02235174447,-187500.02235174447
$SILENCE,2230.5029309395472,-7927.4708542193,6392.21893456208,12254.455656344373,-187500.02235174447,-187500.02235174447,-187500.02235174447,-187500.02235174447
$SILENCE,2398.006903887618,-7935.42807524539,6601.677131852763,12205.997074365268,-187500.02235174447,-187500.02235174447,-187500.02235174447,-187500.02235174447
$SILENCE,2622.731342641275,-7872.2173419257815,7112.459196145439,12158.41021041992,-187500.02235174447,-187500.02235174447,-187500.02235174447,-187500.02235174447
$SILENCE,2496.756910891165,-7861.980242965251,6974.146601455999,12192.675434669905,-187500.02235174447,-187500.02235174447,-187500.02235174447,-187500.02235174447
$SILENCE,2246.0820968248963,-7916.1832232693705,6450.579339334887,12246.543138807196,-187500.02235174447,-187500.02235174447,-187500.02235174447,-187500.02235174447
$SILENCE,2343.5133509055795,-7941.440694503867,6503.709435905152,12213.060225613144,-187500.02235174447,-187500.02235174447,-187500.02235174447,-187500.02235174447
$SILENCE,2609.1414820124487,-7882.521496119678,7062.68186124347,12156.733829585772,-187500.02235174447,-187500.02235174447,-187500.02235174447,-187500.02235174447
$SILENCE,2531.9609084082736,-7855.721754517765,7045.4486662684285,12180.337271730576,-187500.02235174447,-187500.02235174447,-187500.02235174447,-187500.02235174447
$SILENCE,2271.7418994595887,-7902.727473107276,6528.698686206185,12237.915365447447,-187500.02235174447,-187500.02235174447,-187500.02235174447,-187500.02235174447
$SILENCE,2288.21513512315,-7942.692392193365,6424.6513157667305,12225.13016761901,-187500.02235174447,-187500.02235174447,-187500.02235174447,-187500.02235174447
$SILENCE,2575.0550717181054,-7892.9374090358515,6988.630531863038,12166.076858768089,-187500.02235174447,-187500.02235174447,-187500.02235174447,-187500.02235174447
$SILENCE,2568.4836588482453,-7856.0793824290495,7101.216268684419,12175.308129228131,-187500.02235174447,-187500.02235174447,-187500.02235174447,-187500.02235174447
$SILENCE,2316.2218709256495,-7893.60796136951,6620.564355917497,12229.779330465715,-187500.02235174447,-187500.02235174447,-187500.02235174447,-187500.02235174447
$SILENCE,2257.5038382415582,-7944.614642216521,6371.4541639631,12232.618002011539,-187500.02235174447,-187500.02235174447,-187500.02235174447,-187500.02235174447
$SILENCE,2546.8918737044187,-7905.454385930823,6901.257562787243,12165.02632677869,-187500.02235174447,-187500.02235174447,-187500.02235174447,-187500.02235174447
$SILENCE,2614.4388454483565,-7851.564330049077,7169.389089273106,12156.465608652308,-187500.02235174447,-187500.02235174447,-187500.02235174447,-187500.02235174447
$SILENCE,2351.537627165035,-7882.052109486117,6706.484461603697,12219.676341971915,-187500.02235174447,-187500.02235174447,-187500.02235174447,-187500.02235174447
$SILENCE,2227.1278175267958,-7941.440694503867,6338.150064724692,12243.972688194835,-187500.02235174447,-187500.02235174447,-187500.02235174447,-187500.02235174447
$SILENCE,2490.073739299028,-7918.686618648365,6785.2967125531095,12178.683242640882,-187500.02235174447,-187500.02235174447,-187500.02235174447,-187500.02235174447
$SILENCE,2609.074426779083,-7859.879178986452,7142.2987749932745,12156.756181330227,-187500.02235174447,-187500.02235174447,-187500.02235174447,-187500.02235174447
$SILENCE,2410.300363338037,-7873.826667526564,6815.829195479059,12206.42175750992,-187500.02235174447,-187500.02235174447,-187500.02235174447,-187500.02235174447
$SILENCE,2226.9713553156084,-7932.477644977289,6360.322995224356,12243.32448760563,-187500.02235174447,-187500.02235174447,-187500.02235174447,-187500.02235174447
$SILENCE,2439.0000032186513,-7927.716723408309,6676.9354554337815,12189.210914279332,-187500.02235174447,-187500.02235174447,-187500.02235174447,-187500.02235174447
$SILENCE,2616.3834472159683,-7866.4058883674015,7133.961574311445,12151.905852783424,-187500.02235174447,-187500.02235174447,-187500.02235174447,-187500.02235174447
$SILENCE,2456.1884947047824,-7866.070612200572,6912.6122489705385,12193.189524792377,-187500.02235174447,-187500.02235174447,-187500.02235174447,-187500.02235174447
$SILENCE,2225.987878559575,-7921.279421005181,6404.579449245864,12243.369191094542,-187500.02235174447,-187500.02235174447,-187500.02235174447,-187500.02235174447
$SILENCE,2375.1634210542943,-7936.009220601228,6575.190314673223,12201.526725474207,-187500.02235174447,-187500.02235174447,-187500.02235174447,-187500.02235174447
$SILENCE,2612.1589675139153,-7874.050184971116,7106.424225142507,12150.587099860562,-187500.02235174447,-187500.02235174447,-187500.02235174447,-187500.02235174447
$SILENCE,2496.8910213578965,-7861.868484242975,7000.968694802367,12180.381975219487,-187500.02235174447,-187500.02235174447,-187500.02235174447,-187500.02235174447
$SILENCE,2248.607843948346,-7914.439787201856,6475.501534402554,12233.869699701036,-187500.02235174447,-187500.02235174447,-187500.02235174447,-187500.02235174447
$SILENCE,2329.2305861986383,-7943.586461971577,6486.543296163475,12207.315827288132,-187500.02235174447,-187500.02235174447,-187500.02235174447,-187500.02235174447
$SILENCE,2602.3689034424906,-7887.70710083331,7045.359259290607,12144.35096315753,-187500.02235174447,-187500.02235174447,-187500.02235174447,-187500.02235174447
$SILENCE,2554.3126528635803,-7862.539036576633,7060.983128664867,12162.858207566525,-187500.02235174447,-187500.02235174447,-187500.02235174447,-187500.02235174447
$SILENCE,2302.564955063457,-7906.974304553784,6556.861884219871,12219.385769293996,-187500.02235174447,-187500.02235174447,-187500.02235174447,-187500.02235174447
$SILENCE,2303.861356241865,-7950.828427175096,6414.749492973029,12211.048568612166,-187500.02235174447,-187500.02235174447,-187500.02235174447,-187500.02235174447
$SILENCE,2588.2426009467367,-7905.767310353198,6966.6140635745605,12146.586137603063,-187500.02235174447,-187500.02235174447,-187500.02235174447,-187500.02235174447
$SILENCE,2587.8626212909962,-7863.321347632569,7111.565126367227,12150.765913816203,-187500.02235174447,-187500.02235174447,-187500.02235174447,-187500.02235174447
$SILENCE,2337.5230833915575,-7894.524382892178,6653.354365033432,12210.020388367224,-187500.02235174447,-187500.02235174447,-187500.02235174447,-187500.02235174447
$SILENCE,2254.709870184645,-7942.938261382373,6372.124716296758,12222.64912398447,-187500.02235174447,-187500.02235174447,-187500.02235174447,-187500.02235174447
$SILENCE,2532.363239808469,-7908.3154092211025,6876.0447950416565,12162.344117444054,-187500.02235174447,-187500.02235174447,-187500.02235174447,-187500.02235174447
$SILENCE,2606.2581069777143,-7855.766458006676,7152.759391398357,12159.25957670922,-187500.02235174447,-187500.02235174447,-187500.02235174447,-187500.02235174447
$SILENCE,2376.7503949106213,-7877.693519317332,6761.872084363948,12213.127280846511,-187500.02235174447,-187500.02235174447,-187500.02235174447,-187500.02235174447
$SILENCE,2221.6292883907904,-7939.071409591605,6356.232625989035,12230.427531054918,-187500.02235174447,-187500.02235174447,-187500.02235174447,-187500.02235174447
$SILENCE,2469.353672188958,-7922.66522916141,6762.140305297412,12170.234283236776,-187500.02235174447,-187500.02235174447,-187500.02235174447,-187500.02235174447
$SILENCE,2610.974325057784,-7861.309690631591,7153.7428681543915,12151.056486494123,-187500.02235174447,-187500.02235174447,-187500.02235174447,-187500.02235174447
$SILENCE,2417.519976797101,-7872.418507625879,6854.050678497634,12194.642388181972,-187500.02235174447,-187500.02235174447,-187500.02235174447,-187500.02235174447
$SILENCE,2219.3717622008044,-7930.555394954133,6380.953655356605,12230.159310121455,-187500.02235174447,-187500.02235174447,-187500.02235174447,-187500.02235174447
$SILENCE,2417.139997141361,-7934.891633378463,6657.735306946673,12179.376146718998,-187500.02235174447,-187500.02235174447,-187500.02235174447,-187500.02235174447
$SILENCE,2620.8314443625745,-7872.239693670237,7148.601966929671,12151.369410916497,-187500.02235174447,-187500.02235174447,-187500.02235174447,-187500.02235174447
$SILENCE,2471.9017710568633,-7866.562350578589,6954.94645296889,12190.730832902293,-187500.02235174447,-187500.02235174447,-187500.02235174447,-187500.02235174447
$SILENCE,2237.051992064952,-7919.915964593407,6427.020600678993,12236.596612524583,-187500.02235174447,-187500.02235174447,-187500.02235174447,-187500.02235174447
$SILENCE,2364.9486738382193,-7939.160816569426,6549.374049827344,12194.396518992964,-187500.02235174447,-187500.02235174447,-187500.02235174447,-187500.02235174447
$SILENCE,2609.8790895794737,-7877.470001872779,7088.632236556082,12142.540471856651,-187500.02235174447,-187500.02235174447,-187500.02235174447,-187500.02235174447
não,2514.9288791333292,-7858.649833041411,7021.934631101446,12169.273158225198,-187500.02235174447,-187500.02235174447,-187500.02235174447,-187500.02235174447
não,2267.11508835734,-7910.952915066829,6504.156470794257,12227.70061823137,-187500.02235174447,-187500.02235174447,-187500.02235174447,-187500.02235174447
não,2316.400684881292,-7945.866339906019,6470.561798877931,12206.824088910114,-187500.02235174447,-187500.02235174447,-187500.02235174447,-187500.02235174447
não,2587.3485311685245,-7895.217286970293,7032.775227162269,12141.758160800715,-187500.02235174447,-187500.02235174447,-187500.02235174447,-187500.02235174447
não,2550.736373750731,-7859.119219674972,7094.846021514657,12164.065201767113,-187500.02235174447,-187500.02235174447,-187500.02235174447,-187500.02235174447
não,2297.759330005566,-7901.0957957620385,6588.44489913522,12220.011618138746,-187500.02235174447,-187500.02235174447,-187500.02235174447,-187500.02235174447
não,2273.440632038192,-7947.654479462443,6402.970123645083,12209.640408711482,-187500.02235174447,-187500.02235174447,-187500.02235174447,-187500.02235174447
não,2573.3339873950467,-7895.105528248016,6959.752078026781,12151.83879755006,-187500.02235174447,-187500.02235174447,-187500.02235174447,-187500.02235174447
não,2594.9034207944183,-7857.331080118547,7132.352248710662,12149.849492293537,-187500.02235174447,-187500.02235174447,-187500.02235174447,-187500.02235174447
não,2344.943862550719,-7895.887839303951,6676.1754961223005,12198.106908572545,-187500.02235174447,-187500.02235174447,-187500.02235174447,-187500.02235174447
não,2253.726393428611,-7947.743886440264,6371.185943029635,12220.346894305576,-187500.02235174447,-187500.02235174447,-187500.02235174447,-187500.02235174447
não,2512.1125593319607,-7929.191938542359,6839.723210301782,12143.725114312783,-187500.02235174447,-187500.02235174447,-187500.02235174447,-187500.02235174447
não,2618.4398077058563,-7859.8344754975415,7170.260807306863,12146.1167509695,-187500.02235174447,-187500.02235174447,-187500.02235174447,-187500.02235174447
não,2419.3751715868916,-7868.641062812932,6820.143082158934,12211.786176179192,-187500.02235174447,-187500.02235174447,-187500.02235174447,-187500.02235174447
não,2231.598166417857,-7948.749714940753,6355.606777144287,12213.998998880268,-187500.02235174447,-187500.02235174447,-187500.02235174447,-187500.02235174447
não,2447.6948318117657,-7950.940185897373,6703.936362735792,12134.627954319472,-187500.02235174447,-187500.02235174447,-187500.02235174447,-187500.02235174447
não,2619.80326411763,-7882.677958330865,7141.695277892981,12134.762064786204,-187500.02235174447,-187500.02235174447,-187500.02235174447,-187500.02235174447
não,2440.8328462639865,-7882.499144375222,6876.625940397495,12180.046699052657,-187500.02235174447,-187500.02235174447,-187500.02235174447,-187500.02235174447
não,2232.671050151712,-7932.991735099761,6392.531858984454,12222.291496073187,-187500.02235174447,-187500.02235174447,-187500.02235174447,-187500.02235174447
não,2414.1895668732604,-7938.892595635963,6642.290251528055,12170.927187314892,-187500.02235174447,-187500.02235174447,-187500.02235174447,-187500.02235174447
não,2611.3096012246137,-7888.84703980053,7110.760463566836,12124.457910592308,-187500.02235174447,-187500.02235174447,-187500.02235174447,-187500.02235174447
não,2478.361425204447,-7880.599246096522,6944.0388016747,12166.523893657195,-187500.02235174447,-187500.02235174447,-187500.02235174447,-187500.02235174447
não,2240.337698499882,-7934.154025811437,6434.195510649146,12212.233211068298,-187500.02235174447,-187500.02235174447,-187500.02235174447,-187500.02235174447
não,2356.6785283897557,-7953.801209187653,6540.075724133936,12191.334330002586,-187500.02235174447,-187500.02235174447,-187500.02235174447,-187500.02235174447
não,2604.3805604434683,-7894.569086381089,7066.4593060564175,12137.69014330985,-187500.02235174447,-187500.02235174447,-187500.02235174447,-187500.02235174447
não,2512.649001198888,-7870.853885514008,7008.255363494798,12152.397591161442,-187500.02235174447,-187500.02235174447,-187500.02235174447,-187500.02235174447
não,2259.4931434980804,-7917.703141892332,6500.893116103783,12211.473251756817,-187500.02235174447,-187500.02235174447,-187500.02235174447,-187500.02235174447
não,2290.9420479466976,-7951.878959164496,6430.105141413826,12194.620036437516,-187500.02235174447,-187500.02235174447,-187500.02235174447,-187500.02235174447
não,2556.816048242575,-7899.978208539273,6972.470220621851,12115.025474432168,-187500.02235174447,-187500.02235174447,-187500.02235174447,-187500.02235174447
não,2548.769420238664,-7869.535132591144,7077.7916404952575,12161.941786043857,-187500.02235174447,-187500.02235174447,-187500.02235174447,-187500.02235174447
não,2299.569821306446,-7900.268781217192,6601.118338241379,12215.831841925603,-187500.02235174447,-187500.02235174447,-187500.02235174447,-187500.02235174447
não,2259.694309198178,-7933.170549055404,6390.319036283378,12208.545173233173,-187500.02235174447,-187500.02235174447,-187500.02235174447,-187500.02235174447
não,2551.295167362114,-7893.764423580697,6924.726894465315,12175.911626328425,-187500.02235174447,-187500.02235174447,-187500.02235174447,-187500.02235174447
não,2561.129934922449,-7884.153173464915,7110.291076933275,12148.530739370673,-187500.02235174447,-187500.02235174447,-187500.02235174447,-187500.02235174447
não,2331.957499022186,-7908.5165749212,6703.466976102231,12213.462557013341,-187500.02235174447,-187500.02235174447,-187500.02235174447,-187500.02235174447
não,2229.1618262722286,-7945.508711994734,6352.388125942723,12233.623830512028,-187500.02235174447,-187500.02235174447,-187500.02235174447,-187500.02235174447
não,2469.621893122422,-7936.56801421261,6773.830267647537,12136.952535742825,-187500.02235174447,-187500.02235174447,-187500.02235174447,-187500.02235174447
não,2598.9267347963732,-7872.150286692416,7147.886711107101,12125.106111181512,-187500.02235174447,-187500.02235174447,-187500.02235174447,-187500.02235174447
não,2394.2741625635817,-7873.759612293198,6808.25195410871,12217.150594848466,-187500.02235174447,-187500.02235174447,-187500.02235174447,-187500.02235174447
não,2213.96264004262,-7947.989755629273,6355.584425399831,12238.27299335873,-187500.02235174447,-187500.02235174447,-187500.02235174447,-187500.02235174447
não,2432.0039072041404,-7943.05002010465,6695.643865542873,12168.60260589154,-187500.02235174447,-187500.02235174447,-187500.02235174447,-187500.02235174447
não,2593.674074849376,-7887.282417688659,7104.524326863805,12134.002105474723,-187500.02235174447,-187500.02235174447,-187500.02235174447,-187500.02235174447
não,2421.118607654406,-7887.505935133212,6853.2683674416985,12163.037021522168,-187500.02235174447,-187500.02235174447,-187500.02235174447,-187500.02235174447
não,2219.4388174341702,-7928.297868764147,6382.0935943238255,12214.088405858089,-187500.02235174447,-187500.02235174447,-187500.02235174447,-187500.02235174447
não,2385.556982226012,-7946.514540495222,6591.350625914411,12179.867885097014,-187500.02235174447,-187500.02235174447,-187500.02235174447,-187500.02235174447
não,2583.4369758888456,-7906.996656298239,7076.092907916654,12114.44432907633,-187500.02235174447,-187500.02235174447,-187500.02235174447,-187500.02235174447
não,2457.7084133277435,-7892.311560191102,6943.636470274505,12152.844626050548,-187500.02235174447,-187500.02235174447,-187500.02235174447,-187500.02235174447
não,2225.093808781363,-7939.965479369817,6437.838844995362,12206.444109254375,-187500.02235174447,-187500.02235174447,-187500.02235174447,-187500.02235174447
não,2305.895364987298,-7977.024671676716,6473.244008212568,12171.731850115282,-187500.02235174447,-187500.02235174447,-187500.02235174447,-187500.02235174447
não,2574.9209612513737,-7907.1978219983375,7026.404979992507,12122.06627393559,-187500.02235174447,-187500.02235174447,-187500.02235174447,-187500.02235174447
não,2516.918184389852,-7871.882065758952,7026.069703825678,12140.126483455479,-187500.02235174447,-187500.02235174447,-187500.02235174447,-187500.02235174447
não,2250.6195009493235,-7935.584537456577,6518.930973879215,12190.261446268732,-187500.02235174447,-187500.02235174447,-187500.02235174447,-187500.02235174447
não,2271.026643637019,-7972.800191974663,6430.105141413826,12196.31876901612,-187500.02235174447,-187500.02235174447,-187500.02235174447,-187500.02235174447
não,2553.5079900631895,-7911.668170889398,6970.2573979207755,12134.82912001957,-187500.02235174447,-187500.02235174447,-187500.02235174447,-187500.02235174447
não,2541.1251236349494,-7888.981150267262,7066.6381200120595,12128.481224594263,-187500.02235174447,-187500.02235174447,-187500.02235174447,-187500.02235174447
não,2287.7457484895886,-7940.278403792192,6596.424471905765,12176.202199006344,-187500.02235174447,-187500.02235174447,-187500.02235174447,-187500.02235174447
não,2233.4086577187372,-7977.471706565822,6361.194713258114,12193.0777660701,-187500.02235174447,-187500.02235174447,-187500.02235174447,-187500.02235174447
não,2504.0212278391396,-7939.160816569426,6867.998167037746,12126.804843760116,-187500.02235174447,-187500.02235174447,-187500.02235174447,-187500.02235174447
não,2564.482696590745,-7882.454440886312,7103.652608830048,12124.30144838112,-187500.02235174447,-187500.02235174447,-187500.02235174447,-187500.02235174447
não,2332.203368211194,-7918.016066314705,6691.218220140722,12173.564693160617,-187500.02235174447,-187500.02235174447,-187500.02235174447,-187500.02235174447
não,2200.663352091712,-7977.427003076912,6331.377486154734,12190.931998602391,-187500.02235174447,-187500.02235174447,-187500.02235174447,-187500.02235174447
não,2459.9882912621847,-7947.140389339971,6766.118915810456,12148.35192541503,-187500.02235174447,-187500.02235174447,-187500.02235174447,-187500.02235174447
não,2572.685786805843,-7898.257124216214,7116.594268869671,12121.596887302028,-187500.02235174447,-187500.02235174447,-187500.02235174447,-187500.02235174447
não,2379.522011223079,-7905.856717331018,6826.692143284338,12169.764896603216,-187500.02235174447,-187500.02235174447,-187500.02235174447,-187500.02235174447
não,2217.605974388835,-7957.690412722875,6408.1557283587135,12203.113699330534,-187500.02235174447,-187500.02235174447,-187500.02235174447,-187500.02235174447
não,2393.42479627428,-7953.95767139884,6650.180417320778,12154.45395165133,-187500.02235174447,-187500.02235174447,-187500.02235174447,-187500.02235174447
não,2577.804336286108,-7906.348455709035,7099.897515761557,12110.219849374278,-187500.02235174447,-187500.02235174447,-187500.02235174447,-187500.02235174447
não,2409.9203836822967,-7913.545717423644,6909.013618113234,12157.02440226369,-187500.02235174447,-187500.02235174447,-187500.02235174447,-187500.02235174447
não,2208.9111457957206,-7963.278348836702,6420.695056998141,12215.250696569765,-187500.02235174447,-187500.02235174447,-187500.02235174447,-187500.02235174447
não,2340.98760378213,-7965.804095960152,6548.39057307131,12174.995204805757,-187500.02235174447,-187500.02235174447,-187500.02235174447,-187500.02235174447
não,2566.4943535917228,-7913.925697079385,7043.526416245272,12115.606619788006,-187500.02235174447,-187500.02235174447,-187500.02235174447,-187500.02235174447
não,2456.7472883161654,-7900.13467075046,6955.70641228037,12134.337381641553,-187500.02235174447,-187500.02235174447,-187500.02235174447,-187500.02235174447
não,2220.7128668681225,-7946.849816662052,6455.362612648322,12196.832859138593,-187500.02235174447,-187500.02235174447,-187500.02235174447,-187500.02235174447
não,2302.654362041278,-7962.920720925417,6475.322720446911,12181.11958278651,-187500.02235174447,-187500.02235174447,-187500.02235174447,-187500.02235174447
não,2545.9307486928406,-7918.418397714901,6977.4770113798395,12134.40443687492,-187500.02235174447,-187500.02235174447,-187500.02235174447,-187500.02235174447
não,2491.0125125661507,-7910.818804600097,7016.234936265342,12140.55116660013,-187500.02235174447,-187500.02235174447,-187500.02235174447,-187500.02235174447
não,2261.4153935212366,-7940.703086936843,6551.229244617134,12200.856173140548,-187500.02235174447,-187500.02235174447,-187500.02235174447,-187500.02235174447
não,2250.3289282714045,-7978.097555410571,6392.1295275842585,12183.1759432764,-187500.02235174447,-187500.02235174447,-187500.02235174447,-187500.02235174447
não,2529.457513029279,-7938.467912491312,6931.1641968684435,12135.186747930855,-187500.02235174447,-187500.02235174447,-187500.02235174447,-187500.02235174447
não,2543.874388202952,-7899.687635861354,7082.552562064238,12139.522986355185,-187500.02235174447,-187500.02235174447,-187500.02235174447,-187500.02235174447
não,2307.214117910161,-7927.090874563561,6642.379658505876,12180.538437430674,-187500.02235174447,-187500.02235174447,-187500.02235174447,-187500.02235174447
não,2221.606936646335,-7978.678700766409,6360.032422546437,12186.08167005559,-187500.02235174447,-187500.02235174447,-187500.02235174447,-187500.02235174447
não,2490.6101811659555,-7949.9343573968845,6837.376277133975,12139.187710188355,-187500.02235174447,-187500.02235174447,-187500.02235174447,-187500.02235174447
não,2565.197952413315,-7902.056920773616,7106.938315264978,12117.417111088886,-187500.02235174447,-187500.02235174447,-187500.02235174447,-187500.02235174447
não,2347.983699796641,-7921.659400660921,6745.488255678208,12164.936919800868,-187500.02235174447,-187500.02235174447,-187500.02235174447,-187500.02235174447
não,2202.8538230483323,-7977.918741454929,6358.601910901298,12194.709443415339,-187500.02235174447,-187500.02235174447,-187500.02235174447,-187500.02235174447
não,2441.615157319922,-7963.188941858882,6737.151054996379,12136.080817709068,-187500.02235174447,-187500.02235174447,-187500.02235174447,-187500.02235174447
não,2576.5079351077006,-7902.235734729259,7111.45336764495,12105.548334783118,-187500.02235174447,-187500.02235174447,-187500.02235174447,-187500.02235174447
não,2384.439395003247,-7915.825595358086,6829.620221807983,12144.596832346539,-187500.02235174447,-187500.02235174447,-187500.02235174447,-187500.02235174447
não,2191.6779508206787,-7970.810886718141,6370.984777329538,12187.31101600063,-187500.02235174447,-187500.02235174447,-187500.02235174447,-187500.02235174447
não,2380.729005423666,-7972.442564063378,6625.302925742022,12144.529777113174,-187500.02235174447,-187500.02235174447,-187500.02235174447,-187500.02235174447
não,2571.299978649614,-7915.736188380264,7093.303751147241,12112.387968586441,-187500.02235174447,-187500.02235174447,-187500.02235174447,-187500.02235174447
não,2431.4227618483023,-7913.724531379286,6927.543214266684,12158.03023076418,-187500.02235174447,-187500.02235174447,-187500.02235174447,-187500.02235174447
não,2193.533145610469,-7959.3220900681135,6425.299516355934,12200.073862084611,-187500.02235174447,-187500.02235174447,-187500.02235174447,-187500.02235174447
não,2321.0945512169064,-7979.840991478085,6536.097113620891,12171.374222203996,-187500.02235174447,-187500.02235174447,-187500.02235174447,-187500.02235174447
não,2568.349548381513,-7916.630258158477,7074.349471849141,12100.474488791764,-187500.02235174447,-187500.02235174447,-187500.02235174447,-187500.02235174447
não,2463.944550030774,-7894.837307314552,7010.468186195873,12123.1615094139,-187500.02235174447,-187500.02235174447,-187500.02235174447,-187500.02235174447
não,2207.9723725285976,-7943.966441627317,6485.313950218434,12171.284815226176,-187500.02235174447,-187500.02235174447,-187500.02235174447,-187500.02235174447
não,2276.502821028569,-7972.286101852192,6475.1886099801795,12180.270216497209,-187500.02235174447,-187500.02235174447,-187500.02235174447,-187500.02235174447
não,2533.816103198064,-7931.002429843239,6985.322473683653,12125.284925137154,-187500.02235174447,-187500.02235174447,-187500.02235174447,-187500.02235174447
não,2510.391475008902,-7899.464118416801,7074.729451504881,12133.644477563439,-187500.02235174447,-187500.02235174447,-187500.02235174447,-187500.02235174447
não,2242.148189800762,-7936.411552001424,6572.239884405123,12184.673510154906,-187500.02235174447,-187500.02235174447,-187500.02235174447,-187500.02235174447
não,2212.2862592084716,-7972.733136741297,6398.723292198574,12164.109905256022,-187500.02235174447,-187500.02235174447,-187500.02235174447,-187500.02235174447
não,2460.949416273763,-7929.840139131563,6864.555998391628,12097.412299801386,-187500.02235174447,-187500.02235174447,-187500.02235174447,-187500.02235174447
não,2516.292335545103,-7888.2435427002365,7082.776079508792,12133.063332207601,-187500.02235174447,-187500.02235174447,-187500.02235174447,-187500.02235174447
não,2296.373521849337,-7919.871261104497,6681.003472924647,12194.195353292866,-187500.02235174447,-187500.02235174447,-187500.02235174447,-187500.02235174447
não,2197.1988317011396,-7975.370642587023,6363.206370259091,12197.324597516608,-187500.02235174447,-187500.02235174447,-187500.02235174447,-187500.02235174447
não,2454.310948170537,-7946.738057939775,6815.605678034506,12134.940878741847,-187500.02235174447,-187500.02235174447,-187500.02235174447,-187500.02235174447
não,2546.780114982142,-7886.813031055097,7118.874146804113,12124.346151870031,-187500.02235174447,-187500.02235174447,-187500.02235174447,-187500.02235174447
não,2346.7320021071437,-7905.90142081993,6777.451250249297,12170.949539059346,-187500.02235174447,-187500.02235174447,-187500.02235174447,-187500.02235174447
não,2184.704206550623,-7962.473686036312,6359.898312079706,12194.731795159792,-187500.02235174447,-187500.02235174447,-187500.02235174447,-187500.02235174447
não,2400.890278922353,-7946.693354450865,6702.841127257482,12137.198404931833,-187500.02235174447,-187500.02235174447,-187500.02235174447,-187500.02235174447
não,2556.234902886737,-7892.89270554694,7111.632181600593,12125.843718748536,-187500.02235174447,-187500.02235174447,-187500.02235174447,-187500.02235174447
não,2383.4559182472135,-7897.653627115921,6864.31012920262,12173.475286182796,-187500.02235174447,-187500.02235174447,-187500.02235174447,-187500.02235174447
não,2182.9384187386536,-7944.636993960977,6399.215030576591,12214.736606447294,-187500.02235174447,-187500.02235174447,-187500.02235174447,-187500.02235174447
não,2358.7795923685544,-7956.326956311102,6618.865623338893,12175.732812372782,-187500.02235174447,-187500.02235174447,-187500.02235174447,-187500.02235174447
não,2564.2815308906474,-7899.41941492789,7099.383425639085,12143.367486401497,-187500.02235174447,-187500.02235174447,-187500.02235174447,-187500.02235174447
não,2434.104971182939,-7889.1823159673595,6957.271034392243,12168.177922746889,-187500.02235174447,-187500.02235174447,-187500.02235174447,-187500.02235174447
não,2201.0656834919077,-7940.0772380920935,6459.274167928001,12208.120490088522,-187500.02235174447,-187500.02235174447,-187500.02235174447,-187500.02235174447
não,2303.4143213527586,-7957.131619111493,6522.998991370081,12182.371280476009,-187500.02235174447,-187500.02235174447,-187500.02235174447,-187500.02235174447
não,2550.5575597950888,-7898.033606771662,7046.879177913568,12132.348076385031,-187500.02235174447,-187500.02235174447,-187500.02235174447,-187500.02235174447
não,2470.1583349893494,-7885.7177955767875,7015.832604865147,12143.725114312783,-187500.02235174447,-187500.02235174447,-187500.02235174447,-187500.02235174447
não,2222.9480413136534,-7924.609830929021,6529.905680406771,12206.377054021008,-187500.02235174447,-187500.02235174447,-187500.02235174447,-187500.02235174447
não,2251.2229980496168,-7957.511598767233,6444.857292754328,12204.678321442405,-187500.02235174447,-187500.02235174447,-187500.02235174447,-187500.02235174447
não,2528.652850228888,-7911.668170889398,6986.931799284434,12156.487960396762,-187500.02235174447,-187500.02235174447,-187500.02235174447,-187500.02235174447
não,2513.4089605103686,-7875.659510571899,7085.234771398875,12165.451009923341,-187500.02235174447,-187500.02235174447,-187500.02235174447,-187500.02235174447
não,2277.4192425512365,-7913.098682534538,6639.630393937874,12210.93680988989,-187500.02235174447,-187500.02235174447,-187500.02235174447,-187500.02235174447
não,2239.667146166223,-7955.566996999622,6439.22465315159,12210.310961045143,-187500.02235174447,-187500.02235174447,-187500.02235174447,-187500.02235174447
não,2486.586867164,-7922.061732061116,6888.6064754255385,12147.256689936721,-187500.02235174447,-187500.02235174447,-187500.02235174447,-187500.02235174447
não,2547.2495016157036,-7876.687690816843,7131.748751610369,12139.59004158855,-187500.02235174447,-187500.02235174447,-187500.02235174447,-187500.02235174447
não,2298.40753059477,-7903.353321952024,6697.968446966225,12203.739548175281,-187500.02235174447,-187500.02235174447,-187500.02235174447,-187500.02235174447
não,2202.406788159226,-7952.393049286968,6390.7213676835745,12228.147653120477,-187500.02235174447,-187500.02235174447,-187500.02235174447,-187500.02235174447
não,2442.397468375858,-7932.812921144119,6780.871067150959,12171.530684415184,-187500.02235174447,-187500.02235174447,-187500.02235174447,-187500.02235174447
não,2561.129934922449,-7880.934522263351,7115.253164202352,12146.966117258802,-187500.02235174447,-187500.02235174447,-187500.02235174447,-187500.02235174447
não,2369.03904307354,-7894.3455689365355,6810.822404721071,12192.898952114458,-187500.02235174447,-187500.02235174447,-187500.02235174447,-187500.02235174447
não,2191.4320816316704,-7948.548549240655,6385.982797859049,12222.246792584276,-187500.02235174447,-187500.02235174447,-187500.02235174447,-187500.02235174447
não,2395.9728951421853,-7944.167607327415,6697.052025443558,12166.45683842383,-187500.02235174447,-187500.02235174447,-187500.02235174447,-187500.02235174447
não,2564.616807057477,-7887.483583388756,7118.248297959363,12132.482186851763,-187500.02235174447,-187500.02235174447,-187500.02235174447,-187500.02235174447
não,2411.9320406832744,-7886.790679310642,6905.951429122857,12183.846495610058,-187500.02235174447,-187500.02235174447,-187500.02235174447,-187500.02235174447
não,2202.965581770609,-7936.702124679342,6431.17802514768,12235.94841193538,-187500.02235174447,-187500.02235174447,-187500.02235174447,-187500.02235174447
não,2354.5551126665014,-7949.532025996688,6603.733492342651,12189.501486957251,-187500.02235174447,-187500.02235174447,-187500.02235174447,-187500.02235174447
não,2570.2494466602143,-7892.423318913379,7094.264876158819,12141.758160800715,-187500.02235174447,-187500.02235174447,-187500.02235174447,-187500.02235174447
não,2450.9358347577854,-7878.408775139902,6982.9978922603,12170.03311753668,-187500.02235174447,-187500.02235174447,-187500.02235174447,-187500.02235174447
não,2210.6769336076895,-7927.359095497024,6491.2148107546345,12227.722969975826,-187500.02235174447,-187500.02235174447,-187500.02235174447,-187500.02235174447
não,2294.0042369370744,-7953.510636509734,6511.689008675696,12206.801737165659,-187500.02235174447,-187500.02235174447,-187500.02235174447,-187500.02235174447
não,2551.1834086398376,-7901.855755073519,7032.618764951082,12149.31305042661,-187500.02235174447,-187500.02235174447,-187500.02235174447,-187500.02235174447
não,2495.728730646221,-7874.944254749329,7043.2805470562635,12168.915530313914,-187500.02235174447,-187500.02235174447,-187500.02235174447,-187500.02235174447
não,2258.330852786404,-7914.32802847958,6570.898779737804,12227.767673464738,-187500.02235174447,-187500.02235174447,-187500.02235174447,-187500.02235174447
não,2262.868256910832,-7955.142313854971,6447.494798600054,12222.447958284374,-187500.02235174447,-187500.02235174447,-187500.02235174447,-187500.02235174447
não,2529.5022165181895,-7913.344551723547,6964.5577030846725,12159.617204620507,-187500.02235174447,-187500.02235174447,-187500.02235174447,-187500.02235174447
não,2525.009515882673,-7874.117240204483,7087.849925500146,12164.959271545324,-187500.02235174447,-187500.02235174447,-187500.02235174447,-187500.02235174447
não,2291.143213646795,-7899.821746328086,6653.779048178083,12227.924135675925,-187500.02235174447,-187500.02235174447,-187500.02235174447,-187500.02235174447
não,2225.093808781363,-7949.912005652429,6395.236420063547,12234.942583434891,-187500.02235174447,-187500.02235174447,-187500.02235174447,-187500.02235174447
não,2491.0348643106063,-7919.714798893309,6874.480172929785,12173.184713504877,-187500.02235174447,-187500.02235174447,-187500.02235174447,-187500.02235174447
não,2554.3126528635803,-7874.117240204483,7122.919812550523,12164.132257000478,-187500.02235174447,-187500.02235174447,-187500.02235174447,-187500.02235174447
não,2335.846702557409,-7894.636141614455,6752.663165648361,12211.674417456916,-187500.02235174447,-187500.02235174447,-187500.02235174447,-187500.02235174447
não,2203.6808375931787,-7947.654479462443,6383.725271669063,12235.031990412712,-187500.02235174447,-187500.02235174447,-187500.02235174447,-187500.02235174447
não,2445.7055265552435,-7931.784740899175,6778.0770990940455,12178.929111829892,-187500.02235174447,-187500.02235174447,-187500.02235174447,-187500.02235174447
não,2590.5001271367228,-7873.737260548743,7166.282196793819,12159.348983687041,-187500.02235174447,-187500.02235174447,-187500.02235174447,-187500.02235174447
não,2384.2158775586936,-7883.460269386801,6845.042925482146,12207.56169647714,-187500.02235174447,-187500.02235174447,-187500.02235174447,-187500.02235174447
não,2212.5991836308463,-7938.490264235767,6417.878737196772,12237.445978813885,-187500.02235174447,-187500.02235174447,-187500.02235174447,-187500.02235174447
não,2388.0827293494617,-7939.160816569426,6668.173571607301,12196.631693438494,-187500.02235174447,-187500.02235174447,-187500.02235174447,-187500.02235174447
não,2565.6002838135105,-7885.5613333656,7094.197820925453,12160.421867420897,-187500.02235174447,-187500.02235174447,-187500.02235174447,-187500.02235174447
não,2430.7075060257325,-7880.286321674147,6923.60930724255,12195.60351319355,-187500.02235174447,-187500.02235174447,-187500.02235174447,-187500.02235174447
não,2210.7216370966003,-7932.097665321549,6441.862158997316,12242.27395561623,-187500.02235174447,-187500.02235174447,-187500.02235174447,-187500.02235174447
não,2342.306356704993,-7949.196749829859,6573.893913494816,12206.578219721107,-187500.02235174447,-187500.02235174447,-187500.02235174447,-187500.02235174447
não,2575.457403118301,-7893.987941025251,7083.066652186711,12160.086591254067,-187500.02235174447,-187500.02235174447,-187500.02235174447,-187500.02235174447
não,2481.8706490839304,-7876.821801283575,7006.154299515999,12181.03017580869,-187500.02235174447,-187500.02235174447,-187500.02235174447,-187500.02235174447
não,2240.6282711778013,-7921.3464762385465,6510.19144179719,12229.444054298885,-187500.02235174447,-187500.02235174447,-187500.02235174447,-187500.02235174447
não,2299.9050974732754,-7949.844950419063,6489.516078176031,12211.205030823354,-187500.02235174447,-187500.02235174447,-187500.02235174447,-187500.02235174447
não,2562.2475221452146,-7902.280438218169,7021.644058423527,12153.202253961832,-187500.02235174447,-187500.02235174447,-187500.02235174447,-187500.02235174447
não,2518.840434413008,-7871.971472736773,7067.643948512548,12175.755164117238,-187500.02235174447,-187500.02235174447,-187500.02235174447,-187500.02235174447
não,2277.8439256958873,-7910.416473199902,6597.49735563962,12231.120435133033,-187500.02235174447,-187500.02235174447,-187500.02235174447,-187500.02235174447
não,2260.409565020748,-7952.325994053602,6431.356839103322,12228.102949631566,-187500.02235174447,-187500.02235174447,-187500.02235174447,-187500.02235174447
não,2526.663544972366,-7909.589458655055,6945.178740641921,12166.590948890562,-187500.02235174447,-187500.02235174447,-187500.02235174447,-187500.02235174447
não,2541.683917246332,-7867.635234312444,7107.474757131906,12165.339251201065,-187500.02235174447,-187500.02235174447,-187500.02235174447,-187500.02235174447
não,2309.181071422228,-7898.972380038784,6682.031653169591,12216.502394259262,-187500.02235174447,-187500.02235174447,-187500.02235174447,-187500.02235174447
não,2222.836282591377,-7951.566034742122,6389.983760116549,12228.70644673186,-187500.02235174447,-187500.02235174447,-187500.02235174447,-187500.02235174447
não,2487.659750897855,-7924.363961740013,6853.111905230511,12169.273158225198,-187500.02235174447,-187500.02235174447,-187500.02235174447,-187500.02235174447
não,2571.322330394069,-7872.8655425149855,7133.089856277687,12155.63859410746,-187500.02235174447,-187500.02235174447,-187500.02235174447,-187500.02235174447
não,2363.8981418488197,-7889.1823159673595,6784.536753241629,12208.455766255353,-187500.02235174447,-187500.02235174447,-187500.02235174447,-187500.02235174447
não,2214.7896545874664,-7943.675868949398,6390.341388027834,12237.915365447447,-187500.02235174447,-187500.02235174447,-187500.02235174447,-187500.02235174447
não,2442.5092270981345,-7934.869281634007,6751.031488303124,12181.723079886804,-187500.02235174447,-187500.02235174447,-187500.02235174447,-187500.02235174447
não,2582.520554366178,-7878.811106540097,7133.313373722241,12155.504483640729,-187500.02235174447,-187500.02235174447,-187500.02235174447,-187500.02235174447
não,2406.880546436375,-7885.002539754217,6869.875713571992,12197.257542283243,-187500.02235174447,-187500.02235174447,-187500.02235174447,-187500.02235174447
não,2210.051084762941,-7936.411552001424,6410.502661526521,12237.267164858242,-187500.02235174447,-187500.02235174447,-187500.02235174447,-187500.02235174447
não,2385.892258392842,-7941.172473570404,6646.760600419117,12187.623940423005,-187500.02235174447,-187500.02235174447,-187500.02235174447,-187500.02235174447
não,2581.8052985436084,-7882.387385652946,7112.16862346752,12151.905852783424,-187500.02235174447,-187500.02235174447,-187500.02235174447,-187500.02235174447
não,2448.119514956417,-7875.525400105167,6953.918272723946,12192.451917225351,-187500.02235174447,-187500.02235174447,-187500.02235174447,-187500.02235174447
não,2240.114181055329,-7925.839176874063,6492.310046232945,12239.167063136943,-187500.02235174447,-187500.02235174447,-187500.02235174447,-187500.02235174447
não,2337.500731647102,-7943.854682905041,6572.2175326606675,12206.801737165659,-187500.02235174447,-187500.02235174447,-187500.02235174447,-187500.02235174447
não,2571.9928827277286,-7892.311560191102,7072.002538681333,12157.180864474878,-187500.02235174447,-187500.02235174447,-187500.02235174447,-187500.02235174447
não,2489.0455590540837,-7868.194027923826,7034.496311485328,12179.912588585925,-187500.02235174447,-187500.02235174447,-187500.02235174447,-187500.02235174447
não,2234.7274106416003,-7917.837252359063,6506.592810939886,12232.886222945002,-187500.02235174447,-187500.02235174447,-187500.02235174447,-187500.02235174447
não,2284.370635076837,-7951.09664810856,6467.544313376465,12218.089368115589,-187500.02235174447,-187500.02235174447,-187500.02235174447,-187500.02235174447
não,2550.0211179281614,-7900.961685295307,7005.2378779933315,12160.533626143173,-187500.02235174447,-187500.02235174447,-187500.02235174447,-187500.02235174447
$SILENCE,2525.8365304275194,-7868.909283746396,7080.049166685244,12173.050603038146,-187500.02235174447,-187500.02235174447,-187500.02235174447,-187500.02235174447
$SILENCE,2285.398815321781,-7906.303752220125,6618.798568105527,12227.70061823137,-187500.02235174447,-187500.02235174447,-187500.02235174447,-187500.02235174447
$SILENCE,2244.2045502906503,-7949.353212041046,6418.482234297066,12230.114606632544,-187500.02235174447,-187500.02235174447,-187500.02235174447,-187500.02235174447
$SILENCE,2509.720922675243,-7911.0199703001945,6923.676362475916,12170.614262892517,-187500.02235174447,-187500.02235174447,-187500.02235174447,-187500.02235174447
$SILENCE,2551.8539609734967,-7864.9977284667175,7117.711856092436,12166.255672723732,-187500.02235174447,-187500.02235174447,-187500.02235174447,-187500.02235174447
$SILENCE,2326.146045463806,-7892.602132869021,6708.0490837155685,12210.266257556232,-187500.02235174447,-187500.02235174447,-187500.02235174447,-187500.02235174447
$SILENCE,2218.0306575334857,-7945.866339906019,6385.200486803114,12231.23219385531,-187500.02235174447,-187500.02235174447,-187500.02235174447,-187500.02235174447
$SILENCE,2477.8920385708857,-7919.04424655965,6827.608564807006,12178.705594385337,-187500.02235174447,-187500.02235174447,-187500.02235174447,-187500.02235174447
$SILENCE,2570.4282606158567,-7866.718812789776,7136.867301090634,12164.199312233844,-187500.02235174447,-187500.02235174447,-187500.02235174447,-187500.02235174447
$SILENCE,2372.3918047418365,-7881.4933158747335,6810.4200733208745,12217.195298337378,-187500.02235174447,-187500.02235174447,-187500.02235174447,-187500.02235174447
$SILENCE,2209.0005527735416,-7938.423209002401,6393.224763062569,12241.111664904556,-187500.02235174447,-187500.02235174447,-187500.02235174447,-187500.02235174447
$SILENCE,2422.14678789935,-7930.868319376507,6723.494139134185,12187.690995656372,-187500.02235174447,-187500.02235174447,-187500.02235174447,-187500.02235174447
$SILENCE,2580.4641938762898,-7870.831533769552,7133.64864988907,12160.60068137654,-187500.02235174447,-187500.02235174447,-187500.02235174447,-187500.02235174447
$SILENCE,2414.5024912956346,-7872.887894259441,6896.496641218262,12204.36539702003,-187500.02235174447,-187500.02235174447,-187500.02235174447,-187500.02235174447
$SILENCE,2210.386360929771,-7927.4708542193,6422.393789576744,12246.94547020739,-187500.02235174447,-187500.02235174447,-187500.02235174447,-187500.02235174447
$SILENCE,2368.0332145730513,-7937.350325268546,6620.385541961854,12205.661798198438,-187500.02235174447,-187500.02235174447,-187500.02235174447,-187500.02235174447
$SILENCE,2576.9549699968065,-7880.129859462961,7102.5573733517385,12159.527797642684,-187500.02235174447,-187500.02235174447,-187500.02235174447,-187500.02235174447
$SILENCE,2458.20015170576,-7871.859714014497,6972.6043310885825,12189.613245679528,-187500.02235174447,-187500.02235174447,-187500.02235174447,-187500.02235174447
$SILENCE,2225.674954137201,-7921.435883216368,6476.820287325417,12236.060170657656,-187500.02235174447,-187500.02235174447,-187500.02235174447,-187500.02235174447
$SILENCE,2322.3015454174933,-7943.675868949398,6530.263308318056,12205.572391220618,-187500.02235174447,-187500.02235174447,-187500.02235174447,-187500.02235174447
$SILENCE,2573.7586705396975,-7888.176487466871,7057.473904785384,12154.900986540437,-187500.02235174447,-187500.02235174447,-187500.02235174447,-187500.02235174447
$SILENCE,2506.725788918232,-7866.160019178394,7043.0123261228,12177.610358907028,-187500.02235174447,-187500.02235174447,-187500.02235174447,-187500.02235174447
$SILENCE,2265.5951697343794,-7908.673037132387,6556.794828986505,12232.282725844709,-187500.02235174447,-187500.02235174447,-187500.02235174447,-187500.02235174447
$SILENCE,2282.2248676091276,-7947.162741084426,6459.743554561563,12224.012580396246,-187500.02235174447,-187500.02235174447,-187500.02235174447,-187500.02235174447
$SILENCE,2545.483713803734,-7902.123976006982,6991.715072597871,12168.714364613816,-187500.02235174447,-187500.02235174447,-187500.02235174447,-187500.02235174447
$SILENCE,2536.051277643595,-7865.489466844734,7100.456309372939,12173.899969327447,-187500.02235174447,-187500.02235174447,-187500.02235174447,-187500.02235174447
$SILENCE,2298.6086962948675,-7895.999598026228,6649.442809753753,12224.41491179644,-187500.02235174447,-187500.02235174447,-187500.02235174447,-187500.02235174447
$SILENCE,2241.678803167201,-7941.865377648518,6411.240269093546,12227.387693808996,-187500.02235174447,-187500.02235174447,-187500.02235174447,-187500.02235174447
$SILENCE,2508.111597074461,-7907.644856887443,6899.961161608835,12165.249844223243,-187500.02235174447,-187500.02235174447,-187500.02235174447,-187500.02235174447
$SILENCE,2562.5380948231336,-7861.108524931494,7124.417379429028,12158.477265653286,-187500.02235174447,-187500.02235174447,-187500.02235174447,-187500.02235174447
$SILENCE,2343.647461372311,-7886.790679310642,6741.822569587537,12211.719120945827,-187500.02235174447,-187500.02235174447,-187500.02235174447,-187500.02235174447
$SILENCE,2222.188082002173,-7941.552453226144,6395.705806697108,12237.669496258439,-187500.02235174447,-187500.02235174447,-187500.02235174447,-187500.02235174447
$SILENCE,2470.3818524339026,-7918.798377370642,6806.463814552286,12177.36448971802,-187500.02235174447,-187500.02235174447,-187500.02235174447,-187500.02235174447
$SILENCE,2588.2873044356475,-7866.584702323044,7142.455237204461,12159.036059264668,-187500.02235174447,-187500.02235174447,-187500.02235174447,-187500.02235174447
$SILENCE,2394.721197452688,-7878.185257695349,6838.471512612286,12207.98637962179,-187500.02235174447,-187500.02235174447,-187500.02235174447,-187500.02235174447
$SILENCE,2218.0306575334857,-7930.756560654231,6406.971085902583,12240.955202693369,-187500.02235174447,-187500.02235174447,-187500.02235174447,-187500.02235174447
$SILENCE,2421.7444564991542,-7928.655496675432,6704.361045880443,12187.154553789444,-187500.02235174447,-187500.02235174447,-187500.02235174447,-187500.02235174447
$SILENCE,2597.1609469844043,-7873.1561151929045,7136.330859223707,12153.671640595394,-187500.02235174447,-187500.02235174447,-187500.02235174447,-187500.02235174447
$SILENCE,2443.1797794317936,-7873.692557059831,6928.437284044896,12188.450954967851,-187500.02235174447,-187500.02235174447,-187500.02235174447,-187500.02235174447
$SILENCE,2227.8207216049104,-7925.012162329217,6448.366516633811,12238.831786970113,-187500.02235174447,-187500.02235174447,-187500.02235174447,-187500.02235174447
$SILENCE,2372.4812117196575,-7939.652554947443,6603.688788853739,12196.98932134978,-187500.02235174447,-187500.02235174447,-187500.02235174447,-187500.02235174447
$SILENCE,2593.048226004628,-7883.057937986606,7099.294018661263,12149.424809148886,-187500.02235174447,-187500.02235174447,-187500.02235174447,-187500.02235174447
$SILENCE,2486.8103846085532,-7867.635234312444,7002.667427380971,12178.415021707418,-187500.02235174447,-187500.02235174447,-187500.02235174447,-187500.02235174447
$SILENCE,2252.050012594463,-7914.0151040572055,6509.297372018978,12233.154443878466,-187500.02235174447,-187500.02235174447,-187500.02235174447,-187500.02235174447
$SILENCE,2323.3297256624373,-7942.155950326437,6519.020380857037,12209.215725566832,-187500.02235174447,-187500.02235174447,-187500.02235174447,-187500.02235174447
$SILENCE,2581.2018014433147,-7890.098737490027,7049.717849459393,12152.97873651728,-187500.02235174447,-187500.02235174447,-187500.02235174447,-187500.02235174447
$SILENCE,2529.233995584726,-7863.924844732863,7066.682823500971,12173.631748393984,-187500.02235174447,-187500.02235174447,-187500.02235174447,-187500.02235174447
$SILENCE,2285.667036255245,-7902.861583574007,6584.175715944257,12225.979533908312,-187500.02235174447,-187500.02235174447,-187500.02235174447,-187500.02235174447
$SILENCE,2285.599981021879,-7945.2404910612695,6447.450095111143,12218.983437893801,-187500.02235174447,-187500.02235174447,-187500.02235174447,-187500.02235174447
$SILENCE,2558.715946521276,-7901.2746097176805,6974.772450300748,12160.935957543368,-187500.02235174447,-187500.02235174447,-187500.02235174447,-187500.02235174447
$SILENCE,2565.8238012580637,-7862.561388321089,7113.845004301668,12167.395611690952,-187500.02235174447,-187500.02235174447,-187500.02235174447,-187500.02235174447
$SILENCE,2330.9069670327863,-7892.602132869021,6675.594350766462,12218.245830326776,-187500.02235174447,-187500.02235174447,-187500.02235174447,-187500.02235174447
$SILENCE,2254.9110358847424,-7941.373639270501,6410.279144081967,12230.51693803274,-187500.02235174447,-187500.02235174447,-187500.02235174447,-187500.02235174447
$SILENCE,2523.5119490041675,-7910.438824944356,6888.293551003165,12173.274120482698,-187500.02235174447,-187500.02235174447,-187500.02235174447,-187500.02235174447
$SILENCE,2592.2659149486917,-7862.22611215426,7144.489245949894,12164.35577444503,-187500.02235174447,-187500.02235174447,-187500.02235174447,-187500.02235174447
$SILENCE,2372.0565285750067,-7883.259103686703,6775.0819653370345,12212.568487235128,-187500.02235174447,-187500.02235174447,-187500.02235174447,-187500.02235174447
$SILENCE,2235.733239142089,-7939.026706102694,6400.377321288267,12235.657839257461,-187500.02235174447,-187500.02235174447,-187500.02235174447,-187500.02235174447
$SILENCE,2476.7744513481202,-7925.727418151787,6786.280189309143,12179.107925785533,-187500.02235174447,-187500.02235174447,-187500.02235174447,-187500.02235174447
$SILENCE,2607.129825011471,-7872.552618092611,7147.976118084922,12154.185730717867,-187500.02235174447,-187500.02235174447,-187500.02235174447,-187500.02235174447
$SILENCE,2423.2196716332046,-7881.716833319287,6864.064260013612,12197.570466705618,-187500.02235174447,-187500.02235174447,-187500.02235174447,-187500.02235174447
$SILENCE,2230.0335443059857,-7939.205520058337,6411.486138282555,12228.997019409779,-187500.02235174447,-187500.02235174447,-187500.02235174447,-187500.02235174447
$SILENCE,2421.2750698655927,-7942.580633471088,6677.136621133879,12175.531646672684,-187500.02235174447,-187500.02235174447,-187500.02235174447,-187500.02235174447
$SILENCE,2614.170624514893,-7885.60603685451,7130.050019031766,12139.634745077461,-187500.02235174447,-187500.02235174447,-187500.02235174447,-187500.02235174447
$SILENCE,2478.2943699710813,-7880.532190863156,6948.397391843485,12181.499562442252,-187500.02235174447,-187500.02235174447,-187500.02235174447,-187500.02235174447
$SILENCE,2259.180219075706,-7932.120017066004,6460.1011824728475,12225.241926341287,-187500.02235174447,-187500.02235174447,-187500.02235174447,-187500.02235174447
$SILENCE,2388.6638747053,-7950.068467863616,6584.44393687772,12189.054452068145,-187500.02235174447,-187500.02235174447,-187500.02235174447,-187500.02235174447
$SILENCE,2623.8489298640407,-7892.669188102387,7098.668169816515,12147.077875981078,-187500.02235174447,-187500.02235174447,-187500.02235174447,-187500.02235174447
$SILENCE,2527.3117455615698,-7873.826667526564,7029.4224654939735,12174.83874259457,-187500.02235174447,-187500.02235174447,-187500.02235174447,-187500.02235174447
$SILENCE,2279.565010018946,-7919.1783570263815,6530.978564140626,12228.929964176414,-187500.02235174447,-187500.02235174447,-187500.02235174447,-187500.02235174447
$SILENCE,2322.122731461851,-7948.570900985111,6502.033055071003,12212.143804090478,-187500.02235174447,-187500.02235174447,-187500.02235174447,-187500.02235174447
$SILENCE,2583.5040311222115,-7895.1725834813815,7040.799503421725,12153.716344084305,-187500.02235174447,-187500.02235174447,-187500.02235174447,-187500.02235174447
$SILENCE,2547.6741847603544,-7867.098792445517,7086.911152233023,12171.821257093103,-187500.02235174447,-187500.02235174447,-187500.02235174447,-187500.02235174447
$SILENCE,2297.5134608165577,-7901.9228103068845,6610.617829634885,12228.058246142657,-187500.02235174447,-187500.02235174447,-187500.02235174447,-187500.02235174447
$SILENCE,2275.273475083527,-7945.464008505823,6441.236310152568,12227.745321720282,-187500.02235174447,-187500.02235174447,-187500.02235174447,-187500.02235174447
$SILENCE,2550.848132473008,-7904.962647552807,6961.9201972389465,12161.762972088216,-187500.02235174447,-187500.02235174447,-187500.02235174447,-187500.02235174447
$SILENCE,2575.256237418203,-7863.2319406547485,7134.989754556389,12164.534588400673,-187500.02235174447,-187500.02235174447,-187500.02235174447,-187500.02235174447
$SILENCE,2343.8486270724093,-7893.317388691591,6708.3396563934875,12218.446996026874,-187500.02235174447,-187500.02235174447,-187500.02235174447,-187500.02235174447
$SILENCE,2253.5922829618794,-7945.396953272457,6406.836975435851,12230.718103732837,-187500.02235174447,-187500.02235174447,-187500.02235174447,-187500.02235174447
$SILENCE,2523.6684112153544,-7918.776025626186,6866.858228070525,12165.451009923341,-187500.02235174447,-187500.02235174447,-187500.02235174447,-187500.02235174447
$SILENCE,2611.555470413622,-7867.41171686789,7154.256958276864,12152.732867328272,-187500.02235174447,-187500.02235174447,-187500.02235174447,-187500.02235174447
$SILENCE,2394.3859212858583,-7885.538981621145,6793.946837657313,12203.806603408648,-187500.02235174447,-187500.02235174447,-187500.02235174447,-187500.02235174447
$SILENCE,2240.8070851334437,-7940.3678107700125,6389.760242671996,12232.908574689458,-187500.02235174447,-187500.02235174447,-187500.02235174447,-187500.02235174447
$SILENCE,2476.6626926258436,-7928.677848419888,6760.218055274255,12178.951463574347,-187500.02235174447,-187500.02235174447,-187500.02235174447,-187500.02235174447
$SILENCE,2622.999563574739,-7868.08226920155,7160.023708346333,12155.236262707265,-187500.02235174447,-187500.02235174447,-187500.02235174447,-187500.02235174447
$SILENCE,2442.241006164671,-7874.899551260419,6892.853306872047,12193.189524792377,-187500.02235174447,-187500.02235174447,-187500.02235174447,-187500.02235174447
$SILENCE,2238.9071868547426,-7931.740037410264,6416.60468776282,12230.047551399179,-187500.02235174447,-187500.02235174447,-187500.02235174447,-187500.02235174447
$SILENCE,2421.9903256881626,-7937.015049101717,6655.03074586758,12182.773611876204,-187500.02235174447,-187500.02235174447,-187500.02235174447,-187500.02235174447
$SILENCE,2629.034534577672,-7876.933560005851,7139.013068558344,12143.278079423677,-187500.02235174447,-187500.02235174447,-187500.02235174447,-187500.02235174447
$SILENCE,2487.860916597953,-7872.686728559343,6974.437174133918,12181.320748486609,-187500.02235174447,-187500.02235174447,-187500.02235174447,-187500.02235174447
$SILENCE,2248.406678248248,-7923.291078006158,6470.092412244369,12231.835690955602,-187500.02235174447,-187500.02235174447,-187500.02235174447,-187500.02235174447
$SILENCE,2364.5910459269344,-7942.111246837527,6559.3652795988655,12195.379995748997,-187500.02235174447,-187500.02235174447,-187500.02235174447,-187500.02235174447
$SILENCE,2620.3397059845574,-7883.616731597988,7094.466041858917,12144.797998046637,-187500.02235174447,-187500.02235174447,-187500.02235174447,-187500.02235174447
$SILENCE,2536.1183328769607,-7864.394231366424,7051.595395993638,12173.229416993789,-187500.02235174447,-187500.02235174447,-187500.02235174447,-187500.02235174447
$SILENCE,2286.4493473111806,-7912.338723223058,6545.887177692316,12227.387693808996,-187500.02235174447,-187500.02235174447,-187500.02235174447,-187500.02235174447
$SILENCE,2324.335554162926,-7947.5874242290765,6478.228447226102,12204.857135398048,-187500.02235174447,-187500.02235174447,-187500.02235174447,-187500.02235174447
$SILENCE,2596.780967328664,-7895.351397437024,7027.455511981906,12149.022477748691,-187500.02235174447,-187500.02235174447,-187500.02235174447,-187500.02235174447
$SILENCE,2574.228057173259,-7863.567216821578,7109.955800766445,12168.69201286936,-187500.02235174447,-187500.02235174447,-187500.02235174447,-187500.02235174447
$SILENCE,2324.5143681185687,-7902.772176596186,6633.371905490388,12227.879432187014,-187500.02235174447,-187500.02235174447,-187500.02235174447,-187500.02235174447
$SILENCE,2278.894457685287,-7947.877996906996,6419.108083141814,12225.13016761901,-187500.02235174447,-187500.02235174447,-187500.02235174447,-187500.02235174447
$SILENCE,2558.8947604769182,-7908.762444110209,6939.680211505915,12159.326631942587,-187500.02235174447,-187500.02235174447,-187500.02235174447,-187500.02235174447
$SILENCE,2605.2746302216806,-7864.930673233352,7145.606833172659,12154.275137695688,-187500.02235174447,-187500.02235174447,-187500.02235174447,-187500.02235174447
$SILENCE,2371.1177553078837,-7892.736243335753,6728.456226403264,12211.65206571246,-187500.02235174447,-187500.02235174447,-187500.02235174447,-187500.02235174447
$SILENCE,2259.4484400091696,-7943.1841305713815,6396.510469497499,12235.859004957558,-187500.02235174447,-187500.02235174447,-187500.02235174447,-187500.02235174447
$SILENCE,2517.1193500899494,-7917.904307592429,6842.383067891964,12167.037983779668,-187500.02235174447,-187500.02235174447,-187500.02235174447,-187500.02235174447
$SILENCE,2621.8819763519737,-7865.109487188994,7162.817676403246,12151.816445805604,-187500.02235174447,-187500.02235174447,-187500.02235174447,-187500.02235174447
$SILENCE,2412.960220928219,-7880.711004818798,6823.875823482969,12206.913495887935,-187500.02235174447,-187500.02235174447,-187500.02235174447,-187500.02235174447
$SILENCE,2241.343527000371,-7936.858586890529,6395.191716574635,12233.936754934402,-187500.02235174447,-187500.02235174447,-187500.02235174447,-187500.02235174447
$SILENCE,2464.9056750423524,-7928.767255397708,6737.508682907664,12178.415021707418,-187500.02235174447,-187500.02235174447,-187500.02235174447,-187500.02235174447
$SILENCE,2633.326069513091,-7870.429202369357,7164.4270020040285,12149.156588215423,-187500.02235174447,-187500.02235174447,-187500.02235174447,-187500.02235174447
$SILENCE,2464.8609715534417,-7875.279530916158,6922.201147341865,12195.178830048899,-187500.02235174447,-187500.02235174447,-187500.02235174447,-187500.02235174447
$SILENCE,2250.3512800158596,-7931.069485076605,6434.262565882513,12242.117493405045,-187500.02235174447,-187500.02235174447,-187500.02235174447,-187500.02235174447
$SILENCE,2412.5131860391125,-7938.937299124873,6636.992888092147,12195.290588771175,-187500.02235174447,-187500.02235174447,-187500.02235174447,-187500.02235174447
$SILENCE,2630.487397967267,-7876.08419371655,7136.822597601724,12152.844626050548,-187500.02235174447,-187500.02235174447,-187500.02235174447,-187500.02235174447
$SILENCE,2508.849204641486,-7867.679937801354,7000.00756979079,12183.421812465407,-187500.02235174447,-187500.02235174447,-187500.02235174447,-187500.02235174447
$SILENCE,2268.21032383565,-7918.5301564371775,6484.308121717945,12234.875528201525,-187500.02235174447,-187500.02235174447,-187500.02235174447,-187500.02235174447
$SILENCE,2360.1877522692384,-7946.112209095027,6531.872633918838,12205.661798198438,-187500.02235174447,-187500.02235174447,-187500.02235174447,-187500.02235174447
$SILENCE,2618.909194339418,-7888.7129293337985,7082.016120197311,12158.991355775757,-187500.02235174447,-187500.02235174447,-187500.02235174447,-187500.02235174447
$SILENCE,2548.165923138371,-7861.197931909315,7074.908265460524,12184.673510154906,-187500.02235174447,-187500.02235174447,-187500.02235174447,-187500.02235174447
$SILENCE,2295.3229898599375,-7905.923772564384,6571.412869860276,12233.869699701036,-187500.02235174447,-187500.02235174447,-187500.02235174447,-187500.02235174447
$SILENCE,2315.216042425161,-7945.262842805725,6464.727993575096,12211.406196523452,-187500.02235174447,-187500.02235174447,-187500.02235174447,-187500.02235174447
$SILENCE,2591.3047899371136,-7898.346531194035,7010.937572829434,12152.397591161442,-187500.02235174447,-187500.02235174447,-187500.02235174447,-187500.02235174447
$SILENCE,2583.2805136776583,-7862.539036576633,7119.298829948763,12162.701745355338,-187500.02235174447,-187500.02235174447,-187500.02235174447,-187500.02235174447
$SILENCE,2343.0886677609287,-7898.882973060963,6655.254263312133,12215.854193670059,-187500.02235174447,-187500.02235174447,-187500.02235174447,-187500.02235174447
$SILENCE,2289.556239790468,-7947.788589929175,6415.196527862136,12226.985362408801,-187500.02235174447,-187500.02235174447,-187500.02235174447,-187500.02235174447
$SILENCE,2563.655682045899,-7910.595287155544,6924.771597954225,12173.788210605171,-187500.02235174447,-187500.02235174447,-187500.02235174447,-187500.02235174447
$SILENCE,2614.7294181262755,-7863.880141243952,7156.290967022296,12156.756181330227,-187500.02235174447,-187500.02235174447,-187500.02235174447,-187500.02235174447
$SILENCE,2384.7970229145317,-7887.640045599944,6757.602901172984,12205.930019131902,-187500.02235174447,-187500.02235174447,-187500.02235174447,-187500.02235174447
$SILENCE,2257.5932452193792,-7944.167607327415,6397.382187531256,12231.254545599764,-187500.02235174447,-187500.02235174447,-187500.02235174447,-187500.02235174447
$SILENCE,2503.909469116863,-7925.861528618519,6816.96913444628,12158.633727864471,-187500.02235174447,-187500.02235174447,-187500.02235174447,-187500.02235174447
$SILENCE,2625.4582554648227,-7868.417545368379,7164.158781070564,12137.310163654109,-187500.02235174447,-187500.02235174447,-187500.02235174447,-187500.02235174447
$SILENCE,2435.4460758502573,-7877.626464083966,6857.35873667702,12194.687091670883,-187500.02235174447,-187500.02235174447,-187500.02235174447,-187500.02235174447
$SILENCE,2265.2598935675496,-7934.578708956088,6436.2742228834895,12223.476138529319,-187500.02235174447,-187500.02235174447,-187500.02235174447,-187500.02235174447
$SILENCE,2452.9251400143075,-7933.9081566224295,6710.530127350107,12181.231341508788,-187500.02235174447,-187500.02235174447,-187500.02235174447,-187500.02235174447
$SILENCE,2653.3979360339567,-7872.954949492807,7173.5241619973385,12151.369410916497,-187500.02235174447,-187500.02235174447,-187500.02235174447,-187500.02235174447
$SILENCE,2489.202021265271,-7871.435030869846,6943.770580741237,12189.099155557056,-187500.02235174447,-187500.02235174447,-187500.02235174447,-187500.02235174447
$SILENCE,2275.3852338058036,-7928.320220508603,6452.367478891311,12230.673400243926,-187500.02235174447,-187500.02235174447,-187500.02235174447,-187500.02235174447
$SILENCE,2414.9048226958303,-7936.746828168253,6617.971553560681,12196.966969605324,-187500.02235174447,-187500.02235174447,-187500.02235174447,-187500.02235174447
$SILENCE,2647.8547034090407,-7883.03558624215,7131.748751610369,12152.710515583816,-187500.02235174447,-187500.02235174447,-187500.02235174447,-187500.02235174447
$SILENCE,2530.2174723407593,-7866.383536622947,7028.10371257111,12184.114716543523,-187500.02235174447,-187500.02235174447,-187500.02235174447,-187500.02235174447
$SILENCE,2267.338605801893,-7920.430054715879,6478.9437030486715,12234.629659012517,-187500.02235174447,-187500.02235174447,-187500.02235174447,-187500.02235174447
$SILENCE,2353.9739673106633,-7947.4086102734345,6504.2458777720785,12203.068995841622,-187500.02235174447,-187500.02235174447,-187500.02235174447,-187500.02235174447
$SILENCE,2624.385371730968,-7889.741109578742,7062.68186124347,12150.698858582839,-187500.02235174447,-187500.02235174447,-187500.02235174447,-187500.02235174447
$SILENCE,2567.8578100034965,-7862.829609254552,7084.228942898387,12163.819332578103,-187500.02235174447,-187500.02235174447,-187500.02235174447,-187500.02235174447
$SILENCE,2317.9653069931637,-7908.874202832485,6597.586762617441,12221.911516417447,-187500.02235174447,-187500.02235174447,-187500.02235174447,-187500.02235174447
$SILENCE,2314.6125453248674,-7945.642822461466,6454.602653336841,12217.217650081831,-187500.02235174447,-187500.02235174447,-187500.02235174447,-187500.02235174447
$SILENCE,2594.32227543858,-7900.916981806396,6993.704377854393,12155.1692074739,-187500.02235174447,-187500.02235174447,-187500.02235174447,-187500.02235174447
$SILENCE,2602.3689034424906,-7861.376745864957,7135.883824334601,12164.556940145128,-187500.02235174447,-187500.02235174447,-187500.02235174447,-187500.02235174447
$SILENCE,2349.0342317860404,-7897.184240482359,6676.421365311309,12215.65302796996,-187500.02235174447,-187500.02235174447,-187500.02235174447,-187500.02235174447
$SILENCE,2266.086908112396,-7943.787627671675,6396.465766008588,12216.27887681471,-187500.02235174447,-187500.02235174447,-187500.02235174447,-187500.02235174447
$SILENCE,2552.010423184684,-7906.728435364776,6902.196336054366,12153.515178384207,-187500.02235174447,-187500.02235174447,-187500.02235174447,-187500.02235174447
$SILENCE,2636.388258503468,-7858.359260363492,7178.240380077408,12161.114771499011,-187500.02235174447,-187500.02235174447,-187500.02235174447,-187500.02235174447
$SILENCE,2415.8435959629533,-7881.873295530474,6796.2043638473,12212.590838979584,-187500.02235174447,-187500.02235174447,-187500.02235174447,-187500.02235174447
$SILENCE,2272.300693070971,-7941.3065840371355,6408.535708014454,12233.243850856286,-187500.02235174447,-187500.02235174447,-187500.02235174447,-187500.02235174447
$SILENCE,2508.8715563859414,-7932.768217655208,6800.473547038263,12174.45876293883,-187500.02235174447,-187500.02235174447,-187500.02235174447,-187500.02235174447
$SILENCE,2640.3668690165127,-7874.184295437849,7171.914836396556,12138.740675299248,-187500.02235174447,-187500.02235174447,-187500.02235174447,-187500.02235174447
$SILENCE,2460.6141401069335,-7876.553580350111,6884.583161423584,12188.272141012209,-187500.02235174447,-187500.02235174447,-187500.02235174447,-187500.02235174447
$SILENCE,2270.110222114351,-7935.070447334105,6423.198452377135,12230.315772332642,-187500.02235174447,-187500.02235174447,-187500.02235174447,-187500.02235174447
$SILENCE,2468.616064621933,-7941.351287526047,6695.4874033316855,12182.639501409472,-187500.02235174447,-187500.02235174447,-187500.02235174447,-187500.02235174447
$SILENCE,2653.9567296453392,-7883.549676364622,7157.900292623079,12149.760085315715,-187500.02235174447,-187500.02235174447,-187500.02235174447,-187500.02235174447
$SILENCE,2491.168974777338,-7878.9675687512845,6959.349746626586,12181.432507208885,-187500.02235174447,-187500.02235174447,-187500.02235174447,-187500.02235174447
$SILENCE,2291.925524702731,-7922.1734907833925,6495.439290456688,12231.723932233326,-187500.02235174447,-187500.02235174447,-187500.02235174447,-187500.02235174447
$SILENCE,2422.2808983660816,-7938.579671213588,6619.849100094927,12203.56073421964,-187500.02235174447,-187500.02235174447,-187500.02235174447,-187500.02235174447
$SILENCE,2656.236607579781,-7888.981150267262,7129.379466698107,12142.562823601107,-187500.02235174447,-187500.02235174447,-187500.02235174447,-187500.02235174447
$SILENCE,2556.3466616090136,-7867.210551167793,7063.710041488414,12176.068088539612,-187500.02235174447,-187500.02235174447,-187500.02235174447,-187500.02235174447
$SILENCE,2296.7087980161664,-7921.122958793993,6531.582061240919,12226.247754841776,-187500.02235174447,-187500.02235174447,-187500.02235174447,-187500.02235174447
$SILENCE,2362.110002292395,-7949.599081230054,6521.9708111251375,12202.84547839707,-187500.02235174447,-187500.02235174447,-187500.02235174447,-187500.02235174447
$SILENCE,2625.5700141870993,-7900.469946917289,7050.25429132632,12150.251823693732,-187500.02235174447,-187500.02235174447,-187500.02235174447,-187500.02235174447
$SILENCE,2592.9141155378957,-7866.495295345223,7119.723513093414,12167.864998324514,-187500.02235174447,-187500.02235174447,-187500.02235174447,-187500.02235174447
$SILENCE,2326.8389495419206,-7910.550583666633,6598.704349840206,12221.50918501725,-187500.02235174447,-187500.02235174447,-187500.02235174447,-187500.02235174447
$SILENCE,2316.8477197703983,-7952.616566731521,6433.32379261539,12214.110757602544,-187500.02235174447,-187500.02235174447,-187500.02235174447,-187500.02235174447
$SILENCE,2593.2270399602703,-7914.0151040572055,6963.931854239924,12140.2158904333,-187500.02235174447,-187500.02235174447,-187500.02235174447,-187500.02235174447
$SILENCE,2615.0646942931053,-7867.232902912248,7146.635013417604,12147.100227725534,-187500.02235174447,-187500.02235174447,-187500.02235174447,-187500.02235174447
$SILENCE,2380.0361013455513,-7896.066653259594,6718.286182676099,12211.115623845533,-187500.02235174447,-187500.02235174447,-187500.02235174447,-187500.02235174447
$SILENCE,2281.822536208932,-7952.571863242611,6407.842803936339,12222.582068751106,-187500.02235174447,-187500.02235174447,-187500.02235174447,-187500.02235174447
$SILENCE,2547.8977022049075,-7918.105473292527,6874.636635140972,12158.656079608927,-187500.02235174447,-187500.02235174447,-187500.02235174447,-187500.02235174447
$SILENCE,2643.7643341737194,-7865.2883011446365,7177.413365532561,12152.531701628173,-187500.02235174447,-187500.02235174447,-187500.02235174447,-187500.02235174447
$SILENCE,2426.013639690118,-7887.1259554774715,6819.874861225469,12200.967931862824,-187500.02235174447,-187500.02235174447,-187500.02235174447,-187500.02235174447
$SILENCE,2266.2657220680385,-7942.7147439378205,6410.994399904537,12234.920231690436,-187500.02235174447,-187500.02235174447,-187500.02235174447,-187500.02235174447
$SILENCE,2496.980428335718,-7932.298831021647,6779.3064450390875,12181.499562442252,-187500.02235174447,-187500.02235174447,-187500.02235174447,-187500.02235174447
$SILENCE,2642.937319628873,-7873.469039615279,7180.319092311752,12140.059428222112,-187500.02235174447,-187500.02235174447,-187500.02235174447,-187500.02235174447
$SILENCE,2466.693814598777,-7879.459307129301,6912.545193737173,12187.534533445185,-187500.02235174447,-187500.02235174447,-187500.02235174447,-187500.02235174447
$SILENCE,2270.9372366591974,-7936.56801421261,6439.0905426848585,12240.105836404067,-187500.02235174447,-187500.02235174447,-187500.02235174447,-187500.02235174447
$SILENCE,2452.38869814738,-7938.669078191409,6675.639054255374,12189.993225335267,-187500.02235174447,-187500.02235174447,-187500.02235174447,-187500.02235174447
$SILENCE,2653.554398245144,-7876.46417337229,7158.816714145746,12147.815483548104,-187500.02235174447,-187500.02235174447,-187500.02235174447,-187500.02235174447
$SILENCE,2519.846262913497,-7871.524437847667,7002.57802040315,12183.891199098969,-187500.02235174447,-187500.02235174447,-187500.02235174447,-187500.02235174447
$SILENCE,2289.600943279379,-7925.749769896242,6492.064177043936,12233.869699701036,-187500.02235174447,-187500.02235174447,-187500.02235174447,-187500.02235174447
$SILENCE,2395.3470462974365,-7949.4649707633225,6572.306939638489,12196.207010293843,-187500.02235174447,-187500.02235174447,-187500.02235174447,-187500.02235174447
$SILENCE,2645.7312876857864,-7890.143440978938,7114.247335701863,12141.78051254517,-187500.02235174447,-187500.02235174447,-187500.02235174447,-187500.02235174447
$SILENCE,2567.969568725773,-7869.132801190949,7079.132745162577,12169.206102991833,-187500.02235174447,-187500.02235174447,-187500.02235174447,-187500.02235174447
$SILENCE,2318.501748860091,-7913.545717423644,6571.055241948991,12229.444054298885,-187500.02235174447,-187500.02235174447,-187500.02235174447,-187500.02235174447
$SILENCE,2352.5211039210685,-7950.38139228599,6499.552011436464,12217.888202415492,-187500.02235174447,-187500.02235174447,-187500.02235174447,-187500.02235174447
$SILENCE,2634.845988136052,-7901.833403329063,7062.614806010104,12152.866977795004,-187500.02235174447,-187500.02235174447,-187500.02235174447,-187500.02235174447
$SILENCE,2610.750807613231,-7866.607054067499,7159.017879845844,12156.800884819137,-187500.02235174447,-187500.02235174447,-187500.02235174447,-187500.02235174447
$SILENCE,2342.2616532160823,-7911.109377278016,6644.391315506854,12212.076748857111,-187500.02235174447,-187500.02235174447,-187500.02235174447,-187500.02235174447
$SILENCE,2319.217004682661,-7950.671964963909,6461.75521156254,12216.167118092433,-187500.02235174447,-187500.02235174447,-187500.02235174447,-187500.02235174447
não,2582.2746851771694,-7911.422301700391,6947.145694153988,12162.21000697732,-187500.02235174447,-187500.02235174447,-187500.02235174447,-187500.02235174447
não,2638.4669707378116,-7865.265949400181,7188.432775549028,12152.822274306092,-187500.02235174447,-187500.02235174447,-187500.02235174447,-187500.02235174447
não,2381.9359996242524,-7896.84896431553,6730.043200259591,12210.735644189794,-187500.02235174447,-187500.02235174447,-187500.02235174447,-187500.02235174447
não,2271.0713471259296,-7954.67292722141,6392.151879328714,12225.018408896734,-187500.02235174447,-187500.02235174447,-187500.02235174447,-187500.02235174447
não,2540.7898474681197,-7926.152101296438,6849.803847051126,12170.055469281135,-187500.02235174447,-187500.02235174447,-187500.02235174447,-187500.02235174447
não,2655.901331412951,-7867.255254656703,7188.164554615564,12158.633727864471,-187500.02235174447,-187500.02235174447,-187500.02235174447,-187500.02235174447
não,2447.8065905340422,-7882.029757741661,6851.010841251713,12202.197277807865,-187500.02235174447,-187500.02235174447,-187500.02235174447,-187500.02235174447
não,2270.8031261924657,-7942.111246837527,6413.453091794621,12231.813339211147,-187500.02235174447,-187500.02235174447,-187500.02235174447,-187500.02235174447
não,2491.750120133176,-7935.405723500935,6750.964433069758,12180.963120575325,-187500.02235174447,-187500.02235174447,-187500.02235174447,-187500.02235174447
não,2662.517447771722,-7870.496257602723,7184.5659237582595,12153.0681434951,-187500.02235174447,-187500.02235174447,-187500.02235174447,-187500.02235174447
não,2490.721939888232,-7875.704214060809,6940.641336517494,12194.351815504053,-187500.02235174447,-187500.02235174447,-187500.02235174447,-187500.02235174447
não,2272.367748304337,-7933.483473477778,6447.427743366688,12236.194281124388,-187500.02235174447,-187500.02235174447,-187500.02235174447,-187500.02235174447
não,2435.2896136390705,-7944.5252352387,6644.726591673683,12193.0777660701,-187500.02235174447,-187500.02235174447,-187500.02235174447,-187500.02235174447
não,2659.544665759166,-7881.828592041564,7150.1665890415425,12150.430637649375,-187500.02235174447,-187500.02235174447,-187500.02235174447,-187500.02235174447
não,2535.783056710131,-7869.356318635502,7019.252421766809,12183.846495610058,-187500.02235174447,-187500.02235174447,-187500.02235174447,-187500.02235174447
não,2288.371597334337,-7919.401874470935,6504.849374872372,12230.449882799374,-187500.02235174447,-187500.02235174447,-187500.02235174447,-187500.02235174447
não,2380.9972263571294,-7946.268671306214,6551.542169039509,12204.052472597656,-187500.02235174447,-187500.02235174447,-187500.02235174447,-187500.02235174447
não,2644.90427314094,-7890.299903190125,7097.438823871473,12152.26348069471,-187500.02235174447,-187500.02235174447,-187500.02235174447,-187500.02235174447
não,2576.2844176631475,-7866.249426156214,7086.30765513273,12174.36935596101,-187500.02235174447,-187500.02235174447,-187500.02235174447,-187500.02235174447
não,2320.7369233056215,-7911.064673789106,6580.5547333424975,12227.767673464738,-187500.02235174447,-187500.02235174447,-187500.02235174447,-187500.02235174447
não,2334.304432189993,-7949.554377741144,6465.353842419844,12212.076748857111,-187500.02235174447,-187500.02235174447,-187500.02235174447,-187500.02235174447
não,2607.107473267016,-7901.587534140055,7010.468186195873,12150.49769288274,-187500.02235174447,-187500.02235174447,-187500.02235174447,-187500.02235174447
não,2600.647819119432,-7864.260120899692,7131.3240684657185,12167.417963435408,-187500.02235174447,-187500.02235174447,-187500.02235174447,-187500.02235174447
não,2362.3782232258586,-7901.073444017583,6678.723594990206,12233.959106678856,-187500.02235174447,-187500.02235174447,-187500.02235174447,-187500.02235174447
não,2298.4522340836807,-7952.1695318424145,6424.092522155348,12233.690885745393,-187500.02235174447,-187500.02235174447,-187500.02235174447,-187500.02235174447
não,2575.479754862756,-7912.85281334553,6938.4955690497845,12171.1730565039,-187500.02235174447,-187500.02235174447,-187500.02235174447,-187500.02235174447
não,2633.2813660241804,-7859.8344754975415,7184.945903414,12163.461704666819,-187500.02235174447,-187500.02235174447,-187500.02235174447,-187500.02235174447
não,2393.8941829078417,-7886.433051399357,6753.28901449311,12217.41881578193,-187500.02235174447,-187500.02235174447,-187500.02235174447,-187500.02235174447
não,2256.699175441167,-7939.943127625362,6389.201449060613,12246.341973107097,-187500.02235174447,-187500.02235174447,-187500.02235174447,-187500.02235174447
não,2515.264155300159,-7919.4689297043005,6825.239279894743,12188.540361945674,-187500.02235174447,-187500.02235174447,-187500.02235174447,-187500.02235174447
não,2646.9829853752835,-7864.707155788798,7180.408499289572,12176.381012961987,-187500.02235174447,-187500.02235174447,-187500.02235174447,-187500.02235174447
não,2461.6646720963327,-7866.741164534232,6897.681283674394,12230.539289777194,-187500.02235174447,-187500.02235174447,-187500.02235174447,-187500.02235174447
não,2284.281228099016,-7919.245412259747,6470.114763988825,12282.037709002223,-187500.02235174447,-187500.02235174447,-187500.02235174447,-187500.02235174447
não,2473.2875792130926,-7922.441711716857,6729.842034559493,12206.578219721107,-187500.02235174447,-187500.02235174447,-187500.02235174447,-187500.02235174447
não,2614.4388454483565,-7889.584647367556,7128.105417264154,12125.463739092796,-187500.02235174447,-187500.02235174447,-187500.02235174447,-187500.02235174447
não,2471.1194600009276,-7859.923882475363,6924.033990387201,12192.36251024753,-187500.02235174447,-187500.02235174447,-187500.02235174447,-187500.02235174447
não,2247.579663703402,-7921.972325083295,6433.971993204594,12248.286574874708,-187500.02235174447,-187500.02235174447,-187500.02235174447,-187500.02235174447
não,2391.368435784392,-7947.632127717988,6594.345759671422,12207.60639996605,-187500.02235174447,-187500.02235174447,-187500.02235174447,-187500.02235174447
não,2651.7662586887195,-7851.564330049077,7132.7322283664025,12184.002957821245,-187500.02235174447,-187500.02235174447,-187500.02235174447,-187500.02235174447
não,2497.919201602841,-7878.65464432891,6994.486688910329,12171.061297781624,-187500.02235174447,-187500.02235174447,-187500.02235174447,-187500.02235174447
não,2269.797297691977,-7920.430054715879,6495.662807901241,12249.158292908465,-187500.02235174447,-187500.02235174447,-187500.02235174447,-187500.02235174447
não,2341.211121226683,-7959.545607512666,6507.777453396017,12216.860022170547,-187500.02235174447,-187500.02235174447,-187500.02235174447,-187500.02235174447
não,2599.3961214299347,-7901.94516205134,7052.981204149867,12162.344117444054,-187500.02235174447,-187500.02235174447,-187500.02235174447,-187500.02235174447
não,2565.9132082358847,-7837.5274345311445,7095.427166870495,12195.759975404737,-187500.02235174447,-187500.02235174447,-187500.02235174447,-187500.02235174447
não,2304.1966324086943,-7890.791641568142,6608.092082511435,12232.975629922823,-187500.02235174447,-187500.02235174447,-187500.02235174447,-187500.02235174447
não,2262.465925510636,-7977.136430398993,6406.859327180306,12208.612228466538,-187500.02235174447,-187500.02235174447,-187500.02235174447,-187500.02235174447
não,2552.099830162505,-7917.636086658966,6954.320604124142,12159.796018576148,-187500.02235174447,-187500.02235174447,-187500.02235174447,-187500.02235174447
não,2560.168809910871,-7880.956874007807,7098.377597138596,12153.805751062126,-187500.02235174447,-187500.02235174447,-187500.02235174447,-187500.02235174447
não,2312.2209086681496,-7918.574859926089,6641.195016049745,12208.969856377824,-187500.02235174447,-187500.02235174447,-187500.02235174447,-187500.02235174447
não,2236.9849368315863,-7975.460049564845,6377.623245432765,12226.605382753061,-187500.02235174447,-187500.02235174447,-187500.02235174447,-187500.02235174447
não,2517.87930940143,-7935.85275839004,6862.521989646196,12156.487960396762,-187500.02235174447,-187500.02235174447,-187500.02235174447,-187500.02235174447
não,2589.1813742138597,-7881.538019363645,7124.305620706752,12145.893233524946,-187500.02235174447,-187500.02235174447,-187500.02235174447,-187500.02235174447
não,2374.0681855759844,-7892.713891591298,6760.709793652272,12212.680245957405,-187500.02235174447,-187500.02235174447,-187500.02235174447,-187500.02235174447
não,2217.829491833388,-7958.137447611982,6359.16070451268,12231.343952577587,-187500.02235174447,-187500.02235174447,-187500.02235174447,-187500.02235174447
não,2461.1282302294053,-7945.307546294635,6754.674822649339,12167.328556457587,-187500.02235174447,-187500.02235174447,-187500.02235174447,-187500.02235174447
não,2584.2192869447813,-7900.13467075046,7131.011144043344,12132.2139659183,-187500.02235174447,-187500.02235174447,-187500.02235174447,-187500.02235174447
não,2413.0943313949506,-7893.429147413868,6864.757164091727,12195.31294051563,-187500.02235174447,-187500.02235174447,-187500.02235174447,-187500.02235174447
não,2215.929593554687,-7953.600043487555,6374.896332609217,12231.500414788774,-187500.02235174447,-187500.02235174447,-187500.02235174447,-187500.02235174447
não,2391.9942846291406,-7972.822543719119,6625.213518764201,12166.590948890562,-187500.02235174447,-187500.02235174447,-187500.02235174447,-187500.02235174447
não,2599.1279004964713,-7909.924734821884,7111.565126367227,12143.792169546148,-187500.02235174447,-187500.02235174447,-187500.02235174447,-187500.02235174447
não,2448.432439378791,-7902.414548684901,6933.42172305843,12181.499562442252,-187500.02235174447,-187500.02235174447,-187500.02235174447,-187500.02235174447
não,2227.9771838160973,-7937.95382236884,6470.114763988825,12253.673345288438,-187500.02235174447,-187500.02235174447,-187500.02235174447,-187500.02235174447
não,2349.235397486138,-7952.4601045203335,6538.9357851667155,12201.683187685394,-187500.02235174447,-187500.02235174447,-187500.02235174447,-187500.02235174447
não,2580.5312491096556,-7898.123013749482,7049.986070392856,12139.858262522015,-187500.02235174447,-187500.02235174447,-187500.02235174447,-187500.02235174447
não,2482.787070606598,-7895.03847301465,6993.86084006558,12166.121562257,-187500.02235174447,-187500.02235174447,-187500.02235174447,-187500.02235174447
não,2235.174445530706,-7943.385296271479,6497.540354435487,12221.33037106161,-187500.02235174447,-187500.02235174447,-187500.02235174447,-187500.02235174447
não,2284.661207754756,-7971.10145939606,6441.70569678613,12210.176850578411,-187500.02235174447,-187500.02235174447,-187500.02235174447,-187500.02235174447
não,2558.0453941876167,-7905.163813252904,7002.645075636516,12145.289736424655,-187500.02235174447,-187500.02235174447,-187500.02235174447,-187500.02235174447
não,2529.8598444294744,-7870.630368069455,7088.274608644797,12169.049640780646,-187500.02235174447,-187500.02235174447,-187500.02235174447,-187500.02235174447
não,2281.2637425975495,-7928.655496675432,6579.370090886366,12226.158347863955,-187500.02235174447,-187500.02235174447,-187500.02235174447,-187500.02235174447
não,2241.276471767005,-7986.747680514775,6382.5629809573875,12210.422719767419,-187500.02235174447,-187500.02235174447,-187500.02235174447,-187500.02235174447
não,2525.367143793958,-7936.9032903794405,6925.151577609966,12157.762009830716,-187500.02235174447,-187500.02235174447,-187500.02235174447,-187500.02235174447
não,2556.2796063756477,-7877.425298383868,7110.291076933275,12151.771742316692,-187500.02235174447,-187500.02235174447,-187500.02235174447,-187500.02235174447
não,2327.4200948977586,-7897.1618887379045,6686.479650316197,12214.311923302643,-187500.02235174447,-187500.02235174447,-187500.02235174447,-187500.02235174447
não,2213.359142942327,-7972.889598952484,6378.651425677708,12224.951353663368,-187500.02235174447,-187500.02235174447,-187500.02235174447,-187500.02235174447
não,2488.0397305535953,-7941.463046248323,6843.321841159087,12177.588007162572,-187500.02235174447,-187500.02235174447,-187500.02235174447,-187500.02235174447
não,2586.588571857044,-7877.2688361726805,7133.6710016335255,12154.677469095883,-187500.02235174447,-187500.02235174447,-187500.02235174447,-187500.02235174447
não,2366.0662610609843,-7905.834365586564,6767.258854777677,12191.334330002586,-187500.02235174447,-187500.02235174447,-187500.02235174447,-187500.02235174447
não,2195.0754159778853,-7964.820619204119,6351.538759653421,12213.551963991162,-187500.02235174447,-187500.02235174447,-187500.02235174447,-187500.02235174447
não,2437.7706572736097,-7947.073334106605,6728.165653725345,12172.715326871315,-187500.02235174447,-187500.02235174447,-187500.02235174447,-187500.02235174447
não,2600.4019499304236,-7878.788754795642,7149.049001818777,12157.337326686065,-187500.02235174447,-187500.02235174447,-187500.02235174447,-187500.02235174447
não,2411.8873371943637,-7894.412624169901,6873.317882218109,12185.969911333314,-187500.02235174447,-187500.02235174447,-187500.02235174447,-187500.02235174447
não,2210.185195229673,-7949.420267274412,6398.365664287289,12234.540252034694,-187500.02235174447,-187500.02235174447,-187500.02235174447,-187500.02235174447
não,2393.558906741012,-7941.61950845951,6635.875300869382,12200.543248718173,-187500.02235174447,-187500.02235174447,-187500.02235174447,-187500.02235174447
não,2588.7119875802982,-7893.205629969315,7110.156966466542,12145.915585269402,-187500.02235174447,-187500.02235174447,-187500.02235174447,-187500.02235174447
não,2466.984387276696,-7886.433051399357,6985.277770194742,12193.74831840376,-187500.02235174447,-187500.02235174447,-187500.02235174447,-187500.02235174447
não,2229.0724192944076,-7937.23856654627,6469.466563399621,12253.069848188145,-187500.02235174447,-187500.02235174447,-187500.02235174447,-187500.02235174447
não,2337.411324669281,-7951.0519446196495,6531.0679711184475,12219.251658827265,-187500.02235174447,-187500.02235174447,-187500.02235174447,-187500.02235174447
não,2594.9481242833285,-7898.346531194035,7065.788753722758,12147.703724825828,-187500.02235174447,-187500.02235174447,-187500.02235174447,-187500.02235174447
não,2508.78214940812,-7878.274664673169,7028.282526526753,12162.254710466232,-187500.02235174447,-187500.02235174447,-187500.02235174447,-187500.02235174447
não,2252.854675394854,-7917.323162236591,6529.391590284299,12221.017446639235,-187500.02235174447,-187500.02235174447,-187500.02235174447,-187500.02235174447
não,2283.9459519321863,-7957.399840044956,6453.7085835586295,12219.89985941647,-187500.02235174447,-187500.02235174447,-187500.02235174447,-187500.02235174447
não,2568.550714081611,-7906.2590487312145,7008.188308261431,12166.188617490367,-187500.02235174447,-187500.02235174447,-187500.02235174447,-187500.02235174447
não,2538.353507322491,-7874.050184971116,7092.856716258135,12176.358661217531,-187500.02235174447,-187500.02235174447,-187500.02235174447,-187500.02235174447
não,2292.2831526140158,-7908.628333643477,6622.441902451743,12227.767673464738,-187500.02235174447,-187500.02235174447,-187500.02235174447,-187500.02235174447
não,2250.7312596716,-7957.064563878127,6403.417158534188,12223.1855658514,-187500.02235174447,-187500.02235174447,-187500.02235174447,-187500.02235174447
não,2524.4060187823798,-7920.027723315683,6909.885336146991,12146.675544580883,-187500.02235174447,-187500.02235174447,-187500.02235174447,-187500.02235174447
não,2566.382594869446,-7873.267873915181,7119.276478204308,12135.857300264513,-187500.02235174447,-187500.02235174447,-187500.02235174447,-187500.02235174447
não,2347.8048858409984,-7900.961685295307,6725.841072301993,12207.829917410603,-187500.02235174447,-187500.02235174447,-187500.02235174447,-187500.02235174447
não,2226.2113960041283,-7953.689450465376,6387.636826948742,12225.353685063565,-187500.02235174447,-187500.02235174447,-187500.02235174447,-187500.02235174447
não,2483.3458642179808,-7928.230813530781,6827.183881662355,12165.987451790268,-187500.02235174447,-187500.02235174447,-187500.02235174447,-187500.02235174447
não,2585.4039294009126,-7874.519571604678,7155.933339111011,12150.877672538481,-187500.02235174447,-187500.02235174447,-187500.02235174447,-187500.02235174447
não,2377.0186158440847,-7890.523420634678,6819.58428854755,12194.217705037321,-187500.02235174447,-187500.02235174447,-187500.02235174447,-187500.02235174447
não,2203.189099215162,-7945.3522497835465,6379.478440222555,12223.140862362488,-187500.02235174447,-187500.02235174447,-187500.02235174447,-187500.02235174447
não,2402.790177201054,-7938.043229346661,6692.805193997049,12153.425771406386,-187500.02235174447,-187500.02235174447,-187500.02235174447,-187500.02235174447
não,2577.3796531414573,-7877.693519317332,7133.335725466696,12129.129425183466,-187500.02235174447,-187500.02235174447,-187500.02235174447,-187500.02235174447
não,2407.5510987700345,-7874.966606493785,6904.252696544254,12180.784306619682,-187500.02235174447,-187500.02235174447,-187500.02235174447,-187500.02235174447
não,2197.109424723318,-7932.3211827661025,6422.550251787931,12238.451807314374,-187500.02235174447,-187500.02235174447,-187500.02235174447,-187500.02235174447
não,2356.9691010676743,-7937.305621779636,6614.64114363684,12201.839649896581,-187500.02235174447,-187500.02235174447,-187500.02235174447,-187500.02235174447
não,2573.4010426284126,-7871.524437847667,7116.258992702841,12152.35288767253,-187500.02235174447,-187500.02235174447,-187500.02235174447,-187500.02235174447
não,2450.8017242910537,-7862.762554021187,6991.893886553513,12179.532608930185,-187500.02235174447,-187500.02235174447,-187500.02235174447,-187500.02235174447
não,2212.353314441838,-7918.731322137275,6485.828040340905,12238.27299335873,-187500.02235174447,-187500.02235174447,-187500.02235174447,-187500.02235174447
não,2303.9731149641416,-7942.491226493267,6523.378971025822,12207.98637962179,-187500.02235174447,-187500.02235174447,-187500.02235174447,-187500.02235174447
não,2566.4049466139018,-7881.202743196815,7071.175524136487,12156.30914644112,-187500.02235174447,-187500.02235174447,-187500.02235174447,-187500.02235174447
não,2498.7909196365977,-7854.7829812506425,7070.326157847186,12186.975739833802,-187500.02235174447,-187500.02235174447,-187500.02235174447,-187500.02235174447
não,2241.723506656111,-7899.2182492277925,6568.574198314453,12239.882318959513,-187500.02235174447,-187500.02235174447,-187500.02235174447,-187500.02235174447
não,2251.82649514991,-7937.976174113295,6448.165350933713,12237.37892358052,-187500.02235174447,-187500.02235174447,-187500.02235174447,-187500.02235174447
não,2530.619803740955,-7886.298940932625,6987.62470336255,12172.581216404584,-187500.02235174447,-187500.02235174447,-187500.02235174447,-187500.02235174447
não,2526.26121357217,-7851.407867837891,7114.582611868694,12174.682280383382,-187500.02235174447,-187500.02235174447,-187500.02235174447,-187500.02235174447
não,2283.7447862320887,-7881.046280985628,6663.2561878271335,12238.004772425267,-187500.02235174447,-187500.02235174447,-187500.02235174447,-187500.02235174447
não,2220.7799221014884,-7929.370752498002,6409.563888259398,12253.338069121608,-187500.02235174447,-187500.02235174447,-187500.02235174447,-187500.02235174447
não,2495.1475852903827,-7892.982112524762,6903.895068632969,12185.858152611036,-187500.02235174447,-187500.02235174447,-187500.02235174447,-187500.02235174447
não,2554.2232458857593,-7840.299050843603,7149.563091941249,12183.846495610058,-187500.02235174447,-187500.02235174447,-187500.02235174447,-187500.02235174447
não,2325.5201966190575,-7865.757687778198,6762.0508983195905,12243.011563183256,-187500.02235174447,-187500.02235174447,-187500.02235174447,-187500.02235174447
não,2188.213430430106,-7919.80420587113,6389.223800805069,12254.410952855464,-187500.02235174447,-187500.02235174447,-187500.02235174447,-187500.02235174447
não,2443.000965476151,-7906.840194087053,6791.197573089311,12193.569504448118,-187500.02235174447,-187500.02235174447,-187500.02235174447,-187500.02235174447
não,2573.781022284153,-7849.21739688127,7153.854626876668,12175.397536205952,-187500.02235174447,-187500.02235174447,-187500.02235174447,-187500.02235174447
não,2386.4063485153138,-7855.4311818398455,6860.242111711755,12230.718103732837,-187500.02235174447,-187500.02235174447,-187500.02235174447,-187500.02235174447
não,2196.416520645204,-7914.28332499067,6403.797138189929,12262.144656437,-187500.02235174447,-187500.02235174447,-187500.02235174447,-187500.02235174447
não,2396.978723642674,-7911.936391822862,6690.011225940136,12207.248772054765,-187500.02235174447,-187500.02235174447,-187500.02235174447,-187500.02235174447
não,2590.6342376034545,-7847.831588725042,7151.820618131235,12180.627844408495,-187500.02235174447,-187500.02235174447,-187500.02235174447,-187500.02235174447
não,2430.685154281277,-7847.541016047123,6949.112647666055,12223.1855658514,-187500.02235174447,-187500.02235174447,-187500.02235174447,-187500.02235174447
não,2204.016113760008,-7906.013179542206,6445.438438110165,12271.219464685853,-187500.02235174447,-187500.02235174447,-187500.02235174447,-187500.02235174447
não,2349.1012870194063,-7921.61469717201,6587.0143874900805,12228.952315920867,-187500.02235174447,-187500.02235174447,-187500.02235174447,-187500.02235174447
não,2584.643970089432,-7858.31455687458,7109.776986810803,12189.277969512697,-187500.02235174447,-187500.02235174447,-187500.02235174447,-187500.02235174447
não,2476.886210070397,-7840.522568288156,7021.822872379169,12219.206955338354,-187500.02235174447,-187500.02235174447,-187500.02235174447,-187500.02235174447
não,2226.2560994930386,-7892.333911935558,6507.844508629383,12265.720935549849,-187500.02235174447,-187500.02235174447,-187500.02235174447,-187500.02235174447
não,2290.7855857355103,-7920.430054715879,6505.1846510392015,12243.838577728102,-187500.02235174447,-187500.02235174447,-187500.02235174447,-187500.02235174447
não,2557.0619174315834,-7864.12601043296,7059.642023997549,12183.757088632237,-187500.02235174447,-187500.02235174447,-187500.02235174447,-187500.02235174447
não,2503.0377510831063,-7839.136760131927,7082.6643207865145,12191.84842012506,-187500.02235174447,-187500.02235174447,-187500.02235174447,-187500.02235174447
não,2257.794410919477,-7880.018100740684,6591.842364292427,12252.868682488046,-187500.02235174447,-187500.02235174447,-187500.02235174447,-187500.02235174447
não,2252.407640505748,-7921.94997333884,6433.837882737861,12259.95418548038,-187500.02235174447,-187500.02235174447,-187500.02235174447,-187500.02235174447
não,2538.711135233776,-7883.639083342444,6969.072755464645,12194.284760270688,-187500.02235174447,-187500.02235174447,-187500.02235174447,-187500.02235174447
não,2553.262120874181,-7841.9307281888405,7127.45721667495,12192.094289314067,-187500.02235174447,-187500.02235174447,-187500.02235174447,-187500.02235174447
não,2319.3511151493926,-7875.2124756827925,6686.345539849465,12248.711258019359,-187500.02235174447,-187500.02235174447,-187500.02235174447,-187500.02235174447
não,2235.6438321642677,-7924.386313484468,6393.940018885139,12261.451752358886,-187500.02235174447,-187500.02235174447,-187500.02235174447,-187500.02235174447
não,2513.8336436550194,-7892.043339257639,6879.621074154506,12199.738585917781,-187500.02235174447,-187500.02235174447,-187500.02235174447,-187500.02235174447
não,2583.7946038001305,-7844.054143912094,7153.519350709838,12182.79596362066,-187500.02235174447,-187500.02235174447,-187500.02235174447,-187500.02235174447
não,2365.730984894155,-7862.2931673876255,6780.200514817299,12245.827882984626,-187500.02235174447,-187500.02235174447,-187500.02235174447,-187500.02235174447
não,2223.2386139915725,-7912.4281302008785,6391.369568272778,12284.876380548047,-187500.02235174447,-187500.02235174447,-187500.02235174447,-187500.02235174447
não,2463.519866886123,-7899.777042839175,6778.01004386068,12213.462557013341,-187500.02235174447,-187500.02235174447,-187500.02235174447,-187500.02235174447
não,2598.4573481628117,-7843.540053789623,7161.901254880579,12192.295455014164,-187500.02235174447,-187500.02235174447,-187500.02235174447,-187500.02235174447
não,2406.7464359696432,-7854.1347806614385,6874.971911307802,12246.52078706274,-187500.02235174447,-187500.02235174447,-187500.02235174447,-187500.02235174447
não,2206.228936461084,-7911.824633100586,6403.9312486566605,12285.278711948242,-187500.02235174447,-187500.02235174447,-187500.02235174447,-187500.02235174447
não,2393.9388863967524,-7913.433958701367,6660.931606403781,12237.647144513983,-187500.02235174447,-187500.02235174447,-187500.02235174447,-187500.02235174447
não,2594.8810690499627,-7847.339850347024,7143.170493027031,12210.757995934247,-187500.02235174447,-187500.02235174447,-187500.02235174447,-187500.02235174447
não,2454.8026865485535,-7841.707210744287,6972.358461899575,12251.304060376175,-187500.02235174447,-187500.02235174447,-187500.02235174447,-187500.02235174447
não,2219.1705965007063,-7895.686673603854,6460.011775495026,12289.413784672473,-187500.02235174447,-187500.02235174447,-187500.02235174447,-187500.02235174447
não,2334.0362112565294,-7915.579726169077,6558.448858076198,12238.9882491813,-187500.02235174447,-187500.02235174447,-187500.02235174447,-187500.02235174447
não,2573.266932161681,-7861.108524931494,7087.447594099951,12188.473306712307,-187500.02235174447,-187500.02235174447,-187500.02235174447,-187500.02235174447
não,2488.553820676067,-7840.969603177262,7040.933613888456,12234.942583434891,-187500.02235174447,-187500.02235174447,-187500.02235174447,-187500.02235174447
não,2244.53982645748,-7885.60603685451,6536.38768629881,12292.408918429484,-187500.02235174447,-187500.02235174447,-187500.02235174447,-187500.02235174447
não,2292.305504358471,-7921.368827983002,6482.18470599469,12265.653880316482,-187500.02235174447,-187500.02235174447,-187500.02235174447,-187500.02235174447
não,2567.5448855811223,-7871.300920403114,7032.0599713397,12200.878524885002,-187500.02235174447,-187500.02235174447,-187500.02235174447,-187500.02235174447
não,2529.7480857071982,-7840.187292121326,7092.4096813690285,12214.960123891846,-187500.02235174447,-187500.02235174447,-187500.02235174447,-187500.02235174447
não,2278.514478029547,-7880.912170518896,6605.476928410164,12272.985252497823,-187500.02235174447,-187500.02235174447,-187500.02235174447,-187500.02235174447
não,2258.219094064128,-7922.776987883686,6420.695056998141,12283.71408983637,-187500.02235174447,-187500.02235174447,-187500.02235174447,-187500.02235174447
não,2537.5488445221004,-7878.565237351088,6952.040726189701,12217.262353570743,-187500.02235174447,-187500.02235174447,-187500.02235174447,-187500.02235174447
não,2560.258216888692,-7834.666411240865,7133.916870822534,12205.907667387446,-187500.02235174447,-187500.02235174447,-187500.02235174447,-187500.02235174447
não,2321.0274959835406,-7866.741164534232,6703.109348190946,12254.656822044471,-187500.02235174447,-187500.02235174447,-187500.02235174447,-187500.02235174447
não,2216.354276699338,-7919.357170982024,6380.618379189776,12280.070755490156,-187500.02235174447,-187500.02235174447,-187500.02235174447,-187500.02235174447
não,2491.459547455257,-7896.334874193058,6848.30628017262,12218.536403004695,-187500.02235174447,-187500.02235174447,-187500.02235174447,-187500.02235174447
não,2590.5895341145438,-7844.389420078925,7162.348289769685,12207.181716821398,-187500.02235174447,-187500.02235174447,-187500.02235174447,-187500.02235174447
não,2379.1867350562497,-7858.538074319134,6806.910849441391,12259.931833735924,-187500.02235174447,-187500.02235174447,-187500.02235174447,-187500.02235174447
não,2210.2522504630388,-7913.143386023448,6387.815640904384,12283.512924136272,-187500.02235174447,-187500.02235174447,-187500.02235174447,-187500.02235174447
não,2440.8104945195314,-7905.4990894197335,6742.828398088026,12225.308981574653,-187500.02235174447,-187500.02235174447,-187500.02235174447,-187500.02235174447
não,2600.1113772525046,-7847.406905580391,7154.8604553771565,12197.928094616902,-187500.02235174447,-187500.02235174447,-187500.02235174447,-187500.02235174447
não,2419.822206475998,-7853.732449261242,6894.4179289839185,12247.481912074318,-187500.02235174447,-187500.02235174447,-187500.02235174447,-187500.02235174447
não,2215.5943173878572,-7910.014141799706,6414.1459958727355,12294.28646496373,-187500.02235174447,-187500.02235174447,-187500.02235174447,-187500.02235174447
não,2392.441319518247,-7914.618601157499,6636.2552805251225,12239.100007903578,-187500.02235174447,-187500.02235174447,-187500.02235174447,-187500.02235174447
não,2600.424301674879,-7852.592510294022,7131.726399865914,12195.424699237908,-187500.02235174447,-187500.02235174447,-187500.02235174447,-187500.02235174447
não,2472.549971646067,-7843.763571234175,6988.563476629673,12241.46929281584,-187500.02235174447,-187500.02235174447,-187500.02235174447,-187500.02235174447
não,2232.5145879405245,-7896.267818959692,6473.221656468112,12294.800555086204,-187500.02235174447,-187500.02235174447,-187500.02235174447,-187500.02235174447
não,2334.7067635901885,-7921.100607049538,6541.819160201449,12258.210749412865,-187500.02235174447,-187500.02235174447,-187500.02235174447,-187500.02235174447
não,2589.0249120026724,-7863.142533676927,7088.900457489545,12200.722062673816,-187500.02235174447,-187500.02235174447,-187500.02235174447,-187500.02235174447
não,2513.4089605103686,-7842.4001148224015,7057.675070485481,12222.55971700665,-187500.02235174447,-187500.02235174447,-187500.02235174447,-187500.02235174447
não,2259.0014051200637,-7889.539943878644,6543.517892780053,12277.924988022445,-187500.02235174447,-187500.02235174447,-187500.02235174447,-187500.02235174447
não,2283.029530409519,-7926.465025718811,6453.440362625166,12259.060115702167,-187500.02235174447,-187500.02235174447,-187500.02235174447,-187500.02235174447
não,2565.265007646681,-7876.12889720546,7013.2845059972415,12198.665702183927,-187500.02235174447,-187500.02235174447,-187500.02235174447,-187500.02235174447
não,2545.9531004372957,-7844.009440423184,7107.273591431808,12212.054397112655,-187500.02235174447,-187500.02235174447,-187500.02235174447,-187500.02235174447
não,2296.9323154607196,-7876.106545461005,6635.40591423582,12280.517790379261,-187500.02235174447,-187500.02235174447,-187500.02235174447,-187500.02235174447
não,2248.2949195259716,-7921.94997333884,6406.725216713574,12284.854028803591,-187500.02235174447,-187500.02235174447,-187500.02235174447,-187500.02235174447
não,2529.0998851179943,-7886.388347910446,6923.184624097899,12209.059263355644,-187500.02235174447,-187500.02235174447,-187500.02235174447,-187500.02235174447
não,2575.479754862756,-7839.472036298756,7142.790513371291,12195.961141104835,-187500.02235174447,-187500.02235174447,-187500.02235174447,-187500.02235174447
não,2343.5580543944902,-7866.249426156214,6735.675839862328,12252.645165043494,-187500.02235174447,-187500.02235174447,-187500.02235174447,-187500.02235174447
não,2235.956756586642,-7916.362037225013,6412.335504571856,12278.461429889374,-187500.02235174447,-187500.02235174447,-187500.02235174447,-187500.02235174447
não,2468.4148989218356,-7898.480641660767,6808.497823297718,12217.597629737573,-187500.02235174447,-187500.02235174447,-187500.02235174447,-187500.02235174447
não,2606.5710314000885,-7841.908376444385,7183.940074913511,12198.330426017097,-187500.02235174447,-187500.02235174447,-187500.02235174447,-187500.02235174447
não,2387.725101438177,-7853.8442079835195,6822.82529149357,12253.628641799527,-187500.02235174447,-187500.02235174447,-187500.02235174447,-187500.02235174447
não,2226.8819483377874,-7916.071464547094,6398.946809643127,12277.500304877794,-187500.02235174447,-187500.02235174447,-187500.02235174447,-187500.02235174447
não,2428.3158693690148,-7911.08702553356,6701.924705734815,12227.454749042363,-187500.02235174447,-187500.02235174447,-187500.02235174447,-187500.02235174447
não,2615.847005349041,-7853.106600416494,7159.956653112967,12195.402347493453,-187500.02235174447,-187500.02235174447,-187500.02235174447,-187500.02235174447
não,2430.014601947618,-7855.274719628659,6908.052493101656,12241.692810260392,-187500.02235174447,-187500.02235174447,-187500.02235174447,-187500.02235174447
não,2208.53116613998,-7915.020932557694,6395.1246613412695,12283.1999997139,-187500.02235174447,-187500.02235174447,-187500.02235174447,-187500.02235174447
não,2372.7047291642107,-7921.502938449734,6596.245657950122,12240.642278270994,-187500.02235174447,-187500.02235174447,-187500.02235174447,-187500.02235174447
não,2599.6643423633986,-7854.894739972919,7119.879975304601,12194.642388181972,-187500.02235174447,-187500.02235174447,-187500.02235174447,-187500.02235174447
não,2488.978503820718,-7843.093018900517,7005.774319860258,12225.04076064119,-187500.02235174447,-187500.02235174447,-187500.02235174447,-187500.02235174447
não,2242.34935550086,-7898.123013749482,6484.106956017847,12279.646072345504,-187500.02235174447,-187500.02235174447,-187500.02235174447,-187500.02235174447
não,2327.5765571089455,-7926.2191565298035,6510.638476686297,12249.068885930645,-187500.02235174447,-187500.02235174447,-187500.02235174447,-187500.02235174447
não,2593.9199440383845,-7868.819876768574,7068.49331480185,12193.390690492475,-187500.02235174447,-187500.02235174447,-187500.02235174447,-187500.02235174447
não,2526.3729722944468,-7845.350545090502,7072.606035781627,12211.003865123257,-187500.02235174447,-187500.02235174447,-187500.02235174447,-187500.02235174447
$SILENCE,2270.2219808366276,-7890.925752034874,6565.400250601799,12270.615967585562,-187500.02235174447,-187500.02235174447,-187500.02235174447,-187500.02235174447
$SILENCE,2283.923600187731,-7929.527214709189,6443.18091192018,12264.066906460155,-187500.02235174447,-187500.02235174447,-187500.02235174447,-187500.02235174447
$SILENCE,2572.529324594656,-7876.575932094566,6998.420595934463,12204.946542375868,-187500.02235174447,-187500.02235174447,-187500.02235174447,-187500.02235174447
$SILENCE,2572.194048427826,-7837.88506244243,7132.419303944029,12215.205993080854,-187500.02235174447,-187500.02235174447,-187500.02235174447,-187500.02235174447
$SILENCE,2317.0935889594066,-7872.552618092611,6664.217312838711,12264.08925820461,-187500.02235174447,-187500.02235174447,-187500.02235174447,-187500.02235174447
$SILENCE,2245.702117169156,-7923.827519873085,6394.230591563058,12267.598482084095,-187500.02235174447,-187500.02235174447,-187500.02235174447,-187500.02235174447
$SILENCE,2528.630498484433,-7892.222153213282,6899.536478464184,12202.778423163703,-187500.02235174447,-187500.02235174447,-187500.02235174447,-187500.02235174447
$SILENCE,2595.5739731280773,-7845.328193346048,7155.553359455271,12194.240056781777,-187500.02235174447,-187500.02235174447,-187500.02235174447,-187500.02235174447
$SILENCE,2371.430679730258,-7866.964681978784,6761.2909390081095,12255.305022633675,-187500.02235174447,-187500.02235174447,-187500.02235174447,-187500.02235174447
$SILENCE,2231.3970007177595,-7922.128787294482,6380.171344300669,12277.992043255812,-187500.02235174447,-187500.02235174447,-187500.02235174447,-187500.02235174447
$SILENCE,2480.6413031388884,-7901.296961462136,6795.690273724827,12208.388711021986,-187500.02235174447,-187500.02235174447,-187500.02235174447,-187500.02235174447
$SILENCE,2605.5875546440548,-7844.45647531229,7164.829333404224,12181.499562442252,-187500.02235174447,-187500.02235174447,-187500.02235174447,-187500.02235174447
$SILENCE,2411.753226727632,-7855.162960906382,6856.487018643263,12233.176795622921,-187500.02235174447,-187500.02235174447,-187500.02235174447,-187500.02235174447
$SILENCE,2225.5184919260137,-7915.557374424622,6393.582390973854,12276.829752544136,-187500.02235174447,-187500.02235174447,-187500.02235174447,-187500.02235174447
$SILENCE,2433.43441884928,-7915.467967446801,6690.122984662412,12225.0854641301,-187500.02235174447,-187500.02235174447,-187500.02235174447,-187500.02235174447
$SILENCE,2639.226930049292,-7848.323327103059,7187.024615648344,12184.673510154906,-187500.02235174447,-187500.02235174447,-187500.02235174447,-187500.02235174447
$SILENCE,2464.883323297897,-7844.590585779022,6961.987252472312,12231.321600833131,-187500.02235174447,-187500.02235174447,-187500.02235174447,-187500.02235174447
$SILENCE,2238.482503710092,-7906.348455709035,6451.0040224795375,12286.95509278239,-187500.02235174447,-187500.02235174447,-187500.02235174447,-187500.02235174447
$SILENCE,2367.988511084141,-7919.580688426578,6587.036739234536,12238.9882491813,-187500.02235174447,-187500.02235174447,-187500.02235174447,-187500.02235174447
$SILENCE,2594.1434614829377,-7863.880141243952,7083.938370220468,12184.0253095657,-187500.02235174447,-187500.02235174447,-187500.02235174447,-187500.02235174447
$SILENCE,2503.7306551612205,-7844.769399734664,7019.475939211362,12218.424644282419,-187500.02235174447,-187500.02235174447,-187500.02235174447,-187500.02235174447
$SILENCE,2251.3347567718934,-7890.165792723393,6502.0777585599135,12271.353575152585,-187500.02235174447,-187500.02235174447,-187500.02235174447,-187500.02235174447
$SILENCE,2308.6893330442113,-7924.408665228923,6484.308121717945,12247.213691140854,-187500.02235174447,-187500.02235174447,-187500.02235174447,-187500.02235174447
$SILENCE,2588.7566910692085,-7869.5574843356,7053.070611127689,12193.278931770199,-187500.02235174447,-187500.02235174447,-187500.02235174447,-187500.02235174447
$SILENCE,2552.4351063293348,-7839.337925832025,7099.159908194531,12220.771577450227,-187500.02235174447,-187500.02235174447,-187500.02235174447,-187500.02235174447
$SILENCE,2294.138347403806,-7881.046280985628,6596.379768416855,12272.225293186342,-187500.02235174447,-187500.02235174447,-187500.02235174447,-187500.02235174447
$SILENCE,2271.7866029484994,-7926.733246652276,6425.8806617117725,12256.936699978913,-187500.02235174447,-187500.02235174447,-187500.02235174447,-187500.02235174447
$SILENCE,2560.7723070111642,-7880.912170518896,6976.38177590153,12193.636559681483,-187500.02235174447,-187500.02235174447,-187500.02235174447,-187500.02235174447
$SILENCE,2580.1512694539156,-7838.510911287179,7144.399838972073,12201.526725474207,-187500.02235174447,-187500.02235174447,-187500.02235174447,-187500.02235174447
$SILENCE,2329.655269343289,-7870.205684924804,6689.631246284395,12259.28363314672,-187500.02235174447,-187500.02235174447,-187500.02235174447,-187500.02235174447
$SILENCE,2239.086000810385,-7924.14044429546,6384.820507147373,12267.352612895085,-187500.02235174447,-187500.02235174447,-187500.02235174447,-187500.02235174447
$SILENCE,2519.7345041912204,-7897.184240482359,6874.971911307802,12202.17492606341,-187500.02235174447,-187500.02235174447,-187500.02235174447,-187500.02235174447
$SILENCE,2599.641990618943,-7843.383591578436,7165.924568882534,12188.473306712307,-187500.02235174447,-187500.02235174447,-187500.02235174447,-187500.02235174447
$SILENCE,2378.2926652780375,-7859.1862749083375,6790.147041099911,12244.911461461958,-187500.02235174447,-187500.02235174447,-187500.02235174447,-187500.02235174447
$SILENCE,2229.0053640610413,-7914.730359879775,6381.601855945809,12275.756868810282,-187500.02235174447,-187500.02235174447,-187500.02235174447,-187500.02235174447
$SILENCE,2476.908561814852,-7901.654589373421,6774.925503125847,12216.412987281441,-187500.02235174447,-187500.02235174447,-187500.02235174447,-187500.02235174447
$SILENCE,2623.7595228862197,-7843.540053789623,7176.340481798707,12187.93686484538,-187500.02235174447,-187500.02235174447,-187500.02235174447,-187500.02235174447
$SILENCE,2433.456770593735,-7852.9054347163965,6889.947580092858,12234.652010756972,-187500.02235174447,-187500.02235174447,-187500.02235174447,-187500.02235174447
$SILENCE,2228.983012316586,-7912.673999389887,6403.283048067457,12270.52656060774,-187500.02235174447,-187500.02235174447,-187500.02235174447,-187500.02235174447
$SILENCE,2422.012677432618,-7916.496147691745,6663.479705271686,12221.196260594877,-187500.02235174447,-187500.02235174447,-187500.02235174447,-187500.02235174447
$SILENCE,2624.228909519781,-7856.235844640237,7151.530045453316,12182.572446176106,-187500.02235174447,-187500.02235174447,-187500.02235174447,-187500.02235174447
$SILENCE,2479.233143238204,-7847.652774769399,6973.498400866795,12225.84542344158,-187500.02235174447,-187500.02235174447,-187500.02235174447,-187500.02235174447
$SILENCE,2242.8410938788766,-7900.604057384022,6454.736763803574,12281.411860157474,-187500.02235174447,-187500.02235174447,-187500.02235174447,-187500.02235174447
$SILENCE,2368.2790837620596,-7921.659400660921,6563.455648834187,12237.289516602697,-187500.02235174447,-187500.02235174447,-187500.02235174447,-187500.02235174447
$SILENCE,2634.778932902686,-7859.141571419427,7135.190920256487,12169.161399502922,-187500.02235174447,-187500.02235174447,-187500.02235174447,-187500.02235174447
$SILENCE,2538.129989877938,-7838.354449075991,7077.366957350607,12200.65500744045,-187500.02235174447,-187500.02235174447,-187500.02235174447,-187500.02235174447
$SILENCE,2271.630140737312,-7893.719720091787,6530.151549595779,12263.508112848773,-187500.02235174447,-187500.02235174447,-187500.02235174447,-187500.02235174447
$SILENCE,2320.826330283443,-7924.587479184566,6495.305179989956,12245.872586473535,-187500.02235174447,-187500.02235174447,-187500.02235174447,-187500.02235174447
$SILENCE,2579.458365375801,-7875.838324527541,7014.0444653087225,12188.585065434583,-187500.02235174447,-187500.02235174447,-187500.02235174447,-187500.02235174447
$SILENCE,2560.3699756109686,-7843.450646811802,7096.120070948609,12193.636559681483,-187500.02235174447,-187500.02235174447,-187500.02235174447,-187500.02235174447
$SILENCE,2307.16941442125,-7883.884952531452,6608.248544722623,12253.338069121608,-187500.02235174447,-187500.02235174447,-187500.02235174447,-187500.02235174447
$SILENCE,2269.2385040805943,-7930.063656576116,6404.64650447923,12254.165083666454,-187500.02235174447,-187500.02235174447,-187500.02235174447,-187500.02235174447
$SILENCE,2554.1114871634827,-7890.188144467848,6944.642298774994,12187.735699145282,-187500.02235174447,-187500.02235174447,-187500.02235174447,-187500.02235174447
$SILENCE,2598.099720251527,-7842.154245633394,7155.46395247745,12189.79205963517,-187500.02235174447,-187500.02235174447,-187500.02235174447,-187500.02235174447
$SILENCE,2359.293682491026,-7866.584702323044,6725.081112990512,12254.746229022292,-187500.02235174447,-187500.02235174447,-187500.02235174447,-187500.02235174447
$SILENCE,2247.1996840476613,-7923.447540217346,6386.519239725976,12268.783124540225,-187500.02235174447,-187500.02235174447,-187500.02235174447,-187500.02235174447
$SILENCE,2521.8355681700195,-7896.446632915335,6858.096344244045,12204.521859231218,-187500.02235174447,-187500.02235174447,-187500.02235174447,-187500.02235174447
$SILENCE,2627.6934299103536,-7843.249481111704,7180.855534178679,12186.484001455785,-187500.02235174447,-187500.02235174447,-187500.02235174447,-187500.02235174447
$SILENCE,2410.1662528713055,-7862.628443554455,6822.802939749115,12241.245775371288,-187500.02235174447,-187500.02235174447,-187500.02235174447,-187500.02235174447
$SILENCE,2235.6214804198125,-7921.145310538449,6382.674739679664,12269.990118740812,-187500.02235174447,-187500.02235174447,-187500.02235174447,-187500.02235174447
$SILENCE,2466.045614009573,-7909.634162143966,6739.185063741811,12212.009693623746,-187500.02235174447,-187500.02235174447,-187500.02235174447,-187500.02235174447
$SILENCE,2632.230834034781,-7846.691649757821,7166.148086327087,12189.0768038126,-187500.02235174447,-187500.02235174447,-187500.02235174447,-187500.02235174447
$SILENCE,2455.4061836488468,-7847.2727951136585,6909.058321602145,12231.1874903664,-187500.02235174447,-187500.02235174447,-187500.02235174447,-187500.02235174447
$SILENCE,2239.6000909328573,-7906.2590487312145,6412.335504571856,12270.705374563382,-187500.02235174447,-187500.02235174447,-187500.02235174447,-187500.02235174447
$SILENCE,2417.587032030467,-7916.697313391843,6634.288327013055,12222.582068751106,-187500.02235174447,-187500.02235174447,-187500.02235174447,-187500.02235174447
$SILENCE,2638.668136437909,-7856.951100462807,7147.46202796245,12173.810562349625,-187500.02235174447,-187500.02235174447,-187500.02235174447,-187500.02235174447
$SILENCE,2501.9872190937067,-7844.612937523478,7000.409901190985,12212.27791455721,-187500.02235174447,-187500.02235174447,-187500.02235174447,-187500.02235174447
$SILENCE,2254.1287248288068,-7897.899496304929,6472.953435534649,12270.168932696455,-187500.02235174447,-187500.02235174447,-187500.02235174447,-187500.02235174447
$SILENCE,2358.46666794618,-7923.04520881715,6537.080590376925,12241.55869979366,-187500.02235174447,-187500.02235174447,-187500.02235174447,-187500.02235174447
$SILENCE,2625.972345587295,-7864.595397066521,7097.036492471278,12184.874675855002,-187500.02235174447,-187500.02235174447,-187500.02235174447,-187500.02235174447
$SILENCE,2546.8918737044187,-7840.231995610237,7070.683785758471,12206.801737165659,-187500.02235174447,-187500.02235174447,-187500.02235174447,-187500.02235174447
$SILENCE,2286.8740304558314,-7889.070557245083,6549.709325994173,12262.099952948089,-187500.02235174447,-187500.02235174447,-187500.02235174447,-187500.02235174447
$SILENCE,2308.9799057221303,-7930.041304831661,6454.602653336841,12247.481912074318,-187500.02235174447,-187500.02235174447,-187500.02235174447,-187500.02235174447
$SILENCE,2593.8528888050187,-7878.073498973072,7020.168843289476,12192.27310326971,-187500.02235174447,-187500.02235174447,-187500.02235174447,-187500.02235174447
$SILENCE,2583.1687549553817,-7839.561443276578,7130.69821962097,12209.148670333467,-187500.02235174447,-187500.02235174447,-187500.02235174447,-187500.02235174447
$SILENCE,2339.9147200482753,-7879.079327473561,6659.724612203195,12253.136903421511,-187500.02235174447,-187500.02235174447,-187500.02235174447,-187500.02235174447
$SILENCE,2295.412396837759,-7923.827519873085,6444.65612705423,12255.908519733968,-187500.02235174447,-187500.02235174447,-187500.02235174447,-187500.02235174447
$SILENCE,2554.558522052589,-7889.22701945627,6922.1787955974105,12196.117603316023,-187500.02235174447,-187500.02235174447,-187500.02235174447,-187500.02235174447
$SILENCE,2628.967479344306,-7838.197986864804,7188.6115895046705,12189.501486957251,-187500.02235174447,-187500.02235174447,-187500.02235174447,-187500.02235174447
$SILENCE,2370.0895750629397,-7864.304824388603,6727.495101391685,12247.70542951887,-187500.02235174447,-187500.02235174447,-187500.02235174447,-187500.02235174447
$SILENCE,2252.787620161488,-7920.944144838351,6370.8283151183505,12267.821999528647,-187500.02235174447,-187500.02235174447,-187500.02235174447,-187500.02235174447
$SILENCE,2522.2378995702147,-7900.291132961647,6824.725189772272,12199.179792306399,-187500.02235174447,-187500.02235174447,-187500.02235174447,-187500.02235174447
$SILENCE,2639.293985282658,-7843.1600741338825,7179.84970567819,12179.376146718998,-187500.02235174447,-187500.02235174447,-187500.02235174447,-187500.02235174447
$SILENCE,2421.2527181211376,-7855.162960906382,6842.83010278107,12226.806548453158,-187500.02235174447,-187500.02235174447,-187500.02235174447,-187500.02235174447
$SILENCE,2233.900396096754,-7912.338723223058,6385.960446114594,12264.80451402718,-187500.02235174447,-187500.02235174447,-187500.02235174447,-187500.02235174447
$SILENCE,2464.01160526414,-7910.952915066829,6713.368798895932,12213.060225613144,-187500.02235174447,-187500.02235174447,-187500.02235174447,-187500.02235174447
$SILENCE,2650.4698575103116,-7850.066763170572,7164.337595026207,12183.332405487587,-187500.02235174447,-187500.02235174447,-187500.02235174447,-187500.02235174447
$SILENCE,2483.010588051151,-7850.536149804134,6935.723952737326,12232.573298522628,-187500.02235174447,-187500.02235174447,-187500.02235174447,-187500.02235174447
$SILENCE,2258.956701631153,-7904.627371385976,6429.769865246995,12278.90846477848,-187500.02235174447,-187500.02235174447,-187500.02235174447,-187500.02235174447
$SILENCE,2413.630773261878,-7917.926659336885,6613.098873269424,12224.817243196636,-187500.02235174447,-187500.02235174447,-187500.02235174447,-187500.02235174447
$SILENCE,2641.193883561359,-7855.386478350935,7137.381391213106,12175.084611783579,-187500.02235174447,-187500.02235174447,-187500.02235174447,-187500.02235174447
$SILENCE,2520.494463502701,-7843.472998556256,7019.140663044533,12204.27599004221,-187500.02235174447,-187500.02235174447,-187500.02235174447,-187500.02235174447
$SILENCE,2268.0985651133738,-7896.647798615432,6490.119575276324,12255.707354033872,-187500.02235174447,-187500.02235174447,-187500.02235174447,-187500.02235174447
$SILENCE,2354.8680370888756,-7922.911098350418,6516.405226755765,12233.914403189947,-187500.02235174447,-187500.02235174447,-187500.02235174447,-187500.02235174447
$SILENCE,2634.2424910357586,-7863.835437755041,7089.861582501124,12180.873713597503,-187500.02235174447,-187500.02235174447,-187500.02235174447,-187500.02235174447
$SILENCE,2565.689690791332,-7837.50508278669,7096.991788982366,12202.666664441427,-187500.02235174447,-187500.02235174447,-187500.02235174447,-187500.02235174447
$SILENCE,2305.4483300981915,-7881.89564727493,6578.878352508349,12264.245720415798,-187500.02235174447,-187500.02235174447,-187500.02235174447,-187500.02235174447
$SILENCE,2308.242298155105,-7926.017990829706,6442.264490397512,12250.52174932024,-187500.02235174447,-187500.02235174447,-187500.02235174447,-187500.02235174447
$SILENCE,2593.808185316108,-7883.1920484533375,6998.174726745454,12176.962158317823,-187500.02235174447,-187500.02235174447,-187500.02235174447,-187500.02235174447
$SILENCE,2602.905345309418,-7839.941422932318,7140.734152881402,12192.720138158815,-187500.02235174447,-187500.02235174447,-187500.02235174447,-187500.02235174447
$SILENCE,2353.37047021037,-7870.876237258463,6674.32030133251,12252.801627254681,-187500.02235174447,-187500.02235174447,-187500.02235174447,-187500.02235174447
$SILENCE,2281.084928641907,-7922.397008227946,6401.092577110837,12263.150484937489,-187500.02235174447,-187500.02235174447,-187500.02235174447,-187500.02235174447
$SILENCE,2565.846153002519,-7891.126917734971,6913.483967004296,12197.279894027699,-187500.02235174447,-187500.02235174447,-187500.02235174447,-187500.02235174447
$SILENCE,2630.0403630781607,-7840.477864799245,7174.842914920201,12186.46164971133,-187500.02235174447,-187500.02235174447,-187500.02235174447,-187500.02235174447
$SILENCE,2394.430624774769,-7863.142533676927,6771.572741457551,12239.904670703969,-187500.02235174447,-187500.02235174447,-187500.02235174447,-187500.02235174447
$SILENCE,2253.145248072773,-7920.810034371619,6378.539666955432,12270.191284440909,-187500.02235174447,-187500.02235174447,-187500.02235174447,-187500.02235174447
$SILENCE,2511.062027342561,-7902.0345690291615,6799.020683648669,12210.534478489695,-187500.02235174447,-187500.02235174447,-187500.02235174447,-187500.02235174447
$SILENCE,2656.7730494467082,-7839.852015954497,7209.488118825927,12175.844571095058,-187500.02235174447,-187500.02235174447,-187500.02235174447,-187500.02235174447
$SILENCE,2434.4178956053133,-7852.771324249665,6863.907797802424,12234.964935179345,-187500.02235174447,-187500.02235174447,-187500.02235174447,-187500.02235174447
$SILENCE,2242.7293351566,-7912.673999389887,6387.770937415474,12274.169894953955,-187500.02235174447,-187500.02235174447,-187500.02235174447,-187500.02235174447
$SILENCE,2446.9348725002856,-7912.785758112163,6677.471897300708,12217.396464037474,-187500.02235174447,-187500.02235174447,-187500.02235174447,-187500.02235174447
$SILENCE,2643.898444640451,-7851.0278881821505,7156.156856555564,12178.593835663061,-187500.02235174447,-187500.02235174447,-187500.02235174447,-187500.02235174447
$SILENCE,2486.609218908455,-7847.429257324846,6952.308947123164,12217.642333226482,-187500.02235174447,-187500.02235174447,-187500.02235174447,-187500.02235174447
$SILENCE,2253.793448661977,-7902.883935318463,6436.363629861311,12268.09022046211,-187500.02235174447,-187500.02235174447,-187500.02235174447,-187500.02235174447
$SILENCE,2396.6434474758444,-7920.2288890157815,6582.2534659211005,12234.942583434891,-187500.02235174447,-187500.02235174447,-187500.02235174447,-187500.02235174447
$SILENCE,2644.390183018468,-7856.951100462807,7124.327972451208,12187.042795067167,-187500.02235174447,-187500.02235174447,-187500.02235174447,-187500.02235174447
$SILENCE,2536.431257299335,-7841.371934577458,7037.424390008973,12216.949429148368,-187500.02235174447,-187500.02235174447,-187500.02235174447,-187500.02235174447
$SILENCE,2279.699120485678,-7891.193972968337,6509.163261552247,12269.297214662698,-187500.02235174447,-187500.02235174447,-187500.02235174447,-187500.02235174447
$SILENCE,2341.635804371334,-7926.733246652276,6494.612275911842,12243.503301561273,-187500.02235174447,-187500.02235174447,-187500.02235174447,-187500.02235174447
$SILENCE,2616.13757802696,-7867.970510479273,7066.3475473341405,12187.959216589836,-187500.02235174447,-187500.02235174447,-187500.02235174447,-187500.02235174447
$SILENCE,2568.014272214684,-7837.840358953519,7101.953876251445,12204.521859231218,-187500.02235174447,-187500.02235174447,-187500.02235174447,-187500.02235174447
$SILENCE,2317.585327337423,-7879.079327473561,6597.407948661798,12258.18839766841,-187500.02235174447,-187500.02235174447,-187500.02235174447,-187500.02235174447
$SILENCE,2305.6718475427447,-7921.927621594385,6424.807777977918,12253.025144699233,-187500.02235174447,-187500.02235174447,-187500.02235174447,-187500.02235174447
$SILENCE,2587.549696868622,-7881.381557152457,6973.699566566893,12187.109850300534,-187500.02235174447,-187500.02235174447,-187500.02235174447,-187500.02235174447
$SILENCE,2606.392217444446,-7839.650850254399,7144.578652927716,12193.837725381582,-187500.02235174447,-187500.02235174447,-187500.02235174447,-187500.02235174447
$SILENCE,2367.630883172856,-7870.69742330282,6695.554458565052,12256.37790636753,-187500.02235174447,-187500.02235174447,-187500.02235174447,-187500.02235174447
$SILENCE,2267.6068267353567,-7922.553470439133,6386.161611814691,12268.939586751412,-187500.02235174447,-187500.02235174447,-187500.02235174447,-187500.02235174447
$SILENCE,2540.4098678123796,-7887.818859555586,6875.061318285623,12202.17492606341,-187500.02235174447,-187500.02235174447,-187500.02235174447,-187500.02235174447
$SILENCE,2629.6380316779655,-7836.275736841648,7171.981891629922,12191.624902680505,-187500.02235174447,-187500.02235174447,-187500.02235174447,-187500.02235174447
$SILENCE,2407.3052295810257,-7857.196969651815,6792.493974267719,12243.123321905532,-187500.02235174447,-187500.02235174447,-187500.02235174447,-187500.02235174447
$SILENCE,2251.602977705357,-7914.506842435222,6376.326844254357,12269.610139085073,-187500.02235174447,-187500.02235174447,-187500.02235174447,-187500.02235174447
$SILENCE,2495.326399246025,-7902.749824851731,6765.0460320766015,12212.412025023941,-187500.02235174447,-187500.02235174447,-187500.02235174447,-187500.02235174447
$SILENCE,2644.233720807281,-7842.98126017824,7172.250112563385,12188.719175901315,-187500.02235174447,-187500.02235174447,-187500.02235174447,-187500.02235174447
$SILENCE,2457.3507854164586,-7851.36316434898,6888.4276614698965,12238.27299335873,-187500.02235174447,-187500.02235174447,-187500.02235174447,-187500.02235174447
$SILENCE,2247.4232014922145,-7910.483528433268,6401.673722466675,12280.629549101539,-187500.02235174447,-187500.02235174447,-187500.02235174447,-187500.02235174447
$SILENCE,2435.8931107393637,-7910.774101111187,6652.84027491096,12223.56554550714,-187500.02235174447,-187500.02235174447,-187500.02235174447,-187500.02235174447
$SILENCE,2649.106401098538,-7847.339850347024,7151.910025109056,12181.723079886804,-187500.02235174447,-187500.02235174447,-187500.02235174447,-187500.02235174447
$SILENCE,2505.6976086732875,-7843.9870886787285,6979.913351525468,12223.766711207238,-187500.02235174447,-187500.02235174447,-187500.02235174447,-187500.02235174447
$SILENCE,2268.791469191488,-7900.872278317485,6456.033164981981,12278.796706056202,-187500.02235174447,-187500.02235174447,-187500.02235174447,-187500.02235174447
$SILENCE,2386.7863281710543,-7921.122958793993,6553.777343485039,12239.882318959513,-187500.02235174447,-187500.02235174447,-187500.02235174447,-187500.02235174447
$SILENCE,2650.089877854571,-7860.929710975852,7121.109321249643,12181.052527553145,-187500.02235174447,-187500.02235174447,-187500.02235174447,-187500.02235174447
$SILENCE,2553.642100529921,-7837.303917086592,7063.06184089921,12207.092309843578,-187500.02235174447,-187500.02235174447,-187500.02235174447,-187500.02235174447
$SILENCE,2275.6534547392675,-7892.780946824664,6500.3343224924,12265.720935549849,-187500.02235174447,-187500.02235174447,-187500.02235174447,-187500.02235174447
$SILENCE,2324.1567402072837,-7923.313429750613,6458.245987683057,12247.034877185211,-187500.02235174447,-187500.02235174447,-187500.02235174447,-187500.02235174447
$SILENCE,2616.9869443162615,-7869.825705269063,7036.39620976403,12191.110812558034,-187500.02235174447,-187500.02235174447,-187500.02235174447,-187500.02235174447
$SILENCE,2588.913153280396,-7837.750951975698,7113.062693245733,12207.338179032586,-187500.02235174447,-187500.02235174447,-187500.02235174447,-187500.02235174447
$SILENCE,2328.8059030539875,-7880.0851559740495,6616.697504126729,12263.798685526692,-187500.02235174447,-187500.02235174447,-187500.02235174447,-187500.02235174447
$SILENCE,2292.0372834250074,-7927.4708542193,6406.03231263546,12259.060115702167,-187500.02235174447,-187500.02235174447,-187500.02235174447,-187500.02235174447
$SILENCE,2582.721720066276,-7885.18135370986,6948.0397639322,12195.31294051563,-187500.02235174447,-187500.02235174447,-187500.02235174447,-187500.02235174447
$SILENCE,2614.930583826373,-7834.688762985321,7150.881844864112,12197.525763216707,-187500.02235174447,-187500.02235174447,-187500.02235174447,-187500.02235174447
$SILENCE,2371.1177553078837,-7862.22611215426,6713.480557618208,12257.830769757125,-187500.02235174447,-187500.02235174447,-187500.02235174447,-187500.02235174447
$SILENCE,2257.995576619575,-7920.161833782415,6370.269521506968,12274.259301931776,-187500.02235174447,-187500.02235174447,-187500.02235174447,-187500.02235174447
$SILENCE,2539.940481178818,-7896.737205593254,6839.410285879409,12200.632655695994,-187500.02235174447,-187500.02235174447,-187500.02235174447,-187500.02235174447
$SILENCE,2646.4018400194454,-7840.522568288156,7167.623301461137,12183.69003339887,-187500.02235174447,-187500.02235174447,-187500.02235174447,-187500.02235174447
$SILENCE,2417.6764390082885,-7860.706193531299,6807.1343668859445,12237.513034047251,-187500.02235174447,-187500.02235174447,-187500.02235174447,-187500.02235174447
$SILENCE,2239.018945577019,-7919.580688426578,6370.269521506968,12278.752002567293,-187500.02235174447,-187500.02235174447,-187500.02235174447,-187500.02235174447
$SILENCE,2490.811346866053,-7905.409682441913,6733.641831116895,12226.650086241973,-187500.02235174447,-187500.02235174447,-187500.02235174447,-187500.02235174447
$SILENCE,2664.5291047726996,-7843.1600741338825,7169.9925863734,12195.827030638104,-187500.02235174447,-187500.02235174447,-187500.02235174447,-187500.02235174447
$SILENCE,2475.589808891989,-7847.898643958408,6911.181737325399,12240.061132915156,-187500.02235174447,-187500.02235174447,-187500.02235174447,-187500.02235174447
$SILENCE,2254.419297506726,-7906.795490598141,6407.529879513965,12279.891941534514,-187500.02235174447,-187500.02235174447,-187500.02235174447,-187500.02235174447
$SILENCE,2433.0097357046293,-7914.663304646409,6623.045399552036,12232.640353755995,-187500.02235174447,-187500.02235174447,-187500.02235174447,-187500.02235174447
$SILENCE,2646.871226653007,-7853.419524838869,7131.726399865914,12188.65212066795,-187500.02235174447,-187500.02235174447,-187500.02235174447,-187500.02235174447
$SILENCE,2507.8657278854525,-7842.668335755866,6982.19322945991,12217.687036715393,-187500.02235174447,-187500.02235174447,-187500.02235174447,-187500.02235174447
$SILENCE,2263.985844133597,-7895.060824759105,6458.625967338797,12272.649976330993,-187500.02235174447,-187500.02235174447,-187500.02235174447,-187500.02235174447
$SILENCE,2363.205237770705,-7920.541813438155,6525.81531117145,12247.884243474513,-187500.02235174447,-187500.02235174447,-187500.02235174447,-187500.02235174447
$SILENCE,2618.260993750214,-7862.092001687527,7086.7099865329255,12193.882428870491,-187500.02235174447,-187500.02235174447,-187500.02235174447,-187500.02235174447
$SILENCE,2553.2174173852704,-7837.438027553324,7064.7605734778135,12220.838632683592,-187500.02235174447,-187500.02235174447,-187500.02235174447,-187500.02235174447
$SILENCE,2295.1665276487506,-7881.94035076384,6539.7627997115615,12273.029955986734,-187500.02235174447,-187500.02235174447,-187500.02235174447,-187500.02235174447
$SILENCE,2321.0051442390854,-7920.094778549049,6447.60655732233,12265.028031471735,-187500.02235174447,-187500.02235174447,-187500.02235174447,-187500.02235174447
$SILENCE,2609.6332203904653,-7872.709080303798,7012.859822852591,12201.45967024084,-187500.02235174447,-187500.02235174447,-187500.02235174447,-187500.02235174447
$SILENCE,2594.769310327686,-7835.135797874427,7116.035475258288,12213.306094802154,-187500.02235174447,-187500.02235174447,-187500.02235174447,-187500.02235174447
$SILENCE,2345.4803044176465,-7872.0385279701395,6637.730495659172,12272.404107141985,-187500.02235174447,-187500.02235174447,-187500.02235174447,-187500.02235174447
$SILENCE,2284.6835594992112,-7920.765330882708,6390.430795005655,12272.851142031092,-187500.02235174447,-187500.02235174447,-187500.02235174447,-187500.02235174447
$SILENCE,2577.804336286108,-7883.482621131257,6915.048589116167,12210.93680988989,-187500.02235174447,-187500.02235174447,-187500.02235174447,-187500.02235174447
$SILENCE,2628.878072366485,-7834.867576940964,7148.959594840956,12207.673455199416,-187500.02235174447,-187500.02235174447,-187500.02235174447,-187500.02235174447
$SILENCE,2394.9447148972413,-7862.024946454161,6730.311421193054,12264.603348327084,-187500.02235174447,-187500.02235174447,-187500.02235174447,-187500.02235174447
$SILENCE,2271.8536581818653,-7918.574859926089,6370.247169762513,12284.138772981021,-187500.02235174447,-187500.02235174447,-187500.02235174447,-187500.02235174447
$SILENCE,2531.178597352338,-7895.75372883722,6810.934163443347,12222.47031002883,-187500.02235174447,-187500.02235174447,-187500.02235174447,-187500.02235174447
$SILENCE,2644.0772585960935,-7834.26407984067,7169.702013695481,12212.255562812754,-187500.02235174447,-187500.02235174447,-187500.02235174447,-187500.02235174447
$SILENCE,2437.10010493995,-7854.045373683617,6837.935070745358,12259.775371524736,-187500.02235174447,-187500.02235174447,-187500.02235174447,-187500.02235174447
$SILENCE,2248.0266985925077,-7916.049112802639,6365.575655171354,12287.603293371594,-187500.02235174447,-187500.02235174447,-187500.02235174447,-187500.02235174447
$SILENCE,2473.0640617685394,-7901.431071928868,6700.114214433935,12236.998943924778,-187500.02235174447,-187500.02235174447,-187500.02235174447,-187500.02235174447
$SILENCE,2647.072392353105,-7837.438027553324,7161.7894961583015,12204.588914464584,-187500.02235174447,-187500.02235174447,-187500.02235174447,-187500.02235174447
$SILENCE,2478.875515326919,-7838.510911287179,6933.712295736349,12254.723877277836,-187500.02235174447,-187500.02235174447,-187500.02235174447,-187500.02235174447
$SILENCE,2262.1306493438065,-7898.435938171857,6423.913708199705,12302.087223778633,-187500.02235174447,-187500.02235174447,-187500.02235174447,-187500.02235174447
$SILENCE,2416.1341686408723,-7915.825595358086,6585.8968002673155,12256.891996490001,-187500.02235174447,-187500.02235174447,-187500.02235174447,-187500.02235174447
$SILENCE,2651.09570635506,-7853.710097516788,7119.678809604503,12208.65693195545,-187500.02235174447,-187500.02235174447,-187500.02235174447,-187500.02235174447
$SILENCE,2538.3758590669468,-7829.614916993966,7018.403055477507,12244.933813206413,-187500.02235174447,-187500.02235174447,-187500.02235174447,-187500.02235174447
$SILENCE,2303.280210886027,-7865.489466844734,6511.353732508866,12319.923915853968,-187500.02235174447,-187500.02235174447,-187500.02235174447,-187500.02235174447
$SILENCE,2369.75429889611,-7902.66041787391,6498.188555024691,12276.270958932753,-187500.02235174447,-187500.02235174447,-187500.02235174447,-187500.02235174447
$SILENCE,2612.1589675139153,-7868.305786646103,7038.899605143024,12188.495658456763,-187500.02235174447,-187500.02235174447,-187500.02235174447,-187500.02235174447
$SILENCE,2563.6109785569884,-7834.666411240865,7064.961739177912,12228.058246142657,-187500.02235174447,-187500.02235174447,-187500.02235174447,-187500.02235174447
$SILENCE,2298.8992689727866,-7888.5117636337,6527.62580247233,12286.798630571204,-187500.02235174447,-187500.02235174447,-187500.02235174447,-187500.02235174447
$SILENCE,2296.0382456825073,-7933.23760428877,6390.274332794468,12268.738421051316,-187500.02235174447,-187500.02235174447,-187500.02235174447,-187500.02235174447
$SILENCE,2598.7032173518205,-7876.620635583477,6971.039708976711,12227.99119090929,-187500.02235174447,-187500.02235174447,-187500.02235174447,-187500.02235174447
não,2603.464138920801,-7834.26407984067,7138.163702269042,12239.748208492781,-187500.02235174447,-187500.02235174447,-187500.02235174447,-187500.02235174447
não,2357.8408191014314,-7867.098792445517,6676.443717055764,12299.986159799833,-187500.02235174447,-187500.02235174447,-187500.02235174447,-187500.02235174447
não,2270.4231465367257,-7910.014141799706,6366.2462075050125,12303.540087168229,-187500.02235174447,-187500.02235174447,-187500.02235174447,-187500.02235174447
não,2510.4138267533576,-7911.534060422667,6828.703800285316,12204.544210975673,-187500.02235174447,-187500.02235174447,-187500.02235174447,-187500.02235174447
não,2586.4097579014015,-7852.1454754049155,7100.903344262046,12201.16909756292,-187500.02235174447,-187500.02235174447,-187500.02235174447,-187500.02235174447
não,2381.6454269463334,-7866.294129645125,6749.980956313724,12276.539179866217,-187500.02235174447,-187500.02235174447,-187500.02235174447,-187500.02235174447
não,2246.931463114198,-7916.674961647387,6360.837085346829,12319.409825731496,-187500.02235174447,-187500.02235174447,-187500.02235174447,-187500.02235174447
não,2467.140849487883,-7912.763406367709,6726.735142080205,12220.905687916958,-187500.02235174447,-187500.02235174447,-187500.02235174447,-187500.02235174447
não,2592.064749248594,-7867.948158734818,7093.191992424964,12192.116641058523,-187500.02235174447,-187500.02235174447,-187500.02235174447,-187500.02235174447
não,2412.691999994755,-7866.294129645125,6809.078968653556,12250.074714431134,-187500.02235174447,-187500.02235174447,-187500.02235174447,-187500.02235174447
não,2239.8459601218656,-7904.627371385976,6361.798210358407,12303.562438912682,-187500.02235174447,-187500.02235174447,-187500.02235174447,-187500.02235174447
não,2433.3450118714586,-7921.100607049538,6637.708143914717,12235.814301468648,-187500.02235174447,-187500.02235174447,-187500.02235174447,-187500.02235174447
não,2604.1793947433707,-7883.057937986606,7091.40385286854,12173.251768738242,-187500.02235174447,-187500.02235174447,-187500.02235174447,-187500.02235174447
não,2465.5762273760115,-7857.88987372993,6904.587972711083,12233.601478767572,-187500.02235174447,-187500.02235174447,-187500.02235174447,-187500.02235174447
não,2228.603032660846,-7923.894575106451,6373.555227941898,12263.28459540422,-187500.02235174447,-187500.02235174447,-187500.02235174447,-187500.02235174447
não,2376.303360021515,-7937.864415391018,6533.906642664271,12245.425551584429,-187500.02235174447,-187500.02235174447,-187500.02235174447,-187500.02235174447
não,2642.7361539287754,-7869.89276050243,7095.807146526236,12202.1302225745,-187500.02235174447,-187500.02235174447,-187500.02235174447,-187500.02235174447
não,2510.033847097617,-7890.1210892344825,6952.823037245636,12194.441222481873,-187500.02235174447,-187500.02235174447,-187500.02235174447,-187500.02235174447
não,2286.896382200287,-7915.177394768882,6469.399508166255,12272.38175539753,-187500.02235174447,-187500.02235174447,-187500.02235174447,-187500.02235174447
não,2345.010917784085,-7943.161778826926,6441.593938063853,12249.493569075295,-187500.02235174447,-187500.02235174447,-187500.02235174447,-187500.02235174447
não,2586.6332753459546,-7902.883935318463,6989.122270241055,12168.93788205837,-187500.02235174447,-187500.02235174447,-187500.02235174447,-187500.02235174447
não,2544.0532021585946,-7878.676996073365,7061.541922276249,12213.686074457893,-187500.02235174447,-187500.02235174447,-187500.02235174447,-187500.02235174447
não,2291.791414235999,-7915.155043024426,6520.853223902372,12267.28555766172,-187500.02235174447,-187500.02235174447,-187500.02235174447,-187500.02235174447
não,2263.6505679667675,-7947.766238184719,6347.4036869291895,12257.830769757125,-187500.02235174447,-187500.02235174447,-187500.02235174447,-187500.02235174447
não,2549.618786527966,-7902.325141707081,6917.261411817242,12197.101080072056,-187500.02235174447,-187500.02235174447,-187500.02235174447,-187500.02235174447
não,2568.014272214684,-7869.736298291243,7089.9733412234,12179.398498463452,-187500.02235174447,-187500.02235174447,-187500.02235174447,-187500.02235174447
não,2322.167434950761,-7905.27557197518,6630.60028917793,12233.981458423312,-187500.02235174447,-187500.02235174447,-187500.02235174447,-187500.02235174447
não,2233.5204164410134,-7955.9246249109065,6335.378448412233,12255.886167989513,-187500.02235174447,-187500.02235174447,-187500.02235174447,-187500.02235174447
não,2526.708248461276,-7901.319313206592,6846.87576852748,12206.466460998829,-187500.02235174447,-187500.02235174447,-187500.02235174447,-187500.02235174447
não,2579.9948072427283,-7875.011309982695,7109.128786221599,12158.656079608927,-187500.02235174447,-187500.02235174447,-187500.02235174447,-187500.02235174447
não,2363.2275895151606,-7897.9889032827505,6740.637927131406,12226.784196708704,-187500.02235174447,-187500.02235174447,-187500.02235174447,-187500.02235174447
não,2205.96071552762,-7957.355136556046,6317.787625525907,12254.835636000114,-187500.02235174447,-187500.02235174447,-187500.02235174447,-187500.02235174447
não,2459.653015095355,-7941.328935781591,6711.647714572873,12199.380958006497,-187500.02235174447,-187500.02235174447,-187500.02235174447,-187500.02235174447
não,2613.321258225591,-7877.604112339511,7120.125844493609,12173.45293443834,-187500.02235174447,-187500.02235174447,-187500.02235174447,-187500.02235174447
não,2416.0671134075064,-7880.018100740684,6835.141102688444,12206.086481343089,-187500.02235174447,-187500.02235174447,-187500.02235174447,-187500.02235174447
não,2221.7186953686114,-7934.33283976708,6355.405611444189,12255.57324356714,-187500.02235174447,-187500.02235174447,-187500.02235174447,-187500.02235174447
não,2410.054494149029,-7944.324069538602,6602.839422564438,12211.160327334444,-187500.02235174447,-187500.02235174447,-187500.02235174447,-187500.02235174447
não,2624.8547583645295,-7881.090984474538,7101.775062295803,12168.200274491344,-187500.02235174447,-187500.02235174447,-187500.02235174447,-187500.02235174447
não,2478.0037972931623,-7876.061841972094,6932.974688169324,12204.857135398048,-187500.02235174447,-187500.02235174447,-187500.02235174447,-187500.02235174447
não,2233.922747841209,-7934.623412444999,6410.614420248798,12257.294327890198,-187500.02235174447,-187500.02235174447,-187500.02235174447,-187500.02235174447
não,2359.204275513205,-7954.71763071032,6509.945572608182,12225.711312974849,-187500.02235174447,-187500.02235174447,-187500.02235174447,-187500.02235174447
não,2612.717761125298,-7892.043339257639,7066.369899078596,12178.325614729598,-187500.02235174447,-187500.02235174447,-187500.02235174447,-187500.02235174447
não,2524.2272048267373,-7871.2785686586585,7014.647962409015,12200.27502778471,-187500.02235174447,-187500.02235174447,-187500.02235174447,-187500.02235174447
não,2257.2579690525495,-7918.28428724817,6489.627836898308,12253.740400521803,-187500.02235174447,-187500.02235174447,-187500.02235174447,-187500.02235174447
não,2300.083911428918,-7953.3988777874565,6430.485121069565,12236.171929379932,-187500.02235174447,-187500.02235174447,-187500.02235174447,-187500.02235174447
não,2592.5564876266108,-7901.028740528673,6999.851107579602,12174.391707705463,-187500.02235174447,-187500.02235174447,-187500.02235174447,-187500.02235174447
não,2567.455478603301,-7870.473905858267,7084.519515576305,12188.920341601413,-187500.02235174447,-187500.02235174447,-187500.02235174447,-187500.02235174447
não,2313.5173098465575,-7911.3105429781135,6588.40019564631,12252.689868532405,-187500.02235174447,-187500.02235174447,-187500.02235174447,-187500.02235174447
não,2271.965416904142,-7954.9858516437835,6367.319091238867,12250.52174932024,-187500.02235174447,-187500.02235174447,-187500.02235174447,-187500.02235174447
não,2546.176617881849,-7918.28428724817,6899.60353369755,12175.1740187614,-187500.02235174447,-187500.02235174447,-187500.02235174447,-187500.02235174447
não,2597.071540006583,-7870.518609347178,7111.766292067325,12180.2255130083,-187500.02235174447,-187500.02235174447,-187500.02235174447,-187500.02235174447
não,2363.764031382088,-7900.3358364505575,6681.56226653603,12239.345877092586,-187500.02235174447,-187500.02235174447,-187500.02235174447,-187500.02235174447
não,2236.91788159822,-7954.404706287945,6342.486303149021,12256.087333689611,-187500.02235174447,-187500.02235174447,-187500.02235174447,-187500.02235174447
não,2511.8219866540417,-7927.649668174943,6811.783529732648,12189.725004401804,-187500.02235174447,-187500.02235174447,-187500.02235174447,-187500.02235174447
não,2619.75856062872,-7870.473905858267,7143.08108604921,12177.856228096036,-187500.02235174447,-187500.02235174447,-187500.02235174447,-187500.02235174447
não,2394.6317904748666,-7886.924789777374,6780.200514817299,12228.70644673186,-187500.02235174447,-187500.02235174447,-187500.02235174447,-187500.02235174447
não,2211.0122097745193,-7945.5310637391885,6333.210329200069,12256.0426302007,-187500.02235174447,-187500.02235174447,-187500.02235174447,-187500.02235174447
não,2453.461581881235,-7936.590365957066,6695.643865542873,12201.213801051832,-187500.02235174447,-187500.02235174447,-187500.02235174447,-187500.02235174447
não,2635.002450347239,-7878.408775139902,7133.738056866891,12172.335347215576,-187500.02235174447,-187500.02235174447,-187500.02235174447,-187500.02235174447
não,2450.399392890858,-7883.147344964426,6873.0720130291,12214.244868069276,-187500.02235174447,-187500.02235174447,-187500.02235174447,-187500.02235174447
não,2213.0685702644078,-7937.685601435376,6368.92841683965,12259.641261058005,-187500.02235174447,-187500.02235174447,-187500.02235174447,-187500.02235174447
não,2403.7289504681767,-7944.4134765164235,6593.965780015681,12217.955257648857,-187500.02235174447,-187500.02235174447,-187500.02235174447,-187500.02235174447
não,2638.0199358487052,-7879.392251895935,7113.822652557213,12174.07878328309,-187500.02235174447,-187500.02235174447,-187500.02235174447,-187500.02235174447
não,2500.266134770648,-7871.122106447471,6965.049441462689,12202.89018188598,-187500.02235174447,-187500.02235174447,-187500.02235174447,-187500.02235174447
não,2252.184123061195,-7927.515557708211,6438.174121162191,12250.074714431134,-187500.02235174447,-187500.02235174447,-187500.02235174447,-187500.02235174447
não,2360.1877522692384,-7950.291985308169,6497.786223624495,12221.017446639235,-187500.02235174447,-187500.02235174447,-187500.02235174447,-187500.02235174447
não,2620.13854028446,-7891.41749041289,7059.597320508638,12162.433524421875,-187500.02235174447,-187500.02235174447,-187500.02235174447,-187500.02235174447
não,2541.035716657128,-7867.389365123435,7043.168788333987,12185.120545044012,-187500.02235174447,-187500.02235174447,-187500.02235174447,-187500.02235174447
não,2284.8847251993093,-7914.886822090963,6526.150587338279,12242.005734682767,-187500.02235174447,-187500.02235174447,-187500.02235174447,-187500.02235174447
não,2305.0236469535407,-7955.589348744077,6427.154711145725,12228.371170565031,-187500.02235174447,-187500.02235174447,-187500.02235174447,-187500.02235174447
não,2594.0540545051163,-7902.727473107276,6992.072700509156,12164.31107095612,-187500.02235174447,-187500.02235174447,-187500.02235174447,-187500.02235174447
não,2583.101699722016,-7863.813086010586,7100.9256960065,12169.340213458565,-187500.02235174447,-187500.02235174447,-187500.02235174447,-187500.02235174447
não,2331.666926344267,-7901.2746097176805,6621.637239651352,12229.779330465715,-187500.02235174447,-187500.02235174447,-187500.02235174447,-187500.02235174447
não,2269.8867046697983,-7952.057773120138,6370.314224995879,12233.243850856286,-187500.02235174447,-187500.02235174447,-187500.02235174447,-187500.02235174447
não,2560.258216888692,-7910.617638899999,6894.194411539365,12167.59677739105,-187500.02235174447,-187500.02235174447,-187500.02235174447,-187500.02235174447
não,2613.522423925689,-7863.097830188016,7141.6505744040705,12167.529722157684,-187500.02235174447,-187500.02235174447,-187500.02235174447,-187500.02235174447
não,2360.500676691613,-7893.026816013672,6722.4883106336965,12219.89985941647,-187500.02235174447,-187500.02235174447,-187500.02235174447,-187500.02235174447
não,2228.759494872033,-7948.548549240655,6351.918739309161,12237.311868347153,-187500.02235174447,-187500.02235174447,-187500.02235174447,-187500.02235174447
não,2497.203945780271,-7920.944144838351,6796.114956869478,12177.140972273466,-187500.02235174447,-187500.02235174447,-187500.02235174447,-187500.02235174447
não,2621.412589718412,-7860.46032434229,7154.078144321221,12162.187655232867,-187500.02235174447,-187500.02235174447,-187500.02235174447,-187500.02235174447
não,2407.0370086475623,-7873.737260548743,6820.500710070219,12214.647199469471,-187500.02235174447,-187500.02235174447,-187500.02235174447,-187500.02235174447
não,2217.315401710916,-7933.774046155697,6363.854570848295,12257.249624401287,-187500.02235174447,-187500.02235174447,-187500.02235174447,-187500.02235174447
não,2436.7424770286652,-7929.661325175921,6689.0277491841025,12204.36539702003,-187500.02235174447,-187500.02235174447,-187500.02235174447,-187500.02235174447
não,2613.880051836974,-7864.550693577611,7138.342516224685,12160.712440098816,-187500.02235174447,-187500.02235174447,-187500.02235174447,-187500.02235174447
não,2442.241006164671,-7864.505990088701,6905.79496691167,12200.140917317978,-187500.02235174447,-187500.02235174447,-187500.02235174447,-187500.02235174447
não,2216.4213319327037,-7924.073389062094,6397.158670086703,12248.33127836362,-187500.02235174447,-187500.02235174447,-187500.02235174447,-187500.02235174447
não,2378.0914995779394,-7935.2045578008365,6574.497410595109,12205.79590866517,-187500.02235174447,-187500.02235174447,-187500.02235174447,-187500.02235174447
não,2617.143406527449,-7872.820839026075,7105.351341408652,12161.49475115475,-187500.02235174447,-187500.02235174447,-187500.02235174447,-187500.02235174447
não,2490.3419602324916,-7857.353431863003,6996.1407180000215,12203.381920263997,-187500.02235174447,-187500.02235174447,-187500.02235174447,-187500.02235174447
não,2231.508759440036,-7910.282362733169,6465.845580797861,12258.277804646232,-187500.02235174447,-187500.02235174447,-187500.02235174447,-187500.02235174447
não,2312.7797022795326,-7940.971307870306,6481.961188550137,12229.332295576609,-187500.02235174447,-187500.02235174447,-187500.02235174447,-187500.02235174447
não,2585.4486328898233,-7882.387385652946,7045.314555801697,12170.79307684816,-187500.02235174447,-187500.02235174447,-187500.02235174447,-187500.02235174447
não,2525.4118472828686,-7850.446742826312,7056.289262329253,12188.249789267755,-187500.02235174447,-187500.02235174447,-187500.02235174447,-187500.02235174447
não,2261.7730214325215,-7894.27851370317,6536.700610721185,12241.84927247158,-187500.02235174447,-187500.02235174447,-187500.02235174447,-187500.02235174447
não,2258.4873149975915,-7938.244395046759,6394.252943307512,12231.478063044318,-187500.02235174447,-187500.02235174447,-187500.02235174447,-187500.02235174447
não,2547.450667315801,-7886.723624077275,6964.0436129622,12178.213856007322,-187500.02235174447,-187500.02235174447,-187500.02235174447,-187500.02235174447
não,2555.8549232309965,-7846.915167202374,7114.962591524433,12193.860077126035,-187500.02235174447,-187500.02235174447,-187500.02235174447,-187500.02235174447
não,2299.212193395161,-7882.767365308687,6640.725629416183,12253.38277261052,-187500.02235174447,-187500.02235174447,-187500.02235174447,-187500.02235174447
não,2211.347485941349,-7935.2045578008365,6353.572768398853,12256.601423812082,-187500.02235174447,-187500.02235174447,-187500.02235174447,-187500.02235174447
não,2499.4391202258016,-7899.799394583631,6862.49963790174,12184.852324110547,-187500.02235174447,-187500.02235174447,-187500.02235174447,-187500.02235174447
não,2581.4029671434128,-7846.244614868715,7135.705010378959,12180.806658364138,-187500.02235174447,-187500.02235174447,-187500.02235174447,-187500.02235174447
não,2345.6814701177445,-7865.154190677905,6737.888662563403,12235.657839257461,-187500.02235174447,-187500.02235174447,-187500.02235174447,-187500.02235174447
não,2199.6128201023125,-7926.956764096829,6343.626242116242,12258.56837732415,-187500.02235174447,-187500.02235174447,-187500.02235174447,-187500.02235174447
não,2452.746326058665,-7913.679827890376,6756.373555227942,12194.955312604347,-187500.02235174447,-187500.02235174447,-187500.02235174447,-187500.02235174447
não,2592.5564876266108,-7852.9054347163965,7141.471760448428,12174.123486772,-187500.02235174447,-187500.02235174447,-187500.02235174447,-187500.02235174447
não,2392.6201334738894,-7861.868484242975,6835.990468977746,12224.146690862977,-187500.02235174447,-187500.02235174447,-187500.02235174447,-187500.02235174447
não,2188.325189152383,-7916.987886069762,6361.507637680488,12266.078563461133,-187500.02235174447,-187500.02235174447,-187500.02235174447,-187500.02235174447
não,2393.9388863967524,-7916.764368625209,6654.31549004501,12213.931943646901,-187500.02235174447,-187500.02235174447,-187500.02235174447,-187500.02235174447
não,2585.60509510101,-7854.1347806614385,7130.988792298889,12173.274120482698,-187500.02235174447,-187500.02235174447,-187500.02235174447,-187500.02235174447
não,2434.7308200276875,-7852.100771916005,6929.599574756572,12213.84253666908,-187500.02235174447,-187500.02235174447,-187500.02235174447,-187500.02235174447
não,2204.1278724822846,-7909.745920866242,6410.927344671171,12262.345822137097,-187500.02235174447,-187500.02235174447,-187500.02235174447,-187500.02235174447
não,2339.2218159701606,-7927.582612941577,6551.363355083866,12224.929001918914,-187500.02235174447,-187500.02235174447,-187500.02235174447,-187500.02235174447
não,2588.6449323469324,-7866.964681978784,7096.88003026009,12177.878579840492,-187500.02235174447,-187500.02235174447,-187500.02235174447,-187500.02235174447
não,2493.135928289405,-7847.116332902472,7019.945325844923,12211.339141290086,-187500.02235174447,-187500.02235174447,-187500.02235174447,-187500.02235174447
não,2227.418390204715,-7897.295999204636,6487.012682797037,12267.33026115063,-187500.02235174447,-187500.02235174447,-187500.02235174447,-187500.02235174447
não,2284.147117632284,-7932.231775788281,6461.889322029272,12240.508167804262,-187500.02235174447,-187500.02235174447,-187500.02235174447,-187500.02235174447
não,2566.136725680438,-7877.89468501743,7032.149378317521,12177.073917040101,-187500.02235174447,-187500.02235174447,-187500.02235174447,-187500.02235174447
não,2520.159187335871,-7845.819931724064,7076.092907916654,12197.302245772153,-187500.02235174447,-187500.02235174447,-187500.02235174447,-187500.02235174447
não,2260.1636958317395,-7885.918961276885,6574.899741995304,12262.904615748479,-187500.02235174447,-187500.02235174447,-187500.02235174447,-187500.02235174447
não,2243.645756679268,-7931.605926943533,6398.991513132038,12259.931833735924,-187500.02235174447,-187500.02235174447,-187500.02235174447,-187500.02235174447
não,2528.4293327843347,-7887.617693855488,6944.441133074896,12183.60062642105,-187500.02235174447,-187500.02235174447,-187500.02235174447,-187500.02235174447
não,2551.809257484586,-7840.679030499343,7119.723513093414,12182.840667109569,-187500.02235174447,-187500.02235174447,-187500.02235174447,-187500.02235174447
não,2306.4541585986804,-7875.190123938338,6668.330033818488,12246.587842296105,-187500.02235174447,-187500.02235174447,-187500.02235174447,-187500.02235174447
não,2217.270698222005,-7928.811958886619,6362.155838269692,12273.029955986734,-187500.02235174447,-187500.02235174447,-187500.02235174447,-187500.02235174447
não,2500.1320243039163,-7896.245467215236,6855.347079676042,12214.691902958382,-187500.02235174447,-187500.02235174447,-187500.02235174447,-187500.02235174447
não,2583.3699206554797,-7845.2164346237705,7155.978042599922,12195.447050982362,-187500.02235174447,-187500.02235174447,-187500.02235174447,-187500.02235174447
não,2352.0964207764173,-7866.607054067499,6777.697119438305,12247.28074637422,-187500.02235174447,-187500.02235174447,-187500.02235174447,-187500.02235174447
não,2192.7284828100783,-7925.5709559406,6356.523198666954,12278.506133378283,-187500.02235174447,-187500.02235174447,-187500.02235174447,-187500.02235174447
não,2447.7395353006764,-7910.416473199902,6748.058706290568,12224.392560051985,-187500.02235174447,-187500.02235174447,-187500.02235174447,-187500.02235174447
não,2604.492319165745,-7848.099809658505,7158.883769379112,12192.831896881093,-187500.02235174447,-187500.02235174447,-187500.02235174447,-187500.02235174447
não,2407.506395281124,-7853.866559727974,6870.859190328025,12234.383789823509,-187500.02235174447,-187500.02235174447,-187500.02235174447,-187500.02235174447
não,2195.0083607445195,-7913.121034278994,6378.919646611172,12276.673290332948,-187500.02235174447,-187500.02235174447,-187500.02235174447,-187500.02235174447
não,2385.266409548093,-7919.312467493113,6633.014277579103,12227.432397297907,-187500.02235174447,-187500.02235174447,-187500.02235174447,-187500.02235174447
não,2592.1765079708707,-7854.894739972919,7130.608812643149,12184.338233988075,-187500.02235174447,-187500.02235174447,-187500.02235174447,-187500.02235174447
não,2444.4538288657463,-7847.071629413561,6954.745287268793,12223.073807129122,-187500.02235174447,-187500.02235174447,-187500.02235174447,-187500.02235174447
não,2201.2221457030946,-7903.666246374399,6429.166368146703,12282.28357819123,-187500.02235174447,-187500.02235174447,-187500.02235174447,-187500.02235174447
não,2328.694144331711,-7921.838214616563,6536.164168854257,12250.722915020337,-187500.02235174447,-187500.02235174447,-187500.02235174447,-187500.02235174447
não,2591.327141681569,-7863.723679032765,7093.862544758624,12195.178830048899,-187500.02235174447,-187500.02235174447,-187500.02235174447,-187500.02235174447
não,2496.1981172797823,-7845.17173113486,7038.6984394429255,12220.056321627657,-187500.02235174447,-187500.02235174447,-187500.02235174447,-187500.02235174447
não,2234.5262449415022,-7893.809127069609,6510.973752853126,12271.912368763968,-187500.02235174447,-187500.02235174447,-187500.02235174447,-187500.02235174447
não,2276.6145797508457,-7930.890671120963,6449.394696878755,12253.203958654876,-187500.02235174447,-187500.02235174447,-187500.02235174447,-187500.02235174447
não,2568.036623959139,-7879.548714107123,7021.5546514457055,12196.69874867186,-187500.02235174447,-187500.02235174447,-187500.02235174447,-187500.02235174447
não,2536.386553810424,-7844.389420078925,7096.3435883931625,12212.747301190771,-187500.02235174447,-187500.02235174447,-187500.02235174447,-187500.02235174447
não,2269.663187225245,-7885.516629876689,6597.87733529536,12264.29042390471,-187500.02235174447,-187500.02235174447,-187500.02235174447,-187500.02235174447
não,2234.0345065634856,-7935.137502567471,6384.932265869649,12259.842426758103,-187500.02235174447,-187500.02235174447,-187500.02235174447,-187500.02235174447
não,2535.157207865382,-7889.4728886452785,6940.909557450957,12193.74831840376,-187500.02235174447,-187500.02235174447,-187500.02235174447,-187500.02235174447
não,2579.704234564809,-7839.628498509944,7175.736984698414,12193.860077126035,-187500.02235174447,-187500.02235174447,-187500.02235174447,-187500.02235174447
não,2313.0032197240853,-7873.647853570921,6691.151164907356,12258.18839766841,-187500.02235174447,-187500.02235174447,-187500.02235174447,-187500.02235174447
não,2224.7808843589883,-7926.777950141186,6383.613512946787,12270.727726307838,-187500.02235174447,-187500.02235174447,-187500.02235174447,-187500.02235174447
não,2477.556762404056,-7903.710949863309,6815.985657690247,12206.354702276552,-187500.02235174447,-187500.02235174447,-187500.02235174447,-187500.02235174447
não,2586.6332753459546,-7848.815065481075,7149.004298329866,12187.713347400826,-187500.02235174447,-187500.02235174447,-187500.02235174447,-187500.02235174447
não,2362.3782232258586,-7867.41171686789,6781.429860762341,12247.571319052138,-187500.02235174447,-187500.02235174447,-187500.02235174447,-187500.02235174447
não,2192.48261362107,-7925.123921051493,6352.701050365097,12282.104764235588,-187500.02235174447,-187500.02235174447,-187500.02235174447,-187500.02235174447
não,2428.695849024755,-7912.159909267415,6715.000476241169,12225.867775186036,-187500.02235174447,-187500.02235174447,-187500.02235174447,-187500.02235174447
não,2595.551621383622,-7850.424391081857,7150.010126830355,12193.122469559012,-187500.02235174447,-187500.02235174447,-187500.02235174447,-187500.02235174447
não,2420.2245378761936,-7855.855864984497,6894.730853406293,12240.0387811707,-187500.02235174447,-187500.02235174447,-187500.02235174447,-187500.02235174447
não,2201.5127183810137,-7909.991790055251,6392.285989795446,12281.76948806876,-187500.02235174447,-187500.02235174447,-187500.02235174447,-187500.02235174447
não,2370.8495343744203,-7921.257069260725,6607.443881922231,12228.70644673186,-187500.02235174447,-187500.02235174447,-187500.02235174447,-187500.02235174447
não,2590.4107201589013,-7861.913187731885,7120.058789260243,12182.036004309179,-187500.02235174447,-187500.02235174447,-187500.02235174447,-187500.02235174447
não,2465.755041331654,-7851.161998648882,6981.209752703876,12222.85028968457,-187500.02235174447,-187500.02235174447,-187500.02235174447,-187500.02235174447
não,2222.769227358011,-7902.481603918267,6455.094391714859,12279.131982223033,-187500.02235174447,-187500.02235174447,-187500.02235174447,-187500.02235174447
não,2320.7369233056215,-7925.9285838518845,6515.712322677651,12247.303098118675,-187500.02235174447,-187500.02235174447,-187500.02235174447,-187500.02235174447
não,2580.553600854111,-7867.545827334622,7078.037509684266,12192.854248625548,-187500.02235174447,-187500.02235174447,-187500.02235174447,-187500.02235174447
não,2502.143681304894,-7845.484655557234,7053.651756483527,12212.724949446316,-187500.02235174447,-187500.02235174447,-187500.02235174447,-187500.02235174447
não,2244.1598468017396,-7893.5632578806,6532.990221141604,12271.621796086049,-187500.02235174447,-187500.02235174447,-187500.02235174447,-187500.02235174447
não,2269.394966291781,-7932.075313577094,6435.290746127456,12260.848255258592,-187500.02235174447,-187500.02235174447,-187500.02235174447,-187500.02235174447
não,2559.0735744325607,-7877.917036761884,7004.500270426306,12193.0777660701,-187500.02235174447,-187500.02235174447,-187500.02235174447,-187500.02235174447
não,2545.327251592547,-7840.433161310335,7111.855699045146,12195.983492849291,-187500.02235174447,-187500.02235174447,-187500.02235174447,-187500.02235174447
não,2288.7515769900774,-7877.134725705949,6628.052190310024,12256.28849938971,-187500.02235174447,-187500.02235174447,-187500.02235174447,-187500.02235174447
não,2230.614689661824,-7923.894575106451,6383.6805681801525,12264.558644838173,-187500.02235174447,-187500.02235174447,-187500.02235174447,-187500.02235174447
não,2517.946364634796,-7888.84703980053,6910.332371036097,12200.0291585957,-187500.02235174447,-187500.02235174447,-187500.02235174447,-187500.02235174447
não,2575.233885673748,-7844.501178801201,7141.404705215062,12195.402347493453,-187500.02235174447,-187500.02235174447,-187500.02235174447,-187500.02235174447
não,2339.735906092633,-7869.4010221244125,6722.801235056071,12253.874510988535,-187500.02235174447,-187500.02235174447,-187500.02235174447,-187500.02235174447
não,2214.2979162094493,-7924.1627960399155,6361.954672569594,12274.304005420687,-187500.02235174447,-187500.02235174447,-187500.02235174447,-187500.02235174447
não,2478.0037972931623,-7904.001522541228,6805.30152384061,12204.588914464584,-187500.02235174447,-187500.02235174447,-187500.02235174447,-187500.02235174447
não,2591.6400661039434,-7846.825760224553,7159.800190901779,12185.74639388876,-187500.02235174447,-187500.02235174447,-187500.02235174447,-187500.02235174447
não,2382.4500897467246,-7858.225149896759,6827.3850473624525,12240.41876082644,-187500.02235174447,-187500.02235174447,-187500.02235174447,-187500.02235174447
não,2216.7566080995334,-7911.444653444845,6406.07701612437,12276.38271765503,-187500.02235174447,-187500.02235174447,-187500.02235174447,-187500.02235174447
não,2412.915517439308,-7909.008313299217,6698.996627211169,12216.70355995936,-187500.02235174447,-187500.02235174447,-187500.02235174447,-187500.02235174447
não,2604.5146709102,-7850.871425970963,7164.985795615411,12179.309091485631,-187500.02235174447,-187500.02235174447,-187500.02235174447,-187500.02235174447
não,2423.6220030334002,-7850.6032050375,6914.4897955047845,12227.320638575631,-187500.02235174447,-187500.02235174447,-187500.02235174447,-187500.02235174447
não,2187.8558025188213,-7912.450481945334,6379.88077162275,12276.80740079968,-187500.02235174447,-187500.02235174447,-187500.02235174447,-187500.02235174447
não,2352.498752176613,-7922.66522916141,6574.497410595109,12230.338124077098,-187500.02235174447,-187500.02235174447,-187500.02235174447,-187500.02235174447
não,2592.0871009930493,-7858.113391174483,7111.498071133861,12185.567579933117,-187500.02235174447,-187500.02235174447,-187500.02235174447,-187500.02235174447
não,2475.075718769517,-7841.818969466564,7002.041578536222,12224.817243196636,-187500.02235174447,-187500.02235174447,-187500.02235174447,-187500.02235174447
não,2223.9762215585974,-7893.429147413868,6474.987444280082,12276.226255443842,-187500.02235174447,-187500.02235174447,-187500.02235174447,-187500.02235174447
não,2303.88370798632,-7923.827519873085,6492.690025888685,12242.385714338508,-187500.02235174447,-187500.02235174447,-187500.02235174447,-187500.02235174447
não,2582.7664235551865,-7867.948158734818,7057.853884441124,12185.522876444207,-187500.02235174447,-187500.02235174447,-187500.02235174447,-187500.02235174447
não,2520.5391669916116,-7840.410809565879,7067.196913623442,12209.573353478117,-187500.02235174447,-187500.02235174447,-187500.02235174447,-187500.02235174447
não,2257.012099863541,-7882.029757741661,6556.727773753139,12266.57030183915,-187500.02235174447,-187500.02235174447,-187500.02235174447,-187500.02235174447
não,2264.54463774498,-7923.38048498398,6422.550251787931,12258.389563368508,-187500.02235174447,-187500.02235174447,-187500.02235174447,-187500.02235174447
não,2556.301958120103,-7878.587589095544,6978.728709069337,12192.74248990327,-187500.02235174447,-187500.02235174447,-187500.02235174447,-187500.02235174447
não,2555.7655162531755,-7839.717905487765,7118.002428770355,12198.755109161748,-187500.02235174447,-187500.02235174447,-187500.02235174447,-187500.02235174447
não,2301.290905629505,-7874.787792538142,6651.968556877203,12257.830769757125,-187500.02235174447,-187500.02235174447,-187500.02235174447,-187500.02235174447
não,2226.032582048486,-7926.8673571190075,6372.9964343305155,12262.278766903732,-187500.02235174447,-187500.02235174447,-187500.02235174447,-187500.02235174447
$SILENCE,2513.654829699377,-7890.076385745572,6882.638559655972,12194.195353292866,-187500.02235174447,-187500.02235174447,-187500.02235174447,-187500.02235174447
$SILENCE,2586.8567927905074,-7836.499254286201,7155.665118177548,12192.36251024753,-187500.02235174447,-187500.02235174447,-187500.02235174447,-187500.02235174447
$SILENCE,2351.0235370425626,-7859.02981269715,6758.161694784367,12250.164121408954,-187500.02235174447,-187500.02235174447,-187500.02235174447,-187500.02235174447
$SILENCE,2203.7255410820894,-7919.357170982024,6364.391012715222,12273.879322276036,-187500.02235174447,-187500.02235174447,-187500.02235174447,-187500.02235174447
$SILENCE,2462.826962808009,-7903.241563229748,6780.021700861657,12203.583085964096,-187500.02235174447,-187500.02235174447,-187500.02235174447,-187500.02235174447
$SILENCE,2597.8091475736082,-7844.568234034567,7160.828371146724,12175.866922839514,-187500.02235174447,-187500.02235174447,-187500.02235174447,-187500.02235174447
$SILENCE,2389.692054950244,-7858.7168882747765,6845.914643515903,12229.600516510072,-187500.02235174447,-187500.02235174447,-187500.02235174447,-187500.02235174447
$SILENCE,2193.1308142102735,-7916.920830836396,6370.448335462611,12269.453676873885,-187500.02235174447,-187500.02235174447,-187500.02235174447,-187500.02235174447
$SILENCE,2411.395598816347,-7914.618601157499,6664.060850627524,12210.534478489695,-187500.02235174447,-187500.02235174447,-187500.02235174447,-187500.02235174447
$SILENCE,2612.3377814695577,-7853.5536353056,7144.489245949894,12171.038946037168,-187500.02235174447,-187500.02235174447,-187500.02235174447,-187500.02235174447
$SILENCE,2457.261378438637,-7849.686783514832,6945.223444130832,12217.910554159947,-187500.02235174447,-187500.02235174447,-187500.02235174447,-187500.02235174447
$SILENCE,2222.143378513262,-7902.6827696183655,6427.489987312554,12267.777296039736,-187500.02235174447,-187500.02235174447,-187500.02235174447,-187500.02235174447
$SILENCE,2361.662967403289,-7920.921793093896,6564.439125590221,12225.957182163856,-187500.02235174447,-187500.02235174447,-187500.02235174447,-187500.02235174447
$SILENCE,2603.173566242882,-7862.628443554455,7103.317332663219,12174.257597238731,-187500.02235174447,-187500.02235174447,-187500.02235174447,-187500.02235174447
$SILENCE,2492.5100794446566,-7844.143550889916,7020.414712478485,12204.901838886957,-187500.02235174447,-187500.02235174447,-187500.02235174447,-187500.02235174447
$SILENCE,2237.0296403204966,-7893.496202647234,6493.539392177987,12265.81034252767,-187500.02235174447,-187500.02235174447,-187500.02235174447,-187500.02235174447
$SILENCE,2297.960495705664,-7929.571918198099,6471.679386100696,12241.268127115742,-187500.02235174447,-187500.02235174447,-187500.02235174447,-187500.02235174447
$SILENCE,2572.3728623834686,-7877.581760595055,7038.810198165203,12178.16915251841,-187500.02235174447,-187500.02235174447,-187500.02235174447,-187500.02235174447
$SILENCE,2526.1271031054384,-7847.943347447318,7079.35626260713,12190.931998602391,-187500.02235174447,-187500.02235174447,-187500.02235174447,-187500.02235174447
$SILENCE,2271.674844226223,-7887.327121177569,6576.687881551729,12248.532444063718,-187500.02235174447,-187500.02235174447,-187500.02235174447,-187500.02235174447
$SILENCE,2259.1578673312506,-7929.393104242457,6407.529879513965,12245.47025507334,-187500.02235174447,-187500.02235174447,-187500.02235174447,-187500.02235174447
$SILENCE,2552.099830162505,-7885.516629876689,6965.183551929421,12184.74056538827,-187500.02235174447,-187500.02235174447,-187500.02235174447,-187500.02235174447
$SILENCE,2566.4049466139018,-7844.2776613566475,7135.45914118995,12186.416946222418,-187500.02235174447,-187500.02235174447,-187500.02235174447,-187500.02235174447
$SILENCE,2318.300583159993,-7875.32423440507,6678.902408945848,12246.051400429178,-187500.02235174447,-187500.02235174447,-187500.02235174447,-187500.02235174447
$SILENCE,2225.384381459282,-7928.700200164342,6365.910931338183,12255.863816245059,-187500.02235174447,-187500.02235174447,-187500.02235174447,-187500.02235174447
$SILENCE,2507.6422104408994,-7901.006388784217,6857.179922721377,12185.478172955296,-187500.02235174447,-187500.02235174447,-187500.02235174447,-187500.02235174447
$SILENCE,2594.5681446275885,-7847.518664302667,7152.044135575788,12173.631748393984,-187500.02235174447,-187500.02235174447,-187500.02235174447,-187500.02235174447
$SILENCE,2365.4180604717803,-7869.199856424315,6769.762250156671,12230.427531054918,-187500.02235174447,-187500.02235174447,-187500.02235174447,-187500.02235174447
$SILENCE,2199.1434334687515,-7926.845005374552,6352.0975532648035,12259.797723269192,-187500.02235174447,-187500.02235174447,-187500.02235174447,-187500.02235174447
$SILENCE,2443.1127241984277,-7909.969438310795,6741.599052142984,12192.831896881093,-187500.02235174447,-187500.02235174447,-187500.02235174447,-187500.02235174447
$SILENCE,2598.747920840731,-7848.636251525432,7153.988737343399,12168.133219257978,-187500.02235174447,-187500.02235174447,-187500.02235174447,-187500.02235174447
$SILENCE,2414.4354360622688,-7854.604167295,6873.630806640484,12221.397426294974,-187500.02235174447,-187500.02235174447,-187500.02235174447,-187500.02235174447
$SILENCE,2208.240593462061,-7912.942220323351,6384.462879236088,12265.676232060938,-187500.02235174447,-187500.02235174447,-187500.02235174447,-187500.02235174447
$SILENCE,2396.6657992203,-7919.9383163378625,6637.93166135927,12214.378978536008,-187500.02235174447,-187500.02235174447,-187500.02235174447,-187500.02235174447
$SILENCE,2608.426226189879,-7858.381612107946,7133.64864988907,12170.591911148062,-187500.02235174447,-187500.02235174447,-187500.02235174447,-187500.02235174447
$SILENCE,2463.9892535196846,-7851.273757371159,6960.9814239718235,12211.696769201371,-187500.02235174447,-187500.02235174447,-187500.02235174447,-187500.02235174447
$SILENCE,2219.505872667536,-7908.047188287639,6434.374324604789,12261.71997329235,-187500.02235174447,-187500.02235174447,-187500.02235174447,-187500.02235174447
$SILENCE,2340.8758450598534,-7929.326049009092,6532.431427530221,12220.570411750128,-187500.02235174447,-187500.02235174447,-187500.02235174447,-187500.02235174447
$SILENCE,2601.877165064474,-7869.579836080055,7090.241562156864,12169.65313788094,-187500.02235174447,-187500.02235174447,-187500.02235174447,-187500.02235174447
$SILENCE,2513.4313122548238,-7847.965699191774,7037.983183620356,12197.525763216707,-187500.02235174447,-187500.02235174447,-187500.02235174447,-187500.02235174447
$SILENCE,2253.6816899397004,-7897.295999204636,6514.751197666073,12252.578109810127,-187500.02235174447,-187500.02235174447,-187500.02235174447,-187500.02235174447
$SILENCE,2296.440577082703,-7933.215252544314,6454.870874270306,12233.713237489848,-187500.02235174447,-187500.02235174447,-187500.02235174447,-187500.02235174447
$SILENCE,2582.006464243706,-7881.090984474538,7020.481767711851,12170.726021614793,-187500.02235174447,-187500.02235174447,-187500.02235174447,-187500.02235174447
$SILENCE,2552.2786441181474,-7847.2727951136585,7092.968474980411,12182.438335709374,-187500.02235174447,-187500.02235174447,-187500.02235174447,-187500.02235174447
$SILENCE,2292.663132269756,-7885.874257787974,6597.251486450611,12241.893975960491,-187500.02235174447,-187500.02235174447,-187500.02235174447,-187500.02235174447
$SILENCE,2253.9499108731643,-7935.3163165231135,6388.7320624270515,12239.748208492781,-187500.02235174447,-187500.02235174447,-187500.02235174447,-187500.02235174447
$SILENCE,2543.784981225131,-7895.016121270195,6941.915385951446,12176.001033306246,-187500.02235174447,-187500.02235174447,-187500.02235174447,-187500.02235174447
$SILENCE,2596.4009876729237,-7842.4001148224015,7178.620359733148,12177.073917040101,-187500.02235174447,-187500.02235174447,-187500.02235174447,-187500.02235174447
$SILENCE,2328.5823856094344,-7872.977301237262,6689.810060240038,12235.32256309063,-187500.02235174447,-187500.02235174447,-187500.02235174447,-187500.02235174447
$SILENCE,2224.6914773811673,-7931.2706507767025,6352.2763672204455,12250.700563275883,-187500.02235174447,-187500.02235174447,-187500.02235174447,-187500.02235174447
$SILENCE,2499.9979138371846,-7904.716778363798,6829.799035763626,12188.048623567656,-187500.02235174447,-187500.02235174447,-187500.02235174447,-187500.02235174447
$SILENCE,2603.3523801985243,-7848.725658503254,7158.861417634656,12172.782382104682,-187500.02235174447,-187500.02235174447,-187500.02235174447,-187500.02235174447
$SILENCE,2388.529764238568,-7866.137667433938,6799.400663304408,12221.79975769517,-187500.02235174447,-187500.02235174447,-187500.02235174447,-187500.02235174447
$SILENCE,2218.991782545064,-7924.18514778437,6363.385184214733,12258.411915112963,-187500.02235174447,-187500.02235174447,-187500.02235174447,-187500.02235174447
$SILENCE,2444.878512010397,-7913.61277265701,6722.041275744591,12193.837725381582,-187500.02235174447,-187500.02235174447,-187500.02235174447,-187500.02235174447
$SILENCE,2612.3824849584685,-7850.938481204329,7158.056754834266,12163.864036067014,-187500.02235174447,-187500.02235174447,-187500.02235174447,-187500.02235174447
$SILENCE,2431.936851970774,-7855.654699284399,6898.262429030232,12213.686074457893,-187500.02235174447,-187500.02235174447,-187500.02235174447,-187500.02235174447
$SILENCE,2217.0695325219076,-7910.930563322373,6400.377321288267,12268.76077279577,-187500.02235174447,-187500.02235174447,-187500.02235174447,-187500.02235174447
$SILENCE,2391.6143049734005,-7918.798377370642,6621.570184417986,12219.095196616077,-187500.02235174447,-187500.02235174447,-187500.02235174447,-187500.02235174447
$SILENCE,2613.164796014404,-7858.359260363492,7132.4416556884835,12168.244977980254,-187500.02235174447,-187500.02235174447,-187500.02235174447,-187500.02235174447
$SILENCE,2484.4187479518355,-7851.519626560167,6984.718976583359,12204.119527831022,-187500.02235174447,-187500.02235174447,-187500.02235174447,-187500.02235174447
$SILENCE,2231.5311111844912,-7904.895592319441,6453.127438202791,12252.734572021314,-187500.02235174447,-187500.02235174447,-187500.02235174447,-187500.02235174447
$SILENCE,2326.07899023044,-7930.555394954133,6513.879479632316,12223.297324573676,-187500.02235174447,-187500.02235174447,-187500.02235174447,-187500.02235174447
$SILENCE,2591.3718451704794,-7872.440859370335,7075.668224772004,12173.184713504877,-187500.02235174447,-187500.02235174447,-187500.02235174447,-187500.02235174447
$SILENCE,2523.8025216820865,-7848.725658503254,7052.087134371654,12195.514106215729,-187500.02235174447,-187500.02235174447,-187500.02235174447,-187500.02235174447
$SILENCE,2273.7535564605664,-7893.540906136144,6534.53249150902,12249.024182441734,-187500.02235174447,-187500.02235174447,-187500.02235174447,-187500.02235174447
$SILENCE,2296.9993706940854,-7931.203595543337,6442.242138653057,12239.61409802605,-187500.02235174447,-187500.02235174447,-187500.02235174447,-187500.02235174447
$SILENCE,2574.786850784642,-7879.660472829399,7007.920087327968,12180.985472319779,-187500.02235174447,-187500.02235174447,-187500.02235174447,-187500.02235174447
$SILENCE,2554.5361703081335,-7843.763571234175,7112.146271723065,12187.892161356469,-187500.02235174447,-187500.02235174447,-187500.02235174447,-187500.02235174447
$SILENCE,2297.2228881386386,-7882.499144375222,6628.879204854871,12234.204975867866,-187500.02235174447,-187500.02235174447,-187500.02235174447,-187500.02235174447
$SILENCE,2241.410582233737,-7933.639935688965,6387.525068226465,12239.770560237237,-187500.02235174447,-187500.02235174447,-187500.02235174447,-187500.02235174447
$SILENCE,2535.403077054391,-7896.2231154707815,6914.981533882801,12176.760992617727,-187500.02235174447,-187500.02235174447,-187500.02235174447,-187500.02235174447
$SILENCE,2592.042397504139,-7844.501178801201,7148.55726344076,12176.001033306246,-187500.02235174447,-187500.02235174447,-187500.02235174447,-187500.02235174447
$SILENCE,2354.1304295218506,-7870.876237258463,6724.991706012691,12225.778368208215,-187500.02235174447,-187500.02235174447,-187500.02235174447,-187500.02235174447
$SILENCE,2224.5797186588907,-7926.777950141186,6357.1490475117025,12244.710295761859,-187500.02235174447,-187500.02235174447,-187500.02235174447,-187500.02235174447
$SILENCE,2489.626704409922,-7903.04039752965,6810.8894599544365,12195.916437615924,-187500.02235174447,-187500.02235174447,-187500.02235174447,-187500.02235174447
$SILENCE,2609.074426779083,-7847.228091624748,7167.265673549852,12171.441277437363,-187500.02235174447,-187500.02235174447,-187500.02235174447,-187500.02235174447
$SILENCE,2398.1857178432606,-7860.46032434229,6833.4870735987515,12213.909591902446,-187500.02235174447,-187500.02235174447,-187500.02235174447,-187500.02235174447
$SILENCE,2209.2017184736396,-7921.2347175162695,6376.684472165642,12248.845368486092,-187500.02235174447,-187500.02235174447,-187500.02235174447,-187500.02235174447
$SILENCE,2433.3450118714586,-7918.5301564371775,6701.924705734815,12190.954350346847,-187500.02235174447,-187500.02235174447,-187500.02235174447,-187500.02235174447
$SILENCE,2637.908177126429,-7854.157132405893,7187.650464493092,12155.348021429541,-187500.02235174447,-187500.02235174447,-187500.02235174447,-187500.02235174447
$SILENCE,2452.9251400143075,-7857.442838840823,6926.716199721837,12202.107870830045,-187500.02235174447,-187500.02235174447,-187500.02235174447,-187500.02235174447
$SILENCE,2232.626346662801,-7920.1171302935045,6416.939963929649,12249.672383030938,-187500.02235174447,-187500.02235174447,-187500.02235174447,-187500.02235174447
$SILENCE,2384.4617467477024,-7929.102531564538,6589.204858446701,12202.063167341134,-187500.02235174447,-187500.02235174447,-187500.02235174447,-187500.02235174447
$SILENCE,2625.1453310424486,-7870.295091902625,7117.063655503232,12144.216852690799,-187500.02235174447,-187500.02235174447,-187500.02235174447,-187500.02235174447
$SILENCE,2513.207794810271,-7854.939443461829,7010.311723984686,12181.387803719976,-187500.02235174447,-187500.02235174447,-187500.02235174447,-187500.02235174447
$SILENCE,2250.1054108268513,-7914.171566268393,6446.51132184402,12243.525653305729,-187500.02235174447,-187500.02235174447,-187500.02235174447,-187500.02235174447
$SILENCE,2333.7009350896997,-7945.307546294635,6477.155563492247,12212.590838979584,-187500.02235174447,-187500.02235174447,-187500.02235174447,-187500.02235174447
$SILENCE,2605.386388943957,-7884.600208354022,7050.366050048596,12158.20904471982,-187500.02235174447,-187500.02235174447,-187500.02235174447,-187500.02235174447
$SILENCE,2541.4156963128685,-7851.229053882248,7068.0462799127445,12191.982530591791,-187500.02235174447,-187500.02235174447,-187500.02235174447,-187500.02235174447
$SILENCE,2286.8293269669207,-7891.909228790907,6558.426506331743,12257.339031379108,-187500.02235174447,-187500.02235174447,-187500.02235174447,-187500.02235174447
$SILENCE,2284.795318221488,-7933.103493822038,6420.3150773424,12245.582013795616,-187500.02235174447,-187500.02235174447,-187500.02235174447,-187500.02235174447
$SILENCE,2559.498257577212,-7885.7177955767875,6979.131040469532,12176.805696106638,-187500.02235174447,-187500.02235174447,-187500.02235174447,-187500.02235174447
$SILENCE,2555.8549232309965,-7845.283489857136,7119.477643904405,12187.825106123104,-187500.02235174447,-187500.02235174447,-187500.02235174447,-187500.02235174447
$SILENCE,2303.369617863848,-7880.241618185237,6647.878187641882,12252.488702832306,-187500.02235174447,-187500.02235174447,-187500.02235174447,-187500.02235174447
$SILENCE,2227.5301489269914,-7934.466950233812,6368.347271483812,12255.103856933578,-187500.02235174447,-187500.02235174447,-187500.02235174447,-187500.02235174447
$SILENCE,2513.4089605103686,-7901.542830651145,6884.73962363477,12184.74056538827,-187500.02235174447,-187500.02235174447,-187500.02235174447,-187500.02235174447
$SILENCE,2586.812089301597,-7849.865597470474,7149.60779543016,12174.905797827936,-187500.02235174447,-187500.02235174447,-187500.02235174447,-187500.02235174447
$SILENCE,2357.4608394456914,-7874.430164626857,6746.739953367705,12230.89691768848,-187500.02235174447,-187500.02235174447,-187500.02235174447,-187500.02235174447
$SILENCE,2216.644849377257,-7931.829444388086,6353.058678276382,12255.95322322288,-187500.02235174447,-187500.02235174447,-187500.02235174447,-187500.02235174447
$SILENCE,2468.2807884551034,-7910.3717697109905,6775.171372314856,12195.357644004542,-187500.02235174447,-187500.02235174447,-187500.02235174447,-187500.02235174447
$SILENCE,2600.1784324858704,-7850.849074226508,7157.900292623079,12175.308129228131,-187500.02235174447,-187500.02235174447,-187500.02235174447,-187500.02235174447
$SILENCE,2402.790177201054,-7864.438934855335,6846.138160960456,12224.07963562961,-187500.02235174447,-187500.02235174447,-187500.02235174447,-187500.02235174447
$SILENCE,2207.257116706028,-7922.866394861508,6372.92937909715,12265.631528572027,-187500.02235174447,-187500.02235174447,-187500.02235174447,-187500.02235174447
$SILENCE,2413.7425319841545,-7923.648705917443,6664.239664583167,12205.930019131902,-187500.02235174447,-187500.02235174447,-187500.02235174447,-187500.02235174447
$SILENCE,2612.4942436807446,-7863.075478443561,7142.5893476711935,12166.03215527918,-187500.02235174447,-187500.02235174447,-187500.02235174447,-187500.02235174447
$SILENCE,2459.9882912621847,-7862.0025947097065,6936.640374259994,12207.60639996605,-187500.02235174447,-187500.02235174447,-187500.02235174447,-187500.02235174447
$SILENCE,2223.864462836321,-7918.306638992624,6417.4317023076665,12259.931833735924,-187500.02235174447,-187500.02235174447,-187500.02235174447,-187500.02235174447
$SILENCE,2352.766973110077,-7932.947031610851,6557.599491786897,12221.240964083787,-187500.02235174447,-187500.02235174447,-187500.02235174447,-187500.02235174447
$SILENCE,2595.1492899834266,-7869.915112246885,7099.472832616906,12166.412134934919,-187500.02235174447,-187500.02235174447,-187500.02235174447,-187500.02235174447
$SILENCE,2492.9571143337625,-7851.541978304623,7015.631439165049,12197.615170194527,-187500.02235174447,-187500.02235174447,-187500.02235174447,-187500.02235174447
$SILENCE,2252.0276608500076,-7901.587534140055,6511.085511575403,12255.416781355952,-187500.02235174447,-187500.02235174447,-187500.02235174447,-187500.02235174447
$SILENCE,2307.3482283768926,-7930.555394954133,6499.462604458643,12235.769597979737,-187500.02235174447,-187500.02235174447,-187500.02235174447,-187500.02235174447
$SILENCE,2565.265007646681,-7879.481658873757,7034.675125440971,12178.370318218509,-187500.02235174447,-187500.02235174447,-187500.02235174447,-187500.02235174447
$SILENCE,2537.6382514999214,-7845.797579979609,7103.630257085593,12193.547152703663,-187500.02235174447,-187500.02235174447,-187500.02235174447,-187500.02235174447
$SILENCE,2264.9022656562647,-7895.351397437024,6563.433297089732,12250.298231875686,-187500.02235174447,-187500.02235174447,-187500.02235174447,-187500.02235174447
$SILENCE,2253.7487451730663,-7936.9032903794405,6419.9574494311155,12242.698638760881,-187500.02235174447,-187500.02235174447,-187500.02235174447,-187500.02235174447
$SILENCE,2523.8695769154524,-7894.099699747527,6938.830845216614,12180.985472319779,-187500.02235174447,-187500.02235174447,-187500.02235174447,-187500.02235174447
$SILENCE,2570.4953158492226,-7847.004574180195,7143.12578953812,12181.208989764333,-187500.02235174447,-187500.02235174447,-187500.02235174447,-187500.02235174447
$SILENCE,2306.3200481319486,-7881.448612385823,6655.209559823223,12249.605327797572,-187500.02235174447,-187500.02235174447,-187500.02235174447,-187500.02235174447
$SILENCE,2237.834303120888,-7932.343534510557,6386.295722281423,12256.623775556538,-187500.02235174447,-187500.02235174447,-187500.02235174447,-187500.02235174447
$SILENCE,2490.163146276849,-7905.074406275083,6842.83010278107,12190.708481157837,-187500.02235174447,-187500.02235174447,-187500.02235174447,-187500.02235174447
$SILENCE,2587.9520282688177,-7849.999707937206,7167.735060183413,12175.039908294668,-187500.02235174447,-187500.02235174447,-187500.02235174447,-187500.02235174447
$SILENCE,2344.3850689393366,-7873.603150082011,6748.885720835415,12231.723932233326,-187500.02235174447,-187500.02235174447,-187500.02235174447,-187500.02235174447
$SILENCE,2189.4651281196034,-7932.544700210656,6341.391067670712,12263.083429704122,-187500.02235174447,-187500.02235174447,-187500.02235174447,-187500.02235174447
$SILENCE,2432.227424648693,-7916.563202925111,6743.09661902149,12206.265295298732,-187500.02235174447,-187500.02235174447,-187500.02235174447,-187500.02235174447
$SILENCE,2576.9773217412617,-7854.403001594902,7154.256958276864,12180.672547897406,-187500.02235174447,-187500.02235174447,-187500.02235174447,-187500.02235174447
$SILENCE,2387.7027496937217,-7865.9365017338405,6864.2430739692545,12227.65591474246,-187500.02235174447,-187500.02235174447,-187500.02235174447,-187500.02235174447
$SILENCE,2187.2076019296173,-7921.704104149831,6371.275350007457,12263.374002382041,-187500.02235174447,-187500.02235174447,-187500.02235174447,-187500.02235174447
$SILENCE,2397.2916480650483,-7921.3464762385465,6632.008449078614,12209.126318589011,-187500.02235174447,-187500.02235174447,-187500.02235174447,-187500.02235174447
$SILENCE,2607.330990711569,-7860.527379575656,7130.273536476319,12171.754201859738,-187500.02235174447,-187500.02235174447,-187500.02235174447,-187500.02235174447
$SILENCE,2454.91444527083,-7853.911263216885,6954.0523831906785,12214.46838551383,-187500.02235174447,-187500.02235174447,-187500.02235174447,-187500.02235174447
$SILENCE,2213.5156051535137,-7910.282362733169,6427.6464495237415,12265.765639038758,-187500.02235174447,-187500.02235174447,-187500.02235174447,-187500.02235174447
$SILENCE,2332.9409757782196,-7931.717685665809,6534.107808364369,12237.80360672517,-187500.02235174447,-187500.02235174447,-187500.02235174447,-187500.02235174447
$SILENCE,2577.3796531414573,-7869.468077357778,7088.431070855984,12184.606454921539,-187500.02235174447,-187500.02235174447,-187500.02235174447,-187500.02235174447
$SILENCE,2472.2817507126038,-7849.2621003701815,7030.472997483373,12213.171984335422,-187500.02235174447,-187500.02235174447,-187500.02235174447,-187500.02235174447
$SILENCE,2219.7740936009995,-7896.80426082662,6503.485918460598,12274.304005420687,-187500.02235174447,-187500.02235174447,-187500.02235174447,-187500.02235174447
$SILENCE,2263.11412609984,-7931.605926943533,6443.851464253839,12250.387638853508,-187500.02235174447,-187500.02235174447,-187500.02235174447,-187500.02235174447
$SILENCE,2567.455478603301,-7880.152211207415,7017.352523488107,12186.439297966874,-187500.02235174447,-187500.02235174447,-187500.02235174447,-187500.02235174447
$SILENCE,2536.07362938805,-7851.050239926606,7090.68859704597,12204.477155742306,-187500.02235174447,-187500.02235174447,-187500.02235174447,-187500.02235174447
$SILENCE,2267.428012779714,-7891.886877046451,6596.200954461212,12268.492551862306,-187500.02235174447,-187500.02235174447,-187500.02235174447,-187500.02235174447
$SILENCE,2231.732276884589,-7937.931470624384,6389.335559527345,12268.38079314003,-187500.02235174447,-187500.02235174447,-187500.02235174447,-187500.02235174447
$SILENCE,2530.329231063036,-7896.737205593254,6943.859987719058,12203.426623752908,-187500.02235174447,-187500.02235174447,-187500.02235174447,-187500.02235174447
$SILENCE,2574.6974438068205,-7841.215472366271,7172.987720130411,12205.0806528426,-187500.02235174447,-187500.02235174447,-187500.02235174447,-187500.02235174447
$SILENCE,2301.2238503961385,-7877.581760595055,6687.619589283418,12269.498380362795,-187500.02235174447,-187500.02235174447,-187500.02235174447,-187500.02235174447
$SILENCE,2207.413578917215,-7935.182206056382,6383.658216435697,12279.981348512334,-187500.02235174447,-187500.02235174447,-187500.02235174447,-187500.02235174447
$SILENCE,2453.1933609477715,-7908.740092365753,6820.031323436657,12220.592763494584,-187500.02235174447,-187500.02235174447,-187500.02235174447,-187500.02235174447
$SILENCE,2578.161964197393,-7853.039545183128,7176.541647498804,12206.868792399026,-187500.02235174447,-187500.02235174447,-187500.02235174447,-187500.02235174447
$SILENCE,2355.1586097667946,-7871.36797563648,6789.364730043975,12264.201016926887,-187500.02235174447,-187500.02235174447,-187500.02235174447,-187500.02235174447
$SILENCE,2205.536032382969,-7927.560261197122,6382.7417949130295,12285.56928462616,-187500.02235174447,-187500.02235174447,-187500.02235174447,-187500.02235174447
$SILENCE,2418.7716744865984,-7917.859604103519,6712.966467495736,12223.923173418425,-187500.02235174447,-187500.02235174447,-187500.02235174447,-187500.02235174447
$SILENCE,2598.4796999072673,-7859.610958052988,7163.287063036807,12189.45678346834,-187500.02235174447,-187500.02235174447,-187500.02235174447,-187500.02235174447
$SILENCE,2403.013694645607,-7861.756725520698,6888.114737047522,12244.732647506315,-187500.02235174447,-187500.02235174447,-187500.02235174447,-187500.02235174447
$SILENCE,2176.568171568891,-7923.581650684077,6375.611588431787,12297.013377787278,-187500.02235174447,-187500.02235174447,-187500.02235174447,-187500.02235174447
$SILENCE,2357.8184673569763,-7932.432941488379,6606.63921912184,12246.744304507292,-187500.02235174447,-187500.02235174447,-187500.02235174447,-187500.02235174447
$SILENCE,2581.425318887868,-7869.155152935405,7120.662286360537,12198.039853339178,-187500.02235174447,-187500.02235174447,-187500.02235174447,-187500.02235174447
$SILENCE,2456.210846449238,-7858.515722574678,6978.326377669142,12235.054342157167,-187500.02235174447,-187500.02235174447,-187500.02235174447,-187500.02235174447
$SILENCE,2211.638058619268,-7910.32706622208,6453.03803122497,12292.878305063046,-187500.02235174447,-187500.02235174447,-187500.02235174447,-187500.02235174447
$SILENCE,2312.3550191348813,-7934.288136278169,6519.489767490598,12263.03872621521,-187500.02235174447,-187500.02235174447,-187500.02235174447,-187500.02235174447
$SILENCE,2575.792679285131,-7875.123068704971,7080.630312041082,12203.024292352711,-187500.02235174447,-187500.02235174447,-187500.02235174447,-187500.02235174447
$SILENCE,2496.980428335718,-7849.552673048101,7053.830570439169,12223.65495248496,-187500.02235174447,-187500.02235174447,-187500.02235174447,-187500.02235174447
$SILENCE,2235.241500764072,-7898.614752127499,6533.794883941995,12282.90942703598,-187500.02235174447,-187500.02235174447,-187500.02235174447,-187500.02235174447
$SILENCE,2260.186047576195,-7937.931470624384,6439.381115362778,12270.548912352195,-187500.02235174447,-187500.02235174447,-187500.02235174447,-187500.02235174447
$SILENCE,2545.3719550814576,-7884.644911842932,7007.875383839058,12209.953333133857,-187500.02235174447,-187500.02235174447,-187500.02235174447,-187500.02235174447
$SILENCE,2527.9599461507737,-7847.116332902472,7112.794472312269,12218.402292537963,-187500.02235174447,-187500.02235174447,-187500.02235174447,-187500.02235174447
$SILENCE,2267.338605801893,-7886.343644421536,6626.733437387162,12272.985252497823,-187500.02235174447,-187500.02235174447,-187500.02235174447,-187500.02235174447
$SILENCE,2212.420369675204,-7936.769179912709,6387.055681592904,12280.562493868172,-187500.02235174447,-187500.02235174447,-187500.02235174447,-187500.02235174447
$SILENCE,2500.2214312817373,-7899.754691094719,6916.322638550119,12216.211821581343,-187500.02235174447,-187500.02235174447,-187500.02235174447,-187500.02235174447
$SILENCE,2554.1114871634827,-7852.950138205307,7152.357059998162,12214.602495980562,-187500.02235174447,-187500.02235174447,-187500.02235174447,-187500.02235174447
$SILENCE,2319.529929105035,-7878.364071650991,6731.183139226811,12270.57126409665,-187500.02235174447,-187500.02235174447,-187500.02235174447,-187500.02235174447
$SILENCE,2190.7615292980113,-7934.466950233812,6363.295777236913,12284.42934565894,-187500.02235174447,-187500.02235174447,-187500.02235174447,-187500.02235174447
$SILENCE,2456.1884947047824,-7910.3717697109905,6809.704817498305,12216.636504725993,-187500.02235174447,-187500.02235174447,-187500.02235174447,-187500.02235174447
$SILENCE,2572.4399176168345,-7851.921957960362,7169.120868339643,12205.125356331511,-187500.02235174447,-187500.02235174447,-187500.02235174447,-187500.02235174447
$SILENCE,2370.46955471868,-7865.377708122458,6840.885501013458,12263.910444248968,-187500.02235174447,-187500.02235174447,-187500.02235174447,-187500.02235174447
$SILENCE,2202.1609189702176,-7922.061732061116,6418.057551152415,12288.363252683075,-187500.02235174447,-187500.02235174447,-187500.02235174447,-187500.02235174447
$SILENCE,2385.0875955924507,-7923.536947195166,6706.260944159144,12225.174871107922,-187500.02235174447,-187500.02235174447,-187500.02235174447,-187500.02235174447
$SILENCE,2579.5701240980775,-7860.7732487646645,7171.668967207547,12189.613245679528,-187500.02235174447,-187500.02235174447,-187500.02235174447,-187500.02235174447
$SILENCE,2399.079787621473,-7856.548769062611,6918.937792651391,12236.686019502404,-187500.02235174447,-187500.02235174447,-187500.02235174447,-187500.02235174447
$SILENCE,2181.150279182229,-7917.904307592429,6412.916649927694,12280.115458979066,-187500.02235174447,-187500.02235174447,-187500.02235174447,-187500.02235174447
$SILENCE,2337.6124903693785,-7927.247336774748,6595.061015493991,12245.425551584429,-187500.02235174447,-187500.02235174447,-187500.02235174447,-187500.02235174447
$SILENCE,2579.41366188689,-7865.958853478295,7124.663248618037,12202.17492606341,-187500.02235174447,-187500.02235174447,-187500.02235174447,-187500.02235174447
$SILENCE,2453.6403958368774,-7850.312632359581,7008.344770472619,12236.507205546763,-187500.02235174447,-187500.02235174447,-187500.02235174447,-187500.02235174447
$SILENCE,2187.922857752187,-7909.4329964438675,6447.986536978071,12288.586770127627,-187500.02235174447,-187500.02235174447,-187500.02235174447,-187500.02235174447
$SILENCE,2279.7438239745884,-7937.752656668742,6487.683235130696,12255.66265054496,-187500.02235174447,-187500.02235174447,-187500.02235174447,-187500.02235174447
$SILENCE,2548.83647547203,-7879.727528062765,7052.3777070495735,12188.98739683478,-187500.02235174447,-187500.02235174447,-187500.02235174447,-187500.02235174447
$SILENCE,2484.3516927184696,-7853.866559727974,7062.145419376543,12207.829917410603,-187500.02235174447,-187500.02235174447,-187500.02235174447,-187500.02235174447
$SILENCE,2224.5797186588907,-7897.899496304929,6548.256462604579,12270.973595496846,-187500.02235174447,-187500.02235174447,-187500.02235174447,-187500.02235174447
$SILENCE,2230.8158553619214,-7939.384334013979,6414.928306928672,12269.006641984779,-187500.02235174447,-187500.02235174447,-187500.02235174447,-187500.02235174447
$SILENCE,2518.7957309240974,-7890.031682256661,6980.069813736655,12199.93975161788,-187500.02235174447,-187500.02235174447,-187500.02235174447,-187500.02235174447
$SILENCE,2521.5896989810108,-7847.406905580391,7121.355190438651,12203.292513286176,-187500.02235174447,-187500.02235174447,-187500.02235174447,-187500.02235174447
$SILENCE,2271.5183820150355,-7880.800411796619,6651.2309493101775,12262.926967492935,-187500.02235174447,-187500.02235174447,-187500.02235174447,-187500.02235174447
$SILENCE,2192.192040943151,-7937.931470624384,6368.995472073016,12270.414801885463,-187500.02235174447,-187500.02235174447,-187500.02235174447,-187500.02235174447
$SILENCE,2472.2817507126038,-7903.934467307862,6877.877638086991,12204.343045275575,-187500.02235174447,-187500.02235174447,-187500.02235174447,-187500.02235174447
$SILENCE,2539.4710945452566,-7848.949175947807,7142.566995926738,12199.626827195505,-187500.02235174447,-187500.02235174447,-187500.02235174447,-187500.02235174447
$SILENCE,2315.216042425161,-7874.206647182304,6741.934328309814,12255.707354033872,-187500.02235174447,-187500.02235174447,-187500.02235174447,-187500.02235174447
$SILENCE,2176.0987849353296,-7933.349363011046,6353.9750997990495,12280.182514212433,-187500.02235174447,-187500.02235174447,-187500.02235174447,-187500.02235174447
$SILENCE,2432.1603694153273,-7911.645819144943,6777.33949152702,12216.211821581343,-187500.02235174447,-187500.02235174447,-187500.02235174447,-187500.02235174447
$SILENCE,2567.522533836667,-7850.849074226508,7158.414382745551,12192.451917225351,-187500.02235174447,-187500.02235174447,-187500.02235174447,-187500.02235174447
$SILENCE,2358.757240624099,-7867.881103501452,6832.883576498459,12236.216632868844,-187500.02235174447,-187500.02235174447,-187500.02235174447,-187500.02235174447
$SILENCE,2164.520581307481,-7927.694371663853,6354.556245154888,12277.008566499779,-187500.02235174447,-187500.02235174447,-187500.02235174447,-187500.02235174447
$SILENCE,2379.074976333973,-7924.0510373176385,6651.834446410471,12225.823071697125,-187500.02235174447,-187500.02235174447,-187500.02235174447,-187500.02235174447
$SILENCE,2565.8685047469744,-7859.521551075167,7131.07819927671,12187.93686484538,-187500.02235174447,-187500.02235174447,-187500.02235174447,-187500.02235174447
$SILENCE,2407.7746162145872,-7856.258196384692,6936.1486358819775,12235.344914835086,-187500.02235174447,-187500.02235174447,-187500.02235174447,-187500.02235174447
$SILENCE,2190.4262531311815,-7913.165737767904,6438.978783962582,12277.589711855617,-187500.02235174447,-187500.02235174447,-187500.02235174447,-187500.02235174447
$SILENCE,2321.630993083834,-7931.605926943533,6565.8249337464495,12240.016429426245,-187500.02235174447,-187500.02235174447,-187500.02235174447,-187500.02235174447
$SILENCE,2572.618731572477,-7867.232902912248,7108.994675754867,12201.549077218662,-187500.02235174447,-187500.02235174447,-187500.02235174447,-187500.02235174447
$SILENCE,2463.6986808417655,-7849.060934670083,7026.784959648247,12226.85125194207,-187500.02235174447,-187500.02235174447,-187500.02235174447,-187500.02235174447
$SILENCE,2186.760567040511,-7908.717740621298,6461.129362717791,12269.744249551804,-187500.02235174447,-187500.02235174447,-187500.02235174447,-187500.02235174447
$SILENCE,2270.0655186254407,-7932.947031610851,6475.657996613741,12257.0931621901,-187500.02235174447,-187500.02235174447,-187500.02235174447,-187500.02235174447
$SILENCE,2528.362277550969,-7878.744051306731,7004.567325659672,12194.307112015142,-187500.02235174447,-187500.02235174447,-187500.02235174447,-187500.02235174447
$SILENCE,2483.9270095738184,-7849.753838748198,7049.024945381278,12214.423682024919,-187500.02235174447,-187500.02235174447,-187500.02235174447,-187500.02235174447
não,2229.899433839254,-7887.684749088854,6554.671413263251,12280.562493868172,-187500.02235174447,-187500.02235174447,-187500.02235174447,-187500.02235174447
não,2234.3697827303154,-7918.485452948267,6405.31705681289,12286.217485215366,-187500.02235174447,-187500.02235174447,-187500.02235174447,-187500.02235174447
não,2522.2602513146703,-7874.676033815866,6963.753040284281,12219.877507672014,-187500.02235174447,-187500.02235174447,-187500.02235174447,-187500.02235174447
não,2518.0581233570724,-7854.492408572723,7113.777949068302,12209.998036622768,-187500.02235174447,-187500.02235174447,-187500.02235174447,-187500.02235174447
não,2256.1403818297845,-7896.357225937513,6644.480722484675,12252.46635108785,-187500.02235174447,-187500.02235174447,-187500.02235174447,-187500.02235174447
não,2164.0735464183745,-7931.784740899175,6341.033439759427,12262.122304692544,-187500.02235174447,-187500.02235174447,-187500.02235174447,-187500.02235174447
não,2447.4042591338466,-7910.32706622208,6819.830157736559,12217.664684970938,-187500.02235174447,-187500.02235174447,-187500.02235174447,-187500.02235174447
não,2532.8326264420302,-7852.547806805112,7121.891632305579,12218.290533815687,-187500.02235174447,-187500.02235174447,-187500.02235174447,-187500.02235174447
não,2326.41426639727,-7851.609033537989,6761.805029130582,12279.020223500756,-187500.02235174447,-187500.02235174447,-187500.02235174447,-187500.02235174447
não,2170.734366266056,-7907.42133944289,6342.218082215558,12301.036691789233,-187500.02235174447,-187500.02235174447,-187500.02235174447,-187500.02235174447
não,2392.843650918442,-7916.093816291549,6702.572906324018,12212.568487235128,-187500.02235174447,-187500.02235174447,-187500.02235174447,-187500.02235174447
não,2514.1912715663043,-7871.546789592122,7081.032643441277,12165.02632677869,-187500.02235174447,-187500.02235174447,-187500.02235174447,-187500.02235174447
não,2346.7096503626885,-7867.299958145614,6833.218852665288,12259.440095357908,-187500.02235174447,-187500.02235174447,-187500.02235174447,-187500.02235174447
não,2135.9997553825087,-7931.5612234546215,6361.664099891675,12307.630456403549,-187500.02235174447,-187500.02235174447,-187500.02235174447,-187500.02235174447
não,2313.271440657549,-7942.848854404552,6604.962838287693,12243.816225983648,-187500.02235174447,-187500.02235174447,-187500.02235174447,-187500.02235174447
não,2538.1970451113043,-7860.08034468655,7100.098681461654,12215.697731458871,-187500.02235174447,-187500.02235174447,-187500.02235174447,-187500.02235174447
não,2402.8348806899644,-7841.260175855181,6928.481987533807,12264.491589604806,-187500.02235174447,-187500.02235174447,-187500.02235174447,-187500.02235174447
não,2134.23396757054,-7928.119054808504,6369.420155217666,12278.684947333926,-187500.02235174447,-187500.02235174447,-187500.02235174447,-187500.02235174447
não,2252.5193992280247,-7958.070392378616,6477.580246636898,12227.99119090929,-187500.02235174447,-187500.02235174447,-187500.02235174447,-187500.02235174447
não,2498.1650707918493,-7904.157984752415,7048.913186659001,12178.906760085436,-187500.02235174447,-187500.02235174447,-187500.02235174447,-187500.02235174447
não,2404.6677237352997,-7874.787792538142,6979.220447447354,12212.859059913048,-187500.02235174447,-187500.02235174447,-187500.02235174447,-187500.02235174447
não,2142.8840926747434,-7916.607906414021,6441.236310152568,12273.611101342573,-187500.02235174447,-187500.02235174447,-187500.02235174447,-187500.02235174447
não,2197.310590423416,-7944.636993960977,6410.167385359691,12251.818150498648,-187500.02235174447,-187500.02235174447,-187500.02235174447,-187500.02235174447
não,2473.3099309575477,-7915.512670935711,6963.954205984379,12174.279948983187,-187500.02235174447,-187500.02235174447,-187500.02235174447,-187500.02235174447
não,2444.923215499308,-7880.0851559740495,7043.72758194537,12201.727891174305,-187500.02235174447,-187500.02235174447,-187500.02235174447,-187500.02235174447
não,2189.1075002083185,-7910.66234238891,6559.0747069209465,12259.440095357908,-187500.02235174447,-187500.02235174447,-187500.02235174447,-187500.02235174447
não,2146.572130509869,-7962.518389525222,6329.4999396204885,12252.578109810127,-187500.02235174447,-187500.02235174447,-187500.02235174447,-187500.02235174447
não,2452.9027882698524,-7910.639990644454,6900.69876917586,12195.93878936038,-187500.02235174447,-187500.02235174447,-187500.02235174447,-187500.02235174447
não,2497.1145388024497,-7861.577911565056,7133.425132444518,12199.448013239862,-187500.02235174447,-187500.02235174447,-187500.02235174447,-187500.02235174447
não,2198.025846245986,-7916.429092458379,6621.078446039969,12236.37309508003,-187500.02235174447,-187500.02235174447,-187500.02235174447,-187500.02235174447
não,2098.8958595866993,-7961.3784505580015,6280.124936118715,12256.646127300994,-187500.02235174447,-187500.02235174447,-187500.02235174447,-187500.02235174447
não,2388.4180055162915,-7932.3211827661025,6760.91095935237,12197.816335894626,-187500.02235174447,-187500.02235174447,-187500.02235174447,-187500.02235174447
não,2488.0620822980504,-7886.813031055097,7091.917942991012,12178.191504262866,-187500.02235174447,-187500.02235174447,-187500.02235174447,-187500.02235174447
não,2272.8371349378986,-7898.793566083142,6738.782732341616,12231.969801422334,-187500.02235174447,-187500.02235174447,-187500.02235174447,-187500.02235174447
não,2110.8763946147437,-7956.796342944664,6314.390160368701,12266.771467539247,-187500.02235174447,-187500.02235174447,-187500.02235174447,-187500.02235174447
não,2346.910816062786,-7942.692392193365,6690.346502106965,12211.406196523452,-187500.02235174447,-187500.02235174447,-187500.02235174447,-187500.02235174447
não,2508.5362802191116,-7876.888856516941,7114.001466512856,12180.851361853047,-187500.02235174447,-187500.02235174447,-187500.02235174447,-187500.02235174447
não,2317.942955248708,-7892.08804274655,6832.5483003316285,12212.881411657503,-187500.02235174447,-187500.02235174447,-187500.02235174447,-187500.02235174447
não,2107.3448189908054,-7949.599081230054,6343.536835138421,12266.771467539247,-187500.02235174447,-187500.02235174447,-187500.02235174447,-187500.02235174447
não,2294.3618648483593,-7949.822598674607,6581.001768231603,12224.459615285352,-187500.02235174447,-187500.02235174447,-187500.02235174447,-187500.02235174447
não,2510.9055651313743,-7888.13178397796,7089.325140634196,12170.591911148062,-187500.02235174447,-187500.02235174447,-187500.02235174447,-187500.02235174447
não,2365.6862814052442,-7894.904362547918,6923.1175688645335,12204.253638297754,-187500.02235174447,-187500.02235174447,-187500.02235174447,-187500.02235174447
não,2123.147502320707,-7946.693354450865,6407.485176025054,12270.615967585562,-187500.02235174447,-187500.02235174447,-187500.02235174447,-187500.02235174447
não,2234.7050588971447,-7967.0781453941045,6481.42474668321,12240.575223037627,-187500.02235174447,-187500.02235174447,-187500.02235174447,-187500.02235174447
não,2504.8035388950752,-7903.04039752965,7031.657639939504,12176.917454828914,-187500.02235174447,-187500.02235174447,-187500.02235174447,-187500.02235174447
não,2417.0952936524504,-7882.543847864134,7003.159165758988,12198.196315550365,-187500.02235174447,-187500.02235174447,-187500.02235174447,-187500.02235174447
não,2149.7907817114333,-7930.108360065027,6488.242028742079,12260.0435924582,-187500.02235174447,-187500.02235174447,-187500.02235174447,-187500.02235174447
não,2180.14445068174,-7966.38524131599,6397.046911364426,12246.833711485115,-187500.02235174447,-187500.02235174447,-187500.02235174447,-187500.02235174447
não,2465.9115035428413,-7917.971362825795,6956.511075080762,12177.073917040101,-187500.02235174447,-187500.02235174447,-187500.02235174447,-187500.02235174447
não,2451.2264074357045,-7880.733356563253,7061.541922276249,12194.240056781777,-187500.02235174447,-187500.02235174447,-187500.02235174447,-187500.02235174447
não,2197.377645656782,-7917.256107003225,6584.756861300095,12253.71804877735,-187500.02235174447,-187500.02235174447,-187500.02235174447,-187500.02235174447
não,2141.2524153295058,-7968.374546572512,6343.335669438323,12252.600461554583,-187500.02235174447,-187500.02235174447,-187500.02235174447,-187500.02235174447
não,2431.579224059489,-7930.376580998491,6868.556960649128,12183.399460720953,-187500.02235174447,-187500.02235174447,-187500.02235174447,-187500.02235174447
não,2488.889096842897,-7880.532190863156,7100.612771584127,12184.897027599458,-187500.02235174447,-187500.02235174447,-187500.02235174447,-187500.02235174447
não,2242.572872945413,-7909.857679588518,6679.796478724061,12243.927984705924,-187500.02235174447,-187500.02235174447,-187500.02235174447,-187500.02235174447
não,2118.7442086630117,-7967.234607605292,6327.9129657641615,12266.279729161231,-187500.02235174447,-187500.02235174447,-187500.02235174447,-187500.02235174447
não,2384.2605810476043,-7942.647688704454,6772.600921702496,12197.257542283243,-187500.02235174447,-187500.02235174447,-187500.02235174447,-187500.02235174447
não,2497.1815940358156,-7884.264932187192,7115.253164202352,12174.592873405561,-187500.02235174447,-187500.02235174447,-187500.02235174447,-187500.02235174447
não,2288.4163008232476,-7898.7488625942315,6780.200514817299,12219.832804183103,-187500.02235174447,-187500.02235174447,-187500.02235174447,-187500.02235174447
não,2131.4847030025367,-7958.76329645673,6368.459030206088,12257.115513934556,-187500.02235174447,-187500.02235174447,-187500.02235174447,-187500.02235174447
não,2337.2772142025487,-7953.510636509734,6664.574940749996,12202.84547839707,-187500.02235174447,-187500.02235174447,-187500.02235174447,-187500.02235174447
não,2510.1456058198937,-7894.9937695257395,7096.120070948609,12166.45683842383,-187500.02235174447,-187500.02235174447,-187500.02235174447,-187500.02235174447
não,2345.435600928736,-7895.239638714748,6875.441297941363,12204.454803997853,-187500.02235174447,-187500.02235174447,-187500.02235174447,-187500.02235174447
não,2126.6120227112797,-7956.237549333281,6374.806925631396,12249.650031286483,-187500.02235174447,-187500.02235174447,-187500.02235174447,-187500.02235174447
não,2287.008140922563,-7965.468819793323,6560.684032521729,12200.096213829067,-187500.02235174447,-187500.02235174447,-187500.02235174447,-187500.02235174447
não,2520.9638501362624,-7901.319313206592,7090.666245301515,12154.655117351427,-187500.02235174447,-187500.02235174447,-187500.02235174447,-187500.02235174447
não,2396.6434474758444,-7891.104565990516,6968.335147897619,12185.992263077767,-187500.02235174447,-187500.02235174447,-187500.02235174447,-187500.02235174447
não,2145.052211886908,-7948.593252729565,6435.93894671666,12235.546080535183,-187500.02235174447,-187500.02235174447,-187500.02235174447,-187500.02235174447
não,2233.475712952103,-7974.454221064356,6467.23138895409,12209.148670333467,-187500.02235174447,-187500.02235174447,-187500.02235174447,-187500.02235174447
não,2502.166033049349,-7914.797415113141,7035.971526619378,12150.721210327294,-187500.02235174447,-187500.02235174447,-187500.02235174447,-187500.02235174447
não,2432.853273493442,-7890.143440978938,7039.212529565398,12167.485018668775,-187500.02235174447,-187500.02235174447,-187500.02235174447,-187500.02235174447
não,2171.471973833081,-7933.662287433421,6524.00481987057,12226.583031008606,-187500.02235174447,-187500.02235174447,-187500.02235174447,-187500.02235174447
não,2179.0492152034303,-7973.157819885948,6395.571696230376,12220.816280939136,-187500.02235174447,-187500.02235174447,-187500.02235174447,-187500.02235174447
não,2467.4984773991678,-7924.632182673477,6960.735554782815,12155.012745262713,-187500.02235174447,-187500.02235174447,-187500.02235174447,-187500.02235174447
não,2465.084488997995,-7881.3145019190915,7095.807146526236,12160.466570909808,-187500.02235174447,-187500.02235174447,-187500.02235174447,-187500.02235174447
não,2208.732331840078,-7918.686618648365,6626.062885053502,12218.22347858232,-187500.02235174447,-187500.02235174447,-187500.02235174447,-187500.02235174447
não,2133.4740082590592,-7969.939168684384,6351.896387564706,12220.726873961316,-187500.02235174447,-187500.02235174447,-187500.02235174447,-187500.02235174447
não,2416.827072718987,-7932.4999967217445,6858.968062277801,12148.396628903942,-187500.02235174447,-187500.02235174447,-187500.02235174447,-187500.02235174447
não,2481.1553932613606,-7885.829554299064,7116.035475258288,12148.173111459388,-187500.02235174447,-187500.02235174447,-187500.02235174447,-187500.02235174447
não,2244.6515851797562,-7907.689560376354,6716.699208819772,12213.998998880268,-187500.02235174447,-187500.02235174447,-187500.02235174447,-187500.02235174447
não,2106.897784101699,-7957.355136556046,6336.8983670351945,12237.37892358052,-187500.02235174447,-187500.02235174447,-187500.02235174447,-187500.02235174447
não,2370.1789820407607,-7940.144293325459,6771.86331413547,12174.749335616749,-187500.02235174447,-187500.02235174447,-187500.02235174447,-187500.02235174447
não,2498.232126025215,-7884.153173464915,7143.4163622160395,12153.31401268411,-187500.02235174447,-187500.02235174447,-187500.02235174447,-187500.02235174447
não,2298.631048039323,-7890.791641568142,6827.854433996014,12201.45967024084,-187500.02235174447,-187500.02235174447,-187500.02235174447,-187500.02235174447
não,2108.5294614469362,-7946.4698370063115,6360.188884757625,12248.197167896888,-187500.02235174447,-187500.02235174447,-187500.02235174447,-187500.02235174447
não,2315.439559869714,-7958.785648201186,6651.700335943739,12179.309091485631,-187500.02235174447,-187500.02235174447,-187500.02235174447,-187500.02235174447
não,2509.139777319405,-7887.058900244106,7127.166643997031,12144.887405024458,-187500.02235174447,-187500.02235174447,-187500.02235174447,-187500.02235174447
não,2350.241225986627,-7879.414603640391,6916.300286805665,12198.643350439472,-187500.02235174447,-187500.02235174447,-187500.02235174447,-187500.02235174447
não,2107.635391668724,-7937.976174113295,6394.297646796424,12245.425551584429,-187500.02235174447,-187500.02235174447,-187500.02235174447,-187500.02235174447
não,2255.693346940678,-7953.24241557627,6549.999898672092,12199.626827195505,-187500.02235174447,-187500.02235174447,-187500.02235174447,-187500.02235174447
não,2515.68883844481,-7886.678920588365,7116.750731080858,12145.379143402475,-187500.02235174447,-187500.02235174447,-187500.02235174447,-187500.02235174447
não,2387.278066549071,-7870.1609814358935,7005.729616371348,12181.74543163126,-187500.02235174447,-187500.02235174447,-187500.02235174447,-187500.02235174447
não,2119.4594644855815,-7927.359095497024,6442.756228775529,12239.100007903578,-187500.02235174447,-187500.02235174447,-187500.02235174447,-187500.02235174447
não,2204.1725759711953,-7957.578654000599,6455.429667881688,12215.675379714416,-187500.02235174447,-187500.02235174447,-187500.02235174447,-187500.02235174447
não,2483.1894020067934,-7896.960723037806,7026.896718370524,12153.381067917475,-187500.02235174447,-187500.02235174447,-187500.02235174447,-187500.02235174447
não,2427.7347240131767,-7864.953024977806,7062.167771120999,12174.481114683285,-187500.02235174447,-187500.02235174447,-187500.02235174447,-187500.02235174447
não,2160.6537295167127,-7910.237659244259,6547.25063410409,12239.971725937334,-187500.02235174447,-187500.02235174447,-187500.02235174447,-187500.02235174447
não,2154.28348234695,-7952.594214987066,6388.5532484714095,12241.178720137921,-187500.02235174447,-187500.02235174447,-187500.02235174447,-187500.02235174447
não,2443.24683466516,-7905.834365586564,6945.6034237865715,12163.685222111371,-187500.02235174447,-187500.02235174447,-187500.02235174447,-187500.02235174447
não,2456.657881338344,-7866.607054067499,7106.4912803758725,12162.21000697732,-187500.02235174447,-187500.02235174447,-187500.02235174447,-187500.02235174447
não,2200.2386689470613,-7908.248353987737,6636.009411336114,12216.32358030362,-187500.02235174447,-187500.02235174447,-187500.02235174447,-187500.02235174447
não,2115.614964439269,-7956.170494099915,6338.641803102709,12236.37309508003,-187500.02235174447,-187500.02235174447,-187500.02235174447,-187500.02235174447
não,2411.6191162609002,-7914.171566268393,6850.675565084883,12183.60062642105,-187500.02235174447,-187500.02235174447,-187500.02235174447,-187500.02235174447
não,2495.9969515796843,-7860.393269108924,7140.018897058832,12173.11765827151,-187500.02235174447,-187500.02235174447,-187500.02235174447,-187500.02235174447
não,2256.9673963746304,-7885.337815921047,6747.276395234632,12225.42074029693,-187500.02235174447,-187500.02235174447,-187500.02235174447,-187500.02235174447
não,2099.5887636648135,-7945.441656761367,6337.345401924301,12252.153426665476,-187500.02235174447,-187500.02235174447,-187500.02235174447,-187500.02235174447
não,2348.7436591081214,-7929.884842620474,6736.704020107272,12189.70265265735,-187500.02235174447,-187500.02235174447,-187500.02235174447,-187500.02235174447
não,2497.1592422913604,-7867.679937801354,7140.667097648036,12163.1711319889,-187500.02235174447,-187500.02235174447,-187500.02235174447,-187500.02235174447
não,2303.436673097214,-7877.827629784064,6849.267405184199,12220.503356516761,-187500.02235174447,-187500.02235174447,-187500.02235174447,-187500.02235174447
não,2097.6888653861124,-7939.451389247345,6365.30743423789,12258.814246513159,-187500.02235174447,-187500.02235174447,-187500.02235174447,-187500.02235174447
não,2298.385178850315,-7942.155950326437,6628.566280432497,12199.492716728773,-187500.02235174447,-187500.02235174447,-187500.02235174447,-187500.02235174447
não,2500.914335359852,-7879.012272240195,7117.890670048078,12155.1692074739,-187500.02235174447,-187500.02235174447,-187500.02235174447,-187500.02235174447
não,2350.5765021534567,-7871.0997547030165,6935.835711459603,12204.901838886957,-187500.02235174447,-187500.02235174447,-187500.02235174447,-187500.02235174447
não,2106.316638745861,-7924.967458840306,6411.441434793644,12256.914348234457,-187500.02235174447,-187500.02235174447,-187500.02235174447,-187500.02235174447
não,2237.923710098709,-7943.564110227122,6528.206947828168,12217.150594848466,-187500.02235174447,-187500.02235174447,-187500.02235174447,-187500.02235174447
não,2497.718035902743,-7884.9578362653065,7081.658492286026,12160.824198821092,-187500.02235174447,-187500.02235174447,-187500.02235174447,-187500.02235174447
não,2400.242078333149,-7866.964681978784,7015.542032187228,12198.755109161748,-187500.02235174447,-187500.02235174447,-187500.02235174447,-187500.02235174447
não,2135.9103484046877,-7920.877089604985,6485.1127845183355,12258.993060468802,-187500.02235174447,-187500.02235174447,-187500.02235174447,-187500.02235174447
não,2189.800404286433,-7952.437752775879,6445.259624154523,12230.114606632544,-187500.02235174447,-187500.02235174447,-187500.02235174447,-187500.02235174447
não,2466.9620355322404,-7894.725548592276,7007.182479760943,12160.377163931986,-187500.02235174447,-187500.02235174447,-187500.02235174447,-187500.02235174447
não,2431.333354870481,-7860.3038621311025,7066.235788611864,12173.430582693885,-187500.02235174447,-187500.02235174447,-187500.02235174447,-187500.02235174447
não,2178.0210349584863,-7902.950990551829,6575.637349562329,12243.70446726137,-187500.02235174447,-187500.02235174447,-187500.02235174447,-187500.02235174447
não,2147.645014243724,-7951.141351597471,6382.719443168574,12255.550891822684,-187500.02235174447,-187500.02235174447,-187500.02235174447,-187500.02235174447
não,2436.496607839657,-7906.951952809329,6927.587917755594,12183.51121944323,-187500.02235174447,-187500.02235174447,-187500.02235174447,-187500.02235174447
não,2462.3575761744473,-7860.706193531299,7113.733245579392,12176.448068195352,-187500.02235174447,-187500.02235174447,-187500.02235174447,-187500.02235174447
não,2214.2308609760835,-7891.685711346354,6667.927702418292,12239.23411837031,-187500.02235174447,-187500.02235174447,-187500.02235174447,-187500.02235174447
não,2108.1718335356513,-7946.425133517401,6342.910986293672,12261.85408375908,-187500.02235174447,-187500.02235174447,-187500.02235174447,-187500.02235174447
não,2391.882525906864,-7918.261935503714,6821.238317637243,12186.640463666972,-187500.02235174447,-187500.02235174447,-187500.02235174447,-187500.02235174447
não,2493.471204456235,-7862.494333087723,7134.877995834112,12170.480152425785,-187500.02235174447,-187500.02235174447,-187500.02235174447,-187500.02235174447
não,2272.0324721375077,-7883.415565897891,6773.29382578061,12226.672437986426,-187500.02235174447,-187500.02235174447,-187500.02235174447,-187500.02235174447
não,2101.4886619435147,-7941.9547846263395,6342.374544426745,12267.821999528647,-187500.02235174447,-187500.02235174447,-187500.02235174447,-187500.02235174447
não,2345.882635817842,-7932.477644977289,6709.010208727147,12210.802699423159,-187500.02235174447,-187500.02235174447,-187500.02235174447,-187500.02235174447
não,2515.1076930889717,-7869.445725613324,7130.787626598791,12183.667681654417,-187500.02235174447,-187500.02235174447,-187500.02235174447,-187500.02235174447
não,2335.9361095352306,-7875.100716960516,6861.851437312536,12235.210804368355,-187500.02235174447,-187500.02235174447,-187500.02235174447,-187500.02235174447
não,2123.058095342886,-7933.23760428877,6366.670890649663,12274.66163333197,-187500.02235174447,-187500.02235174447,-187500.02235174447,-187500.02235174447
não,2312.466777857158,-7940.993659614762,6601.766538830583,12217.03883612619,-187500.02235174447,-187500.02235174447,-187500.02235174447,-187500.02235174447
não,2528.563443251067,-7877.492353617234,7105.574858853204,12168.110867513522,-187500.02235174447,-187500.02235174447,-187500.02235174447,-187500.02235174447
não,2377.3762437553696,-7870.295091902625,6945.1340371530105,12208.209897066343,-187500.02235174447,-187500.02235174447,-187500.02235174447,-187500.02235174447
não,2127.7519616785007,-7923.671057661898,6421.723237243085,12267.598482084095,-187500.02235174447,-187500.02235174447,-187500.02235174447,-187500.02235174447
não,2242.930500856698,-7948.012107373728,6504.804671383461,12244.732647506315,-187500.02235174447,-187500.02235174447,-187500.02235174447,-187500.02235174447
não,2493.5382596896006,-7884.287283931647,7057.608015252115,12193.055414325645,-187500.02235174447,-187500.02235174447,-187500.02235174447,-187500.02235174447
não,2410.8368052049645,-7858.940405719329,7027.611974193093,12226.717141475337,-187500.02235174447,-187500.02235174447,-187500.02235174447,-187500.02235174447
não,2152.3612323237935,-7906.9072493204185,6509.140909807791,12277.43324964443,-187500.02235174447,-187500.02235174447,-187500.02235174447,-187500.02235174447
não,2179.0715669478855,-7947.09568585106,6423.287859354957,12256.489665089806,-187500.02235174447,-187500.02235174447,-187500.02235174447,-187500.02235174447
não,2467.453773910257,-7895.574914881578,6986.171839972954,12185.545228188663,-187500.02235174447,-187500.02235174447,-187500.02235174447,-187500.02235174447
não,2445.660823066333,-7859.655661541899,7075.601169538638,12191.759013147237,-187500.02235174447,-187500.02235174447,-187500.02235174447,-187500.02235174447
não,2184.033654216964,-7898.145365493938,6584.734509555639,12255.99792671179,-187500.02235174447,-187500.02235174447,-187500.02235174447,-187500.02235174447
não,2136.737362949534,-7948.90617715194,6358.8477800903065,12259.99888896929,-187500.02235174447,-187500.02235174447,-187500.02235174447,-187500.02235174447
não,2437.748305529154,-7906.4378626868565,6899.759995908737,12194.84355388207,-187500.02235174447,-187500.02235174447,-187500.02235174447,-187500.02235174447
não,2484.5081549296565,-7856.437010340334,7123.970344539923,12197.88339112799,-187500.02235174447,-187500.02235174447,-187500.02235174447,-187500.02235174447
não,2235.1297420417955,-7886.410699654902,6694.235705642189,12254.478008088829,-187500.02235174447,-187500.02235174447,-187500.02235174447,-187500.02235174447
não,2112.8880516157215,-7945.173435827904,6337.859492046773,12273.074659475644,-187500.02235174447,-187500.02235174447,-187500.02235174447,-187500.02235174447
não,2382.785365913554,-7919.558336682122,6792.2034015898,12211.339141290086,-187500.02235174447,-187500.02235174447,-187500.02235174447,-187500.02235174447
não,2500.9590388487627,-7859.856827241997,7135.816769101235,12188.830934623593,-187500.02235174447,-187500.02235174447,-187500.02235174447,-187500.02235174447
não,2285.30940834396,-7878.364071650991,6789.811764933082,12234.316734590142,-187500.02235174447,-187500.02235174447,-187500.02235174447,-187500.02235174447
não,2102.8074148663777,-7937.3726770130015,6343.6485938606975,12271.241816430309,-187500.02235174447,-187500.02235174447,-187500.02235174447,-187500.02235174447
não,2330.303469932493,-7926.621487929999,6688.446603828264,12215.98830413679,-187500.02235174447,-187500.02235174447,-187500.02235174447,-187500.02235174447
não,2503.68595167231,-7861.7120220317875,7136.12969352361,12188.853286368047,-187500.02235174447,-187500.02235174447,-187500.02235174447,-187500.02235174447
não,2324.2237954406496,-7869.356318635502,6890.036987070678,12228.594688009583,-187500.02235174447,-187500.02235174447,-187500.02235174447,-187500.02235174447
não,2119.0794848298415,-7928.767255397708,6407.663989980697,12263.798685526692,-187500.02235174447,-187500.02235174447,-187500.02235174447,-187500.02235174447
não,2278.0003879070746,-7929.0354763311725,6587.081442723446,12226.717141475337,-187500.02235174447,-187500.02235174447,-187500.02235174447,-187500.02235174447
não,2511.330248276025,-7871.41267912539,7106.580687353693,12178.07974554059,-187500.02235174447,-187500.02235174447,-187500.02235174447,-187500.02235174447
não,2380.080804834462,-7860.7732487646645,6978.169915457955,12204.27599004221,-187500.02235174447,-187500.02235174447,-187500.02235174447,-187500.02235174447
não,2130.5235779909585,-7915.020932557694,6441.660993297219,12265.743287294305,-187500.02235174447,-187500.02235174447,-187500.02235174447,-187500.02235174447
não,2221.852805835343,-7940.256052047736,6490.700720632162,12240.41876082644,-187500.02235174447,-187500.02235174447,-187500.02235174447,-187500.02235174447
não,2487.7715096201314,-7884.063766487095,7035.926823130468,12171.038946037168,-187500.02235174447,-187500.02235174447,-187500.02235174447,-187500.02235174447
não,2432.3838868598805,-7852.07842017155,7058.949119919434,12190.529667202196,-187500.02235174447,-187500.02235174447,-187500.02235174447,-187500.02235174447
não,2161.547799294925,-7908.226002243281,6516.494633733587,12251.99696445429,-187500.02235174447,-187500.02235174447,-187500.02235174447,-187500.02235174447
não,2179.5856570703577,-7948.414438773923,6414.928306928672,12247.70542951887,-187500.02235174447,-187500.02235174447,-187500.02235174447,-187500.02235174447
não,2464.8609715534417,-7901.90045856243,6954.588825057605,12189.143859045966,-187500.02235174447,-187500.02235174447,-187500.02235174447,-187500.02235174447
não,2470.2253902227153,-7860.862655742486,7092.767309280313,12186.975739833802,-187500.02235174447,-187500.02235174447,-187500.02235174447,-187500.02235174447
não,2221.495177924058,-7896.4019294264235,6621.927812329271,12239.27882185922,-187500.02235174447,-187500.02235174447,-187500.02235174447,-187500.02235174447
não,2146.326261320861,-7948.548549240655,6359.697146379608,12250.208824897865,-187500.02235174447,-187500.02235174447,-187500.02235174447,-187500.02235174447
não,2431.266299637115,-7912.986923812262,6879.442260198863,12180.158457774933,-187500.02235174447,-187500.02235174447,-187500.02235174447,-187500.02235174447
não,2494.2535155121705,-7861.644966798422,7128.843024831179,12173.40823094943,-187500.02235174447,-187500.02235174447,-187500.02235174447,-187500.02235174447
não,2253.704041684156,-7884.7790223096645,6716.6768570753175,12230.51693803274,-187500.02235174447,-187500.02235174447,-187500.02235174447,-187500.02235174447
não,2121.1134935752743,-7941.820674159608,6339.11118973627,12254.969746466846,-187500.02235174447,-187500.02235174447,-187500.02235174447,-187500.02235174447
não,2391.0331596175624,-7920.921793093896,6776.914808382369,12195.64821668246,-187500.02235174447,-187500.02235174447,-187500.02235174447,-187500.02235174447
não,2520.5838704805224,-7861.354394120503,7147.529083195816,12167.529722157684,-187500.02235174447,-187500.02235174447,-187500.02235174447,-187500.02235174447
não,2314.7690075360547,-7872.597321581522,6828.659096796406,12212.61319072404,-187500.02235174447,-187500.02235174447,-187500.02235174447,-187500.02235174447
não,2116.307868517383,-7933.23760428877,6359.4959806795105,12250.298231875686,-187500.02235174447,-187500.02235174447,-187500.02235174447,-187500.02235174447
não,2330.012897254574,-7931.941203110362,6663.36794654941,12201.258504540743,-187500.02235174447,-187500.02235174447,-187500.02235174447,-187500.02235174447
não,2530.4186380408573,-7869.51278084669,7134.6097749006485,12161.651213365938,-187500.02235174447,-187500.02235174447,-187500.02235174447,-187500.02235174447
não,2366.5803511834565,-7868.417545368379,6920.0106763852455,12202.309036530141,-187500.02235174447,-187500.02235174447,-187500.02235174447,-187500.02235174447
não,2127.997830867509,-7923.671057661898,6402.79130968944,12254.299194133186,-187500.02235174447,-187500.02235174447,-187500.02235174447,-187500.02235174447
não,2281.6437222532895,-7939.607851458532,6563.723869767651,12213.864888413536,-187500.02235174447,-187500.02235174447,-187500.02235174447,-187500.02235174447
não,2526.5070827611785,-7879.772231551676,7100.83628902868,12167.663832624416,-187500.02235174447,-187500.02235174447,-187500.02235174447,-187500.02235174447
não,2410.8368052049645,-7865.534170333644,6996.565401144672,12200.31973127362,-187500.02235174447,-187500.02235174447,-187500.02235174447,-187500.02235174447
não,2151.958900923598,-7916.294981991647,6465.666766842219,12254.500359833284,-187500.02235174447,-187500.02235174447,-187500.02235174447,-187500.02235174447
não,2231.1064280398405,-7943.966441627317,6471.768793078518,12230.51693803274,-187500.02235174447,-187500.02235174447,-187500.02235174447,-187500.02235174447
não,2524.338963549014,-7886.008368254706,7059.217340852898,12159.25957670922,-187500.02235174447,-187500.02235174447,-187500.02235174447,-187500.02235174447
não,2471.1194600009276,-7854.201835894804,7094.980131981389,12175.799867606149,-187500.02235174447,-187500.02235174447,-187500.02235174447,-187500.02235174447
não,2189.867459519799,-7905.18616499736,6546.021288159048,12236.395446824485,-187500.02235174447,-187500.02235174447,-187500.02235174447,-187500.02235174447
não,2194.9636572556087,-7944.681697449887,6421.142091887247,12227.007714153257,-187500.02235174447,-187500.02235174447,-187500.02235174447,-187500.02235174447
não,2477.6685211263325,-7900.469946917289,6944.463484819351,12166.233320979276,-187500.02235174447,-187500.02235174447,-187500.02235174447,-187500.02235174447
$SILENCE,2509.9891436087064,-7854.850036484008,7135.526196423316,12169.720193114304,-187500.02235174447,-187500.02235174447,-187500.02235174447,-187500.02235174447
$SILENCE,2230.5923379173682,-7892.602132869021,6630.1532542888235,12241.335182349108,-187500.02235174447,-187500.02235174447,-187500.02235174447,-187500.02235174447
$SILENCE,2152.2718253459725,-7949.442619018868,6345.459085161578,12259.887130247012,-187500.02235174447,-187500.02235174447,-187500.02235174447,-187500.02235174447
$SILENCE,2447.2925004115705,-7913.165737767904,6861.292643701154,12184.114716543523,-187500.02235174447,-187500.02235174447,-187500.02235174447,-187500.02235174447
$SILENCE,2529.1222368624494,-7858.426315596857,7146.500902950872,12168.155571002433,-187500.02235174447,-187500.02235174447,-187500.02235174447,-187500.02235174447
$SILENCE,2294.2948096149935,-7878.565237351088,6752.864331348459,12213.820184924625,-187500.02235174447,-187500.02235174447,-187500.02235174447,-187500.02235174447
$SILENCE,2139.71014496209,-7939.719610180809,6345.906120050683,12238.720028247837,-187500.02235174447,-187500.02235174447,-187500.02235174447,-187500.02235174447
$SILENCE,2402.3431423119478,-7924.766293140208,6754.563063927062,12179.21968450781,-187500.02235174447,-187500.02235174447,-187500.02235174447,-187500.02235174447
$SILENCE,2546.221321370759,-7863.902492988407,7146.858530862157,12157.873768552992,-187500.02235174447,-187500.02235174447,-187500.02235174447,-187500.02235174447
$SILENCE,2345.212083484183,-7876.955911750307,6847.099285972034,12208.768690677725,-187500.02235174447,-187500.02235174447,-187500.02235174447,-187500.02235174447
$SILENCE,2141.4982845185145,-7937.126807823994,6367.140277283225,12252.891034232502,-187500.02235174447,-187500.02235174447,-187500.02235174447,-187500.02235174447
$SILENCE,2348.2519207301048,-7933.841101389063,6648.593443464451,12206.913495887935,-187500.02235174447,-187500.02235174447,-187500.02235174447,-187500.02235174447
$SILENCE,2551.652795273399,-7866.092963945028,7138.118998780132,12166.948576801846,-187500.02235174447,-187500.02235174447,-187500.02235174447,-187500.02235174447
$SILENCE,2393.9612381412076,-7864.908321488896,6942.094199907089,12199.045681839667,-187500.02235174447,-187500.02235174447,-187500.02235174447,-187500.02235174447
$SILENCE,2148.919063677676,-7922.866394861508,6420.493891298043,12248.554795808173,-187500.02235174447,-187500.02235174447,-187500.02235174447,-187500.02235174447
$SILENCE,2282.8507164538764,-7941.172473570404,6547.295337593,12214.915420402935,-187500.02235174447,-187500.02235174447,-187500.02235174447,-187500.02235174447
$SILENCE,2537.0571061440833,-7877.849981528519,7096.6341610710815,12165.31689945661,-187500.02235174447,-187500.02235174447,-187500.02235174447,-187500.02235174447
$SILENCE,2438.6423753073664,-7861.197931909315,7023.655715424504,12197.41400449443,-187500.02235174447,-187500.02235174447,-187500.02235174447,-187500.02235174447
$SILENCE,2177.95397972512,-7912.4281302008785,6493.695854389174,12254.43330459992,-187500.02235174447,-187500.02235174447,-187500.02235174447,-187500.02235174447
$SILENCE,2234.0121548190305,-7944.793456172163,6457.284862671479,12234.942583434891,-187500.02235174447,-187500.02235174447,-187500.02235174447,-187500.02235174447
$SILENCE,2519.399228024391,-7888.2435427002365,7030.160073060999,12177.275082740198,-187500.02235174447,-187500.02235174447,-187500.02235174447,-187500.02235174447
$SILENCE,2476.886210070397,-7857.196969651815,7086.128841177087,12189.233266023788,-187500.02235174447,-187500.02235174447,-187500.02235174447,-187500.02235174447
$SILENCE,2212.0403900194633,-7900.022912028184,6584.689806066729,12245.760827751259,-187500.02235174447,-187500.02235174447,-187500.02235174447,-187500.02235174447
$SILENCE,2183.5195640944917,-7945.486360250278,6396.2422485640345,12243.61506028355,-187500.02235174447,-187500.02235174447,-187500.02235174447,-187500.02235174447
$SILENCE,2479.3449019604805,-7900.693464361842,6945.759885997759,12175.93397807288,-187500.02235174447,-187500.02235174447,-187500.02235174447,-187500.02235174447
$SILENCE,2507.4410447408018,-7855.654699284399,7128.932431809,12179.487905441274,-187500.02235174447,-187500.02235174447,-187500.02235174447,-187500.02235174447
$SILENCE,2253.6593381952453,-7889.0035020117175,6676.399013566854,12233.42266481193,-187500.02235174447,-187500.02235174447,-187500.02235174447,-187500.02235174447
$SILENCE,2152.160066623696,-7945.106380594538,6353.282195720934,12255.103856933578,-187500.02235174447,-187500.02235174447,-187500.02235174447,-187500.02235174447
$SILENCE,2441.749267786654,-7916.339685480558,6842.517178358696,12195.983492849291,-187500.02235174447,-187500.02235174447,-187500.02235174447,-187500.02235174447
$SILENCE,2536.45360904379,-7858.403963852402,7155.039269332799,12183.466515954318,-187500.02235174447,-187500.02235174447,-187500.02235174447,-187500.02235174447
$SILENCE,2309.8069202669767,-7877.89468501743,6787.576590487551,12236.976592180323,-187500.02235174447,-187500.02235174447,-187500.02235174447,-187500.02235174447
$SILENCE,2162.4642208175924,-7931.829444388086,6392.174231073169,12259.797723269192,-187500.02235174447,-187500.02235174447,-187500.02235174447,-187500.02235174447
$SILENCE,2387.9039153938193,-7922.732284394776,6731.160787482356,12203.493678986273,-187500.02235174447,-187500.02235174447,-187500.02235174447,-187500.02235174447
$SILENCE,2549.976414439251,-7865.668280800377,7149.5183884523385,12177.006861806734,-187500.02235174447,-187500.02235174447,-187500.02235174447,-187500.02235174447
$SILENCE,2348.2966242190155,-7873.089059959539,6855.190617464855,12227.879432187014,-187500.02235174447,-187500.02235174447,-187500.02235174447,-187500.02235174447
$SILENCE,2142.2582438299946,-7931.337706010068,6368.079050550348,12265.653880316482,-187500.02235174447,-187500.02235174447,-187500.02235174447,-187500.02235174447
$SILENCE,2337.2325107136385,-7935.606889201033,6618.820919849983,12213.75312969126,-187500.02235174447,-187500.02235174447,-187500.02235174447,-187500.02235174447
$SILENCE,2557.6654145318766,-7872.329100648058,7127.971306797423,12170.927187314892,-187500.02235174447,-187500.02235174447,-187500.02235174447,-187500.02235174447
$SILENCE,2418.6152122754115,-7865.154190677905,6965.340014140608,12207.964027877335,-187500.02235174447,-187500.02235174447,-187500.02235174447,-187500.02235174447
$SILENCE,2169.1920958986398,-7921.9946768277505,6434.9778217050825,12265.18449368292,-187500.02235174447,-187500.02235174447,-187500.02235174447,-187500.02235174447
$SILENCE,2281.174335619728,-7948.369735285013,6520.763816924551,12229.108778132055,-187500.02235174447,-187500.02235174447,-187500.02235174447,-187500.02235174447
$SILENCE,2542.198007368804,-7881.292150174636,7081.993768452856,12172.60356814904,-187500.02235174447,-187500.02235174447,-187500.02235174447,-187500.02235174447
$SILENCE,2457.1943232052713,-7858.0686876855725,7042.744105189337,12200.096213829067,-187500.02235174447,-187500.02235174447,-187500.02235174447,-187500.02235174447
$SILENCE,2197.757625312522,-7906.303752220125,6513.47714823212,12258.85895000207,-187500.02235174447,-187500.02235174447,-187500.02235174447,-187500.02235174447
$SILENCE,2232.4698844516142,-7945.128732338993,6440.230481652079,12246.18551089591,-187500.02235174447,-187500.02235174447,-187500.02235174447,-187500.02235174447
$SILENCE,2521.4108850253683,-7892.222153213282,7013.619782164072,12181.767783375715,-187500.02235174447,-187500.02235174447,-187500.02235174447,-187500.02235174447
$SILENCE,2497.8297946250195,-7858.202798152304,7100.746882050858,12193.614207937027,-187500.02235174447,-187500.02235174447,-187500.02235174447,-187500.02235174447
$SILENCE,2233.1627885297285,-7901.207554484315,6603.219402220178,12249.493569075295,-187500.02235174447,-187500.02235174447,-187500.02235174447,-187500.02235174447
$SILENCE,2188.0793199633745,-7951.454276019845,6378.450259977611,12247.437208585407,-187500.02235174447,-187500.02235174447,-187500.02235174447,-187500.02235174447
$SILENCE,2482.1835735063046,-7905.90142081993,6917.373170539519,12181.052527553145,-187500.02235174447,-187500.02235174447,-187500.02235174447,-187500.02235174447
$SILENCE,2519.131007090927,-7856.995803951718,7130.787626598791,12180.158457774933,-187500.02235174447,-187500.02235174447,-187500.02235174447,-187500.02235174447
$SILENCE,2274.4017570497704,-7885.5613333656,6700.225973156211,12238.541214292194,-187500.02235174447,-187500.02235174447,-187500.02235174447,-187500.02235174447
$SILENCE,2162.240703373039,-7942.982964871284,6357.216102745069,12265.162141938466,-187500.02235174447,-187500.02235174447,-187500.02235174447,-187500.02235174447
$SILENCE,2440.430514863791,-7917.971362825795,6823.406436849408,12195.514106215729,-187500.02235174447,-187500.02235174447,-187500.02235174447,-187500.02235174447
$SILENCE,2553.1950656408153,-7860.929710975852,7156.849760633679,12173.877617582992,-187500.02235174447,-187500.02235174447,-187500.02235174447,-187500.02235174447
$SILENCE,2331.823388555454,-7877.581760595055,6803.289866839632,12227.499452531274,-187500.02235174447,-187500.02235174447,-187500.02235174447,-187500.02235174447
$SILENCE,2149.7237264780674,-7935.42807524539,6360.635919646731,12265.720935549849,-187500.02235174447,-187500.02235174447,-187500.02235174447,-187500.02235174447
$SILENCE,2383.5229734805794,-7927.090874563561,6711.357141894954,12205.594742965073,-187500.02235174447,-187500.02235174447,-187500.02235174447,-187500.02235174447
$SILENCE,2557.330138365047,-7866.204722667304,7147.305565751263,12169.273158225198,-187500.02235174447,-187500.02235174447,-187500.02235174447,-187500.02235174447
$SILENCE,2381.108985079406,-7871.144458191927,6893.434452227885,12217.79879543767,-187500.02235174447,-187500.02235174447,-187500.02235174447,-187500.02235174447
$SILENCE,2159.089107404841,-7930.71185716532,6388.8438211493285,12261.250586658787,-187500.02235174447,-187500.02235174447,-187500.02235174447,-187500.02235174447
$SILENCE,2337.567786880468,-7940.613679959021,6602.59355337543,12216.927077403912,-187500.02235174447,-187500.02235174447,-187500.02235174447,-187500.02235174447
$SILENCE,2580.84417353203,-7872.932597748351,7150.233644274908,12170.010765792224,-187500.02235174447,-187500.02235174447,-187500.02235174447,-187500.02235174447
$SILENCE,2438.2847473960815,-7859.298033630614,6999.739348857325,12208.679283699905,-187500.02235174447,-187500.02235174447,-187500.02235174447,-187500.02235174447
$SILENCE,2170.0414621879413,-7917.747845381242,6433.636717037763,12267.956109995379,-187500.02235174447,-187500.02235174447,-187500.02235174447,-187500.02235174447
$SILENCE,2275.318178572438,-7944.86051140553,6498.389720724788,12235.657839257461,-187500.02235174447,-187500.02235174447,-187500.02235174447,-187500.02235174447
$SILENCE,2550.065821417072,-7885.270760687681,7064.067669399699,12171.26246348172,-187500.02235174447,-187500.02235174447,-187500.02235174447,-187500.02235174447
$SILENCE,2471.8347158234974,-7863.343699377025,7047.72854420287,12186.618111922517,-187500.02235174447,-187500.02235174447,-187500.02235174447,-187500.02235174447
$SILENCE,2208.48646265107,-7912.763406367709,6531.2467850740895,12249.672383030938,-187500.02235174447,-187500.02235174447,-187500.02235174447,-187500.02235174447
$SILENCE,2233.229843763095,-7949.330860296591,6426.662972767708,12237.37892358052,-187500.02235174447,-187500.02235174447,-187500.02235174447,-187500.02235174447
$SILENCE,2527.5352630061225,-7896.312522448603,6997.0794912671445,12175.956329817334,-187500.02235174447,-187500.02235174447,-187500.02235174447,-187500.02235174447
$SILENCE,2520.874443158441,-7861.644966798422,7113.643838601571,12186.774574133704,-187500.02235174447,-187500.02235174447,-187500.02235174447,-187500.02235174447
$SILENCE,2254.4863527400917,-7899.911153305907,6631.717876400695,12242.51982480524,-187500.02235174447,-187500.02235174447,-187500.02235174447,-187500.02235174447
$SILENCE,2185.2630001620055,-7949.308508552135,6378.830239633351,12246.766656251748,-187500.02235174447,-187500.02235174447,-187500.02235174447,-187500.02235174447
$SILENCE,2480.8424688389864,-7910.796452855641,6903.403330254952,12182.371280476009,-187500.02235174447,-187500.02235174447,-187500.02235174447,-187500.02235174447
$SILENCE,2547.7412399937202,-7866.204722667304,7142.634051160104,12179.59966416355,-187500.02235174447,-187500.02235174447,-187500.02235174447,-187500.02235174447
$SILENCE,2299.1227864173397,-7893.8761823029745,6721.594240855485,12228.32646707612,-187500.02235174447,-187500.02235174447,-187500.02235174447,-187500.02235174447
$SILENCE,2162.3301103508607,-7949.800246930153,6351.851684075795,12250.298231875686,-187500.02235174447,-187500.02235174447,-187500.02235174447,-187500.02235174447
$SILENCE,2435.200206661249,-7923.715761150809,6797.031378392146,12189.859114868535,-187500.02235174447,-187500.02235174447,-187500.02235174447,-187500.02235174447
$SILENCE,2560.7276035222535,-7867.568179079078,7160.582501957715,12170.591911148062,-187500.02235174447,-187500.02235174447,-187500.02235174447,-187500.02235174447
$SILENCE,2354.599816155412,-7880.152211207415,6830.246070652732,12225.197222852377,-187500.02235174447,-187500.02235174447,-187500.02235174447,-187500.02235174447
$SILENCE,2165.1017266633185,-7942.781799171186,6368.190809272624,12262.636394815016,-187500.02235174447,-187500.02235174447,-187500.02235174447,-187500.02235174447
$SILENCE,2385.7804996705654,-7939.272575291703,6687.686644516783,12205.773556920714,-187500.02235174447,-187500.02235174447,-187500.02235174447,-187500.02235174447
$SILENCE,2570.27179840467,-7876.2630076721925,7148.959594840956,12167.037983779668,-187500.02235174447,-187500.02235174447,-187500.02235174447,-187500.02235174447
$SILENCE,2396.7999096870317,-7876.620635583477,6924.481025276306,12210.959161634346,-187500.02235174447,-187500.02235174447,-187500.02235174447,-187500.02235174447
$SILENCE,2163.8500289738213,-7933.550528711145,6409.206260348113,12256.556720323173,-187500.02235174447,-187500.02235174447,-187500.02235174447,-187500.02235174447
$SILENCE,2321.2957169170045,-7948.548549240655,6579.928884497748,12205.46063249834,-187500.02235174447,-187500.02235174447,-187500.02235174447,-187500.02235174447
$SILENCE,2558.0453941876167,-7885.650740343421,7113.4203211570175,12158.298451697643,-187500.02235174447,-187500.02235174447,-187500.02235174447,-187500.02235174447
$SILENCE,2438.5976718184556,-7873.5584465931,6999.985218046334,12188.272141012209,-187500.02235174447,-187500.02235174447,-187500.02235174447,-187500.02235174447
$SILENCE,2187.967561241098,-7925.503900707234,6468.505438388042,12243.525653305729,-187500.02235174447,-187500.02235174447,-187500.02235174447,-187500.02235174447
$SILENCE,2270.378443047815,-7952.2812905646915,6484.531639162498,12218.290533815687,-187500.02235174447,-187500.02235174447,-187500.02235174447,-187500.02235174447
$SILENCE,2547.6071295269885,-7894.792603825642,7055.328137317674,12159.952480787335,-187500.02235174447,-187500.02235174447,-187500.02235174447,-187500.02235174447
$SILENCE,2492.823003867031,-7866.070612200572,7074.081250915677,12181.83483860908,-187500.02235174447,-187500.02235174447,-187500.02235174447,-187500.02235174447
$SILENCE,2230.5923379173682,-7913.255144745725,6560.102887165891,12240.530519548718,-187500.02235174447,-187500.02235174447,-187500.02235174447,-187500.02235174447
$SILENCE,2228.759494872033,-7957.422191789412,6414.660085995208,12231.522766533228,-187500.02235174447,-187500.02235174447,-187500.02235174447,-187500.02235174447
$SILENCE,2516.560556478567,-7907.287228976158,6975.957092756879,12162.098248255044,-187500.02235174447,-187500.02235174447,-187500.02235174447,-187500.02235174447
$SILENCE,2513.073684343539,-7865.154190677905,7123.970344539923,12170.278986725687,-187500.02235174447,-187500.02235174447,-187500.02235174447,-187500.02235174447
$SILENCE,2269.5290767585134,-7903.979170796772,6653.376716777888,12227.454749042363,-187500.02235174447,-187500.02235174447,-187500.02235174447,-187500.02235174447
$SILENCE,2198.048197990441,-7957.176322600404,6369.30839649539,12236.820129969137,-187500.02235174447,-187500.02235174447,-187500.02235174447,-187500.02235174447
$SILENCE,2479.434308938302,-7920.474758204789,6880.2692747437095,12173.765858860716,-187500.02235174447,-187500.02235174447,-187500.02235174447,-187500.02235174447
$SILENCE,2550.8257807285527,-7870.764478536186,7153.899330365579,12167.037983779668,-187500.02235174447,-187500.02235174447,-187500.02235174447,-187500.02235174447
$SILENCE,2322.525062862046,-7894.770252081186,6757.088811050512,12222.090330373088,-187500.02235174447,-187500.02235174447,-187500.02235174447,-187500.02235174447
$SILENCE,2177.5292965804692,-7952.571863242611,6361.865265591773,12246.09610391809,-187500.02235174447,-187500.02235174447,-187500.02235174447,-187500.02235174447
$SILENCE,2428.4723315802016,-7935.115150823016,6778.099450838501,12181.208989764333,-187500.02235174447,-187500.02235174447,-187500.02235174447,-187500.02235174447
$SILENCE,2563.2757023901586,-7876.106545461005,7164.695222937492,12157.471437152797,-187500.02235174447,-187500.02235174447,-187500.02235174447,-187500.02235174447
$SILENCE,2364.9039703493086,-7885.0695949875835,6856.5540738766285,12209.103966844556,-187500.02235174447,-187500.02235174447,-187500.02235174447,-187500.02235174447
$SILENCE,2167.247494131028,-7944.4134765164235,6377.019748332471,12249.761790008759,-187500.02235174447,-187500.02235174447,-187500.02235174447,-187500.02235174447
$SILENCE,2375.543400710035,-7942.647688704454,6670.006414652636,12200.096213829067,-187500.02235174447,-187500.02235174447,-187500.02235174447,-187500.02235174447
$SILENCE,2571.456440860801,-7878.855810029007,7152.759391398357,12154.476303395784,-187500.02235174447,-187500.02235174447,-187500.02235174447,-187500.02235174447
$SILENCE,2409.3168865820035,-7876.330062905558,6946.028106931223,12191.423736980407,-187500.02235174447,-187500.02235174447,-187500.02235174447,-187500.02235174447
$SILENCE,2171.7178430220897,-7934.958688611829,6418.236365108057,12237.311868347153,-187500.02235174447,-187500.02235174447,-187500.02235174447,-187500.02235174447
$SILENCE,2318.926432004742,-7952.90713940944,6556.3477940974,12203.851306897559,-187500.02235174447,-187500.02235174447,-187500.02235174447,-187500.02235174447
$SILENCE,2570.0482809601167,-7890.098737490027,7106.759501309336,12159.348983687041,-187500.02235174447,-187500.02235174447,-187500.02235174447,-187500.02235174447
$SILENCE,2465.978558776207,-7872.664376814888,7027.634325937549,12190.619074180016,-187500.02235174447,-187500.02235174447,-187500.02235174447,-187500.02235174447
$SILENCE,2204.1725759711953,-7923.827519873085,6496.914505590738,12241.55869979366,-187500.02235174447,-187500.02235174447,-187500.02235174447,-187500.02235174447
$SILENCE,2264.276416811516,-7955.231720832792,6476.663825114229,12215.317751803132,-187500.02235174447,-187500.02235174447,-187500.02235174447,-187500.02235174447
$SILENCE,2543.0920771470164,-7898.614752127499,7044.979279634867,12154.632765606972,-187500.02235174447,-187500.02235174447,-187500.02235174447,-187500.02235174447
$SILENCE,2502.4789574717233,-7870.362147135991,7089.101623189643,12175.97868156179,-187500.02235174447,-187500.02235174447,-187500.02235174447,-187500.02235174447
$SILENCE,2240.5612159444354,-7913.009275556717,6582.320521154466,12239.502339303774,-187500.02235174447,-187500.02235174447,-187500.02235174447,-187500.02235174447
$SILENCE,2222.2327854910836,-7956.036383633183,6407.194603347136,12234.920231690436,-187500.02235174447,-187500.02235174447,-187500.02235174447,-187500.02235174447
$SILENCE,2514.97358262224,-7912.316371478602,6958.701546037382,12163.282890711176,-187500.02235174447,-187500.02235174447,-187500.02235174447,-187500.02235174447
$SILENCE,2539.381687567435,-7870.496257602723,7133.156911511053,12165.674527367893,-187500.02235174447,-187500.02235174447,-187500.02235174447,-187500.02235174447
$SILENCE,2288.9750944346306,-7902.70512136282,6678.902408945848,12226.203051352866,-187500.02235174447,-187500.02235174447,-187500.02235174447,-187500.02235174447
$SILENCE,2191.208564187117,-7954.67292722141,6369.867190106773,12241.826920727126,-187500.02235174447,-187500.02235174447,-187500.02235174447,-187500.02235174447
$SILENCE,2472.5052681571565,-7922.486415205767,6864.176018735889,12172.26829198221,-187500.02235174447,-187500.02235174447,-187500.02235174447,-187500.02235174447
$SILENCE,2558.7382982657314,-7871.122106447471,7160.806019402268,12158.231396464276,-187500.02235174447,-187500.02235174447,-187500.02235174447,-187500.02235174447
$SILENCE,2333.589176367423,-7892.490374146745,6778.211209560777,12213.283743057698,-187500.02235174447,-187500.02235174447,-187500.02235174447,-187500.02235174447
$SILENCE,2176.0093779575086,-7950.984889386284,6359.11600102377,12244.933813206413,-187500.02235174447,-187500.02235174447,-187500.02235174447,-187500.02235174447
$SILENCE,2424.069037922506,-7937.797360157652,6752.551406926085,12189.300321257153,-187500.02235174447,-187500.02235174447,-187500.02235174447,-187500.02235174447
$SILENCE,2575.5691618405776,-7877.067670472583,7164.985795615411,12157.717306341805,-187500.02235174447,-187500.02235174447,-187500.02235174447,-187500.02235174447
$SILENCE,2383.6123804584004,-7883.326158920069,6880.559847421629,12204.723024931316,-187500.02235174447,-187500.02235174447,-187500.02235174447,-187500.02235174447
$SILENCE,2175.607046557313,-7940.323107281102,6390.028463605459,12251.058191187167,-187500.02235174447,-187500.02235174447,-187500.02235174447,-187500.02235174447
$SILENCE,2364.367528482381,-7944.3017177941465,6639.920966615792,12196.966969605324,-187500.02235174447,-187500.02235174447,-187500.02235174447,-187500.02235174447
$SILENCE,2583.593438100033,-7881.135687963449,7135.749713867869,12157.136160985967,-187500.02235174447,-187500.02235174447,-187500.02235174447,-187500.02235174447
$SILENCE,2435.401372361347,-7875.32423440507,6959.148580926488,12191.110812558034,-187500.02235174447,-187500.02235174447,-187500.02235174447,-187500.02235174447
$SILENCE,2189.375721141782,-7932.120017066004,6433.077923426381,12239.435284070407,-187500.02235174447,-187500.02235174447,-187500.02235174447,-187500.02235174447
$SILENCE,2313.7855307800214,-7953.935319654384,6535.515968265053,12201.347911518564,-187500.02235174447,-187500.02235174447,-187500.02235174447,-187500.02235174447
$SILENCE,2569.042452459628,-7890.545772379133,7091.157983679532,12153.805751062126,-187500.02235174447,-187500.02235174447,-187500.02235174447,-187500.02235174447
$SILENCE,2477.7355763596984,-7869.646891313421,7039.972488876879,12184.829972366093,-187500.02235174447,-187500.02235174447,-187500.02235174447,-187500.02235174447
$SILENCE,2213.448549920148,-7921.5699936831,6513.43244474321,12241.335182349108,-187500.02235174447,-187500.02235174447,-187500.02235174447,-187500.02235174447
$SILENCE,2257.9732248751193,-7960.216159846325,6454.669708570208,12218.625809982517,-187500.02235174447,-187500.02235174447,-187500.02235174447,-187500.02235174447
$SILENCE,2547.875350460452,-7903.80035684113,7025.801482892214,12153.425771406386,-187500.02235174447,-187500.02235174447,-187500.02235174447,-187500.02235174447
$SILENCE,2513.654829699377,-7870.205684924804,7099.897515761557,12170.770725103705,-187500.02235174447,-187500.02235174447,-187500.02235174447,-187500.02235174447
$SILENCE,2247.4232014922145,-7908.918906321395,6602.727663842162,12232.349781078075,-187500.02235174447,-187500.02235174447,-187500.02235174447,-187500.02235174447
$SILENCE,2211.5486516414467,-7960.260863335236,6393.537687484943,12235.635487513006,-187500.02235174447,-187500.02235174447,-187500.02235174447,-187500.02235174447
$SILENCE,2508.9609633637624,-7918.798377370642,6937.914423693946,12173.631748393984,-187500.02235174447,-187500.02235174447,-187500.02235174447,-187500.02235174447
$SILENCE,2546.0648591595723,-7871.077402958561,7139.348344725174,12167.88735006897,-187500.02235174447,-187500.02235174447,-187500.02235174447,-187500.02235174447
$SILENCE,2296.395873593792,-7902.950990551829,6700.449490600764,12217.75409194876,-187500.02235174447,-187500.02235174447,-187500.02235174447,-187500.02235174447
$SILENCE,2188.951037997131,-7957.24337783377,6368.1237540392585,12233.266202600742,-187500.02235174447,-187500.02235174447,-187500.02235174447,-187500.02235174447
$SILENCE,2466.5373523875896,-7926.733246652276,6837.465684111797,12168.870826825003,-187500.02235174447,-187500.02235174447,-187500.02235174447,-187500.02235174447
$SILENCE,2565.332062880047,-7872.418507625879,7158.235568789908,12156.063277252111,-187500.02235174447,-187500.02235174447,-187500.02235174447,-187500.02235174447
$SILENCE,2339.9147200482753,-7891.842173557541,6797.567820259073,12210.668588956427,-187500.02235174447,-187500.02235174447,-187500.02235174447,-187500.02235174447
$SILENCE,2166.420479586182,-7951.230758575292,6363.027556303448,12247.28074637422,-187500.02235174447,-187500.02235174447,-187500.02235174447,-187500.02235174447
$SILENCE,2405.0029999021294,-7940.546624725655,6722.421255400331,12190.820239880115,-187500.02235174447,-187500.02235174447,-187500.02235174447,-187500.02235174447
$SILENCE,2576.2397141742367,-7877.626464083966,7156.55918795576,12164.109905256022,-187500.02235174447,-187500.02235174447,-187500.02235174447,-187500.02235174447
$SILENCE,2388.216839816194,-7882.499144375222,6894.663798172927,12208.589876722084,-187500.02235174447,-187500.02235174447,-187500.02235174447,-187500.02235174447
$SILENCE,2164.3864708407486,-7943.318241038113,6393.73885318504,12250.298231875686,-187500.02235174447,-187500.02235174447,-187500.02235174447,-187500.02235174447
$SILENCE,2347.402554440803,-7953.510636509734,6612.025989535569,12198.196315550365,-187500.02235174447,-187500.02235174447,-187500.02235174447,-187500.02235174447
$SILENCE,2573.93748449534,-7888.020025255683,7123.389199184085,12151.034134749669,-187500.02235174447,-187500.02235174447,-187500.02235174447,-187500.02235174447
$SILENCE,2435.691945039266,-7879.705176318309,6978.795764302703,12190.41790847992,-187500.02235174447,-187500.02235174447,-187500.02235174447,-187500.02235174447
$SILENCE,2182.312569893905,-7935.42807524539,6453.306252158434,12245.492606817796,-187500.02235174447,-187500.02235174447,-187500.02235174447,-187500.02235174447
$SILENCE,2297.1558329052727,-7959.724421468309,6515.2205842996345,12214.75895819175,-187500.02235174447,-187500.02235174447,-187500.02235174447,-187500.02235174447
$SILENCE,2567.4107751143906,-7898.637103871954,7070.616730525105,12156.242091207754,-187500.02235174447,-187500.02235174447,-187500.02235174447,-187500.02235174447
$SILENCE,2486.609218908455,-7877.22413268377,7046.275680813275,12179.823181608102,-187500.02235174447,-187500.02235174447,-187500.02235174447,-187500.02235174447
$SILENCE,2221.852805835343,-7922.687580905865,6533.05727637497,12239.167063136943,-187500.02235174447,-187500.02235174447,-187500.02235174447,-187500.02235174447
$SILENCE,2247.9372916146867,-7963.390107558979,6438.1517694177355,12224.07963562961,-187500.02235174447,-187500.02235174447,-187500.02235174447,-187500.02235174447
$SILENCE,2536.9900509107174,-7911.04232204465,6996.1407180000215,12158.432562164375,-187500.02235174447,-187500.02235174447,-187500.02235174447,-187500.02235174447
$SILENCE,2517.789902423609,-7874.810144282597,7097.21530642692,12166.993280290757,-187500.02235174447,-187500.02235174447,-187500.02235174447,-187500.02235174447
$SILENCE,2258.241445808583,-7913.746883123742,6615.7140273706955,12224.191394351888,-187500.02235174447,-187500.02235174447,-187500.02235174447,-187500.02235174447
$SILENCE,2203.0102852595196,-7961.333747069091,6379.210219289091,12236.775426480226,-187500.02235174447,-187500.02235174447,-187500.02235174447,-187500.02235174447
$SILENCE,2496.9357248468073,-7918.910136092918,6914.758016438248,12176.962158317823,-187500.02235174447,-187500.02235174447,-187500.02235174447,-187500.02235174447
$SILENCE,2544.544940536611,-7869.021042468673,7141.695277892981,12166.166265745911,-187500.02235174447,-187500.02235174447,-187500.02235174447,-187500.02235174447
$SILENCE,2305.3365713759154,-7896.536039893155,6717.503871620163,12221.12920536151,-187500.02235174447,-187500.02235174447,-187500.02235174447,-187500.02235174447
$SILENCE,2179.205677414617,-7952.4601045203335,6355.11503876627,12246.386676596008,-187500.02235174447,-187500.02235174447,-187500.02235174447,-187500.02235174447
$SILENCE,2443.202131176249,-7928.208461786326,6804.742730229227,12183.1759432764,-187500.02235174447,-187500.02235174447,-187500.02235174447,-187500.02235174447
$SILENCE,2556.033737186639,-7870.9879959807395,7152.669984420537,12162.321765699598,-187500.02235174447,-187500.02235174447,-187500.02235174447,-187500.02235174447
$SILENCE,2344.9662142951747,-7887.841211300041,6813.281096611154,12216.033007625701,-187500.02235174447,-187500.02235174447,-187500.02235174447,-187500.02235174447
$SILENCE,2162.9783109400646,-7947.743886440264,6361.440582447122,12257.316679634652,-187500.02235174447,-187500.02235174447,-187500.02235174447,-187500.02235174447
$SILENCE,2385.04289210354,-7942.267709048714,6689.139507906379,12198.17396380591,-187500.02235174447,-187500.02235174447,-187500.02235174447,-187500.02235174447
$SILENCE,2566.4720018472676,-7875.771269294175,7147.998469829377,12159.080762753578,-187500.02235174447,-187500.02235174447,-187500.02235174447,-187500.02235174447
$SILENCE,2392.5754299849787,-7875.32423440507,6912.455786759351,12201.906705129946,-187500.02235174447,-187500.02235174447,-187500.02235174447,-187500.02235174447
$SILENCE,2162.553627795414,-7934.71281942282,6398.1197950982805,12250.722915020337,-187500.02235174447,-187500.02235174447,-187500.02235174447,-187500.02235174447
$SILENCE,2323.754408807088,-7946.805113173141,6579.593608330919,12205.035949353689,-187500.02235174447,-187500.02235174447,-187500.02235174447,-187500.02235174447
$SILENCE,2560.481734333245,-7882.677958330865,7113.7108938349365,12155.862111552015,-187500.02235174447,-187500.02235174447,-187500.02235174447,-187500.02235174447
$SILENCE,2429.3887531028695,-7871.815010525586,6989.591656874616,12190.79788813566,-187500.02235174447,-187500.02235174447,-187500.02235174447,-187500.02235174447
$SILENCE,2185.642979817746,-7924.006333828728,6462.314005173923,12251.080542931622,-187500.02235174447,-187500.02235174447,-187500.02235174447,-187500.02235174447
$SILENCE,2271.607788992857,-7953.443581276368,6487.2809037305005,12220.168080349933,-187500.02235174447,-187500.02235174447,-187500.02235174447,-187500.02235174447
$SILENCE,2537.325327077547,-7896.044301515139,7052.690631471948,12159.55014938714,-187500.02235174447,-187500.02235174447,-187500.02235174447,-187500.02235174447
$SILENCE,2475.4780501697123,-7861.667318542876,7063.4641722994065,12190.84259162457,-187500.02235174447,-187500.02235174447,-187500.02235174447,-187500.02235174447
$SILENCE,2211.503948152536,-7904.5156126637,6542.355602068377,12249.18064465292,-187500.02235174447,-187500.02235174447,-187500.02235174447,-187500.02235174447
$SILENCE,2221.6516401352455,-7949.532025996688,6407.194603347136,12232.126263633521,-187500.02235174447,-187500.02235174447,-187500.02235174447,-187500.02235174447
$SILENCE,2511.956097120774,-7907.711912120809,6973.81132528917,12169.161399502922,-187500.02235174447,-187500.02235174447,-187500.02235174447,-187500.02235174447
$SILENCE,2512.5372424766115,-7864.617748810977,7114.448501401962,12180.292568241664,-187500.02235174447,-187500.02235174447,-187500.02235174447,-187500.02235174447
$SILENCE,2260.20839932065,-7901.162850995404,6645.151274818334,12240.955202693369,-187500.02235174447,-187500.02235174447,-187500.02235174447,-187500.02235174447
$SILENCE,2181.57496232688,-7956.2151975888255,6365.240379004524,12248.66655453045,-187500.02235174447,-187500.02235174447,-187500.02235174447,-187500.02235174447
$SILENCE,2465.084488997995,-7917.367865725502,6878.704652631838,12182.88537059848,-187500.02235174447,-187500.02235174447,-187500.02235174447,-187500.02235174447
não,2531.290356074614,-7859.633309797444,7144.466894205439,12175.241073994765,-187500.02235174447,-187500.02235174447,-187500.02235174447,-187500.02235174447
não,2292.797242736488,-7886.947141521829,6742.962508554758,12228.795853709682,-187500.02235174447,-187500.02235174447,-187500.02235174447,-187500.02235174447
não,2152.5847497683467,-7951.074296364105,6355.271500977457,12256.824941256637,-187500.02235174447,-187500.02235174447,-187500.02235174447,-187500.02235174447
não,2414.726008740188,-7929.929546109384,6775.037261848124,12198.375129506008,-187500.02235174447,-187500.02235174447,-187500.02235174447,-187500.02235174447
não,2558.0453941876167,-7867.478772101256,7148.51255995185,12174.861094339025,-187500.02235174447,-187500.02235174447,-187500.02235174447,-187500.02235174447
não,2356.700880134211,-7879.2581414292035,6835.252861410721,12221.777405950716,-187500.02235174447,-187500.02235174447,-187500.02235174447,-187500.02235174447
não,2160.385508583249,-7936.9032903794405,6359.384221957233,12253.494531332795,-187500.02235174447,-187500.02235174447,-187500.02235174447,-187500.02235174447
não,2363.138182537339,-7939.876072391996,6647.229987052678,12193.949484103858,-187500.02235174447,-187500.02235174447,-187500.02235174447,-187500.02235174447
não,2560.7276035222535,-7886.768327566187,7126.6302021301035,12149.178939959877,-187500.02235174447,-187500.02235174447,-187500.02235174447,-187500.02235174447
não,2412.624944761389,-7877.738222806242,6931.745342224282,12202.465498741329,-187500.02235174447,-187500.02235174447,-187500.02235174447,-187500.02235174447
não,2184.503040850525,-7936.098627579049,6416.738798229551,12256.556720323173,-187500.02235174447,-187500.02235174447,-187500.02235174447,-187500.02235174447
não,2312.824405768443,-7965.871151193518,6531.000915885082,12196.877562627502,-187500.02235174447,-187500.02235174447,-187500.02235174447,-187500.02235174447
não,2571.299978649614,-7882.9014757754185,7106.983018753889,12166.523893657195,-187500.02235174447,-187500.02235174447,-187500.02235174447,-187500.02235174447
não,2470.694776856277,-7854.447705083812,7033.624593451571,12212.054397112655,-187500.02235174447,-187500.02235174447,-187500.02235174447,-187500.02235174447
não,2184.279523405972,-7922.486415205767,6460.034127239482,12248.532444063718,-187500.02235174447,-187500.02235174447,-187500.02235174447,-187500.02235174447
não,2240.784733388988,-7959.679717979398,6460.838790039872,12224.61607749654,-187500.02235174447,-187500.02235174447,-187500.02235174447,-187500.02235174447
não,2523.199024581793,-7898.078310260572,7027.567270704183,12175.59870190605,-187500.02235174447,-187500.02235174447,-187500.02235174447,-187500.02235174447
não,2452.142828958372,-7877.626464083966,7038.787846420747,12177.342137973565,-187500.02235174447,-187500.02235174447,-187500.02235174447,-187500.02235174447
não,2202.049160247941,-7909.768272610698,6547.049468403991,12241.513996304751,-187500.02235174447,-187500.02235174447,-187500.02235174447,-187500.02235174447
não,2209.536994640469,-7950.291985308169,6411.12851037127,12249.404162097475,-187500.02235174447,-187500.02235174447,-187500.02235174447,-187500.02235174447
não,2485.938666574796,-7926.554432696633,6931.298307335175,12165.786286090171,-187500.02235174447,-187500.02235174447,-187500.02235174447,-187500.02235174447
não,2501.1155010599496,-7878.453478628812,7101.708007062436,12174.257597238731,-187500.02235174447,-187500.02235174447,-187500.02235174447,-187500.02235174447
não,2251.11123932734,-7908.874202832485,6658.942301147259,12231.299249088675,-187500.02235174447,-187500.02235174447,-187500.02235174447,-187500.02235174447
não,2155.088145147341,-7960.506732524244,6330.997506498994,12247.481912074318,-187500.02235174447,-187500.02235174447,-187500.02235174447,-187500.02235174447
não,2428.8299594914865,-7937.260918290725,6816.633858279451,12170.278986725687,-187500.02235174447,-187500.02235174447,-187500.02235174447,-187500.02235174447
não,2520.2262425692375,-7883.415565897891,7107.832385043191,12157.940823786357,-187500.02235174447,-187500.02235174447,-187500.02235174447,-187500.02235174447
não,2283.6777309987224,-7913.1880895123595,6733.217147972245,12208.075786599611,-187500.02235174447,-187500.02235174447,-187500.02235174447,-187500.02235174447
não,2114.676191172146,-7977.941093199384,6314.323105135335,12233.0873886451,-187500.02235174447,-187500.02235174447,-187500.02235174447,-187500.02235174447
não,2389.0885578499506,-7951.566034742122,6728.56798512554,12191.043757324667,-187500.02235174447,-187500.02235174447,-187500.02235174447,-187500.02235174447
não,2545.841341715019,-7885.628388598966,7142.879920349112,12188.473306712307,-187500.02235174447,-187500.02235174447,-187500.02235174447,-187500.02235174447
não,2342.954557294197,-7886.3659961659905,6843.388896392453,12217.374112293019,-187500.02235174447,-187500.02235174447,-187500.02235174447,-187500.02235174447
não,2117.0678278288638,-7968.754526228253,6349.080067763337,12202.152574318956,-187500.02235174447,-187500.02235174447,-187500.02235174447,-187500.02235174447
não,2314.053751713485,-7971.615549518532,6599.35255042941,12190.283798013186,-187500.02235174447,-187500.02235174447,-187500.02235174447,-187500.02235174447
não,2546.7354114932314,-7902.839231829552,7103.0267599853,12152.464646394808,-187500.02235174447,-187500.02235174447,-187500.02235174447,-187500.02235174447
não,2390.273200306082,-7882.834420542053,6922.759940953249,12194.374167248508,-187500.02235174447,-187500.02235174447,-187500.02235174447,-187500.02235174447
não,2148.7626014664893,-7946.313374795124,6396.599876475319,12248.241871385799,-187500.02235174447,-187500.02235174447,-187500.02235174447,-187500.02235174447
não,2262.890608655287,-7966.34053782708,6488.242028742079,12211.22738256781,-187500.02235174447,-187500.02235174447,-187500.02235174447,-187500.02235174447
não,2488.7326346317095,-7931.404761243434,7007.897735583513,12149.514216126707,-187500.02235174447,-187500.02235174447,-187500.02235174447,-187500.02235174447
não,2402.432549289769,-7913.210441256815,6975.063022978667,12184.2264752658,-187500.02235174447,-187500.02235174447,-187500.02235174447,-187500.02235174447
não,2160.8101917278996,-7950.783723686186,6467.343147676367,12264.75981053827,-187500.02235174447,-187500.02235174447,-187500.02235174447,-187500.02235174447
não,2212.1297969972848,-7966.519351782722,6419.063379652904,12234.18262412341,-187500.02235174447,-187500.02235174447,-187500.02235174447,-187500.02235174447
não,2497.427463224824,-7921.033551816172,6982.304988182186,12167.462666924319,-187500.02235174447,-187500.02235174447,-187500.02235174447,-187500.02235174447
não,2434.19437816076,-7904.873240574985,7023.231032279853,12144.015686990702,-187500.02235174447,-187500.02235174447,-187500.02235174447,-187500.02235174447
não,2188.012264730008,-7933.461121733323,6568.82006750346,12228.102949631566,-187500.02235174447,-187500.02235174447,-187500.02235174447,-187500.02235174447
não,2149.0755258888635,-7989.3181311271355,6333.500901877988,12223.744359462782,-187500.02235174447,-187500.02235174447,-187500.02235174447,-187500.02235174447
não,2445.4820091106903,-7945.866339906019,6871.4626874283185,12155.102152240534,-187500.02235174447,-187500.02235174447,-187500.02235174447,-187500.02235174447
não,2479.3449019604805,-7895.150231736927,7090.398024368051,12160.98066103228,-187500.02235174447,-187500.02235174447,-187500.02235174447,-187500.02235174447
não,2231.7769803734996,-7918.194880270348,6653.309661544521,12224.236097840798,-187500.02235174447,-187500.02235174447,-187500.02235174447,-187500.02235174447
não,2114.60913593878,-7983.014939190739,6303.951895708072,12229.689923487893,-187500.02235174447,-187500.02235174447,-187500.02235174447,-187500.02235174447
não,2395.302342808526,-7957.869226678518,6778.144154327411,12154.40924816242,-187500.02235174447,-187500.02235174447,-187500.02235174447,-187500.02235174447
não,2506.0552365845724,-7902.056920773616,7112.615658356626,12166.926225057392,-187500.02235174447,-187500.02235174447,-187500.02235174447,-187500.02235174447
não,2295.0324171820184,-7907.622505142988,6765.29190126561,12217.597629737573,-187500.02235174447,-187500.02235174447,-187500.02235174447,-187500.02235174447
não,2115.413798739171,-7967.882808194496,6311.5961923117875,12234.204975867866,-187500.02235174447,-187500.02235174447,-187500.02235174447,-187500.02235174447
não,2342.239301471627,-7968.553360528155,6677.449545556253,12171.687146626371,-187500.02235174447,-187500.02235174447,-187500.02235174447,-187500.02235174447
não,2507.0610650850613,-7902.548659151633,7114.716722335425,12147.591966103551,-187500.02235174447,-187500.02235174447,-187500.02235174447,-187500.02235174447
não,2329.1411792208173,-7907.04135978715,6842.561881847606,12196.631693438494,-187500.02235174447,-187500.02235174447,-187500.02235174447,-187500.02235174447
não,2107.4118742241712,-7966.742869227275,6347.068410762359,12242.385714338508,-187500.02235174447,-187500.02235174447,-187500.02235174447,-187500.02235174447
não,2292.663132269756,-7973.090764652582,6579.25833216409,12192.630731180994,-187500.02235174447,-187500.02235174447,-187500.02235174447,-187500.02235174447
não,2514.2136233107594,-7909.18712725486,7075.645873027548,12136.952535742825,-187500.02235174447,-187500.02235174447,-187500.02235174447,-187500.02235174447
não,2381.8689443908866,-7896.044301515139,6927.453807288863,12176.671585639906,-187500.02235174447,-187500.02235174447,-187500.02235174447,-187500.02235174447
não,2134.569243737369,-7955.4775900218,6404.199469590124,12231.567470022139,-187500.02235174447,-187500.02235174447,-187500.02235174447,-187500.02235174447
não,2256.028623107508,-7973.403689074957,6488.890229331283,12208.299304044165,-187500.02235174447,-187500.02235174447,-187500.02235174447,-187500.02235174447
não,2531.7597427081755,-7912.361074967513,7063.799448466236,12147.54726261464,-187500.02235174447,-187500.02235174447,-187500.02235174447,-187500.02235174447
não,2419.3751715868916,-7900.84992657303,7013.128043786054,12155.392724918453,-187500.02235174447,-187500.02235174447,-187500.02235174447,-187500.02235174447
não,2146.259206087495,-7951.1637033419265,6467.477258143099,12214.356626791552,-187500.02235174447,-187500.02235174447,-187500.02235174447,-187500.02235174447
não,2203.300857937438,-7982.254979879258,6420.829167464873,12207.919324388424,-187500.02235174447,-187500.02235174447,-187500.02235174447,-187500.02235174447
não,2481.4683176837348,-7931.851796132541,6949.8279034886245,12149.380105659975,-187500.02235174447,-187500.02235174447,-187500.02235174447,-187500.02235174447
não,2462.826962808009,-7894.367920680991,7053.115314616599,12151.794094061148,-187500.02235174447,-187500.02235174447,-187500.02235174447,-187500.02235174447
não,2201.7809393144776,-7932.947031610851,6572.418698360765,12209.863926156037,-187500.02235174447,-187500.02235174447,-187500.02235174447,-187500.02235174447
não,2160.6537295167127,-7986.702977025864,6340.988736270516,12213.41785352443,-187500.02235174447,-187500.02235174447,-187500.02235174447,-187500.02235174447
não,2454.020375492618,-7947.185092828881,6869.875713571992,12137.77955028767,-187500.02235174447,-187500.02235174447,-187500.02235174447,-187500.02235174447
não,2505.0941115729943,-7899.8664498169965,7100.12103320611,12134.672657808384,-187500.02235174447,-187500.02235174447,-187500.02235174447,-187500.02235174447
não,2261.0354138654966,-7926.733246652276,6679.014167668124,12187.892161356469,-187500.02235174447,-187500.02235174447,-187500.02235174447,-187500.02235174447
não,2140.6936217181233,-7983.841953735585,6329.209366942569,12210.623885467516,-187500.02235174447,-187500.02235174447,-187500.02235174447,-187500.02235174447
não,2412.557889528023,-7958.428020289901,6788.314198054576,12148.776608559681,-187500.02235174447,-187500.02235174447,-187500.02235174447,-187500.02235174447
não,2519.466283257757,-7909.678865632876,7124.372675940118,12121.887459979947,-187500.02235174447,-187500.02235174447,-187500.02235174447,-187500.02235174447
não,2303.436673097214,-7924.721589651298,6776.847753149003,12166.970928546301,-187500.02235174447,-187500.02235174447,-187500.02235174447,-187500.02235174447
não,2124.488606988026,-7986.255942136758,6335.7807798124295,12200.230324295799,-187500.02235174447,-187500.02235174447,-187500.02235174447,-187500.02235174447
não,2348.922473063764,-7978.164610643937,6671.839257697971,12140.97584974478,-187500.02235174447,-187500.02235174447,-187500.02235174447,-187500.02235174447
não,2522.170844336849,-7907.80131909863,7115.5884403691825,12115.49486106573,-187500.02235174447,-187500.02235174447,-187500.02235174447,-187500.02235174447
não,2342.2169497271716,-7904.940295808351,6873.094364773556,12154.856283051526,-187500.02235174447,-187500.02235174447,-187500.02235174447,-187500.02235174447
não,2110.22819402554,-7966.742869227275,6362.804038858895,12193.03306258119,-187500.02235174447,-187500.02235174447,-187500.02235174447,-187500.02235174447
não,2281.1966873641836,-7980.824468234118,6557.174808642246,12151.92820452788,-187500.02235174447,-187500.02235174447,-187500.02235174447,-187500.02235174447
não,2509.8997366308854,-7910.639990644454,7077.098736417143,12108.901096451415,-187500.02235174447,-187500.02235174447,-187500.02235174447,-187500.02235174447
não,2381.9583513687076,-7904.068577774594,6955.438191346907,12142.942803256847,-187500.02235174447,-187500.02235174447,-187500.02235174447,-187500.02235174447
não,2139.486627517537,-7964.150066870459,6442.309193886423,12206.466460998829,-187500.02235174447,-187500.02235174447,-187500.02235174447,-187500.02235174447
não,2235.085038552885,-7986.837087492596,6482.229409483602,12180.493733941763,-187500.02235174447,-187500.02235174447,-187500.02235174447,-187500.02235174447
não,2498.4109399808576,-7920.742979138253,7035.569195219183,12116.97007619978,-187500.02235174447,-187500.02235174447,-187500.02235174447,-187500.02235174447
não,2422.4150088328133,-7894.390272425446,7027.5449189597275,12133.44331186334,-187500.02235174447,-187500.02235174447,-187500.02235174447,-187500.02235174447
não,2153.098839890819,-7941.507749737233,6511.040808086492,12192.518972458718,-187500.02235174447,-187500.02235174447,-187500.02235174447,-187500.02235174447
não,2167.5604185534025,-7982.299683368169,6399.215030576591,12186.975739833802,-187500.02235174447,-187500.02235174447,-187500.02235174447,-187500.02235174447
não,2469.5101344001455,-7930.354229254035,6979.958055014379,12123.1615094139,-187500.02235174447,-187500.02235174447,-187500.02235174447,-187500.02235174447
não,2468.9289890443074,-7885.22605719877,7121.064617760732,12140.528814855674,-187500.02235174447,-187500.02235174447,-187500.02235174447,-187500.02235174447
não,2195.3212851668936,-7923.067560561605,6607.510937155597,12215.809490181147,-187500.02235174447,-187500.02235174447,-187500.02235174447,-187500.02235174447
não,2144.8286944423553,-7970.565017529133,6381.713614668085,12211.205030823354,-187500.02235174447,-187500.02235174447,-187500.02235174447,-187500.02235174447
não,2410.099197637939,-7938.0208776022055,6852.866036041503,12144.55212885763,-187500.02235174447,-187500.02235174447,-187500.02235174447,-187500.02235174447
não,2484.1281752739164,-7890.299903190125,7111.967457767422,12134.985582230758,-187500.02235174447,-187500.02235174447,-187500.02235174447,-187500.02235174447
não,2248.607843948346,-7914.104511035027,6715.939249508292,12198.59864695056,-187500.02235174447,-187500.02235174447,-187500.02235174447,-187500.02235174447
não,2111.3010777593945,-7968.374546572512,6333.366791411257,12224.459615285352,-187500.02235174447,-187500.02235174447,-187500.02235174447,-187500.02235174447
não,2374.828144887465,-7947.542720740166,6762.632043675429,12152.218777205799,-187500.02235174447,-187500.02235174447,-187500.02235174447,-187500.02235174447
não,2511.2408412982036,-7885.270760687681,7139.996545314378,12136.147872942433,-187500.02235174447,-187500.02235174447,-187500.02235174447,-187500.02235174447
não,2305.493033587102,-7897.3407026935465,6820.478358325763,12195.491754471273,-187500.02235174447,-187500.02235174447,-187500.02235174447,-187500.02235174447
não,2108.2388887690176,-7956.639880733476,6353.2151404875685,12227.812376953647,-187500.02235174447,-187500.02235174447,-187500.02235174447,-187500.02235174447
não,2324.2461471851047,-7952.728325453798,6663.03267038258,12166.635652379473,-187500.02235174447,-187500.02235174447,-187500.02235174447,-187500.02235174447
não,2516.3817425229245,-7889.137612478449,7130.184129498498,12138.673620065883,-187500.02235174447,-187500.02235174447,-187500.02235174447,-187500.02235174447
não,2351.3588132093923,-7887.0141967551945,6909.818280913625,12182.46068745383,-187500.02235174447,-187500.02235174447,-187500.02235174447,-187500.02235174447
não,2117.2019382955955,-7948.034459118183,6393.850611907317,12228.013542653745,-187500.02235174447,-187500.02235174447,-187500.02235174447,-187500.02235174447
não,2269.506725014058,-7961.512561024733,6557.465381320165,12185.008786321734,-187500.02235174447,-187500.02235174447,-187500.02235174447,-187500.02235174447
não,2514.1242163329384,-7894.949066036829,7092.633198813582,12133.599774074528,-187500.02235174447,-187500.02235174447,-187500.02235174447,-187500.02235174447
não,2400.8008719445315,-7877.5594088505995,6994.486688910329,12168.93788205837,-187500.02235174447,-187500.02235174447,-187500.02235174447,-187500.02235174447
não,2141.990022896531,-7930.778912398686,6466.650243598252,12230.51693803274,-187500.02235174447,-187500.02235174447,-187500.02235174447,-187500.02235174447
não,2221.115198268318,-7961.154933113448,6474.540409390976,12217.41881578193,-187500.02235174447,-187500.02235174447,-187500.02235174447,-187500.02235174447
não,2499.170899292338,-7906.66138013141,7038.720791187381,12153.492826639751,-187500.02235174447,-187500.02235174447,-187500.02235174447,-187500.02235174447
não,2432.562700815523,-7879.414603640391,7052.645927983038,12162.612338377518,-187500.02235174447,-187500.02235174447,-187500.02235174447,-187500.02235174447
não,2169.2591511320056,-7919.513633193212,6545.775418970039,12225.867775186036,-187500.02235174447,-187500.02235174447,-187500.02235174447,-187500.02235174447
não,2169.706186021112,-7963.81479070363,6399.930286399161,12215.697731458871,-187500.02235174447,-187500.02235174447,-187500.02235174447,-187500.02235174447
não,2466.1573727318496,-7913.255144745725,6959.796781515692,12149.31305042661,-187500.02235174447,-187500.02235174447,-187500.02235174447,-187500.02235174447
não,2477.690872870788,-7871.479734358756,7113.755597323847,12156.286794696665,-187500.02235174447,-187500.02235174447,-187500.02235174447,-187500.02235174447
não,2220.9810878015865,-7911.75757786722,6643.8325218954715,12218.446996026874,-187500.02235174447,-187500.02235174447,-187500.02235174447,-187500.02235174447
não,2132.378772780749,-7967.502828538755,6346.129637495236,12231.388656066496,-187500.02235174447,-187500.02235174447,-187500.02235174447,-187500.02235174447
não,2422.504415810635,-7929.460159475823,6851.144951718445,12158.253748208732,-187500.02235174447,-187500.02235174447,-187500.02235174447,-187500.02235174447
não,2508.2457075411926,-7874.050184971116,7137.537853424294,12153.828102806581,-187500.02235174447,-187500.02235174447,-187500.02235174447,-187500.02235174447
não,2277.8439256958873,-7897.184240482359,6753.221959259744,12221.50918501725,-187500.02235174447,-187500.02235174447,-187500.02235174447,-187500.02235174447
não,2135.3962582822155,-7952.013069631228,6379.545495455921,12240.999906182278,-187500.02235174447,-187500.02235174447,-187500.02235174447,-187500.02235174447
não,2371.363624496892,-7936.098627579049,6744.348316710987,12184.2264752658,-187500.02235174447,-187500.02235174447,-187500.02235174447,-187500.02235174447
não,2523.5790042375334,-7874.139591948938,7137.649612146571,12160.891254054459,-187500.02235174447,-187500.02235174447,-187500.02235174447,-187500.02235174447
não,2314.4784348581356,-7885.516629876689,6823.1605676603995,12213.730777946805,-187500.02235174447,-187500.02235174447,-187500.02235174447,-187500.02235174447
não,2107.7471503910006,-7946.4698370063115,6351.538759653421,12257.204920912376,-187500.02235174447,-187500.02235174447,-187500.02235174447,-187500.02235174447
não,2318.3899901378145,-7944.882863149985,6641.329126516477,12200.453841740351,-187500.02235174447,-187500.02235174447,-187500.02235174447,-187500.02235174447
não,2527.1105798614717,-7882.610903097499,7125.110283507143,12163.461704666819,-187500.02235174447,-187500.02235174447,-187500.02235174447,-187500.02235174447
não,2373.554095453512,-7882.588551353044,6924.928060165413,12201.012635351735,-187500.02235174447,-187500.02235174447,-187500.02235174447,-187500.02235174447
não,2130.0988948463078,-7936.746828168253,6401.226687577569,12247.817188241148,-187500.02235174447,-187500.02235174447,-187500.02235174447,-187500.02235174447
não,2267.383309290804,-7954.941148154873,6530.822101929439,12210.601533723062,-187500.02235174447,-187500.02235174447,-187500.02235174447,-187500.02235174447
não,2525.367143793958,-7890.478717145767,7082.083175430677,12167.462666924319,-187500.02235174447,-187500.02235174447,-187500.02235174447,-187500.02235174447
não,2425.991287945663,-7868.909283746396,7013.463319952884,12197.212838794332,-187500.02235174447,-187500.02235174447,-187500.02235174447,-187500.02235174447
não,2159.8043632274107,-7917.4125692144125,6481.737671105585,12245.38084809552,-187500.02235174447,-187500.02235174447,-187500.02235174447,-187500.02235174447
não,2214.029695275986,-7956.729287711298,6444.969051476604,12220.79392919468,-187500.02235174447,-187500.02235174447,-187500.02235174447,-187500.02235174447
não,2502.143681304894,-7901.94516205134,7018.7383316443365,12165.182788989878,-187500.02235174447,-187500.02235174447,-187500.02235174447,-187500.02235174447
não,2459.8318290509974,-7867.232902912248,7073.880085215579,12181.03017580869,-187500.02235174447,-187500.02235174447,-187500.02235174447,-187500.02235174447
não,2194.404863644226,-7911.75757786722,6568.2836256365335,12239.882318959513,-187500.02235174447,-187500.02235174447,-187500.02235174447,-187500.02235174447
não,2170.5332005659584,-7956.461066777834,6382.361815257289,12241.402237582475,-187500.02235174447,-187500.02235174447,-187500.02235174447,-187500.02235174447
não,2462.2905209410815,-7912.986923812262,6925.866833432536,12169.183751247378,-187500.02235174447,-187500.02235174447,-187500.02235174447,-187500.02235174447
não,2486.609218908455,-7867.9928622237285,7111.609829856137,12181.052527553145,-187500.02235174447,-187500.02235174447,-187500.02235174447,-187500.02235174447
não,2235.867349608821,-7898.190068982848,6662.987966893669,12240.172891637432,-187500.02235174447,-187500.02235174447,-187500.02235174447,-187500.02235174447
não,2142.99585139702,-7954.874092921507,6346.196692728602,12245.961993451358,-187500.02235174447,-187500.02235174447,-187500.02235174447,-187500.02235174447
não,2432.0486106930507,-7927.314392008114,6831.587175320051,12182.058356053634,-187500.02235174447,-187500.02235174447,-187500.02235174447,-187500.02235174447
não,2521.679105958832,-7874.877199515963,7133.60394640016,12167.686184368871,-187500.02235174447,-187500.02235174447,-187500.02235174447,-187500.02235174447
não,2296.3288183604263,-7893.295036947136,6761.5815116860285,12223.073807129122,-187500.02235174447,-187500.02235174447,-187500.02235174447,-187500.02235174447
não,2130.7917989244224,-7948.593252729565,6336.853663546284,12251.795798754192,-187500.02235174447,-187500.02235174447,-187500.02235174447,-187500.02235174447
não,2379.052624589518,-7933.327011266591,6719.694342576783,12193.345987003564,-187500.02235174447,-187500.02235174447,-187500.02235174447,-187500.02235174447
não,2534.9560421652845,-7874.631330326954,7133.805112100257,12163.506408155728,-187500.02235174447,-187500.02235174447,-187500.02235174447,-187500.02235174447
não,2338.104228747395,-7882.1415164639375,6853.849512797537,12209.595705222573,-187500.02235174447,-187500.02235174447,-187500.02235174447,-187500.02235174447
não,2127.483740745037,-7941.999488115251,6361.7311551250405,12253.315717377152,-187500.02235174447,-187500.02235174447,-187500.02235174447,-187500.02235174447
não,2323.1956151957056,-7948.548549240655,6610.148443001323,12205.41592900943,-187500.02235174447,-187500.02235174447,-187500.02235174447,-187500.02235174447
não,2544.164960880871,-7885.114298476494,7117.421283414517,12164.467533167308,-187500.02235174447,-187500.02235174447,-187500.02235174447,-187500.02235174447
não,2398.006903887618,-7877.5594088505995,6948.866778477047,12205.70650168735,-187500.02235174447,-187500.02235174447,-187500.02235174447,-187500.02235174447
não,2156.339842836838,-7932.56705195511,6444.298499142945,12259.551854080184,-187500.02235174447,-187500.02235174447,-187500.02235174447,-187500.02235174447
não,2257.1685620747285,-7949.129694596493,6519.892098890794,12219.56458324964,-187500.02235174447,-187500.02235174447,-187500.02235174447,-187500.02235174447
não,2509.810329653064,-7895.060824759105,7042.051201111222,12153.984565017769,-187500.02235174447,-187500.02235174447,-187500.02235174447,-187500.02235174447
não,2436.071924695006,-7872.150286692416,7011.429311207451,12183.891199098969,-187500.02235174447,-187500.02235174447,-187500.02235174447,-187500.02235174447
não,2174.8247355013773,-7917.904307592429,6490.365444465333,12244.866757973046,-187500.02235174447,-187500.02235174447,-187500.02235174447,-187500.02235174447
não,2214.052047020441,-7955.030555132695,6420.963277931604,12230.785158966204,-187500.02235174447,-187500.02235174447,-187500.02235174447,-187500.02235174447
não,2504.870594128441,-7901.721644606787,6993.726729598848,12171.530684415184,-187500.02235174447,-187500.02235174447,-187500.02235174447,-187500.02235174447
não,2476.193305992282,-7867.970510479273,7077.188143394965,12184.94173108837,-187500.02235174447,-187500.02235174447,-187500.02235174447,-187500.02235174447
não,2208.3076486954274,-7907.868374331996,6583.058128721492,12246.409028340464,-187500.02235174447,-187500.02235174447,-187500.02235174447,-187500.02235174447
não,2164.6770435186677,-7956.438715033379,6363.631053403742,12248.510092319262,-187500.02235174447,-187500.02235174447,-187500.02235174447,-187500.02235174447
não,2465.419765164824,-7915.579726169077,6902.062225587634,12178.102097285046,-187500.02235174447,-187500.02235174447,-187500.02235174447,-187500.02235174447
não,2506.6810854293212,-7866.562350578589,7116.16958572502,12170.949539059346,-187500.02235174447,-187500.02235174447,-187500.02235174447,-187500.02235174447
não,2262.220056321628,-7893.004464269217,6684.535048548585,12231.634525255506,-187500.02235174447,-187500.02235174447,-187500.02235174447,-187500.02235174447
não,2147.1979793546175,-7952.2812905646915,6337.032477501926,12245.939641706902,-187500.02235174447,-187500.02235174447,-187500.02235174447,-187500.02235174447
não,2425.4548460787355,-7930.555394954133,6801.792299961126,12177.74446937376,-187500.02235174447,-187500.02235174447,-187500.02235174447,-187500.02235174447
não,2534.419600298357,-7872.910246003896,7135.5485481677715,12162.567634888606,-187500.02235174447,-187500.02235174447,-187500.02235174447,-187500.02235174447
não,2311.304487145482,-7888.578818867067,6779.86523865047,12220.123376861022,-187500.02235174447,-187500.02235174447,-187500.02235174447,-187500.02235174447
não,2131.8199791693664,-7944.502883494245,6334.3949716562,12253.874510988535,-187500.02235174447,-187500.02235174447,-187500.02235174447,-187500.02235174447
não,2369.888409362842,-7937.417380501913,6691.687606774284,12199.000978350758,-187500.02235174447,-187500.02235174447,-187500.02235174447,-187500.02235174447
não,2548.4117923273793,-7877.626464083966,7136.822597601724,12173.229416993789,-187500.02235174447,-187500.02235174447,-187500.02235174447,-187500.02235174447
não,2368.1896767842386,-7880.867467029985,6882.459745700329,12217.240001826287,-187500.02235174447,-187500.02235174447,-187500.02235174447,-187500.02235174447
não,2141.8782641742546,-7938.445560746856,6375.410422731688,12261.071772703144,-187500.02235174447,-187500.02235174447,-187500.02235174447,-187500.02235174447
não,2315.238394169616,-7949.889653907973,6585.2485996781115,12207.829917410603,-187500.02235174447,-187500.02235174447,-187500.02235174447,-187500.02235174447
não,2536.4983125327008,-7888.757632822709,7097.371768638107,12156.97969877478,-187500.02235174447,-187500.02235174447,-187500.02235174447,-187500.02235174447
não,2403.013694645607,-7875.0336617271505,6954.5217698242395,12196.229362038299,-187500.02235174447,-187500.02235174447,-187500.02235174447,-187500.02235174447
não,2155.37871782526,-7927.627316430488,6429.211071635613,12257.070810445644,-187500.02235174447,-187500.02235174447,-187500.02235174447,-187500.02235174447
não,2261.5271522435132,-7953.689450465376,6487.862049086339,12223.476138529319,-187500.02235174447,-187500.02235174447,-187500.02235174447,-187500.02235174447
não,2531.178597352338,-7896.379577681969,7049.136704103555,12157.69495459735,-187500.02235174447,-187500.02235174447,-187500.02235174447,-187500.02235174447
não,2451.9640150027294,-7870.116277946982,7027.634325937549,12182.013652564723,-187500.02235174447,-187500.02235174447,-187500.02235174447,-187500.02235174447
não,2184.86066876181,-7915.199746513337,6507.263363273545,12249.247699886288,-187500.02235174447,-187500.02235174447,-187500.02235174447,-187500.02235174447
não,2203.7478928265446,-7957.1539708559485,6403.975952145571,12242.944507949891,-187500.02235174447,-187500.02235174447,-187500.02235174447,-187500.02235174447
não,2493.202983522771,-7909.1424237659485,6963.820095517647,12168.31203321362,-187500.02235174447,-187500.02235174447,-187500.02235174447,-187500.02235174447
não,2491.168974777338,-7867.970510479273,7080.16092540752,12177.945635073858,-187500.02235174447,-187500.02235174447,-187500.02235174447,-187500.02235174447
não,2239.10835255484,-7901.766348095697,6612.227155235667,12238.720028247837,-187500.02235174447,-187500.02235174447,-187500.02235174447,-187500.02235174447
não,2176.925799480176,-7953.2200638318145,6372.549399441409,12242.765693994248,-187500.02235174447,-187500.02235174447,-187500.02235174447,-187500.02235174447
não,2456.0990877269614,-7919.737150637764,6866.768821092704,12183.69003339887,-187500.02235174447,-187500.02235174447,-187500.02235174447,-187500.02235174447
não,2520.159187335871,-7871.256216914203,7115.5884403691825,12177.36448971802,-187500.02235174447,-187500.02235174447,-187500.02235174447,-187500.02235174447
não,2267.6068267353567,-7896.89366780444,6695.107423675946,12231.813339211147,-187500.02235174447,-187500.02235174447,-187500.02235174447,-187500.02235174447
não,2139.128999606252,-7950.917834152918,6323.934355251116,12254.656822044471,-187500.02235174447,-187500.02235174447,-187500.02235174447,-187500.02235174447
não,2420.0233721760956,-7930.175415298393,6770.477505979241,12190.127335802,-187500.02235174447,-187500.02235174447,-187500.02235174447,-187500.02235174447
não,2547.070687660061,-7874.765440793686,7132.419303944029,12173.609396649528,-187500.02235174447,-187500.02235174447,-187500.02235174447,-187500.02235174447
não,2325.2296239411385,-7887.483583388756,6796.226715591755,12223.69965597387,-187500.02235174447,-187500.02235174447,-187500.02235174447,-187500.02235174447
não,2133.2057873255953,-7946.4698370063115,6336.026649001437,12253.650993543983,-187500.02235174447,-187500.02235174447,-187500.02235174447,-187500.02235174447
não,2359.1595720242944,-7944.502883494245,6659.299929058544,12196.877562627502,-187500.02235174447,-187500.02235174447,-187500.02235174447,-187500.02235174447
não,2550.334042350536,-7880.353376907513,7124.797359084769,12169.541379158662,-187500.02235174447,-187500.02235174447,-187500.02235174447,-187500.02235174447
não,2375.856325132409,-7877.17942919486,6894.686149917383,12216.07771111461,-187500.02235174447,-187500.02235174447,-187500.02235174447,-187500.02235174447
não,2141.5876914963355,-7938.937299124873,6376.885637865739,12256.0426302007,-187500.02235174447,-187500.02235174447,-187500.02235174447,-187500.02235174447
não,2308.6893330442113,-7950.984889386284,6558.739430754117,12220.056321627657,-187500.02235174447,-187500.02235174447,-187500.02235174447,-187500.02235174447
não,2548.881178960941,-7886.3659961659905,7092.163812180021,12172.044774537657,-187500.02235174447,-187500.02235174447,-187500.02235174447,-187500.02235174447
não,2427.4888548241684,-7873.089059959539,6974.548932856194,12201.236152796288,-187500.02235174447,-187500.02235174447,-187500.02235174447,-187500.02235174447
não,2168.3650813537934,-7924.743941395753,6439.761095018518,12257.80841801267,-187500.02235174447,-187500.02235174447,-187500.02235174447,-187500.02235174447
não,2254.1957800621726,-7955.075258621605,6459.788258050473,12232.394484566985,-187500.02235174447,-187500.02235174447,-187500.02235174447,-187500.02235174447
não,2532.139722363916,-7896.1113567485045,7028.81896839368,12168.69201286936,-187500.02235174447,-187500.02235174447,-187500.02235174447,-187500.02235174447
não,2469.711300100243,-7867.255254656703,7042.1629598334985,12194.351815504053,-187500.02235174447,-187500.02235174447,-187500.02235174447,-187500.02235174447
$SILENCE,2200.730407325078,-7912.741054623253,6523.7365989371065,12253.248662143787,-187500.02235174447,-187500.02235174447,-187500.02235174447,-187500.02235174447
$SILENCE,2195.3659886558044,-7957.690412722875,6380.260751278491,12239.815263726148,-187500.02235174447,-187500.02235174447,-187500.02235174447,-187500.02235174447
$SILENCE,2496.980428335718,-7908.181298754371,6946.430438331418,12183.064184554123,-187500.02235174447,-187500.02235174447,-187500.02235174447,-187500.02235174447
$SILENCE,2504.468262728246,-7865.1765424223595,7089.615713312115,12194.262408526232,-187500.02235174447,-187500.02235174447,-187500.02235174447,-187500.02235174447
$SILENCE,2241.768210145022,-7900.760519595208,6626.465216453697,12248.063057430156,-187500.02235174447,-187500.02235174447,-187500.02235174447,-187500.02235174447
$SILENCE,2163.9394359516427,-7955.075258621605,6340.094666492304,12250.298231875686,-187500.02235174447,-187500.02235174447,-187500.02235174447,-187500.02235174447
$SILENCE,2455.7414598156765,-7918.306638992624,6849.580329606572,12184.852324110547,-187500.02235174447,-187500.02235174447,-187500.02235174447,-187500.02235174447
$SILENCE,2523.6013559819885,-7868.171676179371,7113.465024645928,12180.337271730576,-187500.02235174447,-187500.02235174447,-187500.02235174447,-187500.02235174447
$SILENCE,2282.0684053979403,-7894.010292769706,6710.083092461002,12236.104874146566,-187500.02235174447,-187500.02235174447,-187500.02235174447,-187500.02235174447
$SILENCE,2139.486627517537,-7952.504808009245,6319.195785426591,12260.445923858397,-187500.02235174447,-187500.02235174447,-187500.02235174447,-187500.02235174447
$SILENCE,2405.472386535691,-7932.14236881046,6742.76134285466,12198.263370783732,-187500.02235174447,-187500.02235174447,-187500.02235174447,-187500.02235174447
$SILENCE,2556.9948621982176,-7867.41171686789,7154.614586188149,12175.285777483676,-187500.02235174447,-187500.02235174447,-187500.02235174447,-187500.02235174447
$SILENCE,2323.17326345125,-7878.676996073365,6804.362750573487,12226.1359961195,-187500.02235174447,-187500.02235174447,-187500.02235174447,-187500.02235174447
$SILENCE,2120.241775541517,-7940.658383447932,6319.82163427134,12261.787028525714,-187500.02235174447,-187500.02235174447,-187500.02235174447,-187500.02235174447
$SILENCE,2340.8087898264876,-7938.065581091116,6616.652800637818,12212.121452346022,-187500.02235174447,-187500.02235174447,-187500.02235174447,-187500.02235174447
$SILENCE,2541.4827515462343,-7876.687690816843,7097.55058259375,12172.31299547112,-187500.02235174447,-187500.02235174447,-187500.02235174447,-187500.02235174447
$SILENCE,2380.5501914680235,-7878.297016417625,6896.429585984896,12212.099100601567,-187500.02235174447,-187500.02235174447,-187500.02235174447,-187500.02235174447
$SILENCE,2141.095953118319,-7932.544700210656,6376.192733787624,12261.988194225813,-187500.02235174447,-187500.02235174447,-187500.02235174447,-187500.02235174447
$SILENCE,2290.3832543353146,-7947.565072484622,6522.931936136715,12225.018408896734,-187500.02235174447,-187500.02235174447,-187500.02235174447,-187500.02235174447
$SILENCE,2543.4273533138457,-7884.5108013762,7072.807201481724,12172.715326871315,-187500.02235174447,-187500.02235174447,-187500.02235174447,-187500.02235174447
$SILENCE,2430.685154281277,-7870.205684924804,6982.260284693276,12195.84938238256,-187500.02235174447,-187500.02235174447,-187500.02235174447,-187500.02235174447
$SILENCE,2168.6556540317124,-7920.5194616937,6447.427743366688,12253.203958654876,-187500.02235174447,-187500.02235174447,-187500.02235174447,-187500.02235174447
$SILENCE,2233.922747841209,-7953.354174298546,6429.434589080166,12233.556775278661,-187500.02235174447,-187500.02235174447,-187500.02235174447,-187500.02235174447
$SILENCE,2515.197100066793,-7894.591438125544,7001.348674458108,12172.2235884933,-187500.02235174447,-187500.02235174447,-187500.02235174447,-187500.02235174447
$SILENCE,2466.8279250655087,-7866.629405811955,7043.638174967548,12190.216742779821,-187500.02235174447,-187500.02235174447,-187500.02235174447,-187500.02235174447
$SILENCE,2205.8489568053433,-7907.175470253882,6537.684087477218,12254.723877277836,-187500.02235174447,-187500.02235174447,-187500.02235174447,-187500.02235174447
$SILENCE,2193.801366543933,-7953.421229531912,6366.805001116396,12247.191339396399,-187500.02235174447,-187500.02235174447,-187500.02235174447,-187500.02235174447
$SILENCE,2490.3419602324916,-7907.398987698435,6924.4139700429405,12174.235245494277,-187500.02235174447,-187500.02235174447,-187500.02235174447,-187500.02235174447
$SILENCE,2506.5916784515,-7863.589568566033,7094.778966281291,12173.274120482698,-187500.02235174447,-187500.02235174447,-187500.02235174447,-187500.02235174447
$SILENCE,2253.480524239603,-7900.872278317485,6632.83546362346,12235.411970068451,-187500.02235174447,-187500.02235174447,-187500.02235174447,-187500.02235174447
$SILENCE,2158.217389371084,-7955.164665599426,6324.8060732848735,12248.644202785994,-187500.02235174447,-187500.02235174447,-187500.02235174447,-187500.02235174447
$SILENCE,2444.00679397664,-7924.18514778437,6823.093512427034,12182.46068745383,-187500.02235174447,-187500.02235174447,-187500.02235174447,-187500.02235174447
$SILENCE,2528.4293327843347,-7864.640100555433,7115.40962641354,12172.849437338047,-187500.02235174447,-187500.02235174447,-187500.02235174447,-187500.02235174447
$SILENCE,2293.154870647773,-7883.817897298086,6731.965450282747,12225.308981574653,-187500.02235174447,-187500.02235174447,-187500.02235174447,-187500.02235174447
$SILENCE,2134.23396757054,-7946.626299217499,6321.676829061131,12255.483836589317,-187500.02235174447,-187500.02235174447,-187500.02235174447,-187500.02235174447
$SILENCE,2394.2294590746715,-7934.623412444999,6719.448473387775,12192.831896881093,-187500.02235174447,-187500.02235174447,-187500.02235174447,-187500.02235174447
$SILENCE,2550.2222836282594,-7876.933560005851,7124.909117807045,12165.473361667797,-187500.02235174447,-187500.02235174447,-187500.02235174447,-187500.02235174447
$SILENCE,2355.9409208227303,-7883.616731597988,6838.739733545749,12212.36732153503,-187500.02235174447,-187500.02235174447,-187500.02235174447,-187500.02235174447
$SILENCE,2159.7149562495897,-7939.272575291703,6384.306417024901,12253.606290055071,-187500.02235174447,-187500.02235174447,-187500.02235174447,-187500.02235174447
$SILENCE,2331.018725755063,-7943.787627671675,6611.400140690821,12206.354702276552,-187500.02235174447,-187500.02235174447,-187500.02235174447,-187500.02235174447
$SILENCE,2553.4409348298236,-7884.823725798575,7106.781853053792,12160.60068137654,-187500.02235174447,-187500.02235174447,-187500.02235174447,-187500.02235174447
$SILENCE,2398.8339184324645,-7874.787792538142,6923.855176431558,12205.930019131902,-187500.02235174447,-187500.02235174447,-187500.02235174447,-187500.02235174447
$SILENCE,2157.4574300596037,-7931.225947287792,6400.042045121437,12257.383734868019,-187500.02235174447,-187500.02235174447,-187500.02235174447,-187500.02235174447
$SILENCE,2281.6213705088344,-7946.134560839482,6510.750235408573,12223.789062951691,-187500.02235174447,-187500.02235174447,-187500.02235174447,-187500.02235174447
$SILENCE,2529.949251407296,-7890.612827612499,7030.58475620565,12170.658966381427,-187500.02235174447,-187500.02235174447,-187500.02235174447,-187500.02235174447
$SILENCE,2445.0573259660396,-7869.356318635502,6988.317607440664,12193.725966659304,-187500.02235174447,-187500.02235174447,-187500.02235174447,-187500.02235174447
$SILENCE,2177.596351813835,-7922.374656483491,6462.917502274216,12245.38084809552,-187500.02235174447,-187500.02235174447,-187500.02235174447,-187500.02235174447
$SILENCE,2226.0996372818518,-7959.456200534845,6415.531804028965,12228.393522309485,-187500.02235174447,-187500.02235174447,-187500.02235174447,-187500.02235174447
$SILENCE,2510.2573645421703,-7902.571010896088,6989.189325474421,12170.770725103705,-187500.02235174447,-187500.02235174447,-187500.02235174447,-187500.02235174447
$SILENCE,2480.373082205425,-7864.371879621969,7061.988957165356,12190.50731545774,-187500.02235174447,-187500.02235174447,-187500.02235174447,-187500.02235174447
$SILENCE,2215.43785517667,-7904.962647552807,6560.706384266185,12242.497473060785,-187500.02235174447,-187500.02235174447,-187500.02235174447,-187500.02235174447
$SILENCE,2182.066700704897,-7953.153008598449,6353.393954443211,12234.9872869238,-187500.02235174447,-187500.02235174447,-187500.02235174447,-187500.02235174447
$SILENCE,2479.9260473163185,-7912.048150545139,6899.1117953195335,12167.663832624416,-187500.02235174447,-187500.02235174447,-187500.02235174447,-187500.02235174447
$SILENCE,2512.0902075875056,-7866.741164534232,7097.59528608266,12169.094344269555,-187500.02235174447,-187500.02235174447,-187500.02235174447,-187500.02235174447
$SILENCE,2260.610730720846,-7895.217286970293,6657.55649299103,12231.388656066496,-187500.02235174447,-187500.02235174447,-187500.02235174447,-187500.02235174447
$SILENCE,2152.517694534981,-7952.974194642806,6327.6223930862425,12246.18551089591,-187500.02235174447,-187500.02235174447,-187500.02235174447,-187500.02235174447
$SILENCE,2439.067058452017,-7929.594269942555,6802.999294161713,12177.856228096036,-187500.02235174447,-187500.02235174447,-187500.02235174447,-187500.02235174447
$SILENCE,2550.2222836282594,-7869.579836080055,7122.003391027855,12160.377163931986,-187500.02235174447,-187500.02235174447,-187500.02235174447,-187500.02235174447
$SILENCE,2327.9341850202304,-7889.763461323198,6758.251101762188,12213.216687824332,-187500.02235174447,-187500.02235174447,-187500.02235174447,-187500.02235174447
$SILENCE,2160.5866742833464,-7950.649613219454,6325.946012252094,12238.965897436847,-187500.02235174447,-187500.02235174447,-187500.02235174447,-187500.02235174447
$SILENCE,2409.76392147111,-7941.641860203966,6695.08507193149,12178.347966474053,-187500.02235174447,-187500.02235174447,-187500.02235174447,-187500.02235174447
$SILENCE,2577.2678944191807,-7882.297978675125,7122.137501494587,12149.022477748691,-187500.02235174447,-187500.02235174447,-187500.02235174447,-187500.02235174447
$SILENCE,2385.959313626208,-7887.394176410935,6857.045812254645,12194.977664348802,-187500.02235174447,-187500.02235174447,-187500.02235174447,-187500.02235174447
$SILENCE,2156.317491092383,-7944.636993960977,6358.668966134664,12243.927984705924,-187500.02235174447,-187500.02235174447,-187500.02235174447,-187500.02235174447
$SILENCE,2333.477417645147,-7946.089857350571,6587.081442723446,12200.878524885002,-187500.02235174447,-187500.02235174447,-187500.02235174447,-187500.02235174447
$SILENCE,2557.5536558096,-7879.4369553848455,7099.226963427897,12157.873768552992,-187500.02235174447,-187500.02235174447,-187500.02235174447,-187500.02235174447
$SILENCE,2420.0010204316404,-7870.0492227136165,6947.32450810963,12201.88435338549,-187500.02235174447,-187500.02235174447,-187500.02235174447,-187500.02235174447
$SILENCE,2162.3748138397714,-7927.180281541381,6414.190699361647,12253.650993543983,-187500.02235174447,-187500.02235174447,-187500.02235174447,-187500.02235174447
$SILENCE,2265.773983690022,-7952.4601045203335,6483.637569384286,12210.55683023415,-187500.02235174447,-187500.02235174447,-187500.02235174447,-187500.02235174447
$SILENCE,2536.945347421807,-7889.875220045474,7046.588605235649,12149.424809148886,-187500.02235174447,-187500.02235174447,-187500.02235174447,-187500.02235174447
$SILENCE,2461.6870238407882,-7865.60122556701,7019.990029333834,12183.734736887782,-187500.02235174447,-187500.02235174447,-187500.02235174447,-187500.02235174447
$SILENCE,2195.120119466796,-7919.513633193212,6494.098185789369,12237.311868347153,-187500.02235174447,-187500.02235174447,-187500.02235174447,-187500.02235174447
$SILENCE,2219.595279645357,-7959.3220900681135,6402.858364922806,12214.51308900274,-187500.02235174447,-187500.02235174447,-187500.02235174447,-187500.02235174447
$SILENCE,2509.8997366308854,-7906.773138853686,6971.687909565915,12154.096323740045,-187500.02235174447,-187500.02235174447,-187500.02235174447,-187500.02235174447
$SILENCE,2494.6111434234554,-7867.322309890069,7073.991843937856,12168.066164024613,-187500.02235174447,-187500.02235174447,-187500.02235174447,-187500.02235174447
$SILENCE,2238.8401316213767,-7904.716778363798,6599.620771362874,12231.388656066496,-187500.02235174447,-187500.02235174447,-187500.02235174447,-187500.02235174447
$SILENCE,2198.092901479352,-7951.521331253211,6386.9662746150825,12229.533461276706,-187500.02235174447,-187500.02235174447,-187500.02235174447,-187500.02235174447
$SILENCE,2474.20400073576,-7916.0044093137285,6873.2284752402875,12163.327594200087,-187500.02235174447,-187500.02235174447,-187500.02235174447,-187500.02235174447
$SILENCE,2541.974489924251,-7863.164885421382,7136.330859223707,12159.21487322031,-187500.02235174447,-187500.02235174447,-187500.02235174447,-187500.02235174447
$SILENCE,2271.5854372484014,-7897.407757926912,6665.0219756391025,12218.93873440489,-187500.02235174447,-187500.02235174447,-187500.02235174447,-187500.02235174447
$SILENCE,2172.321340122383,-7956.058735377638,6337.099532735292,12235.099045646079,-187500.02235174447,-187500.02235174447,-187500.02235174447,-187500.02235174447
$SILENCE,2422.9961541886514,-7928.431979230879,6757.804066873082,12178.88440834098,-187500.02235174447,-187500.02235174447,-187500.02235174447,-187500.02235174447
$SILENCE,2543.628519013944,-7871.9267692478625,7108.011198998833,12155.571538874095,-187500.02235174447,-187500.02235174447,-187500.02235174447,-187500.02235174447
$SILENCE,2333.946804278708,-7887.349472922025,6776.758346171182,12204.007769108746,-187500.02235174447,-187500.02235174447,-187500.02235174447,-187500.02235174447
$SILENCE,2146.61683399878,-7947.185092828881,6324.850776773784,12241.670458515939,-187500.02235174447,-187500.02235174447,-187500.02235174447,-187500.02235174447
$SILENCE,2383.299456036026,-7939.943127625362,6670.744022219661,12190.239094524277,-187500.02235174447,-187500.02235174447,-187500.02235174447,-187500.02235174447
$SILENCE,2560.3476238665135,-7876.1512489499155,7118.337704937185,12151.302355683132,-187500.02235174447,-187500.02235174447,-187500.02235174447,-187500.02235174447
$SILENCE,2379.7008251787215,-7878.229961184259,6870.5239141611955,12190.88729511348,-187500.02235174447,-187500.02235174447,-187500.02235174447,-187500.02235174447
$SILENCE,2152.897674190721,-7937.0821043350825,6363.519294681465,12242.922156205435,-187500.02235174447,-187500.02235174447,-187500.02235174447,-187500.02235174447
$SILENCE,2325.140216963317,-7950.783723686186,6561.0640121774695,12198.308074272642,-187500.02235174447,-187500.02235174447,-187500.02235174447,-187500.02235174447
$SILENCE,2562.493391334223,-7888.400004911424,7086.30765513273,12149.536567871162,-187500.02235174447,-187500.02235174447,-187500.02235174447,-187500.02235174447
$SILENCE,2437.43538110678,-7872.172638436871,6960.735554782815,12184.31588224362,-187500.02235174447,-187500.02235174447,-187500.02235174447,-187500.02235174447
$SILENCE,2182.6031425718243,-7924.565127440111,6433.122626915291,12239.99407768179,-187500.02235174447,-187500.02235174447,-187500.02235174447,-187500.02235174447
$SILENCE,2271.473678526125,-7957.846874934063,6465.867932542316,12204.588914464584,-187500.02235174447,-187500.02235174447,-187500.02235174447,-187500.02235174447
$SILENCE,2541.594510268511,-7897.765385838197,7030.048314338722,12148.418980648397,-187500.02235174447,-187500.02235174447,-187500.02235174447,-187500.02235174447
$SILENCE,2475.522753658623,-7867.568179079078,7032.127026573065,12174.615225150017,-187500.02235174447,-187500.02235174447,-187500.02235174447,-187500.02235174447
$SILENCE,2206.631267861279,-7914.3056767351245,6510.7055319196625,12226.605382753061,-187500.02235174447,-187500.02235174447,-187500.02235174447,-187500.02235174447
$SILENCE,2218.611802889324,-7958.04804063416,6389.156745571702,12214.155461091455,-187500.02235174447,-187500.02235174447,-187500.02235174447,-187500.02235174447
$SILENCE,2520.717980947254,-7905.610848142011,6960.489685593807,12155.12450398499,-187500.02235174447,-187500.02235174447,-187500.02235174447,-187500.02235174447
$SILENCE,2519.041600113106,-7865.377708122458,7088.811050511725,12167.686184368871,-187500.02235174447,-187500.02235174447,-187500.02235174447,-187500.02235174447
$SILENCE,2255.335719029393,-7906.124938264483,6610.8413470794385,12225.934830419403,-187500.02235174447,-187500.02235174447,-187500.02235174447,-187500.02235174447
$SILENCE,2186.6264565737793,-7959.3220900681135,6343.9391665386165,12233.869699701036,-187500.02235174447,-187500.02235174447,-187500.02235174447,-187500.02235174447
$SILENCE,2484.2846374851033,-7921.905269849929,6861.113829745511,12165.428658178886,-187500.02235174447,-187500.02235174447,-187500.02235174447,-187500.02235174447
$SILENCE,2549.752896994698,-7869.289263402136,7115.2978676912635,12160.69008835436,-187500.02235174447,-187500.02235174447,-187500.02235174447,-187500.02235174447
$SILENCE,2305.604792309379,-7893.138574735949,6709.61370582744,12210.55683023415,-187500.02235174447,-187500.02235174447,-187500.02235174447,-187500.02235174447
$SILENCE,2176.702282035623,-7950.783723686186,6357.819599845362,12223.051455384668,-187500.02235174447,-187500.02235174447,-187500.02235174447,-187500.02235174447
$SILENCE,2418.078770408484,-7932.4999967217445,6749.131590024423,12168.088515769066,-187500.02235174447,-187500.02235174447,-187500.02235174447,-187500.02235174447
$SILENCE,2570.919998993874,-7872.351452392513,7150.524216952827,12150.92237602739,-187500.02235174447,-187500.02235174447,-187500.02235174447,-187500.02235174447
$SILENCE,2347.335499207437,-7886.075423488072,6804.899192440414,12211.406196523452,-187500.02235174447,-187500.02235174447,-187500.02235174447,-187500.02235174447
$SILENCE,2161.5925027838352,-7947.721534695809,6334.685544334119,12243.771522494737,-187500.02235174447,-187500.02235174447,-187500.02235174447,-187500.02235174447
$SILENCE,2371.4083279858028,-7947.140389339971,6619.536175672552,12186.975739833802,-187500.02235174447,-187500.02235174447,-187500.02235174447,-187500.02235174447
$SILENCE,2568.8636385039854,-7883.974359509273,7097.21530642692,12148.97777425978,-187500.02235174447,-187500.02235174447,-187500.02235174447,-187500.02235174447
$SILENCE,2407.9981336591404,-7880.152211207415,6889.2546760147425,12190.730832902293,-187500.02235174447,-187500.02235174447,-187500.02235174447,-187500.02235174447
$SILENCE,2178.9374564811537,-7937.3726770130015,6377.153858799203,12238.652973014472,-187500.02235174447,-187500.02235174447,-187500.02235174447,-187500.02235174447
$SILENCE,2326.995411753108,-7951.454276019845,6543.517892780053,12195.379995748997,-187500.02235174447,-187500.02235174447,-187500.02235174447,-187500.02235174447
$SILENCE,2565.041490202128,-7889.361129923002,7080.719719018904,12147.54726261464,-187500.02235174447,-187500.02235174447,-187500.02235174447,-187500.02235174447
$SILENCE,2451.2934626690703,-7876.754746050209,6982.1708777154545,12178.862056596525,-187500.02235174447,-187500.02235174447,-187500.02235174447,-187500.02235174447
$SILENCE,2194.7848432999663,-7930.555394954133,6449.014717223015,12231.075731644123,-187500.02235174447,-187500.02235174447,-187500.02235174447,-187500.02235174447
$SILENCE,2270.5572570034574,-7958.2715580787135,6447.785371277973,12210.735644189794,-187500.02235174447,-187500.02235174447,-187500.02235174447,-187500.02235174447
$SILENCE,2548.0541644160944,-7901.006388784217,7015.72084614287,12154.610413862518,-187500.02235174447,-187500.02235174447,-187500.02235174447,-187500.02235174447
$SILENCE,2492.8677073559415,-7874.966606493785,7039.324288287675,12176.64923389545,-187500.02235174447,-187500.02235174447,-187500.02235174447,-187500.02235174447
$SILENCE,2233.25219550755,-7916.630258158477,6531.045619373992,12230.89691768848,-187500.02235174447,-187500.02235174447,-187500.02235174447,-187500.02235174447
$SILENCE,2231.575814673402,-7963.323052325613,6378.584370444342,12216.234173325798,-187500.02235174447,-187500.02235174447,-187500.02235174447,-187500.02235174447
$SILENCE,2525.031867627128,-7917.837252359063,6934.89693819248,12149.201291704332,-187500.02235174447,-187500.02235174447,-187500.02235174447,-187500.02235174447
$SILENCE,2527.1105798614717,-7879.280493173658,7085.234771398875,12155.146855729445,-187500.02235174447,-187500.02235174447,-187500.02235174447,-187500.02235174447
$SILENCE,2276.860448939854,-7911.198784255837,6625.079408297469,12219.318714060631,-187500.02235174447,-187500.02235174447,-187500.02235174447,-187500.02235174447
$SILENCE,2197.6905700791563,-7959.612662746033,6338.01595425796,12231.500414788774,-187500.02235174447,-187500.02235174447,-187500.02235174447,-187500.02235174447
$SILENCE,2483.9270095738184,-7924.632182673477,6841.243128924743,12163.238187222265,-187500.02235174447,-187500.02235174447,-187500.02235174447,-187500.02235174447
$SILENCE,2560.615844799977,-7872.440859370335,7121.913984050034,12155.370373173997,-187500.02235174447,-187500.02235174447,-187500.02235174447,-187500.02235174447
$SILENCE,2327.107170475384,-7897.854792816019,6732.568947383041,12216.033007625701,-187500.02235174447,-187500.02235174447,-187500.02235174447,-187500.02235174447
$SILENCE,2172.4330988446595,-7957.824523189608,6323.062637217359,12238.384752081009,-187500.02235174447,-187500.02235174447,-187500.02235174447,-187500.02235174447
$SILENCE,2433.8367502494752,-7940.591328214566,6731.965450282747,12174.279948983187,-187500.02235174447,-187500.02235174447,-187500.02235174447,-187500.02235174447
$SILENCE,2581.0900427210386,-7878.274664673169,7127.658382375048,12151.369410916497,-187500.02235174447,-187500.02235174447,-187500.02235174447,-187500.02235174447
$SILENCE,2380.6172467013894,-7892.110394491005,6822.713532771294,12200.565600462629,-187500.02235174447,-187500.02235174447,-187500.02235174447,-187500.02235174447
$SILENCE,2176.4340611021594,-7954.896444665962,6343.156855482681,12240.105836404067,-187500.02235174447,-187500.02235174447,-187500.02235174447,-187500.02235174447
$SILENCE,2377.9573891112077,-7953.555339998644,6624.677076897273,12190.17203929091,-187500.02235174447,-187500.02235174447,-187500.02235174447,-187500.02235174447
$SILENCE,2599.3067144521137,-7885.449574643323,7143.617527916137,12152.039963250156,-187500.02235174447,-187500.02235174447,-187500.02235174447,-187500.02235174447
$SILENCE,2429.3887531028695,-7876.352414650013,6929.264298589743,12197.41400449443,-187500.02235174447,-187500.02235174447,-187500.02235174447,-187500.02235174447
$SILENCE,2189.3980728862375,-7937.059752590627,6404.355931801311,12239.412932325951,-187500.02235174447,-187500.02235174447,-187500.02235174447,-187500.02235174447
$SILENCE,2318.2558796710828,-7950.895482408462,6528.050485616981,12204.946542375868,-187500.02235174447,-187500.02235174447,-187500.02235174447,-187500.02235174447
$SILENCE,2555.564350553078,-7894.27851370317,7040.598337721627,12154.588062118062,-187500.02235174447,-187500.02235174447,-187500.02235174447,-187500.02235174447
$SILENCE,2457.7978203055645,-7873.491391359734,6984.920142283457,12184.785268877182,-187500.02235174447,-187500.02235174447,-187500.02235174447,-187500.02235174447
$SILENCE,2202.9432300261533,-7928.476682719789,6458.558912105431,12240.508167804262,-187500.02235174447,-187500.02235174447,-187500.02235174447,-187500.02235174447
$SILENCE,2259.5154952425355,-7961.713726724831,6428.942850702149,12223.69965597387,-187500.02235174447,-187500.02235174447,-187500.02235174447,-187500.02235174447
$SILENCE,2542.7344492357315,-7899.307656205614,7011.250497251809,12162.589986633062,-187500.02235174447,-187500.02235174447,-187500.02235174447,-187500.02235174447
$SILENCE,2502.3671987494467,-7867.545827334622,7062.2348263543645,12180.516085686219,-187500.02235174447,-187500.02235174447,-187500.02235174447,-187500.02235174447
$SILENCE,2246.7750009030106,-7913.724531379286,6547.764724226561,12236.283688102209,-187500.02235174447,-187500.02235174447,-187500.02235174447,-187500.02235174447
$SILENCE,2225.6526023927454,-7961.870188936018,6363.16166677018,12233.512071789752,-187500.02235174447,-187500.02235174447,-187500.02235174447,-187500.02235174447
$SILENCE,2514.951230877785,-7915.691484891354,6915.294458305176,12163.953443044835,-187500.02235174447,-187500.02235174447,-187500.02235174447,-187500.02235174447
$SILENCE,2535.69364973231,-7872.820839026075,7095.985960481878,12164.467533167308,-187500.02235174447,-187500.02235174447,-187500.02235174447,-187500.02235174447
$SILENCE,2277.8439256958873,-7905.476737675279,6644.234853295667,12222.090330373088,-187500.02235174447,-187500.02235174447,-187500.02235174447,-187500.02235174447
$SILENCE,2184.5924478283464,-7956.885749922485,6334.73024782303,12241.402237582475,-187500.02235174447,-187500.02235174447,-187500.02235174447,-187500.02235174447
$SILENCE,2468.5043058996566,-7928.0967030640495,6821.707704270805,12179.331443230087,-187500.02235174447,-187500.02235174447,-187500.02235174447,-187500.02235174447
$SILENCE,2562.158115167393,-7872.820839026075,7123.545661395271,12163.796980833647,-187500.02235174447,-187500.02235174447,-187500.02235174447,-187500.02235174447
$SILENCE,2334.885577545831,-7897.787737582653,6745.220034744744,12215.250696569765,-187500.02235174447,-187500.02235174447,-187500.02235174447,-187500.02235174447
$SILENCE,2168.9685784540866,-7953.2200638318145,6324.023762228938,12247.794836496692,-187500.02235174447,-187500.02235174447,-187500.02235174447,-187500.02235174447
$SILENCE,2412.915517439308,-7937.462083990823,6707.289124404088,12189.725004401804,-187500.02235174447,-187500.02235174447,-187500.02235174447,-187500.02235174447
$SILENCE,2569.5341908376445,-7876.173600694371,7123.12097825062,12161.427695921386,-187500.02235174447,-187500.02235174447,-187500.02235174447,-187500.02235174447
$SILENCE,2373.5093919646015,-7883.259103686703,6840.438466124352,12207.002902865757,-187500.02235174447,-187500.02235174447,-187500.02235174447,-187500.02235174447
$SILENCE,2160.8772469612654,-7943.117075338016,6347.5825008848315,12250.566452809151,-187500.02235174447,-187500.02235174447,-187500.02235174447,-187500.02235174447
$SILENCE,2352.8116765989876,-7947.4756655068,6594.301056182511,12200.498545229262,-187500.02235174447,-187500.02235174447,-187500.02235174447,-187500.02235174447
$SILENCE,2572.5069728502003,-7882.2532751862145,7102.31150416273,12164.020498278202,-187500.02235174447,-187500.02235174447,-187500.02235174447,-187500.02235174447
$SILENCE,2426.3489158569478,-7880.46513562979,6930.113664879044,12199.537420217684,-187500.02235174447,-187500.02235174447,-187500.02235174447,-187500.02235174447
$SILENCE,2177.19402041364,-7936.47860723479,6400.109100354803,12254.388601111008,-187500.02235174447,-187500.02235174447,-187500.02235174447,-187500.02235174447
$SILENCE,2295.702969515678,-7955.43288653289,6490.186630509691,12216.36828379253,-187500.02235174447,-187500.02235174447,-187500.02235174447,-187500.02235174447
$SILENCE,2558.26891163217,-7893.160926480405,7048.2649860697975,12156.130332485478,-187500.02235174447,-187500.02235174447,-187500.02235174447,-187500.02235174447
$SILENCE,2475.0980705139723,-7869.982167480251,7010.021151306767,12189.769707890715,-187500.02235174447,-187500.02235174447,-187500.02235174447,-187500.02235174447
$SILENCE,2223.9091663252316,-7923.335781495069,6497.897982346772,12239.32352534813,-187500.02235174447,-187500.02235174447,-187500.02235174447,-187500.02235174447
$SILENCE,2255.2239603071166,-7960.059697635138,6433.41319959321,12217.955257648857,-187500.02235174447,-187500.02235174447,-187500.02235174447,-187500.02235174447
$SILENCE,2521.5896989810108,-7908.181298754371,6961.383755372019,12168.803771591636,-187500.02235174447,-187500.02235174447,-187500.02235174447,-187500.02235174447
$SILENCE,2505.6529051843772,-7874.564275093589,7059.865541442102,12183.377108976498,-187500.02235174447,-187500.02235174447,-187500.02235174447,-187500.02235174447
$SILENCE,2252.20647480565,-7913.635124401466,6570.58585531543,12243.145673649988,-187500.02235174447,-187500.02235174447,-187500.02235174447,-187500.02235174447
$SILENCE,2202.4961951370474,-7963.412459303434,6339.915852536661,12236.082522402112,-187500.02235174447,-187500.02235174447,-187500.02235174447,-187500.02235174447
$SILENCE,2493.5159079451455,-7921.882918105473,6877.475306686796,12164.512236656217,-187500.02235174447,-187500.02235174447,-187500.02235174447,-187500.02235174447
$SILENCE,2537.370030566458,-7873.1561151929045,7097.1035477046435,12169.139047758466,-187500.02235174447,-187500.02235174447,-187500.02235174447,-187500.02235174447
$SILENCE,2295.367693348848,-7901.587534140055,6668.732365218683,12229.824033954625,-187500.02235174447,-187500.02235174447,-187500.02235174447,-187500.02235174447
$SILENCE,2180.189154170651,-7954.069430121116,6326.817730285851,12245.89493821799,-187500.02235174447,-187500.02235174447,-187500.02235174447,-187500.02235174447
$SILENCE,2457.037860994084,-7925.302735007136,6795.913791169381,12180.672547897406,-187500.02235174447,-187500.02235174447,-187500.02235174447,-187500.02235174447
$SILENCE,2567.388423369935,-7869.490429102234,7126.36198119664,12168.423791935897,-187500.02235174447,-187500.02235174447,-187500.02235174447,-187500.02235174447
$SILENCE,2340.339403192926,-7892.602132869021,6767.080040822035,12214.200164580365,-187500.02235174447,-187500.02235174447,-187500.02235174447,-187500.02235174447
$SILENCE,2163.3582905958046,-7955.298776066158,6321.050980216382,12249.38181035302,-187500.02235174447,-187500.02235174447,-187500.02235174447,-187500.02235174447
$SILENCE,2400.689113222255,-7944.726400938797,6675.192019366267,12195.514106215729,-187500.02235174447,-187500.02235174447,-187500.02235174447,-187500.02235174447
$SILENCE,2569.7353565377425,-7878.60994084,7114.202632212953,12165.786286090171,-187500.02235174447,-187500.02235174447,-187500.02235174447,-187500.02235174447
$SILENCE,2389.826165416976,-7878.341719906536,6864.779515836181,12211.383844778997,-187500.02235174447,-187500.02235174447,-187500.02235174447,-187500.02235174447
$SILENCE,2167.6945290201343,-7939.876072391996,6360.322995224356,12255.685002289416,-187500.02235174447,-187500.02235174447,-187500.02235174447,-187500.02235174447
$SILENCE,2339.467685159169,-7952.013069631228,6572.977491972148,12208.567524977629,-187500.02235174447,-187500.02235174447,-187500.02235174447,-187500.02235174447
$SILENCE,2567.969568725773,-7884.153173464915,7099.092852961166,12167.909701813425,-187500.02235174447,-187500.02235174447,-187500.02235174447,-187500.02235174447
$SILENCE,2431.556872315034,-7875.123068704971,6949.537330810706,12199.470364984318,-187500.02235174447,-187500.02235174447,-187500.02235174447,-187500.02235174447
$SILENCE,2189.6886455641566,-7932.410589743923,6419.197490119635,12255.148560422489,-187500.02235174447,-187500.02235174447,-187500.02235174447,-187500.02235174447
$SILENCE,2298.5416410615017,-7959.590311001577,6473.71339484613,12225.890126930492,-187500.02235174447,-187500.02235174447,-187500.02235174447,-187500.02235174447
$SILENCE,2567.008443714195,-7902.772176596186,7034.898642885523,12172.335347215576,-187500.02235174447,-187500.02235174447,-187500.02235174447,-187500.02235174447
$SILENCE,2484.105823529461,-7873.580798337555,7011.33990422963,12189.970873590813,-187500.02235174447,-187500.02235174447,-187500.02235174447,-187500.02235174447
$SILENCE,2223.149207013751,-7915.669133146898,6494.500517189565,12247.66072602996,-187500.02235174447,-187500.02235174447,-187500.02235174447,-187500.02235174447
$SILENCE,2240.114181055329,-7963.412459303434,6393.783556673951,12233.579127023117,-187500.02235174447,-187500.02235174447,-187500.02235174447,-187500.02235174447
$SILENCE,2527.5129112616673,-7916.876127347485,6960.534389082717,12165.451009923341,-187500.02235174447,-187500.02235174447,-187500.02235174447,-187500.02235174447
não,2515.0853413445166,-7873.066708215083,7074.68474801597,12179.577312419095,-187500.02235174447,-187500.02235174447,-187500.02235174447,-187500.02235174447
não,2261.1248208433176,-7902.70512136282,6593.049358493014,12249.314755119653,-187500.02235174447,-187500.02235174447,-187500.02235174447,-187500.02235174447
não,2203.7255410820894,-7957.28808132268,6341.8828060487285,12250.90172897598,-187500.02235174447,-187500.02235174447,-187500.02235174447,-187500.02235174447
não,2492.3089137445586,-7922.486415205767,6863.25959721322,12181.991300820267,-187500.02235174447,-187500.02235174447,-187500.02235174447,-187500.02235174447
não,2543.0250219136506,-7874.139591948938,7101.3280274066965,12177.990338562768,-187500.02235174447,-187500.02235174447,-187500.02235174447,-187500.02235174447
não,2304.6436672978007,-7904.157984752415,6681.115231646923,12229.153481620966,-187500.02235174447,-187500.02235174447,-187500.02235174447,-187500.02235174447
não,2177.9092762362097,-7964.0830116370935,6308.377541110223,12247.996002196789,-187500.02235174447,-187500.02235174447,-187500.02235174447,-187500.02235174447
não,2448.454791123246,-7939.496092736255,6758.251101762188,12183.846495610058,-187500.02235174447,-187500.02235174447,-187500.02235174447,-187500.02235174447
não,2573.289283906136,-7877.358243150502,7126.339629452184,12170.256634981231,-187500.02235174447,-187500.02235174447,-187500.02235174447,-187500.02235174447
não,2351.55997890949,-7893.987941025251,6786.548410242607,12216.904725659459,-187500.02235174447,-187500.02235174447,-187500.02235174447,-187500.02235174447
não,2162.7100900066007,-7953.1083051095375,6325.230756429524,12254.165083666454,-187500.02235174447,-187500.02235174447,-187500.02235174447,-187500.02235174447
não,2386.4063485153138,-7949.375563785502,6648.816960909005,12200.677359184905,-187500.02235174447,-187500.02235174447,-187500.02235174447,-187500.02235174447
não,2569.355376882002,-7884.868429287485,7107.161832709531,12164.713402356316,-187500.02235174447,-187500.02235174447,-187500.02235174447,-187500.02235174447
não,2397.693979465244,-7884.555504865111,6882.3256352335975,12208.813394166636,-187500.02235174447,-187500.02235174447,-187500.02235174447,-187500.02235174447
não,2172.321340122383,-7941.753618926242,6376.706823910096,12262.099952948089,-187500.02235174447,-187500.02235174447,-187500.02235174447,-187500.02235174447
não,2333.6785833452445,-7953.935319654384,6550.134009138824,12215.854193670059,-187500.02235174447,-187500.02235174447,-187500.02235174447,-187500.02235174447
não,2563.163943667882,-7897.139536993449,7072.203704381431,12156.622070863496,-187500.02235174447,-187500.02235174447,-187500.02235174447,-187500.02235174447
não,2441.5481020865564,-7888.578818867067,6956.488723336306,12191.893123613969,-187500.02235174447,-187500.02235174447,-187500.02235174447,-187500.02235174447
não,2186.1347181957626,-7936.120979323505,6424.293687855446,12258.166045923954,-187500.02235174447,-187500.02235174447,-187500.02235174447,-187500.02235174447
não,2268.8361726803987,-7967.994566916772,6433.569661804398,12234.875528201525,-187500.02235174447,-187500.02235174447,-187500.02235174447,-187500.02235174447
não,2547.6294812714436,-7908.404816198924,7013.038636808234,12171.485980926274,-187500.02235174447,-187500.02235174447,-187500.02235174447,-187500.02235174447
não,2486.5421636750893,-7875.011309982695,7045.7392389463475,12181.812486864626,-187500.02235174447,-187500.02235174447,-187500.02235174447,-187500.02235174447
não,2225.5631954149244,-7920.5194616937,6518.461587245654,12238.429455569918,-187500.02235174447,-187500.02235174447,-187500.02235174447,-187500.02235174447
não,2223.886814580776,-7963.300700581158,6364.748640626507,12229.086426387601,-187500.02235174447,-187500.02235174447,-187500.02235174447,-187500.02235174447
não,2513.8559953994745,-7919.535984937666,6930.672458490427,12166.769762846205,-187500.02235174447,-187500.02235174447,-187500.02235174447,-187500.02235174447
não,2519.6674489578545,-7884.108469976005,7073.991843937856,12176.492771684263,-187500.02235174447,-187500.02235174447,-187500.02235174447,-187500.02235174447
não,2270.9148849147423,-7917.814900614608,6616.697504126729,12237.84831021408,-187500.02235174447,-187500.02235174447,-187500.02235174447,-187500.02235174447
não,2185.3971106287377,-7974.186000130892,6347.537797395921,12235.367266579542,-187500.02235174447,-187500.02235174447,-187500.02235174447,-187500.02235174447
não,2472.1923437347823,-7936.1433310679595,6852.843684297048,12173.967024560812,-187500.02235174447,-187500.02235174447,-187500.02235174447,-187500.02235174447
não,2524.5401292491115,-7895.016121270195,7078.998634695845,12148.530739370673,-187500.02235174447,-187500.02235174447,-187500.02235174447,-187500.02235174447
não,2309.024609211041,-7900.581705639566,6705.65744705885,12220.548060005673,-187500.02235174447,-187500.02235174447,-187500.02235174447,-187500.02235174447
não,2175.696453535134,-7963.233645347792,6320.805111027374,12253.919214477446,-187500.02235174447,-187500.02235174447,-187500.02235174447,-187500.02235174447
não,2425.298383867548,-7953.756505698741,6746.941119067803,12186.059318311134,-187500.02235174447,-187500.02235174447,-187500.02235174447,-187500.02235174447
não,2580.486545620745,-7876.1512489499155,7153.541702454294,12192.98835909228,-187500.02235174447,-187500.02235174447,-187500.02235174447,-187500.02235174447
não,2369.1955052847275,-7883.952007764818,6801.077044138557,12220.101025116566,-187500.02235174447,-187500.02235174447,-187500.02235174447,-187500.02235174447
não,2158.1950376266286,-7960.6184912465205,6303.706026519064,12225.264278085742,-187500.02235174447,-187500.02235174447,-187500.02235174447,-187500.02235174447
não,2351.1576475092947,-7981.383261845502,6588.310788668488,12163.55111164464,-187500.02235174447,-187500.02235174447,-187500.02235174447,-187500.02235174447
não,2571.814068772086,-7895.686673603854,7115.119053735621,12158.879597053481,-187500.02235174447,-187500.02235174447,-187500.02235174447,-187500.02235174447
não,2397.1575375983166,-7897.497164904734,6890.327559748597,12186.729870644793,-187500.02235174447,-187500.02235174447,-187500.02235174447,-187500.02235174447
não,2134.61394722628,-7967.659290749943,6344.743829339008,12249.135941164011,-187500.02235174447,-187500.02235174447,-187500.02235174447,-187500.02235174447
não,2301.961457963164,-7973.046061163672,6503.150642293768,12216.100062859066,-187500.02235174447,-187500.02235174447,-187500.02235174447,-187500.02235174447
não,2537.5041410331896,-7943.497054993756,7045.672183712982,12117.931201211359,-187500.02235174447,-187500.02235174447,-187500.02235174447,-187500.02235174447
não,2451.204055691249,-7902.593362640544,6989.234028963331,12187.199257278355,-187500.02235174447,-187500.02235174447,-187500.02235174447,-187500.02235174447
não,2184.8159652728996,-7951.744848697764,6449.528807345487,12250.857025487068,-187500.02235174447,-187500.02235174447,-187500.02235174447,-187500.02235174447
não,2242.639928178779,-7986.367700859035,6442.353897375334,12226.024237397223,-187500.02235174447,-187500.02235174447,-187500.02235174447,-187500.02235174447
não,2509.9667918642513,-7920.362999482513,6963.574226328639,12172.782382104682,-187500.02235174447,-187500.02235174447,-187500.02235174447,-187500.02235174447
não,2466.8726285544194,-7888.489411889245,7007.853032094602,12188.473306712307,-187500.02235174447,-187500.02235174447,-187500.02235174447,-187500.02235174447
não,2213.8061778314327,-7931.42711298789,6522.864880903349,12253.293365632697,-187500.02235174447,-187500.02235174447,-187500.02235174447,-187500.02235174447
não,2196.5953346008464,-7990.681587538909,6353.505713165488,12237.155406135966,-187500.02235174447,-187500.02235174447,-187500.02235174447,-187500.02235174447
não,2483.68114038481,-7958.360965056535,6897.949504607857,12184.449992710352,-187500.02235174447,-187500.02235174447,-187500.02235174447,-187500.02235174447
não,2504.825890639531,-7902.638066129454,7068.962701435412,12193.569504448118,-187500.02235174447,-187500.02235174447,-187500.02235174447,-187500.02235174447
não,2266.5562947459575,-7927.1579297969265,6624.475911197175,12242.117493405045,-187500.02235174447,-187500.02235174447,-187500.02235174447,-187500.02235174447
não,2177.641055302746,-7969.000395417261,6330.215195443058,12253.248662143787,-187500.02235174447,-187500.02235174447,-187500.02235174447,-187500.02235174447
não,2468.7948785775757,-7930.421284487401,6855.190617464855,12204.521859231218,-187500.02235174447,-187500.02235174447,-187500.02235174447,-187500.02235174447
não,2523.400190281891,-7917.479624447778,7087.894628989056,12156.532663885673,-187500.02235174447,-187500.02235174447,-187500.02235174447,-187500.02235174447
não,2303.436673097214,-7924.788644884664,6697.320246377021,12227.70061823137,-187500.02235174447,-187500.02235174447,-187500.02235174447,-187500.02235174447
não,2137.854950172299,-7980.15391590046,6297.536945049399,12250.61115629806,-187500.02235174447,-187500.02235174447,-187500.02235174447,-187500.02235174447
não,2391.882525906864,-7967.10049713856,6694.570981809018,12191.84842012506,-187500.02235174447,-187500.02235174447,-187500.02235174447,-187500.02235174447
não,2553.3738795964578,-7905.610848142011,7121.958687538945,12171.709498370827,-187500.02235174447,-187500.02235174447,-187500.02235174447,-187500.02235174447
não,2391.0108078731073,-7880.643949585432,6888.226495769799,12251.818150498648,-187500.02235174447,-187500.02235174447,-187500.02235174447,-187500.02235174447
não,2172.8130785003996,-7943.3629445270235,6378.4055564887,12270.593615841106,-187500.02235174447,-187500.02235174447,-187500.02235174447,-187500.02235174447
não,2321.6086413393787,-7999.756395787764,6564.260311634578,12173.631748393984,-187500.02235174447,-187500.02235174447,-187500.02235174447,-187500.02235174447
não,2550.781077239642,-7904.314446963603,7081.390271352562,12167.015632035213,-187500.02235174447,-187500.02235174447,-187500.02235174447,-187500.02235174447
não,2405.7406074691544,-7896.245467215236,6904.766786666726,12210.959161634346,-187500.02235174447,-187500.02235174447,-187500.02235174447,-187500.02235174447
não,2170.4884970770477,-7948.749714940753,6403.528917256465,12276.449772888396,-187500.02235174447,-187500.02235174447,-187500.02235174447,-187500.02235174447
não,2307.0576556989736,-7953.912967909929,6518.796863412484,12230.606345010561,-187500.02235174447,-187500.02235174447,-187500.02235174447,-187500.02235174447
não,2580.978283998762,-7887.550638622122,7087.626408055593,12197.0787283276,-187500.02235174447,-187500.02235174447,-187500.02235174447,-187500.02235174447
não,2432.3838868598805,-7929.28134552018,6971.889075266013,12172.201236748844,-187500.02235174447,-187500.02235174447,-187500.02235174447,-187500.02235174447
não,2203.345561426349,-7949.375563785502,6480.553028649453,12254.723877277836,-187500.02235174447,-187500.02235174447,-187500.02235174447,-187500.02235174447
não,2259.269626053527,-7973.850723964063,6418.951620930627,12240.84344397109,-187500.02235174447,-187500.02235174447,-187500.02235174447,-187500.02235174447
não,2543.3155945915696,-7910.148252266437,6989.457546407884,12165.227492478787,-187500.02235174447,-187500.02235174447,-187500.02235174447,-187500.02235174447
não,2528.3399258065137,-7865.51181858919,7090.621541812604,12218.715216960338,-187500.02235174447,-187500.02235174447,-187500.02235174447,-187500.02235174447
não,2245.657413680245,-7935.293964778658,6587.193201445723,12267.620833828549,-187500.02235174447,-187500.02235174447,-187500.02235174447,-187500.02235174447
não,2198.67404683519,-7986.747680514775,6358.937187068127,12245.358496351064,-187500.02235174447,-187500.02235174447,-187500.02235174447,-187500.02235174447
não,2505.138815061905,-7931.80709264363,6907.337237279086,12162.768800588705,-187500.02235174447,-187500.02235174447,-187500.02235174447,-187500.02235174447
não,2563.2086471567927,-7868.305786646103,7169.500847995383,12182.617149665017,-187500.02235174447,-187500.02235174447,-187500.02235174447,-187500.02235174447
não,2302.5873068079122,-7888.802336311619,6690.167688151323,12269.386621640519,-187500.02235174447,-187500.02235174447,-187500.02235174447,-187500.02235174447
não,2179.093918692341,-7973.403689074957,6313.898421990683,12250.387638853508,-187500.02235174447,-187500.02235174447,-187500.02235174447,-187500.02235174447
não,2463.788087819587,-7947.498017251256,6810.710645998794,12189.993225335267,-187500.02235174447,-187500.02235174447,-187500.02235174447,-187500.02235174447
não,2565.779097769153,-7891.775118324175,7134.207443500453,12171.55303615964,-187500.02235174447,-187500.02235174447,-187500.02235174447,-187500.02235174447
não,2354.666871388778,-7899.106490505516,6786.0566718645905,12244.643240528494,-187500.02235174447,-187500.02235174447,-187500.02235174447,-187500.02235174447
não,2190.1133287088073,-7957.1539708559485,6373.532876197443,12285.792802070715,-187500.02235174447,-187500.02235174447,-187500.02235174447,-187500.02235174447
não,2441.302232897548,-7928.431979230879,6755.05480230508,12236.842481713591,-187500.02235174447,-187500.02235174447,-187500.02235174447,-187500.02235174447
não,2604.2688017211917,-7861.130876675949,7172.138353841109,12202.063167341134,-187500.02235174447,-187500.02235174447,-187500.02235174447,-187500.02235174447
não,2375.0069588431074,-7911.869336589496,6851.279062185176,12205.550039476162,-187500.02235174447,-187500.02235174447,-187500.02235174447,-187500.02235174447
não,2175.182363412662,-7957.533950511689,6372.795268630418,12273.208769942376,-187500.02235174447,-187500.02235174447,-187500.02235174447,-187500.02235174447
não,2368.435545973247,-7957.802171445152,6620.318486728488,12227.678266486915,-187500.02235174447,-187500.02235174447,-187500.02235174447,-187500.02235174447
não,2593.092929493538,-7887.237714199748,7146.5232546953275,12179.26438799672,-187500.02235174447,-187500.02235174447,-187500.02235174447,-187500.02235174447
não,2450.175875446305,-7876.240655927737,6986.171839972954,12222.85028968457,-187500.02235174447,-187500.02235174447,-187500.02235174447,-187500.02235174447
não,2202.3620846703157,-7930.756560654231,6452.345127146856,12281.85889504658,-187500.02235174447,-187500.02235174447,-187500.02235174447,-187500.02235174447
não,2322.726228562144,-7956.438715033379,6528.028133872525,12252.175778409932,-187500.02235174447,-187500.02235174447,-187500.02235174447,-187500.02235174447
não,2585.4486328898233,-7899.017083527695,7085.525344076794,12193.74831840376,-187500.02235174447,-187500.02235174447,-187500.02235174447,-187500.02235174447
não,2500.579059193022,-7874.228998926759,7056.982166407367,12216.189469836889,-187500.02235174447,-187500.02235174447,-187500.02235174447,-187500.02235174447
não,2238.9742420881084,-7918.932487837374,6542.176788112734,12276.449772888396,-187500.02235174447,-187500.02235174447,-187500.02235174447,-187500.02235174447
não,2271.0936988703847,-7962.652499991954,6452.859217269328,12260.177702924932,-187500.02235174447,-187500.02235174447,-187500.02235174447,-187500.02235174447
não,2560.9287692223515,-7906.348455709035,7020.347657245119,12194.88825737098,-187500.02235174447,-187500.02235174447,-187500.02235174447,-187500.02235174447
não,2544.880216703441,-7865.1765424223595,7126.294925963274,12212.859059913048,-187500.02235174447,-187500.02235174447,-187500.02235174447,-187500.02235174447
não,2280.9508181751753,-7912.986923812262,6630.108550799912,12263.686926804416,-187500.02235174447,-187500.02235174447,-187500.02235174447,-187500.02235174447
não,2229.698268139156,-7960.752601713253,6394.07412935187,12257.830769757125,-187500.02235174447,-187500.02235174447,-187500.02235174447,-187500.02235174447
não,2524.1154461044607,-7919.535984937666,6936.685077748904,12193.79302189267,-187500.02235174447,-187500.02235174447,-187500.02235174447,-187500.02235174447
não,2571.2105716717924,-7874.676033815866,7165.186961315509,12186.618111922517,-187500.02235174447,-187500.02235174447,-187500.02235174447,-187500.02235174447
não,2330.07995248794,-7903.532135907667,6733.015982272146,12227.812376953647,-187500.02235174447,-187500.02235174447,-187500.02235174447,-187500.02235174447
não,2208.7770353289884,-7963.457162792345,6382.831201890851,12245.38084809552,-187500.02235174447,-187500.02235174447,-187500.02235174447,-187500.02235174447
não,2489.202021265271,-7927.292040263658,6842.941861503346,12199.805641151148,-187500.02235174447,-187500.02235174447,-187500.02235174447,-187500.02235174447
não,2586.6332753459546,-7867.702289545809,7169.165571828553,12158.589024375562,-187500.02235174447,-187500.02235174447,-187500.02235174447,-187500.02235174447
não,2367.8096971284986,-7900.022912028184,6842.338364403054,12218.536403004695,-187500.02235174447,-187500.02235174447,-187500.02235174447,-187500.02235174447
não,2195.500099122536,-7950.426095774901,6403.305399811912,12288.653825360994,-187500.02235174447,-187500.02235174447,-187500.02235174447,-187500.02235174447
não,2418.794026231054,-7946.4698370063115,6720.454301888264,12215.742434947782,-187500.02235174447,-187500.02235174447,-187500.02235174447,-187500.02235174447
não,2595.4622144058008,-7878.788754795642,7170.4172695180505,12163.729925600283,-187500.02235174447,-187500.02235174447,-187500.02235174447,-187500.02235174447
não,2402.946639412241,-7877.246484428226,6909.550059980162,12206.22059180982,-187500.02235174447,-187500.02235174447,-187500.02235174447,-187500.02235174447
não,2183.117232694296,-7935.472778734301,6419.644525008742,12253.203958654876,-187500.02235174447,-187500.02235174447,-187500.02235174447,-187500.02235174447
não,2349.9283015642527,-7953.667098720921,6612.182451746757,12209.70746394485,-187500.02235174447,-187500.02235174447,-187500.02235174447,-187500.02235174447
não,2577.6702258193764,-7884.488449631745,7132.687524877492,12168.535550658173,-187500.02235174447,-187500.02235174447,-187500.02235174447,-187500.02235174447
não,2450.6452620798664,-7869.423373868868,7007.115424527577,12202.59960920806,-187500.02235174447,-187500.02235174447,-187500.02235174447,-187500.02235174447
não,2198.383474157271,-7922.4640634613115,6487.191496752679,12255.260319144765,-187500.02235174447,-187500.02235174447,-187500.02235174447,-187500.02235174447
não,2292.9760566921304,-7946.156912583937,6528.989258884104,12237.669496258439,-187500.02235174447,-187500.02235174447,-187500.02235174447,-187500.02235174447
não,2561.9569494672955,-7880.018100740684,7092.677902302493,12181.544265931161,-187500.02235174447,-187500.02235174447,-187500.02235174447,-187500.02235174447
não,2490.1854980213047,-7861.399097609413,7085.92767547699,12194.84355388207,-187500.02235174447,-187500.02235174447,-187500.02235174447,-187500.02235174447
não,2224.512663425525,-7910.818804600097,6560.371108099354,12253.874510988535,-187500.02235174447,-187500.02235174447,-187500.02235174447,-187500.02235174447
não,2245.5009514690582,-7948.86147366303,6445.75136253254,12243.570356794638,-187500.02235174447,-187500.02235174447,-187500.02235174447,-187500.02235174447
não,2546.914225448874,-7896.89366780444,7016.3913984765295,12177.140972273466,-187500.02235174447,-187500.02235174447,-187500.02235174447,-187500.02235174447
não,2547.6294812714436,-7852.883082971941,7139.79537961428,12186.014614822223,-187500.02235174447,-187500.02235174447,-187500.02235174447,-187500.02235174447
não,2287.991617678597,-7891.976284024273,6668.620606496407,12243.95033645038,-187500.02235174447,-187500.02235174447,-187500.02235174447,-187500.02235174447
não,2227.06076229343,-7943.318241038113,6416.6717429961855,12252.46635108785,-187500.02235174447,-187500.02235174447,-187500.02235174447,-187500.02235174447
não,2522.7966931815977,-7904.739130108253,6945.4246098309295,12195.692920171372,-187500.02235174447,-187500.02235174447,-187500.02235174447,-187500.02235174447
não,2580.7324148097537,-7848.926824203351,7178.5756562442375,12195.268237026721,-187500.02235174447,-187500.02235174447,-187500.02235174447,-187500.02235174447
não,2329.565862365468,-7875.2124756827925,6753.646642404395,12239.345877092586,-187500.02235174447,-187500.02235174447,-187500.02235174447,-187500.02235174447
não,2182.446680360637,-7930.220118787303,6375.164553542681,12263.23989191531,-187500.02235174447,-187500.02235174447,-187500.02235174447,-187500.02235174447
não,2449.6617853238326,-7907.890726076452,6825.932183972858,12215.27304831422,-187500.02235174447,-187500.02235174447,-187500.02235174447,-187500.02235174447
não,2574.071594962072,-7854.939443461829,7191.092633139209,12200.431489995897,-187500.02235174447,-187500.02235174447,-187500.02235174447,-187500.02235174447
não,2365.015729071585,-7857.644004540922,6863.25959721322,12259.887130247012,-187500.02235174447,-187500.02235174447,-187500.02235174447,-187500.02235174447
não,2164.3417673518384,-7915.847947102541,6390.631960705753,12284.295235192209,-187500.02235174447,-187500.02235174447,-187500.02235174447,-187500.02235174447
não,2382.7406624246437,-7917.5913831700545,6705.031598214102,12217.12824310401,-187500.02235174447,-187500.02235174447,-187500.02235174447,-187500.02235174447
não,2578.229019430759,-7857.755763263198,7177.525124254838,12177.36448971802,-187500.02235174447,-187500.02235174447,-187500.02235174447,-187500.02235174447
não,2410.9709156716963,-7857.1299144184495,6959.416801859952,12215.720083203327,-187500.02235174447,-187500.02235174447,-187500.02235174447,-187500.02235174447
não,2167.5604185534025,-7912.003447056228,6436.318926372401,12272.71703156436,-187500.02235174447,-187500.02235174447,-187500.02235174447,-187500.02235174447
não,2328.336516420426,-7934.534005467178,6601.453614408209,12240.128188148521,-187500.02235174447,-187500.02235174447,-187500.02235174447,-187500.02235174447
não,2576.6196938299768,-7864.9977284667175,7144.109266294154,12190.753184646748,-187500.02235174447,-187500.02235174447,-187500.02235174447,-187500.02235174447
não,2453.10395396995,-7844.814103223575,7034.272794040775,12214.535440747195,-187500.02235174447,-187500.02235174447,-187500.02235174447,-187500.02235174447
não,2191.901468265232,-7898.480641660767,6502.323627748922,12277.008566499779,-187500.02235174447,-187500.02235174447,-187500.02235174447,-187500.02235174447
não,2274.5135157720465,-7936.232738045781,6505.207002783657,12253.561586566162,-187500.02235174447,-187500.02235174447,-187500.02235174447,-187500.02235174447
não,2559.230036643748,-7878.542885606634,7085.1900679099645,12184.673510154906,-187500.02235174447,-187500.02235174447,-187500.02235174447,-187500.02235174447
não,2507.2175272962486,-7844.545882290111,7126.809016085746,12208.478117999806,-187500.02235174447,-187500.02235174447,-187500.02235174447,-187500.02235174447
não,2218.947079056153,-7895.887839303951,6574.162134428279,12270.124229207544,-187500.02235174447,-187500.02235174447,-187500.02235174447,-187500.02235174447
não,2232.179311773695,-7932.365886255013,6450.624042823797,12259.440095357908,-187500.02235174447,-187500.02235174447,-187500.02235174447,-187500.02235174447
não,2511.2184895537484,-7888.377653166968,6978.862819536069,12198.50923997274,-187500.02235174447,-187500.02235174447,-187500.02235174447,-187500.02235174447
não,2532.6761642308434,-7843.025963667151,7163.756449670369,12198.799812650659,-187500.02235174447,-187500.02235174447,-187500.02235174447,-187500.02235174447
não,2255.4921812405805,-7883.79554555363,6661.825676181994,12263.932795993423,-187500.02235174447,-187500.02235174447,-187500.02235174447,-187500.02235174447
não,2191.834413031866,-7935.696296178854,6404.735911457052,12268.939586751412,-187500.02235174447,-187500.02235174447,-187500.02235174447,-187500.02235174447
não,2452.9921952476734,-7900.000560283728,6870.83683858357,12206.131184832,-187500.02235174447,-187500.02235174447,-187500.02235174447,-187500.02235174447
não,2537.4370857998238,-7848.122161402961,7151.84296987569,12186.014614822223,-187500.02235174447,-187500.02235174447,-187500.02235174447,-187500.02235174447
não,2307.6611527992673,-7873.670205315377,6761.805029130582,12243.95033645038,-187500.02235174447,-187500.02235174447,-187500.02235174447,-187500.02235174447
não,2167.9180464646874,-7932.902328121941,6373.130544797247,12277.410897899974,-187500.02235174447,-187500.02235174447,-187500.02235174447,-187500.02235174447
não,2419.553985542534,-7917.256107003225,6779.038224105624,12203.448975497364,-187500.02235174447,-187500.02235174447,-187500.02235174447,-187500.02235174447
não,2560.9287692223515,-7849.88794921493,7170.75254568488,12181.991300820267,-187500.02235174447,-187500.02235174447,-187500.02235174447,-187500.02235174447
não,2351.202350998205,-7861.577911565056,6865.271254214198,12230.405179310463,-187500.02235174447,-187500.02235174447,-187500.02235174447,-187500.02235174447
não,2148.0696973883746,-7922.888746605962,6385.334597269845,12273.722860064849,-187500.02235174447,-187500.02235174447,-187500.02235174447,-187500.02235174447
não,2363.5852174264455,-7925.190976284859,6669.447621041253,12224.839594941091,-187500.02235174447,-187500.02235174447,-187500.02235174447,-187500.02235174447
não,2566.3155396360803,-7862.740202276731,7157.743830411891,12182.058356053634,-187500.02235174447,-187500.02235174447,-187500.02235174447,-187500.02235174447
não,2408.2663545926043,-7858.001632452207,6962.858970506069,12220.458653027852,-187500.02235174447,-187500.02235174447,-187500.02235174447,-187500.02235174447
não,2165.6158167857907,-7918.641915159455,6439.89520548525,12270.347746652096,-187500.02235174447,-187500.02235174447,-187500.02235174447,-187500.02235174447
não,2297.8710887278426,-7943.944089882862,6564.148552912302,12225.532499019206,-187500.02235174447,-187500.02235174447,-187500.02235174447,-187500.02235174447
não,2550.3116906060804,-7872.954949492807,7110.402835655551,12178.102097285046,-187500.02235174447,-187500.02235174447,-187500.02235174447,-187500.02235174447
não,2451.472276624713,-7850.960832948785,7040.464227254895,12222.22444083982,-187500.02235174447,-187500.02235174447,-187500.02235174447,-187500.02235174447
não,2185.285351906461,-7906.974304553784,6507.643342929286,12261.697621547894,-187500.02235174447,-187500.02235174447,-187500.02235174447,-187500.02235174447
não,2250.3289282714045,-7941.351287526047,6478.1837437371905,12238.541214292194,-187500.02235174447,-187500.02235174447,-187500.02235174447,-187500.02235174447
não,2537.5041410331896,-7886.745975821731,7049.695497714937,12188.115678801023,-187500.02235174447,-187500.02235174447,-187500.02235174447,-187500.02235174447
não,2494.2311637677153,-7851.072591671061,7098.936390749978,12211.89793490147,-187500.02235174447,-187500.02235174447,-187500.02235174447,-187500.02235174447
não,2228.021887305008,-7894.524382892178,6596.2233062056675,12266.23502567232,-187500.02235174447,-187500.02235174447,-187500.02235174447,-187500.02235174447
não,2202.4738433925922,-7939.607851458532,6406.211126591102,12258.456618601873,-187500.02235174447,-187500.02235174447,-187500.02235174447,-187500.02235174447
não,2497.427463224824,-7895.239638714748,6957.449848347885,12200.163269062432,-187500.02235174447,-187500.02235174447,-187500.02235174447,-187500.02235174447
não,2519.6003937244886,-7855.274719628659,7136.420266201529,12201.37026326302,-187500.02235174447,-187500.02235174447,-187500.02235174447,-187500.02235174447
não,2272.9712454046307,-7884.667263587387,6690.793536996071,12252.220481898843,-187500.02235174447,-187500.02235174447,-187500.02235174447,-187500.02235174447
não,2188.4816513635697,-7938.065581091116,6401.226687577569,12261.071772703144,-187500.02235174447,-187500.02235174447,-187500.02235174447,-187500.02235174447
não,2444.587939332478,-7909.544755166145,6843.947690003835,12204.141879575478,-187500.02235174447,-187500.02235174447,-187500.02235174447,-187500.02235174447
não,2555.877274975452,-7852.950138205307,7180.9449411565,12188.830934623593,-187500.02235174447,-187500.02235174447,-187500.02235174447,-187500.02235174447
não,2305.3365713759154,-7876.374766394469,6770.432802490331,12243.637412028005,-187500.02235174447,-187500.02235174447,-187500.02235174447,-187500.02235174447
não,2163.157124895707,-7936.031572345683,6375.075146564859,12270.615967585562,-187500.02235174447,-187500.02235174447,-187500.02235174447,-187500.02235174447
não,2391.7037119512215,-7923.38048498398,6729.260889203655,12216.189469836889,-187500.02235174447,-187500.02235174447,-187500.02235174447,-187500.02235174447
não,2545.1484376369044,-7866.98703372324,7135.325030723218,12184.248827010255,-187500.02235174447,-187500.02235174447,-187500.02235174447,-187500.02235174447
não,2358.8689993463754,-7873.781964037653,6867.461725170819,12231.008676410756,-187500.02235174447,-187500.02235174447,-187500.02235174447,-187500.02235174447
não,2151.7130317345895,-7928.610793186521,6383.345292013323,12276.852104288591,-187500.02235174447,-187500.02235174447,-187500.02235174447,-187500.02235174447
não,2354.175133010761,-7931.3824094989795,6639.272766026588,12227.946487420379,-187500.02235174447,-187500.02235174447,-187500.02235174447,-187500.02235174447
não,2568.8636385039854,-7865.355356378002,7139.46010344745,12183.064184554123,-187500.02235174447,-187500.02235174447,-187500.02235174447,-187500.02235174447
não,2409.6074592599225,-7860.84030399803,6954.611176802061,12215.362455292041,-187500.02235174447,-187500.02235174447,-187500.02235174447,-187500.02235174447
não,2167.895694720232,-7922.084083805572,6434.195510649146,12273.14171470901,-187500.02235174447,-187500.02235174447,-187500.02235174447,-187500.02235174447
não,2295.077120670929,-7946.492188750767,6537.013535143559,12233.065036900645,-187500.02235174447,-187500.02235174447,-187500.02235174447,-187500.02235174447
não,2549.17175163886,-7880.576894352066,7094.2872279032745,12181.566617675617,-187500.02235174447,-187500.02235174447,-187500.02235174447,-187500.02235174447
não,2460.8376575514862,-7862.203760409804,7045.58277673516,12212.36732153503,-187500.02235174447,-187500.02235174447,-187500.02235174447,-187500.02235174447
não,2196.6623898342123,-7909.880031332974,6516.874613389327,12267.03968847271,-187500.02235174447,-187500.02235174447,-187500.02235174447,-187500.02235174447
não,2235.375611230804,-7946.045153861661,6449.685269556674,12244.263260872754,-187500.02235174447,-187500.02235174447,-187500.02235174447,-187500.02235174447
não,2521.455588514279,-7890.746938079231,7018.805386877702,12184.070013054612,-187500.02235174447,-187500.02235174447,-187500.02235174447,-187500.02235174447
não,2499.103844058972,-7859.923882475363,7104.21140244143,12207.695806943872,-187500.02235174447,-187500.02235174447,-187500.02235174447,-187500.02235174447
não,2236.7167158981224,-7901.140499250949,6610.550774401519,12260.915310491957,-187500.02235174447,-187500.02235174447,-187500.02235174447,-187500.02235174447
não,2193.287276421461,-7949.330860296591,6391.526030483965,12259.57420582464,-187500.02235174447,-187500.02235174447,-187500.02235174447,-187500.02235174447
não,2487.3915299643913,-7908.4942231767445,6930.605403257061,12197.436356238886,-187500.02235174447,-187500.02235174447,-187500.02235174447,-187500.02235174447
$SILENCE,2531.7373909637204,-7865.377708122458,7142.119961037632,12201.325559774108,-187500.02235174447,-187500.02235174447,-187500.02235174447,-187500.02235174447
$SILENCE,2284.2141728656497,-7889.115260733994,6702.416444112831,12247.414856840953,-187500.02235174447,-187500.02235174447,-187500.02235174447,-187500.02235174447
$SILENCE,2165.0123196854975,-7937.61854620201,6356.076163777848,12262.52463609274,-187500.02235174447,-187500.02235174447,-187500.02235174447,-187500.02235174447
$SILENCE,2440.654032308344,-7916.294981991647,6825.909832228403,12186.014614822223,-187500.02235174447,-187500.02235174447,-187500.02235174447,-187500.02235174447
$SILENCE,2551.8539609734967,-7862.98607146574,7159.911949624056,12177.677414140393,-187500.02235174447,-187500.02235174447,-187500.02235174447,-187500.02235174447
$SILENCE,2335.0420397570183,-7876.933560005851,6809.570707031573,12237.311868347153,-187500.02235174447,-187500.02235174447,-187500.02235174447,-187500.02235174447
$SILENCE,2173.57303781188,-7934.66811593391,6400.60083873282,12261.47410410334,-187500.02235174447,-187500.02235174447,-187500.02235174447,-187500.02235174447
$SILENCE,2385.020540359085,-7933.863453133518,6716.6768570753175,12206.913495887935,-187500.02235174447,-187500.02235174447,-187500.02235174447,-187500.02235174447
$SILENCE,2567.678996047854,-7874.765440793686,7167.489190994405,12172.827085593592,-187500.02235174447,-187500.02235174447,-187500.02235174447,-187500.02235174447
$SILENCE,2372.1459355528277,-7872.150286692416,6896.183716795888,12229.734626976804,-187500.02235174447,-187500.02235174447,-187500.02235174447,-187500.02235174447
$SILENCE,2152.6741567461677,-7929.147235053449,6393.671797951674,12266.659708816971,-187500.02235174447,-187500.02235174447,-187500.02235174447,-187500.02235174447
$SILENCE,2324.8719960298536,-7937.350325268546,6593.027006748558,12223.632600740506,-187500.02235174447,-187500.02235174447,-187500.02235174447,-187500.02235174447
$SILENCE,2552.5245133071558,-7879.839286785042,7108.83821354368,12178.012690307223,-187500.02235174447,-187500.02235174447,-187500.02235174447,-187500.02235174447
$SILENCE,2423.5772995444895,-7870.853885514008,6977.454659635385,12211.741472690283,-187500.02235174447,-187500.02235174447,-187500.02235174447,-187500.02235174447
$SILENCE,2178.1327936807625,-7920.608868671521,6456.0555167264365,12263.66457505996,-187500.02235174447,-187500.02235174447,-187500.02235174447,-187500.02235174447
$SILENCE,2278.3803675628146,-7946.2910230506695,6518.238069801101,12232.439188055896,-187500.02235174447,-187500.02235174447,-187500.02235174447,-187500.02235174447
$SILENCE,2544.3884783254243,-7889.4728886452785,7081.412623097018,12176.64923389545,-187500.02235174447,-187500.02235174447,-187500.02235174447,-187500.02235174447
$SILENCE,2470.1136315004387,-7865.914149989385,7059.7090792309145,12199.425661495408,-187500.02235174447,-187500.02235174447,-187500.02235174447,-187500.02235174447
$SILENCE,2209.313477195916,-7911.891688333952,6537.169997354746,12255.550891822684,-187500.02235174447,-187500.02235174447,-187500.02235174447,-187500.02235174447
$SILENCE,2232.313422240427,-7954.404706287945,6437.727086273085,12240.776388737726,-187500.02235174447,-187500.02235174447,-187500.02235174447,-187500.02235174447
$SILENCE,2522.5731757370445,-7901.632237628965,7011.295200740719,12176.962158317823,-187500.02235174447,-187500.02235174447,-187500.02235174447,-187500.02235174447
$SILENCE,2506.5916784515,-7864.79656276662,7120.058789260243,12197.88339112799,-187500.02235174447,-187500.02235174447,-187500.02235174447,-187500.02235174447
$SILENCE,2245.63506193579,-7898.480641660767,6632.477835712175,12257.920176734946,-187500.02235174447,-187500.02235174447,-187500.02235174447,-187500.02235174447
$SILENCE,2194.538974110958,-7943.698220693854,6392.7777281734625,12261.116476192055,-187500.02235174447,-187500.02235174447,-187500.02235174447,-187500.02235174447
$SILENCE,2479.009625793651,-7916.742016880753,6913.282801304198,12178.973815318801,-187500.02235174447,-187500.02235174447,-187500.02235174447,-187500.02235174447
$SILENCE,2533.0561438865834,-7870.205684924804,7145.31626049474,12172.558864660128,-187500.02235174447,-187500.02235174447,-187500.02235174447,-187500.02235174447
$SILENCE,2295.1665276487506,-7891.104565990516,6729.193833970289,12237.580089280616,-187500.02235174447,-187500.02235174447,-187500.02235174447,-187500.02235174447
$SILENCE,2169.5273720654695,-7945.464008505823,6366.961463327582,12268.269034417754,-187500.02235174447,-187500.02235174447,-187500.02235174447,-187500.02235174447
$SILENCE,2438.038878207073,-7928.588441442066,6811.604715777006,12197.436356238886,-187500.02235174447,-187500.02235174447,-187500.02235174447,-187500.02235174447
$SILENCE,2558.1795046543484,-7868.730469790754,7165.164609571053,12178.258559496231,-187500.02235174447,-187500.02235174447,-187500.02235174447,-187500.02235174447
$SILENCE,2345.927339306753,-7883.03558624215,6831.341306131042,12232.685057244904,-187500.02235174447,-187500.02235174447,-187500.02235174447,-187500.02235174447
$SILENCE,2153.9035026912097,-7947.162741084426,6370.470687207066,12259.507150591273,-187500.02235174447,-187500.02235174447,-187500.02235174447,-187500.02235174447
$SILENCE,2380.7737089125767,-7941.1277700814935,6700.695359789773,12202.197277807865,-187500.02235174447,-187500.02235174447,-187500.02235174447,-187500.02235174447
$SILENCE,2562.9180744788737,-7877.045318728128,7155.039269332799,12172.558864660128,-187500.02235174447,-187500.02235174447,-187500.02235174447,-187500.02235174447
$SILENCE,2395.391749786347,-7876.240655927737,6922.379961297508,12216.055359370155,-187500.02235174447,-187500.02235174447,-187500.02235174447,-187500.02235174447
$SILENCE,2168.409784842704,-7931.829444388086,6413.542498772443,12263.150484937489,-187500.02235174447,-187500.02235174447,-187500.02235174447,-187500.02235174447
$SILENCE,2332.1586647222834,-7945.866339906019,6594.524573627064,12215.876545414514,-187500.02235174447,-187500.02235174447,-187500.02235174447,-187500.02235174447
$SILENCE,2576.172658940871,-7886.164830465893,7129.491225420383,12176.69393738436,-187500.02235174447,-187500.02235174447,-187500.02235174447,-187500.02235174447
$SILENCE,2450.555855102045,-7873.9831297377505,7007.875383839058,12197.570466705618,-187500.02235174447,-187500.02235174447,-187500.02235174447,-187500.02235174447
$SILENCE,2198.5846398573685,-7927.068522819105,6486.409185696743,12237.267164858242,-187500.02235174447,-187500.02235174447,-187500.02235174447,-187500.02235174447
$SILENCE,2282.046053653485,-7955.43288653289,6514.818252899439,12219.519879760728,-187500.02235174447,-187500.02235174447,-187500.02235174447,-187500.02235174447
$SILENCE,2555.3408331085247,-7897.184240482359,7060.558445520216,12171.307166970631,-187500.02235174447,-187500.02235174447,-187500.02235174447,-187500.02235174447
$SILENCE,2496.645152168888,-7856.8393417405305,7091.202687168442,12198.196315550365,-187500.02235174447,-187500.02235174447,-187500.02235174447,-187500.02235174447
$SILENCE,2203.5914306153572,-7916.585554669566,6528.139892594802,12249.582976053116,-187500.02235174447,-187500.02235174447,-187500.02235174447,-187500.02235174447
$SILENCE,2221.9422128131646,-7956.036383633183,6413.296629583434,12236.104874146566,-187500.02235174447,-187500.02235174447,-187500.02235174447,-187500.02235174447
$SILENCE,2524.428370526835,-7902.459252173812,6989.546953385706,12176.381012961987,-187500.02235174447,-187500.02235174447,-187500.02235174447,-187500.02235174447
$SILENCE,2523.981335637729,-7868.730469790754,7125.065580018232,12185.41111772193,-187500.02235174447,-187500.02235174447,-187500.02235174447,-187500.02235174447
$SILENCE,2262.3318150439045,-7907.734263865264,6648.280519042078,12239.256470114764,-187500.02235174447,-187500.02235174447,-187500.02235174447,-187500.02235174447
$SILENCE,2185.7547385400226,-7959.925587168406,6374.471649464566,12244.307964361664,-187500.02235174447,-187500.02235174447,-187500.02235174447,-187500.02235174447
$SILENCE,2480.663654883344,-7923.715761150809,6891.512202204729,12185.813449122126,-187500.02235174447,-187500.02235174447,-187500.02235174447,-187500.02235174447
$SILENCE,2549.5517312946,-7866.607054067499,7155.396897244084,12187.355719489542,-187500.02235174447,-187500.02235174447,-187500.02235174447,-187500.02235174447
$SILENCE,2310.2316034116275,-7886.8353827995525,6752.998441815191,12232.886222945002,-187500.02235174447,-187500.02235174447,-187500.02235174447,-187500.02235174447
$SILENCE,2173.6847965341567,-7948.0568108626385,6362.982852814538,12250.365287109053,-187500.02235174447,-187500.02235174447,-187500.02235174447,-187500.02235174447
$SILENCE,2439.849369507953,-7932.723514166298,6789.968227144269,12189.255617768244,-187500.02235174447,-187500.02235174447,-187500.02235174447,-187500.02235174447
$SILENCE,2578.0278537306613,-7871.770307036675,7168.18209507252,12169.071992525101,-187500.02235174447,-187500.02235174447,-187500.02235174447,-187500.02235174447
$SILENCE,2368.100269806417,-7887.617693855488,6853.581291864073,12225.554850763661,-187500.02235174447,-187500.02235174447,-187500.02235174447,-187500.02235174447
$SILENCE,2166.420479586182,-7946.760409684231,6381.534800712443,12266.100915205589,-187500.02235174447,-187500.02235174447,-187500.02235174447,-187500.02235174447
$SILENCE,2381.5113164796016,-7945.128732338993,6678.3436153344655,12196.586989949583,-187500.02235174447,-187500.02235174447,-187500.02235174447,-187500.02235174447
$SILENCE,2583.8169555445857,-7875.9724349942735,7154.033440832311,12151.704687083327,-187500.02235174447,-187500.02235174447,-187500.02235174447,-187500.02235174447
$SILENCE,2418.7269709976877,-7873.8043157821085,6943.480008063318,12190.619074180016,-187500.02235174447,-187500.02235174447,-187500.02235174447,-187500.02235174447
$SILENCE,2176.5905233133462,-7936.076275834594,6418.057551152415,12247.593670796594,-187500.02235174447,-187500.02235174447,-187500.02235174447,-187500.02235174447
$SILENCE,2330.303469932493,-7951.744848697764,6572.485753594131,12218.536403004695,-187500.02235174447,-187500.02235174447,-187500.02235174447,-187500.02235174447
$SILENCE,2582.9899409997392,-7885.382519409957,7125.467911418428,12167.239149479765,-187500.02235174447,-187500.02235174447,-187500.02235174447,-187500.02235174447
$SILENCE,2469.0854512554947,-7869.088097702039,7032.663468439993,12198.17396380591,-187500.02235174447,-187500.02235174447,-187500.02235174447,-187500.02235174447
$SILENCE,2201.5574218699244,-7928.610793186521,6493.494688689076,12234.450845056874,-187500.02235174447,-187500.02235174447,-187500.02235174447,-187500.02235174447
$SILENCE,2277.30748382896,-7958.0927441230715,6494.344054978377,12207.472289499317,-187500.02235174447,-187500.02235174447,-187500.02235174447,-187500.02235174447
$SILENCE,2560.3699756109686,-7895.329045692569,7055.39519255104,12148.955422515324,-187500.02235174447,-187500.02235174447,-187500.02235174447,-187500.02235174447
$SILENCE,2507.2622307851593,-7858.783943508142,7078.238675384364,12170.07782102559,-187500.02235174447,-187500.02235174447,-187500.02235174447,-187500.02235174447
$SILENCE,2245.612710191335,-7907.868374331996,6574.855038506394,12229.913440932447,-187500.02235174447,-187500.02235174447,-187500.02235174447,-187500.02235174447
$SILENCE,2236.090867053374,-7964.150066870459,6416.694094740641,12226.18069960841,-187500.02235174447,-187500.02235174447,-187500.02235174447,-187500.02235174447
$SILENCE,2536.07362938805,-7920.675923904887,6981.880305037535,12151.101189983034,-187500.02235174447,-187500.02235174447,-187500.02235174447,-187500.02235174447
$SILENCE,2561.0852314335384,-7865.981205222751,7171.691318952003,12156.242091207754,-187500.02235174447,-187500.02235174447,-187500.02235174447,-187500.02235174447
$SILENCE,2278.8721059408317,-7899.084138761061,6661.400993037342,12221.822109439625,-187500.02235174447,-187500.02235174447,-187500.02235174447,-187500.02235174447
$SILENCE,2196.9529625121313,-7955.164665599426,6364.391012715222,12238.407103825462,-187500.02235174447,-187500.02235174447,-187500.02235174447,-187500.02235174447
$SILENCE,2490.6325329104106,-7924.632182673477,6872.736736862271,12172.380050704485,-187500.02235174447,-187500.02235174447,-187500.02235174447,-187500.02235174447
$SILENCE,2571.814068772086,-7872.239693670237,7161.767144413847,12165.272195967698,-187500.02235174447,-187500.02235174447,-187500.02235174447,-187500.02235174447
$SILENCE,2341.8593218158867,-7893.205629969315,6780.401680517398,12216.32358030362,-187500.02235174447,-187500.02235174447,-187500.02235174447,-187500.02235174447
$SILENCE,2186.8052705294217,-7950.426095774901,6369.375451728756,12223.69965597387,-187500.02235174447,-187500.02235174447,-187500.02235174447,-187500.02235174447
$SILENCE,2442.7774480315984,-7935.830406645586,6767.169447799855,12156.845588308048,-187500.02235174447,-187500.02235174447,-187500.02235174447,-187500.02235174447
$SILENCE,2597.8091475736082,-7879.816935040586,7173.166534086054,12153.649288850938,-187500.02235174447,-187500.02235174447,-187500.02235174447,-187500.02235174447
$SILENCE,2405.852366191431,-7883.884952531452,6885.879562601992,12199.403309750953,-187500.02235174447,-187500.02235174447,-187500.02235174447,-187500.02235174447
$SILENCE,2194.9413055111536,-7942.200653815348,6402.657199222708,12240.485816059807,-187500.02235174447,-187500.02235174447,-187500.02235174447,-187500.02235174447
$SILENCE,2398.0292556320737,-7948.90617715194,6671.883961186882,12180.896065341958,-187500.02235174447,-187500.02235174447,-187500.02235174447,-187500.02235174447
$SILENCE,2610.639048890954,-7889.696406089832,7165.27636829333,12128.414169360896,-187500.02235174447,-187500.02235174447,-187500.02235174447,-187500.02235174447
$SILENCE,2459.518904628623,-7886.969493266284,6976.717052068359,12168.60260589154,-187500.02235174447,-187500.02235174447,-187500.02235174447,-187500.02235174447
$SILENCE,2212.3309626973823,-7946.38043002849,6444.477313098588,12209.729815689305,-187500.02235174447,-187500.02235174447,-187500.02235174447,-187500.02235174447
$SILENCE,2347.7378306076325,-7966.34053782708,6565.243788390611,12173.162361760422,-187500.02235174447,-187500.02235174447,-187500.02235174447,-187500.02235174447
$SILENCE,2606.9510110558285,-7900.08996726155,7121.913984050034,12130.291715895142,-187500.02235174447,-187500.02235174447,-187500.02235174447,-187500.02235174447
$SILENCE,2511.30789653157,-7870.205684924804,7060.044355397744,12164.26636746721,-187500.02235174447,-187500.02235174447,-187500.02235174447,-187500.02235174447
$SILENCE,2256.9673963746304,-7928.007296086228,6540.880386934327,12210.333312789597,-187500.02235174447,-187500.02235174447,-187500.02235174447,-187500.02235174447
$SILENCE,2307.3929318658033,-7969.335671584091,6492.131232277302,12185.36641423302,-187500.02235174447,-187500.02235174447,-187500.02235174447,-187500.02235174447
$SILENCE,2595.059883005605,-7917.077293047583,7058.233864096865,12122.35684661351,-187500.02235174447,-187500.02235174447,-187500.02235174447,-187500.02235174447
$SILENCE,2556.950158709307,-7880.532190863156,7124.596193384671,12142.83104453457,-187500.02235174447,-187500.02235174447,-187500.02235174447,-187500.02235174447
$SILENCE,2289.891515957298,-7926.621487929999,6624.744132130639,12206.533516232195,-187500.02235174447,-187500.02235174447,-187500.02235174447,-187500.02235174447
$SILENCE,2265.416355778737,-7968.1286773835045,6431.51330131451,12205.147708075967,-187500.02235174447,-187500.02235174447,-187500.02235174447,-187500.02235174447
$SILENCE,2557.1513244094044,-7927.42615073039,6972.559627599672,12140.327649155575,-187500.02235174447,-187500.02235174447,-187500.02235174447,-187500.02235174447
$SILENCE,2585.1133567229936,-7879.392251895935,7161.565978713749,12151.011783005213,-187500.02235174447,-187500.02235174447,-187500.02235174447,-187500.02235174447
$SILENCE,2334.0362112565294,-7915.8926505914515,6718.777921054116,12202.666664441427,-187500.02235174447,-187500.02235174447,-187500.02235174447,-187500.02235174447
$SILENCE,2229.8323786058877,-7967.972215172317,6389.223800805069,12215.384807036497,-187500.02235174447,-187500.02235174447,-187500.02235174447,-187500.02235174447
$SILENCE,2505.0270563396284,-7932.388237999468,6862.566693135106,12140.752332300226,-187500.02235174447,-187500.02235174447,-187500.02235174447,-187500.02235174447
$SILENCE,2606.1463482554377,-7878.341719906536,7179.782650444824,12130.224660661777,-187500.02235174447,-187500.02235174447,-187500.02235174447,-187500.02235174447
$SILENCE,2380.371377512381,-7901.296961462136,6812.319971599576,12183.310053743131,-187500.02235174447,-187500.02235174447,-187500.02235174447,-187500.02235174447
$SILENCE,2214.700247609645,-7961.356098813546,6390.117870583281,12220.61511523904,-187500.02235174447,-187500.02235174447,-187500.02235174447,-187500.02235174447
$SILENCE,2464.8386198089866,-7951.09664810856,6767.951758855791,12157.78436157517,-187500.02235174447,-187500.02235174447,-187500.02235174447,-187500.02235174447
$SILENCE,2623.1560257859264,-7893.8761823029745,7182.576618501737,12123.854413492014,-187500.02235174447,-187500.02235174447,-187500.02235174447,-187500.02235174447
$SILENCE,2431.6239275484,-7896.737205593254,6908.655990201949,12159.93012904288,-187500.02235174447,-187500.02235174447,-187500.02235174447,-187500.02235174447
$SILENCE,2217.4048086887374,-7951.118999853015,6416.470577296088,12204.231286553299,-187500.02235174447,-187500.02235174447,-187500.02235174447,-187500.02235174447
$SILENCE,2406.120587124895,-7959.456200534845,6657.534141246574,12156.085628996567,-187500.02235174447,-187500.02235174447,-187500.02235174447,-187500.02235174447
$SILENCE,2630.777970645186,-7897.586571882555,7167.377432272128,12116.076006421568,-187500.02235174447,-187500.02235174447,-187500.02235174447,-187500.02235174447
$SILENCE,2482.8541258399637,-7889.1823159673595,7000.2534389797975,12152.419942905897,-187500.02235174447,-187500.02235174447,-187500.02235174447,-187500.02235174447
$SILENCE,2233.0733815519075,-7947.743886440264,6471.992310523071,12204.231286553299,-187500.02235174447,-187500.02235174447,-187500.02235174447,-187500.02235174447
$SILENCE,2351.8952550763197,-7973.247226863769,6559.030003432036,12171.93301581538,-187500.02235174447,-187500.02235174447,-187500.02235174447,-187500.02235174447
$SILENCE,2614.1035692815267,-7911.399949955935,7118.404760170551,12112.700893008816,-187500.02235174447,-187500.02235174447,-187500.02235174447,-187500.02235174447
$SILENCE,2533.436123542324,-7889.741109578742,7080.339739363163,12140.528814855674,-187500.02235174447,-187500.02235174447,-187500.02235174447,-187500.02235174447
$SILENCE,2274.625274494323,-7937.797360157652,6559.030003432036,12204.74537667577,-187500.02235174447,-187500.02235174447,-187500.02235174447,-187500.02235174447
$SILENCE,2308.2870016440156,-7976.041194920683,6483.592865895375,12189.859114868535,-187500.02235174447,-187500.02235174447,-187500.02235174447,-187500.02235174447
$SILENCE,2594.9481242833285,-7926.75559839673,7051.170712848987,12124.390855358943,-187500.02235174447,-187500.02235174447,-187500.02235174447,-187500.02235174447
$SILENCE,2576.5079351077006,-7889.249371200725,7144.936280839001,12141.512291611707,-187500.02235174447,-187500.02235174447,-187500.02235174447,-187500.02235174447
$SILENCE,2316.892423259309,-7928.074351319594,6655.254263312133,12203.98541736429,-187500.02235174447,-187500.02235174447,-187500.02235174447,-187500.02235174447
$SILENCE,2269.014986636041,-7974.789497231186,6431.356839103322,12211.249734312265,-187500.02235174447,-187500.02235174447,-187500.02235174447,-187500.02235174447
$SILENCE,2567.947216981318,-7933.818749644608,6977.2981974241975,12150.698858582839,-187500.02235174447,-187500.02235174447,-187500.02235174447,-187500.02235174447
$SILENCE,2611.2201942467923,-7887.170658966382,7192.299627339796,12145.133274213467,-187500.02235174447,-187500.02235174447,-187500.02235174447,-187500.02235174447
$SILENCE,2350.3082812199928,-7915.669133146898,6746.516435923152,12192.943655603369,-187500.02235174447,-187500.02235174447,-187500.02235174447,-187500.02235174447
$SILENCE,2235.6438321642677,-7972.666081507931,6400.9361148996495,12223.856118185058,-187500.02235174447,-187500.02235174447,-187500.02235174447,-187500.02235174447
$SILENCE,2527.1105798614717,-7952.057773120138,6875.910684574925,12162.388820932963,-187500.02235174447,-187500.02235174447,-187500.02235174447,-187500.02235174447
$SILENCE,2635.136560813971,-7896.17841198187,7204.727197256947,12128.123596682977,-187500.02235174447,-187500.02235174447,-187500.02235174447,-187500.02235174447
$SILENCE,2412.4461308057466,-7911.489356933756,6847.1663412053995,12171.195408248355,-187500.02235174447,-187500.02235174447,-187500.02235174447,-187500.02235174447
$SILENCE,2234.839169363877,-7967.547532027666,6407.261658580502,12210.623885467516,-187500.02235174447,-187500.02235174447,-187500.02235174447,-187500.02235174447
$SILENCE,2474.181648991305,-7961.24434009127,6762.810857631071,12163.282890711176,-187500.02235174447,-187500.02235174447,-187500.02235174447,-187500.02235174447
$SILENCE,2644.390183018468,-7897.60892362701,7197.552287286793,12133.935050241358,-187500.02235174447,-187500.02235174447,-187500.02235174447,-187500.02235174447
$SILENCE,2464.2127709642377,-7904.046226030139,6947.346859854086,12174.950501316847,-187500.02235174447,-187500.02235174447,-187500.02235174447,-187500.02235174447
$SILENCE,2244.316309012927,-7963.837142448086,6448.27710965599,12222.291496073187,-187500.02235174447,-187500.02235174447,-187500.02235174447,-187500.02235174447
$SILENCE,2415.4859680516684,-7971.81671521863,6656.528312746086,12173.631748393984,-187500.02235174447,-187500.02235174447,-187500.02235174447,-187500.02235174447
$SILENCE,2649.776953432197,-7905.074406275083,7178.776821944335,12128.63768680545,-187500.02235174447,-187500.02235174447,-187500.02235174447,-187500.02235174447
$SILENCE,2514.660658199866,-7897.027778271173,7036.731485930859,12159.773666831692,-187500.02235174447,-187500.02235174447,-187500.02235174447,-187500.02235174447
$SILENCE,2252.3629370168373,-7957.846874934063,6496.7356916350955,12200.766766162726,-187500.02235174447,-187500.02235174447,-187500.02235174447,-187500.02235174447
$SILENCE,2350.7106126201884,-7979.729232755809,6541.305070078978,12174.391707705463,-187500.02235174447,-187500.02235174447,-187500.02235174447,-187500.02235174447
$SILENCE,2633.795456146652,-7915.132691279971,7111.78864381178,12132.571593829583,-187500.02235174447,-187500.02235174447,-187500.02235174447,-187500.02235174447
$SILENCE,2563.3204058790693,-7894.569086381089,7107.653571087548,12145.982640502769,-187500.02235174447,-187500.02235174447,-187500.02235174447,-187500.02235174447
$SILENCE,2298.675751528234,-7945.262842805725,6590.814184047483,12208.165193577433,-187500.02235174447,-187500.02235174447,-187500.02235174447,-187500.02235174447
$SILENCE,2311.103321445384,-7985.808907247652,6475.926217547205,12189.255617768244,-187500.02235174447,-187500.02235174447,-187500.02235174447,-187500.02235174447
$SILENCE,2609.5214616681887,-7930.264822276214,7046.096866857632,12119.451119834319,-187500.02235174447,-187500.02235174447,-187500.02235174447,-187500.02235174447
$SILENCE,2597.7867958291527,-7887.640045599944,7157.207388544964,12128.749445527726,-187500.02235174447,-187500.02235174447,-187500.02235174447,-187500.02235174447
$SILENCE,2338.2830427030376,-7928.5213862087,6678.455374056742,12190.216742779821,-187500.02235174447,-187500.02235174447,-187500.02235174447,-187500.02235174447
$SILENCE,2266.2657220680385,-7981.025633934217,6412.5590220164095,12195.447050982362,-187500.02235174447,-187500.02235174447,-187500.02235174447,-187500.02235174447
$SILENCE,2568.327196637058,-7942.155950326437,6940.931909195413,12140.72998055577,-187500.02235174447,-187500.02235174447,-187500.02235174447,-187500.02235174447
$SILENCE,2632.6555171794316,-7898.9276765498735,7198.558115787282,12145.669716080394,-187500.02235174447,-187500.02235174447,-187500.02235174447,-187500.02235174447
$SILENCE,2378.404424000314,-7925.2803832626805,6775.48429673723,12185.79109737767,-187500.02235174447,-187500.02235174447,-187500.02235174447,-187500.02235174447
$SILENCE,2245.25508228005,-7977.985796688295,6402.679550967164,12205.79590866517,-187500.02235174447,-187500.02235174447,-187500.02235174447,-187500.02235174447
$SILENCE,2526.752951950187,-7953.890616165473,6850.87673078498,12163.484056411275,-187500.02235174447,-187500.02235174447,-187500.02235174447,-187500.02235174447
$SILENCE,2644.5019417407443,-7890.65753110141,7208.526993814349,12136.594907831539,-187500.02235174447,-187500.02235174447,-187500.02235174447,-187500.02235174447
$SILENCE,2428.1594071578274,-7909.969438310795,6877.542361920162,12168.736716358271,-187500.02235174447,-187500.02235174447,-187500.02235174447,-187500.02235174447
$SILENCE,2239.2424630215723,-7971.213218118337,6416.537632529454,12212.926115146412,-187500.02235174447,-187500.02235174447,-187500.02235174447,-187500.02235174447
$SILENCE,2465.732689587199,-7970.050927406661,6733.194796227789,12161.427695921386,-187500.02235174447,-187500.02235174447,-187500.02235174447,-187500.02235174447
$SILENCE,2655.8566279240404,-7906.683731875865,7196.792327975313,12140.484111366763,-187500.02235174447,-187500.02235174447,-187500.02235174447,-187500.02235174447
$SILENCE,2482.384739206402,-7906.974304553784,6972.872552022047,12183.60062642105,-187500.02235174447,-187500.02235174447,-187500.02235174447,-187500.02235174447
$SILENCE,2246.7750009030106,-7960.998470902261,6458.558912105431,12224.861946685547,-187500.02235174447,-187500.02235174447,-187500.02235174447,-187500.02235174447
$SILENCE,2406.075883635984,-7975.147125142471,6633.841292123949,12190.552018946652,-187500.02235174447,-187500.02235174447,-187500.02235174447,-187500.02235174447
$SILENCE,2642.289119039669,-7906.616676642499,7160.89542638009,12117.39475934443,-187500.02235174447,-187500.02235174447,-187500.02235174447,-187500.02235174447
$SILENCE,2523.042562370606,-7895.351397437024,7049.471980270384,12131.655172306917,-187500.02235174447,-187500.02235174447,-187500.02235174447,-187500.02235174447
$SILENCE,2259.82841966491,-7950.850778919552,6515.757026166561,12190.84259162457,-187500.02235174447,-187500.02235174447,-187500.02235174447,-187500.02235174447
$SILENCE,2347.402554440803,-7979.43866007789,6527.201119327679,12183.019481065212,-187500.02235174447,-187500.02235174447,-187500.02235174447,-187500.02235174447
$SILENCE,2628.2745752661917,-7923.179319283881,7096.924733749001,12131.275192651176,-187500.02235174447,-187500.02235174447,-187500.02235174447,-187500.02235174447
$SILENCE,2570.1376879379377,-7898.033606771662,7122.852757317157,12151.771742316692,-187500.02235174447,-187500.02235174447,-187500.02235174447,-187500.02235174447
$SILENCE,2305.4483300981915,-7949.688488207876,6612.271858724578,12213.395501779974,-187500.02235174447,-187500.02235174447,-187500.02235174447,-187500.02235174447
$SILENCE,2299.949800962186,-7987.977026459816,6454.714412059118,12205.885315642992,-187500.02235174447,-187500.02235174447,-187500.02235174447,-187500.02235174447
$SILENCE,2599.1502522409264,-7934.131674066982,7015.609087420594,12120.322837868076,-187500.02235174447,-187500.02235174447,-187500.02235174447,-187500.02235174447
$SILENCE,2607.3086389671134,-7891.104565990516,7165.924568882534,12123.407378602908,-187500.02235174447,-187500.02235174447,-187500.02235174447,-187500.02235174447
$SILENCE,2348.4530864302023,-7929.8624908760185,6697.096728932468,12184.964082832825,-187500.02235174447,-187500.02235174447,-187500.02235174447,-187500.02235174447
$SILENCE,2270.35609130336,-7979.2821978667025,6417.610516263308,12200.453841740351,-187500.02235174447,-187500.02235174447,-187500.02235174447,-187500.02235174447
$SILENCE,2555.7878679976307,-7946.760409684231,6919.340124051586,12129.64351530594,-187500.02235174447,-187500.02235174447,-187500.02235174447,-187500.02235174447
$SILENCE,2627.7604851437195,-7898.145365493938,7191.651426750592,12124.793186759138,-187500.02235174447,-187500.02235174447,-187500.02235174447,-187500.02235174447
$SILENCE,2391.9272293957747,-7914.059807546117,6801.211154605288,12191.714309658326,-187500.02235174447,-187500.02235174447,-187500.02235174447,-187500.02235174447
$SILENCE,2250.887721882787,-7971.727308240808,6412.447263294132,12229.175833365422,-187500.02235174447,-187500.02235174447,-187500.02235174447,-187500.02235174447
$SILENCE,2507.463396485257,-7956.483418522289,6815.918602456881,12153.179902217378,-187500.02235174447,-187500.02235174447,-187500.02235174447,-187500.02235174447
$SILENCE,2642.0432498506607,-7904.068577774594,7193.3725110736505,12114.623143031973,-187500.02235174447,-187500.02235174447,-187500.02235174447,-187500.02235174447
$SILENCE,2438.6423753073664,-7912.696351134343,6887.287722502676,12163.774629089194,-187500.02235174447,-187500.02235174447,-187500.02235174447,-187500.02235174447
$SILENCE,2235.9120530977316,-7968.665119250431,6409.653295237219,12196.184658549388,-187500.02235174447,-187500.02235174447,-187500.02235174447,-187500.02235174447
$SILENCE,2444.9679189882186,-7973.783668730697,6692.984007952691,12140.864091022504,-187500.02235174447,-187500.02235174447,-187500.02235174447,-187500.02235174447
$SILENCE,2659.7234797148085,-7901.676941117877,7186.018787147855,12114.01964593168,-187500.02235174447,-187500.02235174447,-187500.02235174447,-187500.02235174447
$SILENCE,2510.5255854756338,-7900.1570224949155,6990.306912697186,12161.293585454654,-187500.02235174447,-187500.02235174447,-187500.02235174447,-187500.02235174447
$SILENCE,2269.4620215251475,-7969.827409962108,6463.18572320768,12200.878524885002,-187500.02235174447,-187500.02235174447,-187500.02235174447,-187500.02235174447
$SILENCE,2415.0836366514727,-7991.5533055726655,6596.759748072594,12159.527797642684,-187500.02235174447,-187500.02235174447,-187500.02235174447,-187500.02235174447
$SILENCE,2667.7701077187194,-7917.636086658966,7140.622394159126,12114.913715709892,-187500.02235174447,-187500.02235174447,-187500.02235174447,-187500.02235174447
$SILENCE,2552.1892371403264,-7895.440804414846,7055.641061740049,12140.439407877851,-187500.02235174447,-187500.02235174447,-187500.02235174447,-187500.02235174447
$SILENCE,2291.433786324714,-7952.258938820236,6531.939689152204,12187.243960767266,-187500.02235174447,-187500.02235174447,-187500.02235174447,-187500.02235174447
$SILENCE,2350.3306329644483,-7980.489192067289,6510.437310986199,12166.926225057392,-187500.02235174447,-187500.02235174447,-187500.02235174447,-187500.02235174447
$SILENCE,2639.09281958256,-7922.687580905865,7077.59047479516,12120.188727401344,-187500.02235174447,-187500.02235174447,-187500.02235174447,-187500.02235174447
$SILENCE,2587.1250137239713,-7893.473850902778,7125.467911418428,12144.730942813272,-187500.02235174447,-187500.02235174447,-187500.02235174447,-187500.02235174447
$SILENCE,2318.859376771376,-7941.932432881884,6632.343725245443,12214.356626791552,-187500.02235174447,-187500.02235174447,-187500.02235174447,-187500.02235174447
$SILENCE,2290.0032746795746,-7984.803078747163,6448.142999189258,12215.1836413364,-187500.02235174447,-187500.02235174447,-187500.02235174447,-187500.02235174447
$SILENCE,2592.1765079708707,-7933.192900799859,6997.3700639450635,12153.984565017769,-187500.02235174447,-187500.02235174447,-187500.02235174447,-187500.02235174447
$SILENCE,2617.6574966499206,-7890.679882845865,7184.700034224991,12137.332515398564,-187500.02235174447,-187500.02235174447,-187500.02235174447,-187500.02235174447
$SILENCE,2360.1877522692384,-7932.052961832638,6725.349333923976,12174.570521661106,-187500.02235174447,-187500.02235174447,-187500.02235174447,-187500.02235174447
$SILENCE,2257.705003941656,-7983.171401401926,6403.104234111815,12183.242998509766,-187500.02235174447,-187500.02235174447,-187500.02235174447,-187500.02235174447
$SILENCE,2549.7305452502424,-7944.5922904720655,6898.664760430427,12130.537585084152,-187500.02235174447,-187500.02235174447,-187500.02235174447,-187500.02235174447
$SILENCE,2637.908177126429,-7894.904362547918,7197.105252397687,12122.043922191135,-187500.02235174447,-187500.02235174447,-187500.02235174447,-187500.02235174447
$SILENCE,2404.0195231460957,-7913.121034278994,6822.937050215847,12188.182734034388,-187500.02235174447,-187500.02235174447,-187500.02235174447,-187500.02235174447
$SILENCE,2246.0373933359856,-7978.0528519216605,6406.591106246842,12232.305077589164,-187500.02235174447,-187500.02235174447,-187500.02235174447,-187500.02235174447
$SILENCE,2491.504250944168,-7963.054831392149,6791.711663211783,12159.907777298426,-187500.02235174447,-187500.02235174447,-187500.02235174447,-187500.02235174447
$SILENCE,2643.205540562337,-7897.005426526717,7207.297647869307,12123.049750691624,-187500.02235174447,-187500.02235174447,-187500.02235174447,-187500.02235174447
$SILENCE,2462.782259319098,-7901.833403329063,6926.93971716639,12174.034079794179,-187500.02235174447,-187500.02235174447,-187500.02235174447,-187500.02235174447
$SILENCE,2248.831361392899,-7968.329843083602,6427.55704254592,12208.768690677725,-187500.02235174447,-187500.02235174447,-187500.02235174447,-187500.02235174447
$SILENCE,2433.076790937995,-7973.113116397038,6678.3436153344655,12148.798960304137,-187500.02235174447,-187500.02235174447,-187500.02235174447,-187500.02235174447
$SILENCE,2646.3124330416244,-7903.509784163211,7182.308397568274,12120.613410545995,-187500.02235174447,-187500.02235174447,-187500.02235174447,-187500.02235174447
$SILENCE,2498.9250301033294,-7891.395138668435,7004.321456470663,12163.1711319889,-187500.02235174447,-187500.02235174447,-187500.02235174447,-187500.02235174447
$SILENCE,2268.500896513569,-7944.435828260878,6508.71622666314,12207.94167613288,-187500.02235174447,-187500.02235174447,-187500.02235174447,-187500.02235174447
$SILENCE,2379.142031567339,-7971.190866373881,6603.733492342651,12176.358661217531,-187500.02235174447,-187500.02235174447,-187500.02235174447,-187500.02235174447
$SILENCE,2629.0792380665825,-7920.027723315683,7128.105417264154,12115.025474432168,-187500.02235174447,-187500.02235174447,-187500.02235174447,-187500.02235174447
$SILENCE,2547.1824463823377,-7895.083176503561,7086.64293129956,12143.54630035714,-187500.02235174447,-187500.02235174447,-187500.02235174447,-187500.02235174447
não,2280.0120449080523,-7947.654479462443,6541.550939267986,12204.231286553299,-187500.02235174447,-187500.02235174447,-187500.02235174447,-187500.02235174447
não,2328.8059030539875,-7977.538761799188,6499.663770158741,12196.74345216077,-187500.02235174447,-187500.02235174447,-187500.02235174447,-187500.02235174447
não,2605.744016855242,-7929.795435642653,7043.258195311809,12129.911736239403,-187500.02235174447,-187500.02235174447,-187500.02235174447,-187500.02235174447
não,2582.5429061106333,-7891.775118324175,7156.335670511207,12132.370428129487,-187500.02235174447,-187500.02235174447,-187500.02235174447,-187500.02235174447
não,2302.252030641083,-7924.9898105847615,6625.906422842315,12205.661798198438,-187500.02235174447,-187500.02235174447,-187500.02235174447,-187500.02235174447
não,2278.246257096083,-7971.660253007442,6436.318926372401,12206.868792399026,-187500.02235174447,-187500.02235174447,-187500.02235174447,-187500.02235174447
não,2583.258161933203,-7933.796397900152,6968.446906619895,12136.0137624757,-187500.02235174447,-187500.02235174447,-187500.02235174447,-187500.02235174447
não,2616.428150704879,-7890.32225493458,7161.856551391667,12139.701800310828,-187500.02235174447,-187500.02235174447,-187500.02235174447,-187500.02235174447
não,2361.439449958736,-7921.726455894287,6730.803159571071,12198.039853339178,-187500.02235174447,-187500.02235174447,-187500.02235174447,-187500.02235174447
não,2246.4397247361812,-7979.326901355613,6403.663027723197,12217.374112293019,-187500.02235174447,-187500.02235174447,-187500.02235174447,-187500.02235174447
não,2516.4487977562903,-7947.185092828881,6883.733795134282,12146.362620158508,-187500.02235174447,-187500.02235174447,-187500.02235174447,-187500.02235174447
não,2620.13854028446,-7890.098737490027,7204.928362957045,12130.358771128509,-187500.02235174447,-187500.02235174447,-187500.02235174447,-187500.02235174447
não,2401.4490725337355,-7902.0345690291615,6844.685297570861,12193.502449214751,-187500.02235174447,-187500.02235174447,-187500.02235174447,-187500.02235174447
não,2234.146265285762,-7964.865322693029,6413.788367961451,12231.522766533228,-187500.02235174447,-187500.02235174447,-187500.02235174447,-187500.02235174447
não,2444.364421887925,-7968.888636694985,6723.717656578739,12154.74452432925,-187500.02235174447,-187500.02235174447,-187500.02235174447,-187500.02235174447
não,2627.8275403770854,-7899.978208539273,7170.37256602914,12127.564803071595,-187500.02235174447,-187500.02235174447,-187500.02235174447,-187500.02235174447
não,2460.1224017289164,-7896.84896431553,6927.27499333322,12187.802754378648,-187500.02235174447,-187500.02235174447,-187500.02235174447,-187500.02235174447
não,2241.030602577997,-7955.7458109552645,6428.22759487958,12247.996002196789,-187500.02235174447,-187500.02235174447,-187500.02235174447,-187500.02235174447
não,2407.9534301702297,-7968.754526228253,6646.470027741198,12197.816335894626,-187500.02235174447,-187500.02235174447,-187500.02235174447,-187500.02235174447
não,2648.2570348092363,-7901.475775417778,7167.064507849755,12144.216852690799,-187500.02235174447,-187500.02235174447,-187500.02235174447,-187500.02235174447
não,2517.789902423609,-7887.662397344398,7020.727636900859,12183.779440376693,-187500.02235174447,-187500.02235174447,-187500.02235174447,-187500.02235174447
não,2257.1462103302733,-7943.273537549203,6489.851354342861,12236.32839159112,-187500.02235174447,-187500.02235174447,-187500.02235174447,-187500.02235174447
não,2351.3811649538475,-7967.212255860836,6544.434314302721,12202.264333041232,-187500.02235174447,-187500.02235174447,-187500.02235174447,-187500.02235174447
não,2625.7935316316525,-7903.263914974203,7115.700199091459,12155.12450398499,-187500.02235174447,-187500.02235174447,-187500.02235174447,-187500.02235174447
não,2553.4632865742788,-7878.2076094398035,7090.599190068149,12178.16915251841,-187500.02235174447,-187500.02235174447,-187500.02235174447,-187500.02235174447
não,2303.637838797312,-7925.034514073672,6577.760765285584,12249.38181035302,-187500.02235174447,-187500.02235174447,-187500.02235174447,-187500.02235174447
não,2317.831196526432,-7973.336633841591,6477.781412336995,12233.690885745393,-187500.02235174447,-187500.02235174447,-187500.02235174447,-187500.02235174447
não,2616.13757802696,-7907.734263865264,7049.3825732925625,12170.88248382598,-187500.02235174447,-187500.02235174447,-187500.02235174447,-187500.02235174447
não,2600.9830952862617,-7865.355356378002,7180.184981845019,12178.705594385337,-187500.02235174447,-187500.02235174447,-187500.02235174447,-187500.02235174447
não,2321.3851238948255,-7910.394121455446,6650.448638254242,12248.554795808173,-187500.02235174447,-187500.02235174447,-187500.02235174447,-187500.02235174447
não,2281.956646675664,-7972.3531570855575,6428.495815813043,12237.937717191902,-187500.02235174447,-187500.02235174447,-187500.02235174447,-187500.02235174447
não,2537.682954988832,-7942.0665433486165,6903.2245162993095,12164.378126189486,-187500.02235174447,-187500.02235174447,-187500.02235174447,-187500.02235174447
não,2622.5078251967225,-7871.435030869846,7183.113060368665,12175.1740187614,-187500.02235174447,-187500.02235174447,-187500.02235174447,-187500.02235174447
não,2357.282025490049,-7908.449519687834,6730.400828170876,12233.400313067474,-187500.02235174447,-187500.02235174447,-187500.02235174447,-187500.02235174447
não,2260.320158042927,-7961.5572645136435,6418.616344763797,12255.819112756148,-187500.02235174447,-187500.02235174447,-187500.02235174447,-187500.02235174447
não,2506.792844151598,-7939.09376133606,6824.367561860987,12201.772594663214,-187500.02235174447,-187500.02235174447,-187500.02235174447,-187500.02235174447
não,2622.9548600858284,-7886.522458377178,7167.7127084389585,12175.285777483676,-187500.02235174447,-187500.02235174447,-187500.02235174447,-187500.02235174447
não,2410.5462325270455,-7918.820729115097,6820.008971692201,12212.568487235128,-187500.02235174447,-187500.02235174447,-187500.02235174447,-187500.02235174447
não,2212.5544801419355,-7975.035366420194,6363.608701659286,12243.570356794638,-187500.02235174447,-187500.02235174447,-187500.02235174447,-187500.02235174447
não,2442.553930587045,-7953.845912676563,6746.650546389884,12195.84938238256,-187500.02235174447,-187500.02235174447,-187500.02235174447,-187500.02235174447
não,2655.2754825682027,-7875.234827427248,7214.09257818372,12185.656986910939,-187500.02235174447,-187500.02235174447,-187500.02235174447,-187500.02235174447
não,2441.302232897548,-7915.982057569273,6907.091368090078,12184.584103177083,-187500.02235174447,-187500.02235174447,-187500.02235174447,-187500.02235174447
não,2208.9782010290864,-7975.281235609203,6401.629018977764,12235.859004957558,-187500.02235174447,-187500.02235174447,-187500.02235174447,-187500.02235174447
não,2396.2858195645595,-7952.728325453798,6596.692692839229,12215.541269247684,-187500.02235174447,-187500.02235174447,-187500.02235174447,-187500.02235174447
não,2620.8984995959404,-7910.684694133365,7108.5476408657605,12152.934033028369,-187500.02235174447,-187500.02235174447,-187500.02235174447,-187500.02235174447
não,2456.635529593889,-7936.47860723479,6965.988214729812,12146.943765514347,-187500.02235174447,-187500.02235174447,-187500.02235174447,-187500.02235174447
não,2217.7400848555667,-7965.647633748965,6450.780505034984,12218.357589049052,-187500.02235174447,-187500.02235174447,-187500.02235174447,-187500.02235174447
não,2307.214117910161,-7984.534857813699,6477.557894892442,12199.470364984318,-187500.02235174447,-187500.02235174447,-187500.02235174447,-187500.02235174447
não,2601.4077784309125,-7915.356208724525,7065.632291511571,12151.682335338872,-187500.02235174447,-187500.02235174447,-187500.02235174447,-187500.02235174447
não,2538.107638133483,-7890.545772379133,7088.4757743448945,12192.407213736442,-187500.02235174447,-187500.02235174447,-187500.02235174447,-187500.02235174447
não,2235.44266646417,-7963.85949419254,6530.240956573601,12212.568487235128,-187500.02235174447,-187500.02235174447,-187500.02235174447,-187500.02235174447
não,2237.0072885760414,-7996.4259858639225,6379.903123367206,12191.401385235953,-187500.02235174447,-187500.02235174447,-187500.02235174447,-187500.02235174447
não,2558.8053534990972,-7941.932432881884,6984.271941694253,12151.727038827783,-187500.02235174447,-187500.02235174447,-187500.02235174447,-187500.02235174447
não,2562.3145773785805,-7898.793566083142,7138.655440647059,12176.60453040654,-187500.02235174447,-187500.02235174447,-187500.02235174447,-187500.02235174447
não,2313.6514203132892,-7931.047133332149,6652.773219677594,12246.163159151454,-187500.02235174447,-187500.02235174447,-187500.02235174447,-187500.02235174447
não,2214.1414539982625,-8002.595067333587,6347.761314840474,12224.951353663368,-187500.02235174447,-187500.02235174447,-187500.02235174447,-187500.02235174447
não,2493.1806317783157,-7956.14814235546,6861.225588467788,12149.469512637796,-187500.02235174447,-187500.02235174447,-187500.02235174447,-187500.02235174447
não,2572.3952141279237,-7911.288191233658,7160.962481613456,12132.817463018593,-187500.02235174447,-187500.02235174447,-187500.02235174447,-187500.02235174447
não,2328.403571653792,-7933.885804877974,6739.09565676399,12229.689923487893,-187500.02235174447,-187500.02235174447,-187500.02235174447,-187500.02235174447
não,2213.403846431237,-7985.026596191717,6400.198507332624,12256.087333689611,-187500.02235174447,-187500.02235174447,-187500.02235174447,-187500.02235174447
não,2483.2788089846144,-7937.439732246367,6847.255748183221,12228.840557198591,-187500.02235174447,-187500.02235174447,-187500.02235174447,-187500.02235174447
não,2605.9228308108845,-7919.9383163378625,7191.204391861486,12193.480097470296,-187500.02235174447,-187500.02235174447,-187500.02235174447,-187500.02235174447
não,2343.4239439277585,-7957.0422121336715,6792.605732989995,12210.55683023415,-187500.02235174447,-187500.02235174447,-187500.02235174447,-187500.02235174447
não,2162.6206830287797,-7978.924569955418,6326.661268074664,12234.406141567963,-187500.02235174447,-187500.02235174447,-187500.02235174447,-187500.02235174447
não,2419.0845989089726,-7963.635976747987,6671.347519319955,12222.135033862,-187500.02235174447,-187500.02235174447,-187500.02235174447,-187500.02235174447
não,2599.8655080634962,-7924.252203017736,7142.231719759909,12169.36256520302,-187500.02235174447,-187500.02235174447,-187500.02235174447,-187500.02235174447
não,2435.0660961945173,-7931.672982176899,6941.937737695902,12209.41689126693,-187500.02235174447,-187500.02235174447,-187500.02235174447,-187500.02235174447
não,2194.762491555511,-7982.456145579356,6414.7941964619395,12241.893975960491,-187500.02235174447,-187500.02235174447,-187500.02235174447,-187500.02235174447
não,2349.8388945864317,-7983.350215357568,6575.9726257291595,12213.864888413536,-187500.02235174447,-187500.02235174447,-187500.02235174447,-187500.02235174447
não,2604.8275953325747,-7926.643839674454,7147.998469829377,12174.54816991665,-187500.02235174447,-187500.02235174447,-187500.02235174447,-187500.02235174447
não,2495.706378901765,-7915.780891869175,7044.5098930013055,12206.488812743284,-187500.02235174447,-187500.02235174447,-187500.02235174447,-187500.02235174447
não,2238.773076388011,-7967.994566916772,6501.295447503978,12260.222406413843,-187500.02235174447,-187500.02235174447,-187500.02235174447,-187500.02235174447
não,2282.2248676091276,-8018.2636401967575,6459.3412231613665,12214.691902958382,-187500.02235174447,-187500.02235174447,-187500.02235174447,-187500.02235174447
não,2567.455478603301,-7952.683621964887,7043.839340667647,12182.572446176106,-187500.02235174447,-187500.02235174447,-187500.02235174447,-187500.02235174447
não,2533.838454942519,-7911.80228135613,7100.635123328581,12215.004827380757,-187500.02235174447,-187500.02235174447,-187500.02235174447,-187500.02235174447
não,2274.7593849610553,-7949.263805063225,6593.384634659843,12252.533406321218,-187500.02235174447,-187500.02235174447,-187500.02235174447,-187500.02235174447
não,2270.1549256032617,-8000.538706843699,6435.760132761018,12257.383734868019,-187500.02235174447,-187500.02235174447,-187500.02235174447,-187500.02235174447
não,2551.4739813177566,-7974.565979786633,6982.506153882284,12189.948521846358,-187500.02235174447,-187500.02235174447,-187500.02235174447,-187500.02235174447
não,2570.65177806041,-7922.776987883686,7154.36871699914,12204.521859231218,-187500.02235174447,-187500.02235174447,-187500.02235174447,-187500.02235174447
não,2314.925469747242,-7957.980985400794,6712.9217640068255,12259.171874424443,-187500.02235174447,-187500.02235174447,-187500.02235174447,-187500.02235174447
não,2220.53405291248,-8012.675704082931,6390.699015939119,12264.916272749457,-187500.02235174447,-187500.02235174447,-187500.02235174447,-187500.02235174447
não,2509.2291842972263,-7976.689395509887,6875.910684574925,12216.412987281441,-187500.02235174447,-187500.02235174447,-187500.02235174447,-187500.02235174447
não,2594.009351016206,-7924.0510373176385,7171.668967207547,12201.929056874402,-187500.02235174447,-187500.02235174447,-187500.02235174447,-187500.02235174447
não,2362.244112759127,-7940.680735192387,6797.500765025708,12260.870607003048,-187500.02235174447,-187500.02235174447,-187500.02235174447,-187500.02235174447
não,2214.700247609645,-7988.111136926549,6401.830184677861,12304.165936012976,-187500.02235174447,-187500.02235174447,-187500.02235174447,-187500.02235174447
não,2463.0057767636513,-7974.968311186828,6796.539640014129,12234.652010756972,-187500.02235174447,-187500.02235174447,-187500.02235174447,-187500.02235174447
não,2594.5010893942226,-7937.640897946465,7179.536781255816,12193.167173047921,-187500.02235174447,-187500.02235174447,-187500.02235174447,-187500.02235174447
não,2396.2858195645595,-7953.801209187653,6887.4888882027735,12245.313792862153,-187500.02235174447,-187500.02235174447,-187500.02235174447,-187500.02235174447
não,2218.5223959115024,-7996.023654463727,6447.785371277973,12294.53233415274,-187500.02235174447,-187500.02235174447,-187500.02235174447,-187500.02235174447
não,2400.9349824112633,-7994.01199746275,6687.820754983516,12252.131074921022,-187500.02235174447,-187500.02235174447,-187500.02235174447,-187500.02235174447
não,2620.160892028915,-7933.9081566224295,7180.319092311752,12206.019426109724,-187500.02235174447,-187500.02235174447,-187500.02235174447,-187500.02235174447
não,2456.970805760718,-7928.14140655296,6988.496421396306,12238.09417940309,-187500.02235174447,-187500.02235174447,-187500.02235174447,-187500.02235174447
não,2208.128834739785,-7987.574695059621,6447.874778255794,12295.29229346422,-187500.02235174447,-187500.02235174447,-187500.02235174447,-187500.02235174447
não,2351.6270341428562,-8001.67864581092,6573.826858261449,12267.553778595184,-187500.02235174447,-187500.02235174447,-187500.02235174447,-187500.02235174447
não,2594.5457928831333,-7946.805113173141,7107.653571087548,12195.625864938005,-187500.02235174447,-187500.02235174447,-187500.02235174447,-187500.02235174447
não,2493.49355620069,-7929.482511220278,7046.29803255773,12222.51501351774,-187500.02235174447,-187500.02235174447,-187500.02235174447,-187500.02235174447
não,2252.2958817834715,-7973.984834430795,6546.177750370235,12302.646017390016,-187500.02235174447,-187500.02235174447,-187500.02235174447,-187500.02235174447
não,2300.240373640105,-8015.804948306674,6503.865898116338,12280.42838340144,-187500.02235174447,-187500.02235174447,-187500.02235174447,-187500.02235174447
não,2584.6663218338877,-7956.706935966842,7067.956872934923,12212.27791455721,-187500.02235174447,-187500.02235174447,-187500.02235174447,-187500.02235174447
não,2548.434144071835,-7924.006333828728,7128.686562619992,12218.55875474915,-187500.02235174447,-187500.02235174447,-187500.02235174447,-187500.02235174447
não,2289.667998512745,-7965.915854682429,6626.532271687063,12270.86183677457,-187500.02235174447,-187500.02235174447,-187500.02235174447,-187500.02235174447
não,2258.375556275315,-8015.3802651620235,6425.500682056032,12266.257377416776,-187500.02235174447,-187500.02235174447,-187500.02235174447,-187500.02235174447
não,2547.36126033798,-7969.827409962108,6974.370118900552,12197.861039383537,-187500.02235174447,-187500.02235174447,-187500.02235174447,-187500.02235174447
não,2578.5419438531335,-7921.0559035606275,7174.306473053274,12196.631693438494,-187500.02235174447,-187500.02235174447,-187500.02235174447,-187500.02235174447
não,2330.236414699127,-7957.019860389217,6729.842034559493,12252.868682488046,-187500.02235174447,-187500.02235174447,-187500.02235174447,-187500.02235174447
não,2227.954832071642,-8016.989590762805,6400.287914310446,12268.71606930686,-187500.02235174447,-187500.02235174447,-187500.02235174447,-187500.02235174447
não,2504.9376493618074,-7987.574695059621,6878.481135187285,12205.326522031608,-187500.02235174447,-187500.02235174447,-187500.02235174447,-187500.02235174447
não,2603.3747319429795,-7925.727418151787,7198.133432642631,12197.503411472251,-187500.02235174447,-187500.02235174447,-187500.02235174447,-187500.02235174447
não,2375.4092902433026,-7947.073334106605,6829.508463085707,12238.787083481204,-187500.02235174447,-187500.02235174447,-187500.02235174447,-187500.02235174447
não,2202.3620846703157,-8005.165517945948,6391.347216528323,12262.815208770659,-187500.02235174447,-187500.02235174447,-187500.02235174447,-187500.02235174447
não,2440.7434392861655,-7990.882753239007,6761.469752963752,12211.94263839038,-187500.02235174447,-187500.02235174447,-187500.02235174447,-187500.02235174447
não,2606.6604383779095,-7926.912060607918,7195.697092497003,12190.88729511348,-187500.02235174447,-187500.02235174447,-187500.02235174447,-187500.02235174447
não,2414.9048226958303,-7931.047133332149,6923.743417709282,12232.640353755995,-187500.02235174447,-187500.02235174447,-187500.02235174447,-187500.02235174447
não,2188.369892641293,-7992.000340461772,6418.124606385781,12270.280691418731,-187500.02235174447,-187500.02235174447,-187500.02235174447,-187500.02235174447
não,2372.615322186389,-7997.454166108867,6650.515693487608,12217.195298337378,-187500.02235174447,-187500.02235174447,-187500.02235174447,-187500.02235174447
não,2591.818880059586,-7936.277441534691,7164.695222937492,12171.88831232647,-187500.02235174447,-187500.02235174447,-187500.02235174447,-187500.02235174447
não,2452.34399465847,-7927.917889108407,7007.942439072423,12211.674417456916,-187500.02235174447,-187500.02235174447,-187500.02235174447,-187500.02235174447
não,2203.5243753819914,-7978.097555410571,6477.870819314817,12263.03872621521,-187500.02235174447,-187500.02235174447,-187500.02235174447,-187500.02235174447
não,2318.144120948806,-7998.5941050760875,6558.113581909369,12231.500414788774,-187500.02235174447,-187500.02235174447,-187500.02235174447,-187500.02235174447
não,2585.493336378734,-7934.288136278169,7117.421283414517,12176.917454828914,-187500.02235174447,-187500.02235174447,-187500.02235174447,-187500.02235174447
não,2499.68498941481,-7913.635124401466,7085.905323732534,12208.344007533075,-187500.02235174447,-187500.02235174447,-187500.02235174447,-187500.02235174447
não,2239.957718844142,-7958.204502845348,6577.581951329941,12262.792857026203,-187500.02235174447,-187500.02235174447,-187500.02235174447,-187500.02235174447
não,2261.884780154798,-7994.995474218783,6497.629761413308,12236.75307473577,-187500.02235174447,-187500.02235174447,-187500.02235174447,-187500.02235174447
não,2531.3127078190696,-7950.4037440304455,7018.96184908889,12186.908684600436,-187500.02235174447,-187500.02235174447,-187500.02235174447,-187500.02235174447
não,2522.394361781402,-7905.834365586564,7129.5582806537495,12198.643350439472,-187500.02235174447,-187500.02235174447,-187500.02235174447,-187500.02235174447
não,2263.0247191220187,-7935.539833967667,6645.307737029521,12260.356516880574,-187500.02235174447,-187500.02235174447,-187500.02235174447,-187500.02235174447
não,2214.0967505093518,-7986.345349114579,6415.688266240152,12256.422609856441,-187500.02235174447,-187500.02235174447,-187500.02235174447,-187500.02235174447
não,2510.4138267533576,-7946.358078284035,6957.740421025804,12197.570466705618,-187500.02235174447,-187500.02235174447,-187500.02235174447,-187500.02235174447
não,2558.3359668655357,-7903.04039752965,7178.329787055229,12199.693882428872,-187500.02235174447,-187500.02235174447,-187500.02235174447,-187500.02235174447
não,2313.5396615910126,-7934.5563572116325,6747.365802212454,12245.04557192869,-187500.02235174447,-187500.02235174447,-187500.02235174447,-187500.02235174447
não,2187.8781542632764,-7983.283160124202,6392.733024684551,12269.923063507445,-187500.02235174447,-187500.02235174447,-187500.02235174447,-187500.02235174447
não,2456.5461226160674,-7953.24241557627,6850.1614749624105,12200.342083018075,-187500.02235174447,-187500.02235174447,-187500.02235174447,-187500.02235174447
não,2568.1707344258707,-7893.451499158324,7192.366682573162,12194.620036437516,-187500.02235174447,-187500.02235174447,-187500.02235174447,-187500.02235174447
não,2352.3199382209705,-7907.689560376354,6842.517178358696,12249.940603964402,-187500.02235174447,-187500.02235174447,-187500.02235174447,-187500.02235174447
não,2175.5176395794915,-7970.117982640027,6396.152841586214,12278.19320895591,-187500.02235174447,-187500.02235174447,-187500.02235174447,-187500.02235174447
não,2406.366456313903,-7961.445505791367,6737.821607330037,12220.726873961316,-187500.02235174447,-187500.02235174447,-187500.02235174447,-187500.02235174447
não,2579.36895839798,-7900.246429472737,7181.637845234614,12185.142896788466,-187500.02235174447,-187500.02235174447,-187500.02235174447,-187500.02235174447
não,2405.137110368861,-7901.833403329063,6936.506263793262,12234.495548545785,-187500.02235174447,-187500.02235174447,-187500.02235174447,-187500.02235174447
não,2180.546782081936,-7955.321127810613,6427.892318712749,12284.876380548047,-187500.02235174447,-187500.02235174447,-187500.02235174447,-187500.02235174447
não,2346.0838015179397,-7968.665119250431,6625.369980975388,12239.591746281594,-187500.02235174447,-187500.02235174447,-187500.02235174447,-187500.02235174447
não,2579.100737464516,-7904.85088883053,7151.12771405312,12182.88537059848,-187500.02235174447,-187500.02235174447,-187500.02235174447,-187500.02235174447
não,2450.399392890858,-7893.496202647234,7021.778168890259,12217.262353570743,-187500.02235174447,-187500.02235174447,-187500.02235174447,-187500.02235174447
não,2192.3932066432485,-7946.514540495222,6487.61617989733,12276.114496721566,-187500.02235174447,-187500.02235174447,-187500.02235174447,-187500.02235174447
não,2281.9789984201193,-7976.756450743253,6528.184596083713,12244.240909128299,-187500.02235174447,-187500.02235174447,-187500.02235174447,-187500.02235174447
não,2556.2796063756477,-7915.42326395789,7094.3989866255515,12187.93686484538,-187500.02235174447,-187500.02235174447,-187500.02235174447,-187500.02235174447
não,2488.8667450984412,-7884.175525209371,7088.185201666975,12209.50629824475,-187500.02235174447,-187500.02235174447,-187500.02235174447,-187500.02235174447
não,2226.479616937592,-7933.215252544314,6565.914340724271,12270.012470485268,-187500.02235174447,-187500.02235174447,-187500.02235174447,-187500.02235174447
não,2239.7118496551334,-7975.080069909105,6452.076906213392,12259.440095357908,-187500.02235174447,-187500.02235174447,-187500.02235174447,-187500.02235174447
não,2535.4701322877568,-7924.676886162387,7016.5702124321715,12192.65308292545,-187500.02235174447,-187500.02235174447,-187500.02235174447,-187500.02235174447
não,2525.367143793958,-7886.745975821731,7136.107341779154,12194.061242826134,-187500.02235174447,-187500.02235174447,-187500.02235174447,-187500.02235174447
não,2265.215190078639,-7925.705066407331,6659.635205225373,12253.38277261052,-187500.02235174447,-187500.02235174447,-187500.02235174447,-187500.02235174447
não,2202.831471303877,-7974.72244199782,6401.070225366381,12263.306947148676,-187500.02235174447,-187500.02235174447,-187500.02235174447,-187500.02235174447
não,2498.1203673029386,-7941.977136370795,6926.872661933025,12191.84842012506,-187500.02235174447,-187500.02235174447,-187500.02235174447,-187500.02235174447
não,2568.260141403692,-7882.879124030963,7201.955580944488,12188.450954967851,-187500.02235174447,-187500.02235174447,-187500.02235174447,-187500.02235174447
não,2296.395873593792,-7911.578763911577,6737.8663108189485,12246.923118462935,-187500.02235174447,-187500.02235174447,-187500.02235174447,-187500.02235174447
não,2164.609988285302,-7971.05675590715,6360.92649232465,12269.073697218144,-187500.02235174447,-187500.02235174447,-187500.02235174447,-187500.02235174447
não,2433.8367502494752,-7950.783723686186,6804.116881384478,12207.338179032586,-187500.02235174447,-187500.02235174447,-187500.02235174447,-187500.02235174447
não,2565.9355599803403,-7891.596304368532,7171.065470107254,12193.927132359402,-187500.02235174447,-187500.02235174447,-187500.02235174447,-187500.02235174447
não,2355.069202788973,-7903.37567369648,6845.02057373769,12246.319621362642,-187500.02235174447,-187500.02235174447,-187500.02235174447,-187500.02235174447
não,2154.8869794472434,-7961.691374980376,6375.231608776046,12270.973595496846,-187500.02235174447,-187500.02235174447,-187500.02235174447,-187500.02235174447
não,2377.6891681777442,-7955.589348744077,6688.871286972915,12204.99124586478,-187500.02235174447,-187500.02235174447,-187500.02235174447,-187500.02235174447
não,2578.139612452938,-7890.948103779328,7166.840990405201,12175.621053650506,-187500.02235174447,-187500.02235174447,-187500.02235174447,-187500.02235174447
não,2406.4111598028135,-7892.870353802486,6942.630641774016,12223.1855658514,-187500.02235174447,-187500.02235174447,-187500.02235174447,-187500.02235174447
não,2166.487534819548,-7953.331822554091,6426.819434978895,12283.1999997139,-187500.02235174447,-187500.02235174447,-187500.02235174447,-187500.02235174447
não,2319.082894215929,-7962.160761613937,6591.0600532364915,12228.840557198591,-187500.02235174447,-187500.02235174447,-187500.02235174447,-187500.02235174447
não,2563.230998901248,-7898.145365493938,7120.327010193707,12174.682280383382,-187500.02235174447,-187500.02235174447,-187500.02235174447,-187500.02235174447
não,2447.6724800673105,-7887.930618277863,7010.356427473596,12207.204068565854,-187500.02235174447,-187500.02235174447,-187500.02235174447,-187500.02235174447
não,2189.219258930595,-7942.200653815348,6482.452926928155,12257.18256916792,-187500.02235174447,-187500.02235174447,-187500.02235174447,-187500.02235174447
não,2265.2598935675496,-7973.448392563867,6491.103052032358,12233.534423534205,-187500.02235174447,-187500.02235174447,-187500.02235174447,-187500.02235174447
não,2545.88604520393,-7919.156005281927,7063.240654854853,12183.913550843425,-187500.02235174447,-187500.02235174447,-187500.02235174447,-187500.02235174447
não,2492.2865620001035,-7886.8353827995525,7084.743033020858,12215.295400058676,-187500.02235174447,-187500.02235174447,-187500.02235174447,-187500.02235174447
não,2231.7769803734996,-7925.816825129608,6574.184486172734,12273.253473431287,-187500.02235174447,-187500.02235174447,-187500.02235174447,-187500.02235174447
não,2229.117122783318,-7967.636939005487,6423.846652966339,12265.452714616385,-187500.02235174447,-187500.02235174447,-187500.02235174447,-187500.02235174447
não,2521.0309053696283,-7920.608868671521,6985.009549261278,12194.195353292866,-187500.02235174447,-187500.02235174447,-187500.02235174447,-187500.02235174447
não,2523.981335637729,-7883.862600786996,7136.822597601724,12193.435393981385,-187500.02235174447,-187500.02235174447,-187500.02235174447,-187500.02235174447
não,2265.3269488009155,-7919.312467493113,6667.614777995918,12250.834673742615,-187500.02235174447,-187500.02235174447,-187500.02235174447,-187500.02235174447
não,2186.358235640316,-7971.5931977740765,6375.633940176242,12258.121342435044,-187500.02235174447,-187500.02235174447,-187500.02235174447,-187500.02235174447
não,2480.5071926721566,-7940.613679959021,6877.02827179769,12189.0768038126,-187500.02235174447,-187500.02235174447,-187500.02235174447,-187500.02235174447
não,2556.391365097924,-7887.0141967551945,7147.84200761819,12195.827030638104,-187500.02235174447,-187500.02235174447,-187500.02235174447,-187500.02235174447
não,2319.1946529382053,-7902.70512136282,6756.418258716853,12255.796761011692,-187500.02235174447,-187500.02235174447,-187500.02235174447,-187500.02235174447
não,2162.8442004733324,-7967.346366327569,6356.456143433588,12276.919159521958,-187500.02235174447,-187500.02235174447,-187500.02235174447,-187500.02235174447
não,2423.398485588847,-7950.068467863616,6773.986729858724,12228.147653120477,-187500.02235174447,-187500.02235174447,-187500.02235174447,-187500.02235174447
não,2568.550714081611,-7884.711967076299,7167.8915223946005,12197.145783560967,-187500.02235174447,-187500.02235174447,-187500.02235174447,-187500.02235174447
não,2364.0099005710963,-7896.021949770684,6861.471457656796,12233.154443878466,-187500.02235174447,-187500.02235174447,-187500.02235174447,-187500.02235174447
não,2149.544912522425,-7958.0927441230715,6374.918684353672,12263.128133193033,-187500.02235174447,-187500.02235174447,-187500.02235174447,-187500.02235174447
não,2354.398650455314,-7958.360965056535,6656.416554023809,12221.777405950716,-187500.02235174447,-187500.02235174447,-187500.02235174447,-187500.02235174447
não,2562.940426223329,-7893.764423580697,7141.8293883597125,12195.84938238256,-187500.02235174447,-187500.02235174447,-187500.02235174447,-187500.02235174447
não,2410.725046482688,-7887.617693855488,6953.158313412466,12241.55869979366,-187500.02235174447,-187500.02235174447,-187500.02235174447,-187500.02235174447
não,2169.1026889208188,-7945.039325361172,6437.3694583618,12277.545008366706,-187500.02235174447,-187500.02235174447,-187500.02235174447,-187500.02235174447
não,2299.5921730509012,-7963.054831392149,6554.380840585332,12233.355609578564,-187500.02235174447,-187500.02235174447,-187500.02235174447,-187500.02235174447
não,2553.7985627411085,-7900.224077728281,7097.841155271668,12180.873713597503,-187500.02235174447,-187500.02235174447,-187500.02235174447,-187500.02235174447
não,2452.053421980551,-7883.259103686703,7021.822872379169,12207.964027877335,-187500.02235174447,-187500.02235174447,-187500.02235174447,-187500.02235174447
não,2190.4039013867264,-7934.131674066982,6495.014607312037,12264.80451402718,-187500.02235174447,-187500.02235174447,-187500.02235174447,-187500.02235174447
não,2251.0665358384294,-7971.5931977740765,6464.929159275193,12238.89884220348,-187500.02235174447,-187500.02235174447,-187500.02235174447,-187500.02235174447
não,2540.029888156639,-7915.669133146898,7041.380648777563,12183.868847354513,-187500.02235174447,-187500.02235174447,-187500.02235174447,-187500.02235174447
não,2500.6684661708437,-7881.292150174636,7092.275570902297,12204.119527831022,-187500.02235174447,-187500.02235174447,-187500.02235174447,-187500.02235174447
$SILENCE,2237.834303120888,-7922.888746605962,6586.343835156422,12264.201016926887,-187500.02235174447,-187500.02235174447,-187500.02235174447,-187500.02235174447
$SILENCE,2218.0083057890306,-7970.8332384625965,6399.907934654705,12273.722860064849,-187500.02235174447,-187500.02235174447,-187500.02235174447,-187500.02235174447
$SILENCE,2513.1407395769047,-7924.90040360694,6952.107781423067,12197.905742872446,-187500.02235174447,-187500.02235174447,-187500.02235174447,-187500.02235174447
$SILENCE,2536.2077398547817,-7878.632292584454,7134.900347578568,12190.686129413383,-187500.02235174447,-187500.02235174447,-187500.02235174447,-187500.02235174447
$SILENCE,2283.141289131795,-7910.32706622208,6687.776051494605,12248.823016741637,-187500.02235174447,-187500.02235174447,-187500.02235174447,-187500.02235174447
$SILENCE,2183.8548402613214,-7965.692337237876,6372.16941978567,12264.156313437978,-187500.02235174447,-187500.02235174447,-187500.02235174447,-187500.02235174447
$SILENCE,2461.6423203518775,-7937.3726770130015,6853.424829652886,12191.803716636148,-187500.02235174447,-187500.02235174447,-187500.02235174447,-187500.02235174447
$SILENCE,2551.9880714402284,-7883.057937986606,7154.547530954783,12178.638539151973,-187500.02235174447,-187500.02235174447,-187500.02235174447,-187500.02235174447
$SILENCE,2328.470626887158,-7899.41941492789,6781.742785184716,12237.155406135966,-187500.02235174447,-187500.02235174447,-187500.02235174447,-187500.02235174447
$SILENCE,2165.57111329688,-7957.601005745055,6362.4911144365215,12278.95316826739,-187500.02235174447,-187500.02235174447,-187500.02235174447,-187500.02235174447
$SILENCE,2413.3178488395038,-7945.419305016912,6745.667069633851,12222.336199562098,-187500.02235174447,-187500.02235174447,-187500.02235174447,-187500.02235174447
$SILENCE,2572.037586216639,-7884.488449631745,7165.5445892267935,12186.975739833802,-187500.02235174447,-187500.02235174447,-187500.02235174447,-187500.02235174447
$SILENCE,2384.5735054699785,-7893.697368347332,6886.416004468919,12231.008676410756,-187500.02235174447,-187500.02235174447,-187500.02235174447,-187500.02235174447
$SILENCE,2166.8451627308327,-7949.956709141339,6389.000283360516,12271.420630385952,-187500.02235174447,-187500.02235174447,-187500.02235174447,-187500.02235174447
$SILENCE,2351.917606820775,-7953.28711906518,6626.711085642706,12217.977609393312,-187500.02235174447,-187500.02235174447,-187500.02235174447,-187500.02235174447
$SILENCE,2568.1483826814156,-7893.8761823029745,7130.117074265132,12176.64923389545,-187500.02235174447,-187500.02235174447,-187500.02235174447,-187500.02235174447
$SILENCE,2426.4830263236795,-7887.729452577764,6963.149543183988,12217.240001826287,-187500.02235174447,-187500.02235174447,-187500.02235174447,-187500.02235174447
$SILENCE,2185.285351906461,-7938.982002613784,6439.537577573965,12279.400203156496,-187500.02235174447,-187500.02235174447,-187500.02235174447,-187500.02235174447
$SILENCE,2310.142196433806,-7967.301662838658,6532.096151363391,12229.980496165812,-187500.02235174447,-187500.02235174447,-187500.02235174447,-187500.02235174447
$SILENCE,2577.446708374823,-7908.2036504988255,7089.325140634196,12171.620091393006,-187500.02235174447,-187500.02235174447,-187500.02235174447,-187500.02235174447
$SILENCE,2499.0591405700616,-7886.924789777374,7046.767419191292,12203.627789453005,-187500.02235174447,-187500.02235174447,-187500.02235174447,-187500.02235174447
$SILENCE,2235.465018208625,-7940.256052047736,6518.930973879215,12251.773447009737,-187500.02235174447,-187500.02235174447,-187500.02235174447,-187500.02235174447
$SILENCE,2274.245294838583,-7975.035366420194,6450.825208523895,12232.170967122433,-187500.02235174447,-187500.02235174447,-187500.02235174447,-187500.02235174447
$SILENCE,2558.201856398804,-7910.707045877821,7021.7334654013475,12180.113754286022,-187500.02235174447,-187500.02235174447,-187500.02235174447,-187500.02235174447
$SILENCE,2525.4789025162345,-7876.777097794664,7104.457271630439,12206.801737165659,-187500.02235174447,-187500.02235174447,-187500.02235174447,-187500.02235174447
$SILENCE,2258.35320453086,-7915.915002335907,6615.7140273706955,12264.871569260547,-187500.02235174447,-187500.02235174447,-187500.02235174447,-187500.02235174447
$SILENCE,2219.0588377784297,-7966.966386671828,6404.467690523588,12266.346784394596,-187500.02235174447,-187500.02235174447,-187500.02235174447,-187500.02235174447
$SILENCE,2511.8443383984973,-7924.90040360694,6939.054362661167,12204.186583064387,-187500.02235174447,-187500.02235174447,-187500.02235174447,-187500.02235174447
$SILENCE,2551.518684806667,-7875.234827427248,7142.321126737729,12189.434431723885,-187500.02235174447,-187500.02235174447,-187500.02235174447,-187500.02235174447
$SILENCE,2300.016856195552,-7910.8411563445525,6703.154051679856,12237.75890323626,-187500.02235174447,-187500.02235174447,-187500.02235174447,-187500.02235174447
$SILENCE,2189.7557007975224,-7962.00429940275,6365.419192960167,12258.166045923954,-187500.02235174447,-187500.02235174447,-187500.02235174447,-187500.02235174447
$SILENCE,2471.3876809343915,-7933.192900799859,6832.503596842718,12195.84938238256,-187500.02235174447,-187500.02235174447,-187500.02235174447,-187500.02235174447
$SILENCE,2575.3679961404796,-7881.515667619189,7155.575711199726,12167.417963435408,-187500.02235174447,-187500.02235174447,-187500.02235174447,-187500.02235174447
$SILENCE,2356.857342345398,-7902.950990551829,6805.882669196448,12224.146690862977,-187500.02235174447,-187500.02235174447,-187500.02235174447,-187500.02235174447
$SILENCE,2179.205677414617,-7961.669023235921,6368.369623228267,12258.501322090784,-187500.02235174447,-187500.02235174447,-187500.02235174447,-187500.02235174447
$SILENCE,2421.722104754699,-7945.978098628295,6729.66322060385,12209.841574411581,-187500.02235174447,-187500.02235174447,-187500.02235174447,-187500.02235174447
$SILENCE,2595.909249294907,-7885.18135370986,7171.713670696458,12187.243960767266,-187500.02235174447,-187500.02235174447,-187500.02235174447,-187500.02235174447
$SILENCE,2402.6113632454117,-7896.558391637611,6898.485946474785,12226.091292630588,-187500.02235174447,-187500.02235174447,-187500.02235174447,-187500.02235174447
$SILENCE,2177.216372158095,-7958.226854589803,6389.156745571702,12265.720935549849,-187500.02235174447,-187500.02235174447,-187500.02235174447,-187500.02235174447
$SILENCE,2363.406403470803,-7954.851741177052,6609.522594156575,12219.050493127168,-187500.02235174447,-187500.02235174447,-187500.02235174447,-187500.02235174447
$SILENCE,2595.7304353392647,-7891.5292491351665,7133.626298144615,12174.615225150017,-187500.02235174447,-187500.02235174447,-187500.02235174447,-187500.02235174447
$SILENCE,2458.4236691503133,-7888.2435427002365,6992.229162720342,12212.680245957405,-187500.02235174447,-187500.02235174447,-187500.02235174447,-187500.02235174447
$SILENCE,2195.43304388917,-7939.04905784715,6458.335394660878,12258.322508135141,-187500.02235174447,-187500.02235174447,-187500.02235174447,-187500.02235174447
$SILENCE,2301.4697195851472,-7966.228779104803,6513.298334276478,12229.667571743437,-187500.02235174447,-187500.02235174447,-187500.02235174447,-187500.02235174447
$SILENCE,2580.911228765396,-7905.566144653099,7078.596303295649,12172.380050704485,-187500.02235174447,-187500.02235174447,-187500.02235174447,-187500.02235174447
$SILENCE,2501.6966464157877,-7885.740147321242,7056.289262329253,12193.949484103858,-187500.02235174447,-187500.02235174447,-187500.02235174447,-187500.02235174447
$SILENCE,2241.477637467103,-7930.555394954133,6544.166093369257,12260.222406413843,-187500.02235174447,-187500.02235174447,-187500.02235174447,-187500.02235174447
$SILENCE,2270.7807744480106,-7966.474648293812,6453.127438202791,12257.048458701189,-187500.02235174447,-187500.02235174447,-187500.02235174447,-187500.02235174447
$SILENCE,2561.196990155815,-7916.071464547094,7014.491500197828,12186.059318311134,-187500.02235174447,-187500.02235174447,-187500.02235174447,-187500.02235174447
$SILENCE,2543.7626294806755,-7880.867467029985,7117.8236148147125,12195.000016093258,-187500.02235174447,-187500.02235174447,-187500.02235174447,-187500.02235174447
$SILENCE,2280.0120449080523,-7918.418397714901,6631.628469422873,12244.37501959503,-187500.02235174447,-187500.02235174447,-187500.02235174447,-187500.02235174447
$SILENCE,2225.3620297148263,-7976.488229809789,6382.920608868672,12243.972688194835,-187500.02235174447,-187500.02235174447,-187500.02235174447,-187500.02235174447
$SILENCE,2528.6975537177987,-7927.649668174943,6914.1992228268655,12187.400422978453,-187500.02235174447,-187500.02235174447,-187500.02235174447,-187500.02235174447
$SILENCE,2582.095871221527,-7877.93938850634,7153.832275132213,12183.131239787488,-187500.02235174447,-187500.02235174447,-187500.02235174447,-187500.02235174447
$SILENCE,2339.8476648149094,-7908.427167943379,6739.833264331015,12246.252566129277,-187500.02235174447,-187500.02235174447,-187500.02235174447,-187500.02235174447
$SILENCE,2209.5593463849245,-7961.28904358018,6370.448335462611,12262.18935992591,-187500.02235174447,-187500.02235174447,-187500.02235174447,-187500.02235174447
$SILENCE,2476.595637392478,-7942.826502660097,6812.1188058994785,12194.217705037321,-187500.02235174447,-187500.02235174447,-187500.02235174447,-187500.02235174447
$SILENCE,2600.3795981859685,-7891.328083435069,7167.668004950047,12175.844571095058,-187500.02235174447,-187500.02235174447,-187500.02235174447,-187500.02235174447
$SILENCE,2389.848517161431,-7906.504917920222,6829.508463085707,12230.271068843731,-187500.02235174447,-187500.02235174447,-187500.02235174447,-187500.02235174447
$SILENCE,2200.9762765140863,-7962.160761613937,6371.208294774091,12273.722860064849,-187500.02235174447,-187500.02235174447,-187500.02235174447,-187500.02235174447
$SILENCE,2427.1535786573386,-7948.749714940753,6709.367836638432,12219.318714060631,-187500.02235174447,-187500.02235174447,-187500.02235174447,-187500.02235174447
$SILENCE,2626.911118854418,-7890.143440978938,7197.37347333115,12182.237170009277,-187500.02235174447,-187500.02235174447,-187500.02235174447,-187500.02235174447
$SILENCE,2441.279881153093,-7891.708063090809,6936.685077748904,12225.912478674947,-187500.02235174447,-187500.02235174447,-187500.02235174447,-187500.02235174447
$SILENCE,2219.3270587118936,-7946.671002706409,6433.971993204594,12266.726764050338,-187500.02235174447,-187500.02235174447,-187500.02235174447,-187500.02235174447
$SILENCE,2362.9370168372416,-7962.451334291856,6598.503184140109,12224.481967029807,-187500.02235174447,-187500.02235174447,-187500.02235174447,-187500.02235174447
$SILENCE,2596.4009876729237,-7902.950990551829,7109.821690299713,12175.844571095058,-187500.02235174447,-187500.02235174447,-187500.02235174447,-187500.02235174447
$SILENCE,2473.600503635467,-7883.79554555363,6988.138793485021,12206.17588832091,-187500.02235174447,-187500.02235174447,-187500.02235174447,-187500.02235174447
$SILENCE,2225.6302506482903,-7947.900348651451,6459.94472026166,12263.597519826595,-187500.02235174447,-187500.02235174447,-187500.02235174447,-187500.02235174447
$SILENCE,2316.288926159016,-7969.760354728742,6493.04765379997,12245.582013795616,-187500.02235174447,-187500.02235174447,-187500.02235174447,-187500.02235174447
$SILENCE,2591.0142172591945,-7906.4378626868565,7063.911207188512,12187.489829956274,-187500.02235174447,-187500.02235174447,-187500.02235174447,-187500.02235174447
$SILENCE,2532.206777597282,-7879.526362362667,7074.952968949434,12207.114661588033,-187500.02235174447,-187500.02235174447,-187500.02235174447,-187500.02235174447
$SILENCE,2269.394966291781,-7933.99756360025,6560.818142988461,12265.653880316482,-187500.02235174447,-187500.02235174447,-187500.02235174447,-187500.02235174447
$SILENCE,2274.1558878607616,-7974.901255953462,6427.445283823644,12258.18839766841,-187500.02235174447,-187500.02235174447,-187500.02235174447,-187500.02235174447
$SILENCE,2567.097850692016,-7924.609830929021,6989.14462198551,12195.491754471273,-187500.02235174447,-187500.02235174447,-187500.02235174447,-187500.02235174447
$SILENCE,2565.5108768356895,-7885.0695949875835,7125.64672537407,12207.248772054765,-187500.02235174447,-187500.02235174447,-187500.02235174447,-187500.02235174447
$SILENCE,2305.0012952090856,-7914.730359879775,6657.757658691127,12268.224330928842,-187500.02235174447,-187500.02235174447,-187500.02235174447,-187500.02235174447
$SILENCE,2230.7935036174663,-7966.944034927373,6380.372510000767,12260.781200025225,-187500.02235174447,-187500.02235174447,-187500.02235174447,-187500.02235174447
$SILENCE,2531.916204919363,-7937.350325268546,6899.625885442006,12184.785268877182,-187500.02235174447,-187500.02235174447,-187500.02235174447,-187500.02235174447
$SILENCE,2601.4301301753676,-7885.94131302134,7166.215141560453,12186.349890989053,-187500.02235174447,-187500.02235174447,-187500.02235174447,-187500.02235174447
$SILENCE,2359.8077726134984,-7912.226964500781,6753.4231249598415,12243.927984705924,-187500.02235174447,-187500.02235174447,-187500.02235174447,-187500.02235174447
$SILENCE,2211.995686530553,-7971.928473940907,6360.54651266891,12263.485761104317,-187500.02235174447,-187500.02235174447,-187500.02235174447,-187500.02235174447
$SILENCE,2479.456660682757,-7949.4649707633225,6787.308369554087,12211.741472690283,-187500.02235174447,-187500.02235174447,-187500.02235174447,-187500.02235174447
$SILENCE,2618.037476305661,-7885.002539754217,7169.053813106277,12204.343045275575,-187500.02235174447,-187500.02235174447,-187500.02235174447,-187500.02235174447
$SILENCE,2412.982572672674,-7893.652664858421,6860.286815200665,12251.259356887265,-187500.02235174447,-187500.02235174447,-187500.02235174447,-187500.02235174447
$SILENCE,2213.470901664603,-7960.57378775761,6379.2772745224565,12260.580034325129,-187500.02235174447,-187500.02235174447,-187500.02235174447,-187500.02235174447
$SILENCE,2433.7473432716542,-7963.568921514621,6678.455374056742,12200.520896973718,-187500.02235174447,-187500.02235174447,-187500.02235174447,-187500.02235174447
$SILENCE,2631.7614474012194,-7898.055958516116,7152.938205354,12166.412134934919,-187500.02235174447,-187500.02235174447,-187500.02235174447,-187500.02235174447
$SILENCE,2468.1690297328273,-7894.837307314552,6941.624813273527,12215.921248903423,-187500.02235174447,-187500.02235174447,-187500.02235174447,-187500.02235174447
$SILENCE,2223.6856488806784,-7950.895482408462,6418.281068596968,12261.965842481357,-187500.02235174447,-187500.02235174447,-187500.02235174447,-187500.02235174447
$SILENCE,2367.720290150677,-7967.86045645004,6568.529494825541,12225.554850763661,-187500.02235174447,-187500.02235174447,-187500.02235174447,-187500.02235174447
$SILENCE,2615.6681913933985,-7904.157984752415,7111.967457767422,12186.640463666972,-187500.02235174447,-187500.02235174447,-187500.02235174447,-187500.02235174447
$SILENCE,2506.6587336848656,-7882.722661819776,7020.660581667493,12223.1855658514,-187500.02235174447,-187500.02235174447,-187500.02235174447,-187500.02235174447
$SILENCE,2241.790561889477,-7932.902328121941,6492.399453210766,12280.160162467977,-187500.02235174447,-187500.02235174447,-187500.02235174447,-187500.02235174447
$SILENCE,2302.7884725080103,-7965.66998549342,6478.563723392931,12254.61211855556,-187500.02235174447,-187500.02235174447,-187500.02235174447,-187500.02235174447
$SILENCE,2599.7761010856752,-7907.890726076452,7067.040451412256,12191.043757324667,-187500.02235174447,-187500.02235174447,-187500.02235174447,-187500.02235174447
$SILENCE,2553.3738795964578,-7871.703251803309,7112.615658356626,12208.70163544436,-187500.02235174447,-187500.02235174447,-187500.02235174447,-187500.02235174447
$SILENCE,2267.383309290804,-7923.604002428532,6565.668471535262,12269.163104195966,-187500.02235174447,-187500.02235174447,-187500.02235174447,-187500.02235174447
$SILENCE,2253.9499108731643,-7970.632072762499,6405.1605946017025,12269.833656529625,-187500.02235174447,-187500.02235174447,-187500.02235174447,-187500.02235174447
$SILENCE,2546.7130597487762,-7919.08895004856,6950.409048844463,12209.394539522475,-187500.02235174447,-187500.02235174447,-187500.02235174447,-187500.02235174447
$SILENCE,2560.973472711262,-7877.022966983673,7114.493204890872,12210.735644189794,-187500.02235174447,-187500.02235174447,-187500.02235174447,-187500.02235174447
$SILENCE,2306.6553242987784,-7912.562240667611,6659.702260458739,12266.23502567232,-187500.02235174447,-187500.02235174447,-187500.02235174447,-187500.02235174447
$SILENCE,2213.2920877089605,-7967.413421560935,6362.111134780781,12280.42838340144,-187500.02235174447,-187500.02235174447,-187500.02235174447,-187500.02235174447
$SILENCE,2498.4779952142235,-7934.5563572116325,6865.3606611920195,12217.061187870644,-187500.02235174447,-187500.02235174447,-187500.02235174447,-187500.02235174447
$SILENCE,2587.549696868622,-7879.660472829399,7158.235568789908,12190.999053835756,-187500.02235174447,-187500.02235174447,-187500.02235174447,-187500.02235174447
$SILENCE,2354.8680370888756,-7898.614752127499,6767.705889666783,12240.932850948913,-187500.02235174447,-187500.02235174447,-187500.02235174447,-187500.02235174447
$SILENCE,2196.572982856391,-7961.892540680474,6354.958576555083,12269.163104195966,-187500.02235174447,-187500.02235174447,-187500.02235174447,-187500.02235174447
$SILENCE,2450.444096379769,-7945.396953272457,6756.507665694674,12208.567524977629,-187500.02235174447,-187500.02235174447,-187500.02235174447,-187500.02235174447
$SILENCE,2599.999618530228,-7883.996711253729,7160.917778124545,12190.999053835756,-187500.02235174447,-187500.02235174447,-187500.02235174447,-187500.02235174447
$SILENCE,2410.9932674161514,-7893.652664858421,6866.612358881517,12244.978516695324,-187500.02235174447,-187500.02235174447,-187500.02235174447,-187500.02235174447
$SILENCE,2205.9383637831647,-7951.007241130739,6383.568809457875,12283.445868902907,-187500.02235174447,-187500.02235174447,-187500.02235174447,-187500.02235174447
$SILENCE,2396.464633520202,-7948.570900985111,6646.447675996742,12227.857080442558,-187500.02235174447,-187500.02235174447,-187500.02235174447,-187500.02235174447
$SILENCE,2603.8888220654517,-7887.08125198856,7136.1967487569755,12186.349890989053,-187500.02235174447,-187500.02235174447,-187500.02235174447,-187500.02235174447
$SILENCE,2458.1554482168494,-7889.1823159673595,6953.5829965571165,12232.193318866888,-187500.02235174447,-187500.02235174447,-187500.02235174447,-187500.02235174447
$SILENCE,2218.835320333877,-7942.692392193365,6431.915632714705,12284.608159614583,-187500.02235174447,-187500.02235174447,-187500.02235174447,-187500.02235174447
$SILENCE,2343.89333056132,-7956.930453411395,6548.435276560221,12240.105836404067,-187500.02235174447,-187500.02235174447,-187500.02235174447,-187500.02235174447
$SILENCE,2604.358208699013,-7894.770252081186,7106.2007076979535,12179.778478119193,-187500.02235174447,-187500.02235174447,-187500.02235174447,-187500.02235174447
$SILENCE,2503.2836202721146,-7878.252312928715,7045.694535457437,12218.335237304598,-187500.02235174447,-187500.02235174447,-187500.02235174447,-187500.02235174447
$SILENCE,2241.030602577997,-7930.689505420864,6510.90669761976,12285.368118926064,-187500.02235174447,-187500.02235174447,-187500.02235174447,-187500.02235174447
$SILENCE,2292.238449125105,-7962.116058125027,6455.854351026339,12251.169949909443,-187500.02235174447,-187500.02235174447,-187500.02235174447,-187500.02235174447
$SILENCE,2580.419490387379,-7911.422301700391,7021.644058423527,12193.658911425939,-187500.02235174447,-187500.02235174447,-187500.02235174447,-187500.02235174447
$SILENCE,2550.2893388616253,-7879.526362362667,7089.325140634196,12210.534478489695,-187500.02235174447,-187500.02235174447,-187500.02235174447,-187500.02235174447
$SILENCE,2279.9002861857757,-7919.021894815194,6592.155288714802,12259.596557569093,-187500.02235174447,-187500.02235174447,-187500.02235174447,-187500.02235174447
$SILENCE,2243.019907834519,-7966.564055271632,6390.833126405851,12250.968784209346,-187500.02235174447,-187500.02235174447,-187500.02235174447,-187500.02235174447
$SILENCE,2546.8918737044187,-7919.156005281927,6944.217615630343,12183.466515954318,-187500.02235174447,-187500.02235174447,-187500.02235174447,-187500.02235174447
$SILENCE,2580.3747868984688,-7873.312577404092,7141.22589125942,12190.037928824178,-187500.02235174447,-187500.02235174447,-187500.02235174447,-187500.02235174447
$SILENCE,2333.9915077676187,-7913.545717423644,6696.068548687524,12252.086371432111,-187500.02235174447,-187500.02235174447,-187500.02235174447,-187500.02235174447
$SILENCE,2224.9149948257204,-7967.167552371926,6361.8429138473175,12259.596557569093,-187500.02235174447,-187500.02235174447,-187500.02235174447,-187500.02235174447
$SILENCE,2509.6091639529664,-7935.3163165231135,6862.700803601838,12195.536457960185,-187500.02235174447,-187500.02235174447,-187500.02235174447,-187500.02235174447
$SILENCE,2631.6496886789428,-7881.090984474538,7228.375342890661,12177.342137973565,-187500.02235174447,-187500.02235174447,-187500.02235174447,-187500.02235174447
$SILENCE,2370.357795996403,-7900.939333550851,6792.717491712272,12230.762807221749,-187500.02235174447,-187500.02235174447,-187500.02235174447,-187500.02235174447
$SILENCE,2198.33877066836,-7963.278348836702,6340.20642521458,12258.993060468802,-187500.02235174447,-187500.02235174447,-187500.02235174447,-187500.02235174447
$SILENCE,2453.171009203316,-7947.140389339971,6729.372647925931,12205.862963898537,-187500.02235174447,-187500.02235174447,-187500.02235174447,-187500.02235174447
$SILENCE,2615.9811158157727,-7886.075423488072,7158.235568789908,12178.526780429696,-187500.02235174447,-187500.02235174447,-187500.02235174447,-187500.02235174447
$SILENCE,2424.8960524673525,-7893.2279817137705,6887.175963780399,12226.985362408801,-187500.02235174447,-187500.02235174447,-187500.02235174447,-187500.02235174447
$SILENCE,2211.727465597089,-7950.783723686186,6404.624152734775,12275.868627532558,-187500.02235174447,-187500.02235174447,-187500.02235174447,-187500.02235174447
$SILENCE,2402.276087078582,-7960.663194735432,6645.508902729619,12222.403254795463,-187500.02235174447,-187500.02235174447,-187500.02235174447,-187500.02235174447
$SILENCE,2624.2065577753256,-7900.1570224949155,7134.989754556389,12168.93788205837,-187500.02235174447,-187500.02235174447,-187500.02235174447,-187500.02235174447
$SILENCE,2483.614085151444,-7886.544810121633,6981.254456192787,12200.900876629457,-187500.02235174447,-187500.02235174447,-187500.02235174447,-187500.02235174447
$SILENCE,2236.2696810090165,-7944.480531749789,6468.237217454579,12240.262298615253,-187500.02235174447,-187500.02235174447,-187500.02235174447,-187500.02235174447
$SILENCE,2348.0284032855516,-7970.117982640027,6532.364372296855,12202.42079525242,-187500.02235174447,-187500.02235174447,-187500.02235174447,-187500.02235174447
$SILENCE,2611.3096012246137,-7909.857679588518,7076.696405016948,12149.849492293537,-187500.02235174447,-187500.02235174447,-187500.02235174447,-187500.02235174447
$SILENCE,2525.613012982966,-7885.650740343421,7052.15418960502,12179.376146718998,-187500.02235174447,-187500.02235174447,-187500.02235174447,-187500.02235174447
$SILENCE,2262.801201677466,-7932.902328121941,6540.746276467595,12234.607307268061,-187500.02235174447,-187500.02235174447,-187500.02235174447,-187500.02235174447
$SILENCE,2292.7525392475773,-7970.788534973685,6456.27903417099,12218.312885560143,-187500.02235174447,-187500.02235174447,-187500.02235174447,-187500.02235174447
$SILENCE,2592.444728904334,-7924.319258251102,7028.863671882591,12153.157550472923,-187500.02235174447,-187500.02235174447,-187500.02235174447,-187500.02235174447
$SILENCE,2573.870429261974,-7888.422356655879,7133.291021977785,12159.237224964765,-187500.02235174447,-187500.02235174447,-187500.02235174447,-187500.02235174447
$SILENCE,2316.3559813923816,-7923.268726261703,6638.535158459564,12226.068940886134,-187500.02235174447,-187500.02235174447,-187500.02235174447,-187500.02235174447
$SILENCE,2261.3259865434156,-7975.035366420194,6390.877829894761,12218.312885560143,-187500.02235174447,-187500.02235174447,-187500.02235174447,-187500.02235174447
$SILENCE,2556.7936964981195,-7938.758485169231,6925.375095054519,12143.702762568328,-187500.02235174447,-187500.02235174447,-187500.02235174447,-187500.02235174447
$SILENCE,2611.711932624809,-7891.216324712793,7165.65634794907,12143.21102419031,-187500.02235174447,-187500.02235174447,-187500.02235174447,-187500.02235174447
$SILENCE,2367.764993639588,-7918.150176781438,6742.470770176741,12195.64821668246,-187500.02235174447,-187500.02235174447,-187500.02235174447,-187500.02235174447
$SILENCE,2236.604957175846,-7973.962482686339,6367.162629027681,12204.253638297754,-187500.02235174447,-187500.02235174447,-187500.02235174447,-187500.02235174447
$SILENCE,2509.3185912750473,-7952.482456264789,6823.182919404855,12143.948631757336,-187500.02235174447,-187500.02235174447,-187500.02235174447,-187500.02235174447
$SILENCE,2626.352325243035,-7891.708063090809,7181.3919760456065,12128.235355405255,-187500.02235174447,-187500.02235174447,-187500.02235174447,-187500.02235174447
$SILENCE,2410.7697499715987,-7906.214345242303,6839.92437600188,12178.929111829892,-187500.02235174447,-187500.02235174447,-187500.02235174447,-187500.02235174447
$SILENCE,2233.3639542298265,-7971.3026250961575,6381.646559434719,12212.568487235128,-187500.02235174447,-187500.02235174447,-187500.02235174447,-187500.02235174447
$SILENCE,2460.882361040397,-7963.568921514621,6715.38045589691,12151.88350103897,-187500.02235174447,-187500.02235174447,-187500.02235174447,-187500.02235174447
$SILENCE,2644.747810929753,-7903.330970207569,7173.926493397534,12113.282038364654,-187500.02235174447,-187500.02235174447,-187500.02235174447,-187500.02235174447
$SILENCE,2462.8940180413747,-7906.236696986759,6927.900842177969,12154.968041773802,-187500.02235174447,-187500.02235174447,-187500.02235174447,-187500.02235174447
$SILENCE,2236.0461635644633,-7963.054831392149,6415.643562751242,12206.913495887935,-187500.02235174447,-187500.02235174447,-187500.02235174447,-187500.02235174447
$SILENCE,2410.8815086938753,-7974.744793742275,6624.3418007304435,12169.809600092125,-187500.02235174447,-187500.02235174447,-187500.02235174447,-187500.02235174447
$SILENCE,2646.737116186275,-7910.818804600097,7139.638917403093,12117.081834922057,-187500.02235174447,-187500.02235174447,-187500.02235174447,-187500.02235174447
$SILENCE,2518.5722134795446,-7900.537002150656,7005.371988460063,12149.60362310453,-187500.02235174447,-187500.02235174447,-187500.02235174447,-187500.02235174447
$SILENCE,2254.307538784449,-7952.102476609049,6479.278979215501,12195.447050982362,-187500.02235174447,-187500.02235174447,-187500.02235174447,-187500.02235174447
$SILENCE,2349.4142114417805,-7979.416308333434,6514.818252899439,12172.2235884933,-187500.02235174447,-187500.02235174447,-187500.02235174447,-187500.02235174447
$SILENCE,2622.776046130186,-7921.324124494091,7085.391233610062,12111.78447148615,-187500.02235174447,-187500.02235174447,-187500.02235174447,-187500.02235174447
$SILENCE,2541.1921788683153,-7896.17841198187,7074.997672438344,12123.295619880631,-187500.02235174447,-187500.02235174447,-187500.02235174447,-187500.02235174447
$SILENCE,2273.574742504924,-7943.005316615739,6549.664622505263,12184.785268877182,-187500.02235174447,-187500.02235174447,-187500.02235174447,-187500.02235174447
$SILENCE,2300.1286149178286,-7985.473631080822,6443.873815998294,12183.757088632237,-187500.02235174447,-187500.02235174447,-187500.02235174447,-187500.02235174447
$SILENCE,2590.3213131810803,-7932.544700210656,6997.347712200608,12115.181936643356,-187500.02235174447,-187500.02235174447,-187500.02235174447,-187500.02235174447
$SILENCE,2585.1133567229936,-7895.329045692569,7120.50582414935,12118.937029711848,-187500.02235174447,-187500.02235174447,-187500.02235174447,-187500.02235174447
$SILENCE,2315.931298247731,-7931.985906599272,6648.146408575346,12178.325614729598,-187500.02235174447,-187500.02235174447,-187500.02235174447,-187500.02235174447
$SILENCE,2229.8323786058877,-7984.981892702805,6379.0984605668145,12183.064184554123,-187500.02235174447,-187500.02235174447,-187500.02235174447,-187500.02235174447
$SILENCE,2540.745143979209,-7952.393049286968,6896.027254584701,12113.751424998216,-187500.02235174447,-187500.02235174447,-187500.02235174447,-187500.02235174447
$SILENCE,2604.872298821485,-7901.0957957620385,7150.971251841933,12109.459890062797,-187500.02235174447,-187500.02235174447,-187500.02235174447,-187500.02235174447
$SILENCE,2377.532705966557,-7925.2803832626805,6760.1957035298,12168.468495424808,-187500.02235174447,-187500.02235174447,-187500.02235174447,-187500.02235174447
$SILENCE,2243.1763700457063,-7980.064508922638,6379.16551580018,12195.156478304443,-187500.02235174447,-187500.02235174447,-187500.02235174447,-187500.02235174447
$SILENCE,2503.3506755054805,-7955.902273166451,6798.596000504017,12140.2158904333,-187500.02235174447,-187500.02235174447,-187500.02235174447,-187500.02235174447
$SILENCE,2625.4582554648227,-7895.999598026228,7168.003281116878,12117.685332022349,-187500.02235174447,-187500.02235174447,-187500.02235174447,-187500.02235174447
$SILENCE,2418.3916948308583,-7910.908211577918,6852.061373241112,12170.949539059346,-187500.02235174447,-187500.02235174447,-187500.02235174447,-187500.02235174447
$SILENCE,2228.692439638667,-7971.05675590715,6386.429832748156,12206.242943554276,-187500.02235174447,-187500.02235174447,-187500.02235174447,-187500.02235174447
$SILENCE,2446.756058544643,-7968.352194828057,6687.0384439275795,12150.877672538481,-187500.02235174447,-187500.02235174447,-187500.02235174447,-187500.02235174447
$SILENCE,2640.322165527602,-7905.454385930823,7153.988737343399,12119.406416345408,-187500.02235174447,-187500.02235174447,-187500.02235174447,-187500.02235174447
$SILENCE,2472.4829164127013,-7905.387330697457,6940.015487672746,12163.506408155728,-187500.02235174447,-187500.02235174447,-187500.02235174447,-187500.02235174447
$SILENCE,2234.7050588971447,-7960.730249968798,6424.204280877624,12215.027179125213,-187500.02235174447,-187500.02235174447,-187500.02235174447,-187500.02235174447
$SILENCE,2377.465650733191,-7974.141296641982,6576.39730887381,12175.777515861693,-187500.02235174447,-187500.02235174447,-187500.02235174447,-187500.02235174447
$SILENCE,2626.061752565116,-7910.908211577918,7120.058789260243,12126.670733293384,-187500.02235174447,-187500.02235174447,-187500.02235174447,-187500.02235174447
$SILENCE,2532.564405508567,-7896.781909082164,7028.81896839368,12159.93012904288,-187500.02235174447,-187500.02235174447,-187500.02235174447,-187500.02235174447
$SILENCE,2280.503783286069,-7944.659345705431,6515.846433144383,12213.127280846511,-187500.02235174447,-187500.02235174447,-187500.02235174447,-187500.02235174447
$SILENCE,2345.212083484183,-7972.554322785655,6512.359561009355,12194.284760270688,-187500.02235174447,-187500.02235174447,-187500.02235174447,-187500.02235174447
$SILENCE,2610.974325057784,-7920.5194616937,7052.176541349476,12141.378181144975,-187500.02235174447,-187500.02235174447,-187500.02235174447,-187500.02235174447
$SILENCE,2575.144478695927,-7888.869391544985,7111.498071133861,12160.287756954165,-187500.02235174447,-187500.02235174447,-187500.02235174447,-187500.02235174447
$SILENCE,2299.7486352620886,-7935.9645171123175,6569.468268092664,12221.173908850422,-187500.02235174447,-187500.02235174447,-187500.02235174447,-187500.02235174447
$SILENCE,2301.4250160962365,-7973.917779197429,6437.592975806353,12211.003865123257,-187500.02235174447,-187500.02235174447,-187500.02235174447,-187500.02235174447
$SILENCE,2590.5671823700886,-7927.828482130585,6965.898807751991,12158.03023076418,-187500.02235174447,-187500.02235174447,-187500.02235174447,-187500.02235174447
não,2628.252223521736,-7883.214400197792,7160.962481613456,12159.348983687041,-187500.02235174447,-187500.02235174447,-187500.02235174447,-187500.02235174447
não,2350.375336453359,-7923.1122640505155,6655.209559823223,12214.423682024919,-187500.02235174447,-187500.02235174447,-187500.02235174447,-187500.02235174447
não,2285.2647048550493,-7972.286101852192,6394.0070741185045,12223.789062951691,-187500.02235174447,-187500.02235174447,-187500.02235174447,-187500.02235174447
não,2553.2174173852704,-7939.943127625362,6860.935015789869,12167.999108791246,-187500.02235174447,-187500.02235174447,-187500.02235174447,-187500.02235174447
não,2661.9139506714287,-7884.801374054119,7186.04113889231,12156.577367374584,-187500.02235174447,-187500.02235174447,-187500.02235174447,-187500.02235174447
não,2414.591898273456,-7907.667208631899,6767.012985588669,12219.586934994095,-187500.02235174447,-187500.02235174447,-187500.02235174447,-187500.02235174447
não,2282.671902498234,-7965.133543626493,6392.397748517722,12245.447903328884,-187500.02235174447,-187500.02235174447,-187500.02235174447,-187500.02235174447
não,2519.7121524467652,-7947.006278873239,6756.552369183585,12193.0777660701,-187500.02235174447,-187500.02235174447,-187500.02235174447,-187500.02235174447
não,2670.0499856531605,-7886.902438032918,7146.36679248414,12167.864998324514,-187500.02235174447,-187500.02235174447,-187500.02235174447,-187500.02235174447
não,2475.6345123808997,-7895.664321859399,6864.064260013612,12212.970818635324,-187500.02235174447,-187500.02235174447,-187500.02235174447,-187500.02235174447
não,2271.0042918925633,-7955.410534788434,6383.278236779957,12250.007659197767,-187500.02235174447,-187500.02235174447,-187500.02235174447,-187500.02235174447
não,2473.3546344464585,-7957.578654000599,6660.350461047943,12203.22545805281,-187500.02235174447,-187500.02235174447,-187500.02235174447,-187500.02235174447
não,2687.6184567950318,-7892.758595080209,7150.434809975006,12164.579291889584,-187500.02235174447,-187500.02235174447,-187500.02235174447,-187500.02235174447
não,2540.7898474681197,-7886.857734544008,6959.193284415399,12205.281818542699,-187500.02235174447,-187500.02235174447,-187500.02235174447,-187500.02235174447
não,2291.634952024812,-7943.787627671675,6437.8611967398165,12258.054287201678,-187500.02235174447,-187500.02235174447,-187500.02235174447,-187500.02235174447
não,2417.922308197297,-7965.714688982331,6558.091230164913,12217.597629737573,-187500.02235174447,-187500.02235174447,-187500.02235174447,-187500.02235174447
não,2679.057738668649,-7901.207554484315,7102.892649518568,12162.679393610882,-187500.02235174447,-187500.02235174447,-187500.02235174447,-187500.02235174447
não,2591.483603892756,-7879.74987980722,7041.268890055286,12196.36347250503,-187500.02235174447,-187500.02235174447,-187500.02235174447,-187500.02235174447
não,2331.3763536663478,-7931.80709264363,6513.924183121227,12251.505226076273,-187500.02235174447,-187500.02235174447,-187500.02235174447,-187500.02235174447
não,2385.400520014825,-7966.944034927373,6480.754194349551,12231.70158048887,-187500.02235174447,-187500.02235174447,-187500.02235174447,-187500.02235174447
não,2673.134526387993,-7907.466042931801,7052.265948327297,12176.269254239709,-187500.02235174447,-187500.02235174447,-187500.02235174447,-187500.02235174447
não,2625.1453310424486,-7877.514705361689,7103.093815218665,12188.383899734486,-187500.02235174447,-187500.02235174447,-187500.02235174447,-187500.02235174447
não,2352.2528829876046,-7925.749769896242,6590.277742180556,12232.685057244904,-187500.02235174447,-187500.02235174447,-187500.02235174447,-187500.02235174447
não,2334.46089440118,-7969.760354728742,6399.662065465697,12232.059208400156,-187500.02235174447,-187500.02235174447,-187500.02235174447,-187500.02235174447
não,2631.0461915786495,-7923.179319283881,6947.592729043095,12168.356736702532,-187500.02235174447,-187500.02235174447,-187500.02235174447,-187500.02235174447
não,2659.611720992532,-7880.241618185237,7141.3600017261515,12172.2235884933,-187500.02235174447,-187500.02235174447,-187500.02235174447,-187500.02235174447
não,2414.301325595537,-7915.557374424622,6701.56707782353,12232.394484566985,-187500.02235174447,-187500.02235174447,-187500.02235174447,-187500.02235174447
não,2315.0372284695186,-7968.933340183895,6369.621320917764,12243.592708539094,-187500.02235174447,-187500.02235174447,-187500.02235174447,-187500.02235174447
não,2588.3543596690133,-7941.731267181786,6847.188692949855,12165.696879112349,-187500.02235174447,-187500.02235174447,-187500.02235174447,-187500.02235174447
não,2706.483329115311,-7882.119164719483,7205.196583890508,12151.83879755006,-187500.02235174447,-187500.02235174447,-187500.02235174447,-187500.02235174447
não,2450.779372546598,-7904.292095219147,6790.079985866545,12208.142841832978,-187500.02235174447,-187500.02235174447,-187500.02235174447,-187500.02235174447
não,2307.459987099169,-7967.413421560935,6383.8593821357945,12235.344914835086,-187500.02235174447,-187500.02235174447,-187500.02235174447,-187500.02235174447
não,2536.744181721709,-7953.197712087359,6723.918822278836,12181.11958278651,-187500.02235174447,-187500.02235174447,-187500.02235174447,-187500.02235174447
não,2716.1169309755483,-7885.963664765795,7168.293853794797,12147.793131803648,-187500.02235174447,-187500.02235174447,-187500.02235174447,-187500.02235174447
não,2519.2204140687486,-7887.550638622122,6899.469423230818,12204.186583064387,-187500.02235174447,-187500.02235174447,-187500.02235174447,-187500.02235174447
não,2308.1305394328283,-7961.981947658294,6416.4929290405435,12231.746283977782,-187500.02235174447,-187500.02235174447,-187500.02235174447,-187500.02235174447
não,2470.046576267073,-7969.179209372904,6634.131864801868,12180.046699052657,-187500.02235174447,-187500.02235174447,-187500.02235174447,-187500.02235174447
não,2702.504718602266,-7902.772176596186,7127.814844586235,12151.145893471945,-187500.02235174447,-187500.02235174447,-187500.02235174447,-187500.02235174447
não,2567.6342925589433,-7898.033606771662,6970.391508387507,12176.269254239709,-187500.02235174447,-187500.02235174447,-187500.02235174447,-187500.02235174447
não,2311.6844668012222,-7965.62528200451,6440.409295607722,12226.113644375044,-187500.02235174447,-187500.02235174447,-187500.02235174447,-187500.02235174447
não,2430.551043814545,-7979.662177522443,6527.2905263055,12195.804678893648,-187500.02235174447,-187500.02235174447,-187500.02235174447,-187500.02235174447
não,2701.1189104460373,-7908.985961554762,7088.095794689155,12148.217814948299,-187500.02235174447,-187500.02235174447,-187500.02235174447,-187500.02235174447
não,2612.226022747281,-7891.104565990516,7055.596358251138,12166.680355868382,-187500.02235174447,-187500.02235174447,-187500.02235174447,-187500.02235174447
não,2343.4239439277585,-7950.71666845282,6523.893061148294,12216.636504725993,-187500.02235174447,-187500.02235174447,-187500.02235174447,-187500.02235174447
não,2376.6162844438895,-7981.9867589457945,6448.120647444803,12204.27599004221,-187500.02235174447,-187500.02235174447,-187500.02235174447,-187500.02235174447
não,2665.8702094400182,-7926.286211763169,7014.066817053177,12143.009858490213,-187500.02235174447,-187500.02235174447,-187500.02235174447,-187500.02235174447
não,2640.8362556500742,-7898.570048638589,7107.653571087548,12148.039000992656,-187500.02235174447,-187500.02235174447,-187500.02235174447,-187500.02235174447
não,2380.3490257679255,-7932.052961832638,6612.227155235667,12209.70746394485,-187500.02235174447,-187500.02235174447,-187500.02235174447,-187500.02235174447
não,2335.3326124349373,-7979.43866007789,6401.472556766576,12209.819222667125,-187500.02235174447,-187500.02235174447,-187500.02235174447,-187500.02235174447
não,2622.2843077521693,-7951.230758575292,6930.3371823235975,12135.343210142042,-187500.02235174447,-187500.02235174447,-187500.02235174447,-187500.02235174447
não,2671.547552531666,-7903.4427289298455,7181.973121401445,12141.78051254517,-187500.02235174447,-187500.02235174447,-187500.02235174447,-187500.02235174447
não,2451.718145813721,-7901.721644606787,6765.224846032244,12215.854193670059,-187500.02235174447,-187500.02235174447,-187500.02235174447,-187500.02235174447
não,2320.2898884165156,-7966.161723871437,6351.471704420055,12209.238077311287,-187500.02235174447,-187500.02235174447,-187500.02235174447,-187500.02235174447
não,2581.693539821332,-7973.806020475152,6808.96720993128,12129.241183905744,-187500.02235174447,-187500.02235174447,-187500.02235174447,-187500.02235174447
não,2698.883736000507,-7905.521441164189,7143.505769193861,12124.279096636665,-187500.02235174447,-187500.02235174447,-187500.02235174447,-187500.02235174447
não,2485.581038663511,-7912.316371478602,6793.477451023752,12173.072954782601,-187500.02235174447,-187500.02235174447,-187500.02235174447,-187500.02235174447
não,2270.9372366591974,-8020.230593708825,6307.528174820921,12164.914568056414,-187500.02235174447,-187500.02235174447,-187500.02235174447,-187500.02235174447
não,2508.9162598748517,-8009.68057032592,6673.985025165681,12120.769872757182,-187500.02235174447,-187500.02235174447,-187500.02235174447,-187500.02235174447
não,2717.502739131777,-7930.756560654231,7177.011034132366,12102.843773704026,-187500.02235174447,-187500.02235174447,-187500.02235174447,-187500.02235174447
não,2525.657716471877,-7931.047133332149,6914.51214724924,12155.862111552015,-187500.02235174447,-187500.02235174447,-187500.02235174447,-187500.02235174447
não,2313.047923212996,-7993.944942229384,6402.433681778155,12190.954350346847,-187500.02235174447,-187500.02235174447,-187500.02235174447,-187500.02235174447
não,2468.750175088665,-8007.8700790250405,6588.3554921574,12137.466625865296,-187500.02235174447,-187500.02235174447,-187500.02235174447,-187500.02235174447
não,2701.856518013062,-7949.867302163519,7104.904306519546,12086.39288978492,-187500.02235174447,-187500.02235174447,-187500.02235174447,-187500.02235174447
não,2574.9656647402844,-7919.714798893309,6990.932761541934,12135.566727586596,-187500.02235174447,-187500.02235174447,-187500.02235174447,-187500.02235174447
não,2321.407475639281,-7973.448392563867,6452.211016680124,12187.825106123104,-187500.02235174447,-187500.02235174447,-187500.02235174447,-187500.02235174447
não,2376.146897810328,-8039.520149173755,6471.478220400599,12119.205250645311,-187500.02235174447,-187500.02235174447,-187500.02235174447,-187500.02235174447
não,2663.9032559279512,-7972.3531570855575,7048.130875603066,12084.53769499513,-187500.02235174447,-187500.02235174447,-187500.02235174447,-187500.02235174447
não,2608.8509093345297,-7939.630203202988,7050.388401793051,12113.617314531484,-187500.02235174447,-187500.02235174447,-187500.02235174447,-187500.02235174447
não,2340.786438082032,-7986.0324246922055,6527.111712349858,12174.83874259457,-187500.02235174447,-187500.02235174447,-187500.02235174447,-187500.02235174447
não,2358.399612712814,-8023.695114099398,6423.019638421493,12166.658004123927,-187500.02235174447,-187500.02235174447,-187500.02235174447,-187500.02235174447
não,2647.742944686764,-7977.8740379660185,6962.322528639142,12096.898209678915,-187500.02235174447,-187500.02235174447,-187500.02235174447,-187500.02235174447
não,2633.393124746457,-7945.486360250278,7071.443745069951,12101.972055670269,-187500.02235174447,-187500.02235174447,-187500.02235174447,-187500.02235174447
não,2378.180906555761,-7983.037290935194,6603.912306298293,12160.377163931986,-187500.02235174447,-187500.02235174447,-187500.02235174447,-187500.02235174447
não,2321.206309939183,-8031.1158932585595,6350.667041619664,12166.769762846205,-187500.02235174447,-187500.02235174447,-187500.02235174447,-187500.02235174447
não,2615.221156504292,-7990.72629102782,6876.2236089972985,12104.609561515996,-187500.02235174447,-187500.02235174447,-187500.02235174447,-187500.02235174447
não,2672.6874914988866,-7943.608813716032,7127.636030630592,12101.30150333661,-187500.02235174447,-187500.02235174447,-187500.02235174447,-187500.02235174447
não,2427.645317035355,-7970.8332384625965,6714.888717518892,12158.633727864471,-187500.02235174447,-187500.02235174447,-187500.02235174447,-187500.02235174447
não,2292.149042147284,-8028.25486996828,6337.0101257574715,12181.968949075814,-187500.02235174447,-187500.02235174447,-187500.02235174447,-187500.02235174447
não,2558.9618157102846,-8004.897297012484,6772.958549613781,12125.553146070617,-187500.02235174447,-187500.02235174447,-187500.02235174447,-187500.02235174447
não,2678.7895177351857,-7945.218139316815,7139.4824551919055,12107.895267950926,-187500.02235174447,-187500.02235174447,-187500.02235174447,-187500.02235174447
não,2462.514038385634,-7956.304604566647,6817.952611202313,12158.186692975367,-187500.02235174447,-187500.02235174447,-187500.02235174447,-187500.02235174447
não,2265.3269488009155,-8015.179099461926,6356.098515522303,12200.722062673816,-187500.02235174447,-187500.02235174447,-187500.02235174447,-187500.02235174447
não,2484.3516927184696,-8010.306419170669,6669.112344874424,12150.698858582839,-187500.02235174447,-187500.02235174447,-187500.02235174447,-187500.02235174447
não,2672.0169391652275,-7946.313374795124,7129.111245764643,12110.957456941302,-187500.02235174447,-187500.02235174447,-187500.02235174447,-187500.02235174447
não,2502.300143516081,-7945.396953272457,6907.963086123835,12150.542396371651,-187500.02235174447,-187500.02235174447,-187500.02235174447,-187500.02235174447
não,2270.691367470189,-8002.796233033685,6398.142146842736,12202.51020223024,-187500.02235174447,-187500.02235174447,-187500.02235174447,-187500.02235174447
não,2421.0068489321293,-8017.593087863099,6557.15245689779,12158.790190075659,-187500.02235174447,-187500.02235174447,-187500.02235174447,-187500.02235174447
não,2665.28906408418,-7956.259901077736,7087.0229109553,12109.39283482943,-187500.02235174447,-187500.02235174447,-187500.02235174447,-187500.02235174447
não,2548.814123727575,-7940.47956949229,6985.188363216921,12141.221718933788,-187500.02235174447,-187500.02235174447,-187500.02235174447,-187500.02235174447
não,2296.798204993988,-7992.9614654733505,6476.3061972029445,12194.41887073742,-187500.02235174447,-187500.02235174447,-187500.02235174447,-187500.02235174447
não,2368.4578977177025,-8020.655276853476,6477.289673958979,12173.676451882893,-187500.02235174447,-187500.02235174447,-187500.02235174447,-187500.02235174447
não,2634.6671741804093,-7968.0169186612275,7013.955058330901,12114.757253498705,-187500.02235174447,-187500.02235174447,-187500.02235174447,-187500.02235174447
não,2577.804336286108,-7937.015049101717,7058.524436774784,12133.532718841163,-187500.02235174447,-187500.02235174447,-187500.02235174447,-187500.02235174447
não,2301.0673881849516,-7983.529029313211,6522.283735547511,12199.112737073034,-187500.02235174447,-187500.02235174447,-187500.02235174447,-187500.02235174447
não,2308.3317051329263,-8019.627096608531,6394.1858880741465,12191.267274769221,-187500.02235174447,-187500.02235174447,-187500.02235174447,-187500.02235174447
não,2590.2989614366247,-7975.281235609203,6926.447978788374,12128.92825948337,-187500.02235174447,-187500.02235174447,-187500.02235174447,-187500.02235174447
não,2603.0171040316945,-7935.606889201033,7092.275570902297,12128.436521105352,-187500.02235174447,-187500.02235174447,-187500.02235174447,-187500.02235174447
não,2337.6571938582892,-7971.235569862792,6628.320411243488,12189.300321257153,-187500.02235174447,-187500.02235174447,-187500.02235174447,-187500.02235174447
não,2253.569931217424,-8022.577526876632,6336.183111212625,12197.324597516608,-187500.02235174447,-187500.02235174447,-187500.02235174447,-187500.02235174447
não,2537.9064724333853,-7989.564000316143,6838.896195756936,12132.370428129487,-187500.02235174447,-187500.02235174447,-187500.02235174447,-187500.02235174447
não,2605.1852232438596,-7933.751694411242,7114.3590944241405,12127.989486216245,-187500.02235174447,-187500.02235174447,-187500.02235174447,-187500.02235174447
não,2361.819429614476,-7958.137447611982,6721.191909455289,12181.879542097991,-187500.02235174447,-187500.02235174447,-187500.02235174447,-187500.02235174447
não,2211.3921894302594,-8015.827300051129,6318.212308670558,12207.852269155059,-187500.02235174447,-187500.02235174447,-187500.02235174447,-187500.02235174447
não,2472.907599557352,-7997.811794020152,6725.729313579716,12144.507425368718,-187500.02235174447,-187500.02235174447,-187500.02235174447,-187500.02235174447
não,2608.0238947896833,-7936.590365957066,7117.488338647883,12113.527907553662,-187500.02235174447,-187500.02235174447,-187500.02235174447,-187500.02235174447
não,2395.2799910640706,-7950.71666845282,6825.060465939101,12160.108942998522,-187500.02235174447,-187500.02235174447,-187500.02235174447,-187500.02235174447
não,2180.412671615204,-8011.3345994156125,6340.899329292694,12198.531591717196,-187500.02235174447,-187500.02235174447,-187500.02235174447,-187500.02235174447
não,2382.3159792799925,-8006.2831051687135,6610.483719168154,12146.340268414053,-187500.02235174447,-187500.02235174447,-187500.02235174447,-187500.02235174447
não,2579.681882820354,-7941.060714848128,7087.045262699755,12101.189744614334,-187500.02235174447,-187500.02235174447,-187500.02235174447,-187500.02235174447
não,2416.5141482966123,-7938.222043302303,6889.634655670483,12141.981678245269,-187500.02235174447,-187500.02235174447,-187500.02235174447,-187500.02235174447
não,2169.125040665274,-7999.041139965194,6368.637844161731,12188.048623567656,-187500.02235174447,-187500.02235174447,-187500.02235174447,-187500.02235174447
não,2303.0790451859293,-8017.2578116962695,6498.9038108472605,12145.736771313761,-187500.02235174447,-187500.02235174447,-187500.02235174447,-187500.02235174447
não,2552.2115888847816,-7953.018898131717,7051.170712848987,12097.948741668313,-187500.02235174447,-187500.02235174447,-187500.02235174447,-187500.02235174447
não,2448.4100876343355,-7933.304659522136,6981.7014910818925,12131.565765329095,-187500.02235174447,-187500.02235174447,-187500.02235174447,-187500.02235174447
não,2167.7615842535,-7990.413366605445,6441.526882830487,12179.733774630282,-187500.02235174447,-187500.02235174447,-187500.02235174447,-187500.02235174447
não,2220.601108145846,-8018.5542128746765,6406.769920202484,12165.003975034235,-187500.02235174447,-187500.02235174447,-187500.02235174447,-187500.02235174447
não,2514.4371407553126,-7959.43384879039,6976.784107301725,12108.811689473592,-187500.02235174447,-187500.02235174447,-187500.02235174447,-187500.02235174447
não,2464.592750619978,-7929.8624908760185,7029.15424456051,12118.579401800562,-187500.02235174447,-187500.02235174447,-187500.02235174447,-187500.02235174447
não,2190.582715342369,-7976.488229809789,6522.775473925528,12178.035042051679,-187500.02235174447,-187500.02235174447,-187500.02235174447,-187500.02235174447
não,2163.827677229366,-8025.438550166911,6336.138407723714,12181.320748486609,-187500.02235174447,-187500.02235174447,-187500.02235174447,-187500.02235174447
não,2467.2079047212487,-7972.397860574468,6895.155536550944,12113.30439010911,-187500.02235174447,-187500.02235174447,-187500.02235174447,-187500.02235174447
não,2496.309876002059,-7919.357170982024,7096.522402348805,12109.035206918146,-187500.02235174447,-187500.02235174447,-187500.02235174447,-187500.02235174447
não,2207.9723725285976,-7957.601005745055,6596.82680330596,12169.720193114304,-187500.02235174447,-187500.02235174447,-187500.02235174447,-187500.02235174447
não,2130.0988948463078,-8010.8652127820515,6321.140387194203,12187.713347400826,-187500.02235174447,-187500.02235174447,-187500.02235174447,-187500.02235174447
não,2393.6259619743782,-7980.533895556199,6768.91288386737,12139.59004158855,-187500.02235174447,-187500.02235174447,-187500.02235174447,-187500.02235174447
não,2501.584887693511,-7924.565127440111,7106.983018753889,12120.747521012727,-187500.02235174447,-187500.02235174447,-187500.02235174447,-187500.02235174447
não,2247.266739281027,-7949.084991107583,6702.259981901644,12168.535550658173,-187500.02235174447,-187500.02235174447,-187500.02235174447,-187500.02235174447
não,2096.459519441071,-8012.653352338476,6303.549564307877,12191.691957913872,-187500.02235174447,-187500.02235174447,-187500.02235174447,-187500.02235174447
não,2325.9672315081634,-7995.464860852345,6656.997699379647,12141.311125911609,-187500.02235174447,-187500.02235174447,-187500.02235174447,-187500.02235174447
não,2496.1981172797823,-7934.466950233812,7093.750786036348,12110.890401707937,-187500.02235174447,-187500.02235174447,-187500.02235174447,-187500.02235174447
não,2287.1646031337505,-7936.724476423798,6786.39194803142,12166.926225057392,-187500.02235174447,-187500.02235174447,-187500.02235174447,-187500.02235174447
não,2068.9892255054983,-7995.554267830166,6288.015101911438,12203.739548175281,-187500.02235174447,-187500.02235174447,-187500.02235174447,-187500.02235174447
não,2273.977073905119,-7999.778747532219,6554.447895818698,12162.008841277224,-187500.02235174447,-187500.02235174447,-187500.02235174447,-187500.02235174447
não,2490.431367210313,-7940.591328214566,7057.518608274295,12119.451119834319,-187500.02235174447,-187500.02235174447,-187500.02235174447,-187500.02235174447
não,2339.445333414714,-7927.873185619496,6880.69395788836,12154.342192929053,-187500.02235174447,-187500.02235174447,-187500.02235174447,-187500.02235174447
não,2091.6538943831797,-7980.980930445306,6360.479457435544,12207.516992988229,-187500.02235174447,-187500.02235174447,-187500.02235174447,-187500.02235174447
não,2204.373741671293,-8003.4667853673445,6461.665804584719,12163.148780244444,-187500.02235174447,-187500.02235174447,-187500.02235174447,-187500.02235174447
não,2460.524733129112,-7945.933395139385,7011.094035040622,12116.567744799584,-187500.02235174447,-187500.02235174447,-187500.02235174447,-187500.02235174447
não,2375.3422350099368,-7928.320220508603,6954.56647331315,12146.586137603063,-187500.02235174447,-187500.02235174447,-187500.02235174447,-187500.02235174447
não,2112.709237660079,-7978.589293788588,6431.088618169859,12203.068995841622,-187500.02235174447,-187500.02235174447,-187500.02235174447,-187500.02235174447
não,2151.0424794009305,-8007.266581924747,6363.184018514636,12191.55784744714,-187500.02235174447,-187500.02235174447,-187500.02235174447,-187500.02235174447
não,2436.6754217952994,-7952.773028942708,6933.712295736349,12134.06916070809,-187500.02235174447,-187500.02235174447,-187500.02235174447,-187500.02235174447
não,2407.729912725677,-7917.211403514315,7016.257288009798,12142.763989301204,-187500.02235174447,-187500.02235174447,-187500.02235174447,-187500.02235174447
não,2143.152313608207,-7953.555339998644,6524.094226848391,12198.620998695016,-187500.02235174447,-187500.02235174447,-187500.02235174447,-187500.02235174447
não,2098.426472953138,-8008.406520891967,6300.040340428393,12191.714309658326,-187500.02235174447,-187500.02235174447,-187500.02235174447,-187500.02235174447
não,2397.984552143163,-7969.156857628448,6841.310184158109,12128.280058894165,-187500.02235174447,-187500.02235174447,-187500.02235174447,-187500.02235174447
não,2436.697773539755,-7920.541813438155,7054.992861150845,12130.090550195046,-187500.02235174447,-187500.02235174447,-187500.02235174447,-187500.02235174447
não,2182.5584390829135,-7948.436790518379,6612.718893613684,12188.786231134682,-187500.02235174447,-187500.02235174447,-187500.02235174447,-187500.02235174447
não,2062.127239957719,-8004.025578978727,6261.260063798436,12202.398443507964,-187500.02235174447,-187500.02235174447,-187500.02235174447,-187500.02235174447
não,2341.993432282619,-7975.5271047982105,6735.47467416223,12148.463684137307,-187500.02235174447,-187500.02235174447,-187500.02235174447,-187500.02235174447
não,2445.81728527752,-7920.027723315683,7070.594378780649,12130.895212995436,-187500.02235174447,-187500.02235174447,-187500.02235174447,-187500.02235174447
não,2232.179311773695,-7937.819711902108,6724.052932745569,12193.0777660701,-187500.02235174447,-187500.02235174447,-187500.02235174447,-187500.02235174447
não,2071.514972628948,-7992.559134073154,6312.669076045642,12228.192356609388,-187500.02235174447,-187500.02235174447,-187500.02235174447,-187500.02235174447
não,2274.178239605217,-7978.9916251887835,6625.839367608949,12163.88638781147,-187500.02235174447,-187500.02235174447,-187500.02235174447,-187500.02235174447
não,2450.444096379769,-7920.094778549049,7078.082213173177,12121.35101811302,-187500.02235174447,-187500.02235174447,-187500.02235174447,-187500.02235174447
não,2254.5757597179127,-7921.659400660921,6810.285962854143,12172.31299547112,-187500.02235174447,-187500.02235174447,-187500.02235174447,-187500.02235174447
não,2049.677318296113,-7980.891523467484,6321.408608127667,12226.672437986426,-187500.02235174447,-187500.02235174447,-187500.02235174447,-187500.02235174447
não,2215.8848900657763,-7986.993549703783,6518.618049456841,12183.242998509766,-187500.02235174447,-187500.02235174447,-187500.02235174447,-187500.02235174447
não,2431.333354870481,-7931.941203110362,7001.996875047312,12135.410265375409,-187500.02235174447,-187500.02235174447,-187500.02235174447,-187500.02235174447
não,2313.673772057745,-7919.960668082317,6880.515143932717,12177.967986818312,-187500.02235174447,-187500.02235174447,-187500.02235174447,-187500.02235174447
não,2063.5353998584033,-7967.1899041163815,6357.752544611996,12234.763769479248,-187500.02235174447,-187500.02235174447,-187500.02235174447,-187500.02235174447
não,2160.832543472355,-7995.643674807987,6412.961353416605,12194.955312604347,-187500.02235174447,-187500.02235174447,-187500.02235174447,-187500.02235174447
não,2427.913537968819,-7942.401819515446,6978.259322435775,12135.320858397587,-187500.02235174447,-187500.02235174447,-187500.02235174447,-187500.02235174447
não,2352.9234353212637,-7919.692447148854,6965.742345540803,12160.332460443076,-187500.02235174447,-187500.02235174447,-187500.02235174447,-187500.02235174447
não,2089.575182148836,-7960.059697635138,6445.527845087987,12221.732702461804,-187500.02235174447,-187500.02235174447,-187500.02235174447,-187500.02235174447
não,2105.020237567453,-7994.101404440571,6335.557262367876,12217.03883612619,-187500.02235174447,-187500.02235174447,-187500.02235174447,-187500.02235174447
não,2398.632752732367,-7943.09472359356,6903.090405832578,12155.392724918453,-187500.02235174447,-187500.02235174447,-187500.02235174447,-187500.02235174447
não,2381.9136478797973,-7909.544755166145,7012.859822852591,12160.891254054459,-187500.02235174447,-187500.02235174447,-187500.02235174447,-187500.02235174447
não,2118.61009819628,-7946.626299217499,6530.19625308469,12215.474214014319,-187500.02235174447,-187500.02235174447,-187500.02235174447,-187500.02235174447
não,2058.282739911406,-7993.162631173448,6283.745918720475,12221.03979838369,-187500.02235174447,-187500.02235174447,-187500.02235174447,-187500.02235174447
não,2351.3141097204816,-7956.483418522289,6808.341361086531,12160.399515676441,-187500.02235174447,-187500.02235174447,-187500.02235174447,-187500.02235174447
não,2405.8970696803417,-7909.030665043672,7047.214454080397,12154.275137695688,-187500.02235174447,-187500.02235174447,-187500.02235174447,-187500.02235174447
não,2160.251398116517,-7931.672982176899,6630.175606033279,12214.736606447294,-187500.02235174447,-187500.02235174447,-187500.02235174447,-187500.02235174447
não,2022.2964313383618,-7987.82056424863,6258.153171319148,12251.460522587362,-187500.02235174447,-187500.02235174447,-187500.02235174447,-187500.02235174447
não,2288.5280595455242,-7969.827409962108,6696.023845198613,12181.723079886804,-187500.02235174447,-187500.02235174447,-187500.02235174447,-187500.02235174447
não,2414.0554564065287,-7905.94612430884,7059.977300164378,12152.129370227978,-187500.02235174447,-187500.02235174447,-187500.02235174447,-187500.02235174447
não,2207.190061472662,-7919.379522726479,6733.261851461155,12205.527687731706,-187500.02235174447,-187500.02235174447,-187500.02235174447,-187500.02235174447
não,2013.288678322873,-7979.729232755809,6271.340700547779,12245.336144606608,-187500.02235174447,-187500.02235174447,-187500.02235174447,-187500.02235174447
não,2236.9849368315863,-7972.19669487437,6592.78113755955,12199.000978350758,-187500.02235174447,-187500.02235174447,-187500.02235174447,-187500.02235174447
não,2424.404314089336,-7907.600153398533,7050.388401793051,12161.204178476833,-187500.02235174447,-187500.02235174447,-187500.02235174447,-187500.02235174447
não,2246.1715038027173,-7908.9636098103065,6812.0070471772015,12190.552018946652,-187500.02235174447,-187500.02235174447,-187500.02235174447,-187500.02235174447
não,2015.1662248571188,-7966.38524131599,6298.5651252943435,12241.80456898267,-187500.02235174447,-187500.02235174447,-187500.02235174447,-187500.02235174447
não,2173.8412587453436,-7983.081994424105,6474.965092535626,12202.17492606341,-187500.02235174447,-187500.02235174447,-187500.02235174447,-187500.02235174447
não,2425.05251467854,-7922.9334500948735,7029.936555616446,12160.60068137654,-187500.02235174447,-187500.02235174447,-187500.02235174447,-187500.02235174447
não,2299.8603939843647,-7898.905324805418,6915.495624005273,12204.879487142503,-187500.02235174447,-187500.02235174447,-187500.02235174447,-187500.02235174447
não,2041.965966459032,-7957.1539708559485,6372.124716296758,12257.42843835693,-187500.02235174447,-187500.02235174447,-187500.02235174447,-187500.02235174447
não,2126.5002639890035,-7980.936226956395,6399.147975343225,12228.840557198591,-187500.02235174447,-187500.02235174447,-187500.02235174447,-187500.02235174447
não,2390.228496817171,-7923.782816384175,6937.199167871377,12159.416038920408,-187500.02235174447,-187500.02235174447,-187500.02235174447,-187500.02235174447
não,2330.7058013326887,-7896.044301515139,6960.310871638164,12178.07974554059,-187500.02235174447,-187500.02235174447,-187500.02235174447,-187500.02235174447
não,2059.8920655121883,-7950.202578330348,6430.909804214216,12233.735589234304,-187500.02235174447,-187500.02235174447,-187500.02235174447,-187500.02235174447
não,2064.1165452142413,-7993.67672129592,6296.419357826634,12229.734626976804,-187500.02235174447,-187500.02235174447,-187500.02235174447,-187500.02235174447
não,2362.6687959037777,-7938.110284580027,6865.226550725288,12171.418925692908,-187500.02235174447,-187500.02235174447,-187500.02235174447,-187500.02235174447
não,2370.022519829574,-7896.357225937513,7015.34086648713,12177.342137973565,-187500.02235174447,-187500.02235174447,-187500.02235174447,-187500.02235174447
não,2114.251508027495,-7931.672982176899,6546.624785259341,12240.686981759905,-187500.02235174447,-187500.02235174447,-187500.02235174447,-187500.02235174447
não,2033.0699721658198,-7984.624264791521,6263.6964039440645,12251.572281309638,-187500.02235174447,-187500.02235174447,-187500.02235174447,-187500.02235174447
não,2315.931298247731,-7949.487322507778,6773.29382578061,12191.624902680505,-187500.02235174447,-187500.02235174447,-187500.02235174447,-187500.02235174447
não,2390.3179037949926,-7895.03847301465,7043.72758194537,12185.120545044012,-187500.02235174447,-187500.02235174447,-187500.02235174447,-187500.02235174447
não,2162.1065929063075,-7919.066598304105,6649.9345481317705,12226.694789730882,-187500.02235174447,-187500.02235174447,-187500.02235174447,-187500.02235174447
não,2012.4616637780266,-7981.115040912037,6252.4311247385895,12238.429455569918,-187500.02235174447,-187500.02235174447,-187500.02235174447,-187500.02235174447
não,2270.5125535145467,-7969.000395417261,6668.106516373935,12179.666719396917,-187500.02235174447,-187500.02235174447,-187500.02235174447,-187500.02235174447
não,2412.9378691837633,-7893.026816013672,7053.450590783428,12157.091457497056,-187500.02235174447,-187500.02235174447,-187500.02235174447,-187500.02235174447
não,2207.637096361768,-7902.548659151633,6746.71760162325,12204.343045275575,-187500.02235174447,-187500.02235174447,-187500.02235174447,-187500.02235174447
não,2012.8416434337669,-7970.922645440418,6271.76538369243,12248.398333596986,-187500.02235174447,-187500.02235174447,-187500.02235174447,-187500.02235174447
não,2222.9033378247427,-7974.454221064356,6559.208817387679,12198.822164395115,-187500.02235174447,-187500.02235174447,-187500.02235174447,-187500.02235174447
não,2419.598689031445,-7909.567106910599,7036.038581852745,12162.45587616633,-187500.02235174447,-187500.02235174447,-187500.02235174447,-187500.02235174447
não,2262.085945854896,-7907.354284209524,6831.698934042327,12197.0787283276,-187500.02235174447,-187500.02235174447,-187500.02235174447,-187500.02235174447
não,2024.643364506169,-7956.237549333281,6311.81970975634,12244.263260872754,-187500.02235174447,-187500.02235174447,-187500.02235174447,-187500.02235174447
não,2173.3942238562377,-7972.017880918727,6455.831999281883,12199.693882428872,-187500.02235174447,-187500.02235174447,-187500.02235174447,-187500.02235174447
não,2433.076790937995,-7911.556412167122,7009.730578628848,12163.282890711176,-187500.02235174447,-187500.02235174447,-187500.02235174447,-187500.02235174447
não,2326.995411753108,-7898.190068982848,6924.101045620567,12199.537420217684,-187500.02235174447,-187500.02235174447,-187500.02235174447,-187500.02235174447
$SILENCE,2061.032004479409,-7949.487322507778,6391.347216528323,12242.072789916134,-187500.02235174447,-187500.02235174447,-187500.02235174447,-187500.02235174447
$SILENCE,2121.9405081201207,-7983.126697913015,6365.910931338183,12209.75216743376,-187500.02235174447,-187500.02235174447,-187500.02235174447,-187500.02235174447
$SILENCE,2414.658953506822,-7931.963554854818,6946.341031353597,12142.227547434277,-187500.02235174447,-187500.02235174447,-187500.02235174447,-187500.02235174447
$SILENCE,2371.5424384525345,-7889.964627023295,7007.227183249854,12160.444219165352,-187500.02235174447,-187500.02235174447,-187500.02235174447,-187500.02235174447
$SILENCE,2097.3759409637382,-7937.596194457555,6472.0817175008915,12235.076693901623,-187500.02235174447,-187500.02235174447,-187500.02235174447,-187500.02235174447
$SILENCE,2096.861850841266,-7979.058680422149,6327.175358197136,12241.13401664901,-187500.02235174447,-187500.02235174447,-187500.02235174447,-187500.02235174447
$SILENCE,2371.5200867080794,-7931.136540309971,6835.342268388542,12175.59870190605,-187500.02235174447,-187500.02235174447,-187500.02235174447,-187500.02235174447
$SILENCE,2397.0904823649507,-7894.434975914357,7023.275735768764,12162.03119302168,-187500.02235174447,-187500.02235174447,-187500.02235174447,-187500.02235174447
$SILENCE,2138.145522850218,-7928.990772842261,6570.451744848699,12211.830879668103,-187500.02235174447,-187500.02235174447,-187500.02235174447,-187500.02235174447
$SILENCE,2042.1224286702193,-7979.617474033532,6256.81206665183,12229.332295576609,-187500.02235174447,-187500.02235174447,-187500.02235174447,-187500.02235174447
$SILENCE,2328.8059030539875,-7952.773028942708,6747.611671401462,12166.03215527918,-187500.02235174447,-187500.02235174447,-187500.02235174447,-187500.02235174447
$SILENCE,2421.9009187103416,-7892.356263680013,7049.136704103555,12157.583195875073,-187500.02235174447,-187500.02235174447,-187500.02235174447,-187500.02235174447
$SILENCE,2195.701264822634,-7908.2036504988255,6675.03555715508,12226.806548453158,-187500.02235174447,-187500.02235174447,-187500.02235174447,-187500.02235174447
$SILENCE,2031.9747366875097,-7965.044136648672,6260.634214953687,12264.491589604806,-187500.02235174447,-187500.02235174447,-187500.02235174447,-187500.02235174447
$SILENCE,2275.6534547392675,-7956.8633981780295,6648.012298108613,12189.769707890715,-187500.02235174447,-187500.02235174447,-187500.02235174447,-187500.02235174447
$SILENCE,2434.14967467185,-7897.474813160278,7062.7042129879255,12145.110922469012,-187500.02235174447,-187500.02235174447,-187500.02235174447,-187500.02235174447
$SILENCE,2247.0655735809296,-7906.1472900089375,6779.507610739185,12192.943655603369,-187500.02235174447,-187500.02235174447,-187500.02235174447,-187500.02235174447
$SILENCE,2034.1428558996745,-7965.513523282233,6283.4329942981,12240.463464315351,-187500.02235174447,-187500.02235174447,-187500.02235174447,-187500.02235174447
$SILENCE,2221.7186953686114,-7970.654424506954,6533.034924630514,12191.691957913872,-187500.02235174447,-187500.02235174447,-187500.02235174447,-187500.02235174447
$SILENCE,2435.423724105802,-7901.94516205134,7035.502139985817,12150.363582416008,-187500.02235174447,-187500.02235174447,-187500.02235174447,-187500.02235174447
$SILENCE,2294.3618648483593,-7892.423318913379,6864.913626302913,12192.451917225351,-187500.02235174447,-187500.02235174447,-187500.02235174447,-187500.02235174447
$SILENCE,2047.285681639395,-7950.8731306640075,6337.703029835586,12248.66655453045,-187500.02235174447,-187500.02235174447,-187500.02235174447,-187500.02235174447
$SILENCE,2167.180438897662,-7972.330805341102,6434.79900774944,12213.239039568787,-187500.02235174447,-187500.02235174447,-187500.02235174447,-187500.02235174447
$SILENCE,2425.141921656361,-7910.908211577918,6991.133927242033,12156.465608652308,-187500.02235174447,-187500.02235174447,-187500.02235174447,-187500.02235174447
$SILENCE,2333.6562316007894,-7892.736243335753,6939.836673717103,12179.443201952363,-187500.02235174447,-187500.02235174447,-187500.02235174447,-187500.02235174447
$SILENCE,2072.0737662403308,-7937.3726770130015,6413.430740050166,12235.70254274637,-187500.02235174447,-187500.02235174447,-187500.02235174447,-187500.02235174447
$SILENCE,2119.5041679744922,-7970.229741362303,6354.668003877164,12221.956219906357,-187500.02235174447,-187500.02235174447,-187500.02235174447,-187500.02235174447
$SILENCE,2409.361590070914,-7922.2852495056695,6923.5869554980945,12168.244977980254,-187500.02235174447,-187500.02235174447,-187500.02235174447,-187500.02235174447
$SILENCE,2374.492868720635,-7885.829554299064,6993.123232498555,12176.760992617727,-187500.02235174447,-187500.02235174447,-187500.02235174447,-187500.02235174447
$SILENCE,2112.41866498216,-7924.408665228923,6498.255610258057,12225.018408896734,-187500.02235174447,-187500.02235174447,-187500.02235174447,-187500.02235174447
$SILENCE,2078.9134000436547,-7972.420212318923,6289.982055423505,12228.102949631566,-187500.02235174447,-187500.02235174447,-187500.02235174447,-187500.02235174447
$SILENCE,2374.4481652317245,-7931.985906599272,6831.296602642132,12161.897082554948,-187500.02235174447,-187500.02235174447,-187500.02235174447,-187500.02235174447
$SILENCE,2411.663819749811,-7890.232847956759,7038.027887109267,12164.847512823048,-187500.02235174447,-187500.02235174447,-187500.02235174447,-187500.02235174447
$SILENCE,2164.609988285302,-7916.1832232693705,6604.962838287693,12219.162251849444,-187500.02235174447,-187500.02235174447,-187500.02235174447,-187500.02235174447
$SILENCE,2065.9940917484873,-7964.105363381549,6295.659398515153,12236.998943924778,-187500.02235174447,-187500.02235174447,-187500.02235174447,-187500.02235174447
$SILENCE,2321.3627721503703,-7940.926604381395,6719.359066409954,12182.773611876204,-187500.02235174447,-187500.02235174447,-187500.02235174447,-187500.02235174447
$SILENCE,2446.487837611179,-7888.981150267262,7074.841210227158,12167.820294835603,-187500.02235174447,-187500.02235174447,-187500.02235174447,-187500.02235174447
$SILENCE,2205.3348666828715,-7915.445615702345,6683.484516559186,12224.057283885157,-187500.02235174447,-187500.02235174447,-187500.02235174447,-187500.02235174447
$SILENCE,2029.7619139864344,-7973.135468141493,6241.031735066383,12249.270051630743,-187500.02235174447,-187500.02235174447,-187500.02235174447,-187500.02235174447
$SILENCE,2269.350262802871,-7948.593252729565,6605.901611554816,12184.114716543523,-187500.02235174447,-187500.02235174447,-187500.02235174447,-187500.02235174447
$SILENCE,2441.011660219629,-7886.924789777374,7046.3874395355515,12146.362620158508,-187500.02235174447,-187500.02235174447,-187500.02235174447,-187500.02235174447
$SILENCE,2260.275454554016,-7896.938371293351,6789.431785277341,12198.620998695016,-187500.02235174447,-187500.02235174447,-187500.02235174447,-187500.02235174447
$SILENCE,2044.1787891601075,-7961.065526135627,6285.332892576801,12246.364324851553,-187500.02235174447,-187500.02235174447,-187500.02235174447,-187500.02235174447
$SILENCE,2224.400904703248,-7970.117982640027,6506.279886517512,12203.873658642015,-187500.02235174447,-187500.02235174447,-187500.02235174447,-187500.02235174447
$SILENCE,2445.3702503884138,-7906.951952809329,7024.996820091823,12162.165303488411,-187500.02235174447,-187500.02235174447,-187500.02235174447,-187500.02235174447
$SILENCE,2309.0693126999513,-7887.908266533407,6880.917475332913,12196.005844593745,-187500.02235174447,-187500.02235174447,-187500.02235174447,-187500.02235174447
$SILENCE,2061.1661149461406,-7939.585499714077,6350.756448597485,12241.0893131601,-187500.02235174447,-187500.02235174447,-187500.02235174447,-187500.02235174447
$SILENCE,2171.2708081329833,-7969.603892517554,6409.072149881381,12208.65693195545,-187500.02235174447,-187500.02235174447,-187500.02235174447,-187500.02235174447
$SILENCE,2437.1895119177716,-7912.159909267415,6971.106764210077,12159.103114498033,-187500.02235174447,-187500.02235174447,-187500.02235174447,-187500.02235174447
$SILENCE,2353.057545787996,-7886.477754888268,6949.269109877242,12184.74056538827,-187500.02235174447,-187500.02235174447,-187500.02235174447,-187500.02235174447
$SILENCE,2087.2058972365735,-7935.696296178854,6426.014772178504,12248.107760919067,-187500.02235174447,-187500.02235174447,-187500.02235174447,-187500.02235174447
$SILENCE,2116.3972754952047,-7977.315244354635,6330.773989054441,12239.61409802605,-187500.02235174447,-187500.02235174447,-187500.02235174447,-187500.02235174447
$SILENCE,2411.5073575386236,-7924.788644884664,6899.782347653192,12172.067126282112,-187500.02235174447,-187500.02235174447,-187500.02235174447,-187500.02235174447
$SILENCE,2399.4597672772134,-7887.237714199748,7006.981314060845,12182.572446176106,-187500.02235174447,-187500.02235174447,-187500.02235174447,-187500.02235174447
$SILENCE,2140.447752529115,-7920.85473786053,6523.893061148294,12235.031990412712,-187500.02235174447,-187500.02235174447,-187500.02235174447,-187500.02235174447
$SILENCE,2083.6966733570903,-7975.303587353657,6277.599188995265,12232.32742933362,-187500.02235174447,-187500.02235174447,-187500.02235174447,-187500.02235174447
$SILENCE,2369.5307814515572,-7939.943127625362,6798.596000504017,12162.254710466232,-187500.02235174447,-187500.02235174447,-187500.02235174447,-187500.02235174447
$SILENCE,2427.1312269128834,-7892.445670657835,7037.379686520063,12162.858207566525,-187500.02235174447,-187500.02235174447,-187500.02235174447,-187500.02235174447
$SILENCE,2188.8839827637653,-7914.618601157499,6619.402065205821,12225.063112385646,-187500.02235174447,-187500.02235174447,-187500.02235174447,-187500.02235174447
$SILENCE,2059.9814724900093,-7967.033441905194,6249.391287492667,12247.861891730057,-187500.02235174447,-187500.02235174447,-187500.02235174447,-187500.02235174447
$SILENCE,2333.589176367423,-7943.139427082471,6699.711883033739,12187.93686484538,-187500.02235174447,-187500.02235174447,-187500.02235174447,-187500.02235174447
$SILENCE,2449.3488609014585,-7891.797470068631,7053.383535550062,12163.774629089194,-187500.02235174447,-187500.02235174447,-187500.02235174447,-187500.02235174447
$SILENCE,2236.247329264561,-7908.717740621298,6717.459168131253,12215.60832448105,-187500.02235174447,-187500.02235174447,-187500.02235174447,-187500.02235174447
$SILENCE,2054.2817776539064,-7961.490209280278,6266.155095834148,12265.542121594206,-187500.02235174447,-187500.02235174447,-187500.02235174447,-187500.02235174447
$SILENCE,2272.5912657488902,-7953.1083051095375,6589.8307072914495,12198.442184739373,-187500.02235174447,-187500.02235174447,-187500.02235174447,-187500.02235174447
$SILENCE,2473.0640617685394,-7890.948103779328,7076.741108505858,12159.1701697314,-187500.02235174447,-187500.02235174447,-187500.02235174447,-187500.02235174447
$SILENCE,2282.828364709421,-7893.630313113966,6817.863204224492,12206.332350532097,-187500.02235174447,-187500.02235174447,-187500.02235174447,-187500.02235174447
$SILENCE,2053.5665218313366,-7954.315299310125,6300.509727061954,12250.275880131232,-187500.02235174447,-187500.02235174447,-187500.02235174447,-187500.02235174447
$SILENCE,2206.631267861279,-7962.674851736409,6466.627891853797,12215.407158780952,-187500.02235174447,-187500.02235174447,-187500.02235174447,-187500.02235174447
$SILENCE,2447.6724800673105,-7901.878106817974,6993.503212154295,12174.302300727642,-187500.02235174447,-187500.02235174447,-187500.02235174447,-187500.02235174447
$SILENCE,2331.465760644169,-7885.337815921047,6893.3003417611535,12219.65399022746,-187500.02235174447,-187500.02235174447,-187500.02235174447,-187500.02235174447
$SILENCE,2079.293379699395,-7944.14525558296,6362.334652225334,12271.28651991922,-187500.02235174447,-187500.02235174447,-187500.02235174447,-187500.02235174447
$SILENCE,2159.8043632274107,-7976.756450743253,6377.153858799203,12228.170004864933,-187500.02235174447,-187500.02235174447,-187500.02235174447,-187500.02235174447
$SILENCE,2433.8367502494752,-7910.952915066829,6944.083505163611,12152.151721972434,-187500.02235174447,-187500.02235174447,-187500.02235174447,-187500.02235174447
$SILENCE,2374.0011303426186,-7875.614807082989,6960.176761171432,12175.50929492823,-187500.02235174447,-187500.02235174447,-187500.02235174447,-187500.02235174447
$SILENCE,2108.194185280107,-7924.85570011803,6445.125513687792,12239.32352534813,-187500.02235174447,-187500.02235174447,-187500.02235174447,-187500.02235174447
$SILENCE,2114.765598149967,-7973.4707443083225,6307.349360865279,12237.75890323626,-187500.02235174447,-187500.02235174447,-187500.02235174447,-187500.02235174447
$SILENCE,2408.2663545926043,-7928.7449036532535,6870.658024627927,12179.443201952363,-187500.02235174447,-187500.02235174447,-187500.02235174447,-187500.02235174447
$SILENCE,2411.373247071892,-7887.550638622122,7015.229107764853,12188.518010201218,-187500.02235174447,-187500.02235174447,-187500.02235174447,-187500.02235174447
$SILENCE,2156.6304155147573,-7924.14044429546,6542.8696921908495,12243.033914927712,-187500.02235174447,-187500.02235174447,-187500.02235174447,-187500.02235174447
$SILENCE,2076.834687809311,-7971.436735562889,6261.796505665363,12247.70542951887,-187500.02235174447,-187500.02235174447,-187500.02235174447,-187500.02235174447
$SILENCE,2365.507467449602,-7935.875110134496,6777.853581649492,12187.959216589836,-187500.02235174447,-187500.02235174447,-187500.02235174447,-187500.02235174447
$SILENCE,2435.9601659727296,-7884.488449631745,7042.96762263389,12180.180809519388,-187500.02235174447,-187500.02235174447,-187500.02235174447,-187500.02235174447
$SILENCE,2201.2668491920053,-7908.2036504988255,6642.8937486283485,12236.686019502404,-187500.02235174447,-187500.02235174447,-187500.02235174447,-187500.02235174447
$SILENCE,2056.472248610526,-7965.111191882038,6247.938424103073,12255.819112756148,-187500.02235174447,-187500.02235174447,-187500.02235174447,-187500.02235174447
$SILENCE,2311.080969700929,-7947.4756655068,6666.385432050876,12192.27310326971,-187500.02235174447,-187500.02235174447,-187500.02235174447,-187500.02235174447
$SILENCE,2451.8299045359977,-7890.769289823686,7050.1425326040435,12165.31689945661,-187500.02235174447,-187500.02235174447,-187500.02235174447,-187500.02235174447
$SILENCE,2253.435820750692,-7905.543792908645,6739.721505608739,12215.407158780952,-187500.02235174447,-187500.02235174447,-187500.02235174447,-187500.02235174447
$SILENCE,2054.706460798557,-7959.2103313458365,6264.389308022179,12260.669441302949,-187500.02235174447,-187500.02235174447,-187500.02235174447,-187500.02235174447
$SILENCE,2265.3045970564604,-7956.706935966842,6555.520779552553,12210.266257556232,-187500.02235174447,-187500.02235174447,-187500.02235174447,-187500.02235174447
$SILENCE,2464.101012241961,-7894.457327658812,7034.719828929881,12167.686184368871,-187500.02235174447,-187500.02235174447,-187500.02235174447,-187500.02235174447
$SILENCE,2298.78751025051,-7893.1162229914935,6836.906890500413,12206.019426109724,-187500.02235174447,-187500.02235174447,-187500.02235174447,-187500.02235174447
$SILENCE,2060.607321334758,-7952.90713940944,6315.217174913547,12260.423572113941,-187500.02235174447,-187500.02235174447,-187500.02235174447,-187500.02235174447
$SILENCE,2207.0112475170195,-7971.526142540711,6447.18187417768,12224.057283885157,-187500.02235174447,-187500.02235174447,-187500.02235174447,-187500.02235174447
$SILENCE,2445.973747488707,-7907.868374331996,6986.2835986952305,12167.820294835603,-187500.02235174447,-187500.02235174447,-187500.02235174447,-187500.02235174447
$SILENCE,2343.5580543944902,-7888.623522355977,6905.750263422759,12185.925207844402,-187500.02235174447,-187500.02235174447,-187500.02235174447,-187500.02235174447
$SILENCE,2090.670417627146,-7936.232738045781,6383.188829802136,12246.677249273927,-187500.02235174447,-187500.02235174447,-187500.02235174447,-187500.02235174447
$SILENCE,2152.4282875571594,-7972.219046618825,6360.658271391186,12225.912478674947,-187500.02235174447,-187500.02235174447,-187500.02235174447,-187500.02235174447
$SILENCE,2433.859101993931,-7920.273592504692,6925.978592154813,12160.377163931986,-187500.02235174447,-187500.02235174447,-187500.02235174447,-187500.02235174447
$SILENCE,2380.438432745747,-7887.75180432222,6968.178685686432,12181.45485895334,-187500.02235174447,-187500.02235174447,-187500.02235174447,-187500.02235174447
$SILENCE,2121.6499354422017,-7930.66715367641,6462.85044704085,12241.0893131601,-187500.02235174447,-187500.02235174447,-187500.02235174447,-187500.02235174447
$SILENCE,2120.3311825193387,-7982.72436651282,6291.9937124244825,12232.394484566985,-187500.02235174447,-187500.02235174447,-187500.02235174447,-187500.02235174447
$SILENCE,2422.3479535994475,-7937.23856654627,6850.317937173598,12169.40726869193,-187500.02235174447,-187500.02235174447,-187500.02235174447,-187500.02235174447
$SILENCE,2440.00583171914,-7889.696406089832,7021.398189234518,12171.08364952608,-187500.02235174447,-187500.02235174447,-187500.02235174447,-187500.02235174447
$SILENCE,2184.14541293924,-7923.38048498398,6562.069840677958,12228.125301376022,-187500.02235174447,-187500.02235174447,-187500.02235174447,-187500.02235174447
$SILENCE,2085.149536746685,-7976.9352646988955,6252.386421249678,12238.80943522566,-187500.02235174447,-187500.02235174447,-187500.02235174447,-187500.02235174447
$SILENCE,2361.3723947253698,-7946.425133517401,6745.935290567314,12177.319786229109,-187500.02235174447,-187500.02235174447,-187500.02235174447,-187500.02235174447
$SILENCE,2444.520884099112,-7885.404871154413,7048.667317469993,12179.063222296623,-187500.02235174447,-187500.02235174447,-187500.02235174447,-187500.02235174447
$SILENCE,2208.1958899731508,-7906.795490598141,6668.061812885024,12228.371170565031,-187500.02235174447,-187500.02235174447,-187500.02235174447,-187500.02235174447
$SILENCE,2046.5927775612806,-7969.581540773099,6248.4972177144555,12249.158292908465,-187500.02235174447,-187500.02235174447,-187500.02235174447,-187500.02235174447
$SILENCE,2296.664094527256,-7952.393049286968,6637.596385192441,12191.669606169417,-187500.02235174447,-187500.02235174447,-187500.02235174447,-187500.02235174447
$SILENCE,2445.571416088512,-7889.986978767751,7044.286375556752,12166.903873312936,-187500.02235174447,-187500.02235174447,-187500.02235174447,-187500.02235174447
$SILENCE,2245.009213091041,-7899.41941492789,6759.301633751587,12215.943600647879,-187500.02235174447,-187500.02235174447,-187500.02235174447,-187500.02235174447
$SILENCE,2037.0038791899538,-7962.630148247498,6270.8042586808515,12255.796761011692,-187500.02235174447,-187500.02235174447,-187500.02235174447,-187500.02235174447
$SILENCE,2237.051992064952,-7965.692337237876,6527.0223053720365,12206.242943554276,-187500.02235174447,-187500.02235174447,-187500.02235174447,-187500.02235174447
$SILENCE,2454.3780034039028,-7903.174507996382,7022.336962501641,12161.584158132573,-187500.02235174447,-187500.02235174447,-187500.02235174447,-187500.02235174447
$SILENCE,2304.4425015977026,-7898.458289916312,6848.999184250735,12200.118565573523,-187500.02235174447,-187500.02235174447,-187500.02235174447,-187500.02235174447
$SILENCE,2056.36048988825,-7952.14718009796,6326.281288418924,12258.23310115732,-187500.02235174447,-187500.02235174447,-187500.02235174447,-187500.02235174447
$SILENCE,2184.368930383793,-7972.934302441395,6427.892318712749,12217.240001826287,-187500.02235174447,-187500.02235174447,-187500.02235174447,-187500.02235174447
$SILENCE,2440.922253241808,-7912.159909267415,6977.745232313304,12156.130332485478,-187500.02235174447,-187500.02235174447,-187500.02235174447,-187500.02235174447
$SILENCE,2346.977871296152,-7891.395138668435,6920.569469996628,12181.343100231064,-187500.02235174447,-187500.02235174447,-187500.02235174447,-187500.02235174447
$SILENCE,2084.3448739462942,-7943.564110227122,6391.570733972876,12242.966859694347,-187500.02235174447,-187500.02235174447,-187500.02235174447,-187500.02235174447
$SILENCE,2123.7509994210004,-7979.036328677694,6330.081084976326,12224.839594941091,-187500.02235174447,-187500.02235174447,-187500.02235174447,-187500.02235174447
$SILENCE,2405.919421424797,-7922.061732061116,6902.531612221195,12158.589024375562,-187500.02235174447,-187500.02235174447,-187500.02235174447,-187500.02235174447
$SILENCE,2374.6716826762777,-7885.159001965404,6978.169915457955,12171.620091393006,-187500.02235174447,-187500.02235174447,-187500.02235174447,-187500.02235174447
$SILENCE,2115.771426650456,-7925.392141984957,6487.817345597428,12236.41779856894,-187500.02235174447,-187500.02235174447,-187500.02235174447,-187500.02235174447
$SILENCE,2080.7238913445344,-7975.638863520488,6281.57779950831,12243.592708539094,-187500.02235174447,-187500.02235174447,-187500.02235174447,-187500.02235174447
$SILENCE,2376.169249554783,-7936.635069445976,6820.120730414478,12177.073917040101,-187500.02235174447,-187500.02235174447,-187500.02235174447,-187500.02235174447
$SILENCE,2413.988401173163,-7893.317388691591,7019.364180489085,12170.278986725687,-187500.02235174447,-187500.02235174447,-187500.02235174447,-187500.02235174447
$SILENCE,2160.6537295167127,-7924.565127440111,6576.754936785095,12217.619981482028,-187500.02235174447,-187500.02235174447,-187500.02235174447,-187500.02235174447
$SILENCE,2044.6258240492136,-7977.583465288099,6238.327173987291,12229.824033954625,-187500.02235174447,-187500.02235174447,-187500.02235174447,-187500.02235174447
$SILENCE,2323.307373917982,-7946.961575384328,6709.636057571895,12169.541379158662,-187500.02235174447,-187500.02235174447,-187500.02235174447,-187500.02235174447
$SILENCE,2426.3489158569478,-7894.032644514161,7037.513796986795,12157.516140641706,-187500.02235174447,-187500.02235174447,-187500.02235174447,-187500.02235174447
$SILENCE,2210.34165744086,-7913.23279300127,6683.909199703837,12215.429510525408,-187500.02235174447,-187500.02235174447,-187500.02235174447,-187500.02235174447
$SILENCE,2035.1486844001633,-7976.979968187806,6242.149322289148,12244.0397434282,-187500.02235174447,-187500.02235174447,-187500.02235174447,-187500.02235174447
$SILENCE,2271.361919803848,-7962.674851736409,6605.342817943432,12180.31491998612,-187500.02235174447,-187500.02235174447,-187500.02235174447,-187500.02235174447
$SILENCE,2437.5918433179672,-7895.664321859399,7040.911262144001,12148.664849837405,-187500.02235174447,-187500.02235174447,-187500.02235174447,-187500.02235174447
$SILENCE,2253.435820750692,-7901.207554484315,6775.3725380149535,12196.296417271664,-187500.02235174447,-187500.02235174447,-187500.02235174447,-187500.02235174447
$SILENCE,2032.511178554437,-7963.591273259077,6271.139534847682,12241.446941071385,-187500.02235174447,-187500.02235174447,-187500.02235174447,-187500.02235174447
$SILENCE,2211.5262998969915,-7972.19669487437,6491.6841973881965,12196.922266116413,-187500.02235174447,-187500.02235174447,-187500.02235174447,-187500.02235174447
$SILENCE,2426.2595088791263,-7906.840194087053,7009.127081528554,12147.323745170086,-187500.02235174447,-187500.02235174447,-187500.02235174447,-187500.02235174447
$SILENCE,2287.9022107007754,-7899.553525394622,6861.672623356894,12182.863018854025,-187500.02235174447,-187500.02235174447,-187500.02235174447,-187500.02235174447
$SILENCE,2040.0660681803308,-7957.1539708559485,6324.9178320071505,12233.713237489848,-187500.02235174447,-187500.02235174447,-187500.02235174447,-187500.02235174447
$SILENCE,2145.7227642205676,-7979.9303984559065,6387.100385081814,12206.332350532097,-187500.02235174447,-187500.02235174447,-187500.02235174447,-187500.02235174447
$SILENCE,2412.356723827925,-7918.5301564371775,6951.973670956335,12149.916547526902,-187500.02235174447,-187500.02235174447,-187500.02235174447,-187500.02235174447
$SILENCE,2336.6737171022555,-7894.434975914357,6935.99217367079,12175.352832717042,-187500.02235174447,-187500.02235174447,-187500.02235174447,-187500.02235174447
$SILENCE,2072.990187762998,-7939.876072391996,6411.486138282555,12234.249679356775,-187500.02235174447,-187500.02235174447,-187500.02235174447,-187500.02235174447
$SILENCE,2096.057188040875,-7980.086860667094,6310.523308577933,12220.32454256112,-187500.02235174447,-187500.02235174447,-187500.02235174447,-187500.02235174447
$SILENCE,2379.9243426232747,-7931.360057754524,6875.016614796712,12154.565710373607,-187500.02235174447,-187500.02235174447,-187500.02235174447,-187500.02235174447
$SILENCE,2361.439449958736,-7897.027778271173,6982.215581204365,12161.159474987922,-187500.02235174447,-187500.02235174447,-187500.02235174447,-187500.02235174447
$SILENCE,2103.7238363890456,-7933.796397900152,6497.383892224299,12216.882373915003,-187500.02235174447,-187500.02235174447,-187500.02235174447,-187500.02235174447
$SILENCE,2047.64330955068,-7984.512506069244,6252.297014271858,12216.681208214904,-187500.02235174447,-187500.02235174447,-187500.02235174447,-187500.02235174447
$SILENCE,2341.6134526268784,-7944.18995907187,6783.48622125223,12150.251823693732,-187500.02235174447,-187500.02235174447,-187500.02235174447,-187500.02235174447
$SILENCE,2391.3237322954815,-7893.093871247038,7018.358351988596,12148.463684137307,-187500.02235174447,-187500.02235174447,-187500.02235174447,-187500.02235174447
$SILENCE,2148.024993899464,-7921.681752405376,6597.318541683977,12207.315827288132,-187500.02235174447,-187500.02235174447,-187500.02235174447,-187500.02235174447
$SILENCE,2025.1351028841857,-7982.254979879258,6233.767418118408,12233.355609578564,-187500.02235174447,-187500.02235174447,-187500.02235174447,-187500.02235174447
$SILENCE,2294.495975315091,-7956.14814235546,6682.098708402957,12165.719230856805,-187500.02235174447,-187500.02235174447,-187500.02235174447,-187500.02235174447
$SILENCE,2412.9378691837633,-7899.978208539273,7038.921956887479,12142.763989301204,-187500.02235174447,-187500.02235174447,-187500.02235174447,-187500.02235174447
$SILENCE,2200.573945113891,-7917.881955847974,6701.790595268082,12192.74248990327,-187500.02235174447,-187500.02235174447,-187500.02235174447,-187500.02235174447
$SILENCE,2018.317820825317,-7974.141296641982,6247.670203169609,12231.1874903664,-187500.02235174447,-187500.02235174447,-187500.02235174447,-187500.02235174447
$SILENCE,2243.243425279072,-7969.156857628448,6574.2738931505555,12178.437373451874,-187500.02235174447,-187500.02235174447,-187500.02235174447,-187500.02235174447
$SILENCE,2428.1370554133723,-7907.980133054273,7024.169805546976,12148.441332392853,-187500.02235174447,-187500.02235174447,-187500.02235174447,-187500.02235174447
$SILENCE,2255.2239603071166,-7909.410644699413,6792.113994611978,12193.167173047921,-187500.02235174447,-187500.02235174447,-187500.02235174447,-187500.02235174447
$SILENCE,2020.3965330596607,-7969.715651239831,6278.113279117737,12227.99119090929,-187500.02235174447,-187500.02235174447,-187500.02235174447,-187500.02235174447
$SILENCE,2184.3242268948825,-7980.332729856102,6457.530731860487,12180.40432696394,-187500.02235174447,-187500.02235174447,-187500.02235174447,-187500.02235174447
$SILENCE,2419.531633798079,-7915.132691279971,6989.345787685608,12131.87868975147,-187500.02235174447,-187500.02235174447,-187500.02235174447,-187500.02235174447
$SILENCE,2294.831251481921,-7902.056920773616,6875.307187474631,12170.07782102559,-187500.02235174447,-187500.02235174447,-187500.02235174447,-187500.02235174447
$SILENCE,2043.5082368264482,-7954.739982454776,6351.427000931144,12232.618002011539,-187500.02235174447,-187500.02235174447,-187500.02235174447,-187500.02235174447
$SILENCE,2126.433208755637,-7985.071299680627,6374.8739808647615,12203.471327241818,-187500.02235174447,-187500.02235174447,-187500.02235174447,-187500.02235174447
$SILENCE,2399.8173951884983,-7926.688543163365,6936.640374259994,12138.897137510436,-187500.02235174447,-187500.02235174447,-187500.02235174447,-187500.02235174447
$SILENCE,2340.697031104211,-7903.822708585586,6942.56358654065,12162.165303488411,-187500.02235174447,-187500.02235174447,-187500.02235174447,-187500.02235174447
$SILENCE,2078.488716899004,-7951.0519446196495,6422.393789576744,12222.067978628635,-187500.02235174447,-187500.02235174447,-187500.02235174447,-187500.02235174447
$SILENCE,2080.478022155526,-7990.1451456719815,6285.511706532444,12203.761899919737,-187500.02235174447,-187500.02235174447,-187500.02235174447,-187500.02235174447
$SILENCE,2380.2596187901045,-7942.535929982178,6864.868922814003,12142.004029989725,-187500.02235174447,-187500.02235174447,-187500.02235174447,-187500.02235174447
$SILENCE,2388.529764238568,-7897.295999204636,7032.618764951082,12147.480207381273,-187500.02235174447,-187500.02235174447,-187500.02235174447,-187500.02235174447
$SILENCE,2112.1951475376068,-7933.774046155697,6517.2769447895225,12208.031083110702,-187500.02235174447,-187500.02235174447,-187500.02235174447,-187500.02235174447
$SILENCE,2056.673414310624,-7985.026596191717,6272.413584281634,12217.03883612619,-187500.02235174447,-187500.02235174447,-187500.02235174447,-187500.02235174447
$SILENCE,2320.625164583345,-7949.912005652429,6745.28708997811,12157.627899363983,-187500.02235174447,-187500.02235174447,-187500.02235174447,-187500.02235174447
$SILENCE,2411.1944331162495,-7897.94419979384,7046.834474424658,12144.686239324361,-187500.02235174447,-187500.02235174447,-187500.02235174447,-187500.02235174447
$SILENCE,2153.098839890819,-7928.85666237553,6607.332123199955,12204.410100508941,-187500.02235174447,-187500.02235174447,-187500.02235174447,-187500.02235174447
$SILENCE,2026.386800573683,-7987.954674715362,6246.172636291103,12223.811414696147,-187500.02235174447,-187500.02235174447,-187500.02235174447,-187500.02235174447
$SILENCE,2261.3706900323264,-7965.938206426884,6635.137693302357,12169.384916947474,-187500.02235174447,-187500.02235174447,-187500.02235174447,-187500.02235174447
$SILENCE,2415.396561073847,-7902.906287062918,7044.10756160111,12144.328611413075,-187500.02235174447,-187500.02235174447,-187500.02235174447,-187500.02235174447
$SILENCE,2204.306686437927,-7915.155043024426,6710.954810494758,12198.285722528188,-187500.02235174447,-187500.02235174447,-187500.02235174447,-187500.02235174447
$SILENCE,2006.739617197468,-7977.806982732652,6232.962755318017,12228.728798476315,-187500.02235174447,-187500.02235174447,-187500.02235174447,-187500.02235174447
$SILENCE,2218.3882854447706,-7976.801154232163,6530.285660062512,12166.054507023635,-187500.02235174447,-187500.02235174447,-187500.02235174447,-187500.02235174447
$SILENCE,2413.8095872175204,-7913.23279300127,7013.552726930706,12128.905907738914,-187500.02235174447,-187500.02235174447,-187500.02235174447,-187500.02235174447
$SILENCE,2251.848846894365,-7905.588496397555,6809.995390176224,12177.990338562768,-187500.02235174447,-187500.02235174447,-187500.02235174447,-187500.02235174447
$SILENCE,2019.2789458368954,-7963.524218025711,6294.944142692583,12234.540252034694,-187500.02235174447,-187500.02235174447,-187500.02235174447,-187500.02235174447
$SILENCE,2163.2688836179836,-7980.265674622736,6438.867025240305,12195.402347493453,-187500.02235174447,-187500.02235174447,-187500.02235174447,-187500.02235174447
$SILENCE,2408.0204854035956,-7920.921793093896,6983.042595749212,12139.880614266469,-187500.02235174447,-187500.02235174447,-187500.02235174447,-187500.02235174447
$SILENCE,2299.5474695619905,-7901.94516205134,6896.206068540343,12175.732812372782,-187500.02235174447,-187500.02235174447,-187500.02235174447,-187500.02235174447
$SILENCE,2044.2458443934734,-7953.488284765278,6365.799172615907,12234.003810167767,-187500.02235174447,-187500.02235174447,-187500.02235174447,-187500.02235174447
$SILENCE,2108.4400544691152,-7990.882753239007,6346.286099706424,12203.493678986273,-187500.02235174447,-187500.02235174447,-187500.02235174447,-187500.02235174447
$SILENCE,2386.9651421266967,-7933.125845566493,6914.579202482606,12138.315992154598,-187500.02235174447,-187500.02235174447,-187500.02235174447,-187500.02235174447
$SILENCE,2342.08283926044,-7900.537002150656,6957.5169035812505,12154.096323740045,-187500.02235174447,-187500.02235174447,-187500.02235174447,-187500.02235174447
não,2078.7792895769226,-7943.3629445270235,6451.51811260201,12209.908629644946,-187500.02235174447,-187500.02235174447,-187500.02235174447,-187500.02235174447
não,2067.446955138082,-7985.518334569733,6288.797412967374,12209.551001733662,-187500.02235174447,-187500.02235174447,-187500.02235174447,-187500.02235174447
não,2358.623130157367,-7939.607851458532,6845.065277226601,12156.97969877478,-187500.02235174447,-187500.02235174447,-187500.02235174447,-187500.02235174447
não,2377.8679821333867,-7896.80426082662,7012.725712385859,12156.733829585772,-187500.02235174447,-187500.02235174447,-187500.02235174447,-187500.02235174447
não,2129.115418090274,-7933.058790333127,6552.860921962371,12211.94263839038,-187500.02235174447,-187500.02235174447,-187500.02235174447,-187500.02235174447
não,2036.0874576672863,-7986.837087492596,6241.523473444399,12224.817243196636,-187500.02235174447,-187500.02235174447,-187500.02235174447,-187500.02235174447
não,2322.9050425177866,-7951.566034742122,6739.676802119828,12163.774629089194,-187500.02235174447,-187500.02235174447,-187500.02235174447,-187500.02235174447
não,2412.9378691837633,-7896.580743382066,7037.759666175803,12148.910719026413,-187500.02235174447,-187500.02235174447,-187500.02235174447,-187500.02235174447
não,2184.123061194785,-7923.156967539427,6655.947167390248,12191.55784744714,-187500.02235174447,-187500.02235174447,-187500.02235174447,-187500.02235174447
não,2027.9514226855545,-7978.142258899482,6258.421392252611,12203.337216775086,-187500.02235174447,-187500.02235174447,-187500.02235174447,-187500.02235174447
não,2266.6904052126893,-7962.049002891661,6625.50409144212,12167.954405302335,-187500.02235174447,-187500.02235174447,-187500.02235174447,-187500.02235174447
não,2449.2594539236375,-7899.687635861354,7068.2250938683865,12153.35871617302,-187500.02235174447,-187500.02235174447,-187500.02235174447,-187500.02235174447
não,2239.3318699993933,-7910.930563322373,6753.065497048557,12197.637521938983,-187500.02235174447,-187500.02235174447,-187500.02235174447,-187500.02235174447
não,2044.9163967271325,-7974.4095175754455,6274.715813960531,12232.394484566985,-187500.02235174447,-187500.02235174447,-187500.02235174447,-187500.02235174447
não,2232.1122565403293,-7974.968311186828,6521.0320378580145,12191.669606169417,-187500.02235174447,-187500.02235174447,-187500.02235174447,-187500.02235174447
não,2445.4149538773245,-7910.8411563445525,7020.571174689672,12144.35096315753,-187500.02235174447,-187500.02235174447,-187500.02235174447,-187500.02235174447
não,2278.112146629351,-7895.731377092765,6825.507500828207,12166.233320979276,-187500.02235174447,-187500.02235174447,-187500.02235174447,-187500.02235174447
não,2033.0699721658198,-7957.712764467331,6294.00536942546,12214.602495980562,-187500.02235174447,-187500.02235174447,-187500.02235174447,-187500.02235174447
não,2172.8354302448547,-7985.652445036465,6414.302458083923,12186.863981111524,-187500.02235174447,-187500.02235174447,-187500.02235174447,-187500.02235174447
não,2435.2896136390705,-7931.941203110362,6972.805496788681,12135.365561886498,-187500.02235174447,-187500.02235174447,-187500.02235174447,-187500.02235174447
não,2341.926377049253,-7909.477699932779,6921.217670585832,12163.282890711176,-187500.02235174447,-187500.02235174447,-187500.02235174447,-187500.02235174447
não,2093.5314409174252,-7958.00333714525,6402.210164333602,12228.147653120477,-187500.02235174447,-187500.02235174447,-187500.02235174447,-187500.02235174447
não,2141.4982845185145,-7991.061567194649,6351.985794542527,12210.288609300687,-187500.02235174447,-187500.02235174447,-187500.02235174447,-187500.02235174447
não,2422.9738024441963,-7935.4951304787555,6922.871699675525,12150.788265560659,-187500.02235174447,-187500.02235174447,-187500.02235174447,-187500.02235174447
não,2391.882525906864,-7906.393159197946,6986.90944753998,12162.008841277224,-187500.02235174447,-187500.02235174447,-187500.02235174447,-187500.02235174447
não,2133.630470470246,-7945.307546294635,6487.683235130696,12218.826975682614,-187500.02235174447,-187500.02235174447,-187500.02235174447,-187500.02235174447
não,2098.9182113311545,-7991.0839189391045,6280.929598919106,12218.290533815687,-187500.02235174447,-187500.02235174447,-187500.02235174447,-187500.02235174447
não,2392.798947429532,-7947.274499806703,6831.54247183114,12159.907777298426,-187500.02235174447,-187500.02235174447,-187500.02235174447,-187500.02235174447
não,2427.95824145773,-7903.778005096675,7025.622668936571,12159.147817986945,-187500.02235174447,-187500.02235174447,-187500.02235174447,-187500.02235174447
não,2185.9112007512094,-7934.869281634007,6589.204858446701,12217.910554159947,-187500.02235174447,-187500.02235174447,-187500.02235174447,-187500.02235174447
não,2084.9260193021323,-7991.173325916926,6264.344604533268,12237.401275324974,-187500.02235174447,-187500.02235174447,-187500.02235174447,-187500.02235174447
não,2350.80001959801,-7965.379412815501,6722.175386211323,12160.533626143173,-187500.02235174447,-187500.02235174447,-187500.02235174447,-187500.02235174447
não,2446.9572242447407,-7911.444653444845,7034.451607996418,12143.166320701399,-187500.02235174447,-187500.02235174447,-187500.02235174447,-187500.02235174447
não,2229.2065297611393,-7931.42711298789,6681.741080491672,12201.839649896581,-187500.02235174447,-187500.02235174447,-187500.02235174447,-187500.02235174447
não,2061.3672806462387,-7984.1548781579595,6256.387383507179,12235.61313576855,-187500.02235174447,-187500.02235174447,-187500.02235174447,-187500.02235174447
não,2310.209251667172,-7970.34150008458,6631.002620578125,12180.538437430674,-187500.02235174447,-187500.02235174447,-187500.02235174447,-187500.02235174447
não,2478.875515326919,-7910.483528433268,7057.764477463303,12146.139102713956,-187500.02235174447,-187500.02235174447,-187500.02235174447,-187500.02235174447
não,2286.5164025445465,-7921.771159383197,6784.335587541532,12182.50539094274,-187500.02235174447,-187500.02235174447,-187500.02235174447,-187500.02235174447
não,2086.6918071141013,-7980.3997850894675,6326.9741924970385,12223.520842018228,-187500.02235174447,-187500.02235174447,-187500.02235174447,-187500.02235174447
não,2259.895474898276,-7986.144183414482,6537.505273521576,12182.930074087391,-187500.02235174447,-187500.02235174447,-187500.02235174447,-187500.02235174447
não,2476.0368437810953,-7925.95093559634,7027.701381170915,12125.486090837252,-187500.02235174447,-187500.02235174447,-187500.02235174447,-187500.02235174447
não,2351.984662054141,-7902.794528340642,6911.740530936781,12183.399460720953,-187500.02235174447,-187500.02235174447,-187500.02235174447,-187500.02235174447
não,2108.7976823804,-7958.360965056535,6370.895370351716,12242.743342249792,-187500.02235174447,-187500.02235174447,-187500.02235174447,-187500.02235174447
não,2195.0307124889746,-7996.157764930459,6405.8087951909065,12187.690995656372,-187500.02235174447,-187500.02235174447,-187500.02235174447,-187500.02235174447
não,2456.926102271808,-7934.802226400641,6971.822020032647,12126.849547249025,-187500.02235174447,-187500.02235174447,-187500.02235174447,-187500.02235174447
não,2384.1264705808726,-7905.856717331018,6966.770525785748,12157.896120297448,-187500.02235174447,-187500.02235174447,-187500.02235174447,-187500.02235174447
não,2088.7481676039897,-7970.542665784677,6371.54357094092,12205.952370876357,-187500.02235174447,-187500.02235174447,-187500.02235174447,-187500.02235174447
não,2141.8112089408887,-7999.82345102113,6299.123918905726,12195.84938238256,-187500.02235174447,-187500.02235174447,-187500.02235174447,-187500.02235174447
não,2429.656974036333,-7952.9294911538955,6885.45487945734,12137.623088076483,-187500.02235174447,-187500.02235174447,-187500.02235174447,-187500.02235174447
não,2426.3489158569478,-7909.656513888421,7031.545881217227,12155.437428407364,-187500.02235174447,-187500.02235174447,-187500.02235174447,-187500.02235174447
não,2183.184287927662,-7936.389200256968,6584.108660710891,12225.733664719304,-187500.02235174447,-187500.02235174447,-187500.02235174447,-187500.02235174447
não,2092.3691502057495,-8026.220861222847,6262.28824404338,12195.737623660281,-187500.02235174447,-187500.02235174447,-187500.02235174447,-187500.02235174447
não,2382.2042205577163,-7974.76714548673,6777.4288985048415,12123.20621290281,-187500.02235174447,-187500.02235174447,-187500.02235174447,-187500.02235174447
não,2454.5121138706345,-7911.243487744748,7029.087189327144,12127.1624716714,-187500.02235174447,-187500.02235174447,-187500.02235174447,-187500.02235174447
não,2197.2658869345055,-7961.825485447108,6604.336989442943,12173.74350711626,-187500.02235174447,-187500.02235174447,-187500.02235174447,-187500.02235174447
não,2079.673359355135,-8009.2782389257245,6253.5263602169,12205.70650168735,-187500.02235174447,-187500.02235174447,-187500.02235174447,-187500.02235174447
não,2356.3879557118366,-7976.421174576423,6701.812947012538,12146.586137603063,-187500.02235174447,-187500.02235174447,-187500.02235174447,-187500.02235174447
não,2457.954282516752,-7934.265784533714,7042.364125533596,12106.06242490559,-187500.02235174447,-187500.02235174447,-187500.02235174447,-187500.02235174447
não,2250.887721882787,-7947.498017251256,6722.130682722412,12175.844571095058,-187500.02235174447,-187500.02235174447,-187500.02235174447,-187500.02235174447
não,2074.93478953061,-8008.0488929806825,6273.419412782123,12214.781309936203,-187500.02235174447,-187500.02235174447,-187500.02235174447,-187500.02235174447
não,2305.0236469535407,-7990.592180561088,6602.839422564438,12163.327594200087,-187500.02235174447,-187500.02235174447,-187500.02235174447,-187500.02235174447
não,2473.1311170019053,-7926.800301885642,7042.766456933792,12114.801956987616,-187500.02235174447,-187500.02235174447,-187500.02235174447,-187500.02235174447
não,2287.857507211865,-7927.694371663853,6788.805936432593,12148.307221926121,-187500.02235174447,-187500.02235174447,-187500.02235174447,-187500.02235174447
não,2044.9611002160432,-8009.322942414635,6270.468982514022,12199.112737073034,-187500.02235174447,-187500.02235174447,-187500.02235174447,-187500.02235174447
não,2208.799387073444,-8031.54057640321,6475.702700102652,12163.461704666819,-187500.02235174447,-187500.02235174447,-187500.02235174447,-187500.02235174447
não,2443.1127241984277,-7959.299738323658,6993.100880754099,12111.136270896945,-187500.02235174447,-187500.02235174447,-187500.02235174447,-187500.02235174447
não,2327.8000745534987,-7930.488339720767,6873.2284752402875,12140.30529741112,-187500.02235174447,-187500.02235174447,-187500.02235174447,-187500.02235174447
não,2098.739397375512,-7977.739927499286,6384.7981554029175,12194.932960859891,-187500.02235174447,-187500.02235174447,-187500.02235174447,-187500.02235174447
não,2164.565284796391,-8013.458015138867,6387.7932891599285,12161.718268599305,-187500.02235174447,-187500.02235174447,-187500.02235174447,-187500.02235174447
não,2418.592860530956,-7967.927511683406,6933.42172305843,12110.309256352099,-187500.02235174447,-187500.02235174447,-187500.02235174447,-187500.02235174447
não,2371.9000663638194,-7932.410589743923,6980.516848625762,12133.175090929877,-187500.02235174447,-187500.02235174447,-187500.02235174447,-187500.02235174447
não,2092.279743227928,-7985.33952061409,6400.176155588169,12177.543303673661,-187500.02235174447,-187500.02235174447,-187500.02235174447,-187500.02235174447
não,2098.113548530763,-8019.850614053084,6285.399947810167,12163.908739555925,-187500.02235174447,-187500.02235174447,-187500.02235174447,-187500.02235174447
não,2388.015674116096,-7956.014031888728,6830.156663674911,12122.088625680046,-187500.02235174447,-187500.02235174447,-187500.02235174447,-187500.02235174447
não,2384.752319425621,-7932.120017066004,6976.270017179253,12110.44336681883,-187500.02235174447,-187500.02235174447,-187500.02235174447,-187500.02235174447
não,2127.6178512117685,-7986.255942136758,6516.829909900416,12167.194445990855,-187500.02235174447,-187500.02235174447,-187500.02235174447,-187500.02235174447
não,2053.0524317088643,-8042.470579441855,6227.330115715279,12173.184713504877,-187500.02235174447,-187500.02235174447,-187500.02235174447,-187500.02235174447
não,2344.1391997503283,-7995.420157363434,6730.154958981867,12118.579401800562,-187500.02235174447,-187500.02235174447,-187500.02235174447,-187500.02235174447
não,2417.877604708386,-7939.384334013979,7009.1717850174655,12112.231506375254,-187500.02235174447,-187500.02235174447,-187500.02235174447,-187500.02235174447
não,2184.726558295078,-7964.351232570557,6600.82776556346,12163.55111164464,-187500.02235174447,-187500.02235174447,-187500.02235174447,-187500.02235174447
não,2044.6928792825795,-8022.666933854453,6214.589621375754,12192.496620714262,-187500.02235174447,-187500.02235174447,-187500.02235174447,-187500.02235174447
não,2295.725321260133,-8005.813718535152,6634.511844457608,12130.87286125098,-187500.02235174447,-187500.02235174447,-187500.02235174447,-187500.02235174447
não,2435.133151427883,-7944.659345705431,7032.507006228806,12118.467643078286,-187500.02235174447,-187500.02235174447,-187500.02235174447,-187500.02235174447
não,2233.4533612076475,-7956.706935966842,6718.062665231546,12162.165303488411,-187500.02235174447,-187500.02235174447,-187500.02235174447,-187500.02235174447
não,2033.8746349662108,-8015.715541328853,6227.285412226369,12187.109850300534,-187500.02235174447,-187500.02235174447,-187500.02235174447,-187500.02235174447
não,2239.9353670996866,-8010.3958261484895,6519.601526212875,12138.181881687866,-187500.02235174447,-187500.02235174447,-187500.02235174447,-187500.02235174447
não,2424.784293745076,-7945.978098628295,6995.33605519963,12106.688273750338,-187500.02235174447,-187500.02235174447,-187500.02235174447,-187500.02235174447
não,2268.053861624463,-7945.396953272457,6788.1130323544785,12152.777570817181,-187500.02235174447,-187500.02235174447,-187500.02235174447,-187500.02235174447
não,2034.746352999968,-8002.662122566953,6269.127877846704,12199.22449579531,-187500.02235174447,-187500.02235174447,-187500.02235174447,-187500.02235174447
não,2179.1386221812513,-8019.001247763783,6414.101292383825,12159.93012904288,-187500.02235174447,-187500.02235174447,-187500.02235174447,-187500.02235174447
não,2429.0981804249504,-7956.483418522289,6961.47316234984,12112.92441045337,-187500.02235174447,-187500.02235174447,-187500.02235174447,-187500.02235174447
não,2325.2966791745043,-7938.847892147052,6883.845553856559,12142.138140456456,-187500.02235174447,-187500.02235174447,-187500.02235174447,-187500.02235174447
não,2060.450859123571,-7996.314227141646,6349.594157885809,12186.349890989053,-187500.02235174447,-187500.02235174447,-187500.02235174447,-187500.02235174447
não,2125.963822122076,-8030.1771199914365,6334.752599567485,12153.78339931767,-187500.02235174447,-187500.02235174447,-187500.02235174447,-187500.02235174447
não,2412.1332063833725,-7970.587369273588,6914.0204088712235,12096.16060211189,-187500.02235174447,-187500.02235174447,-187500.02235174447,-187500.02235174447
não,2356.8126388564874,-7942.982964871284,6951.928967467424,12110.06338716309,-187500.02235174447,-187500.02235174447,-187500.02235174447,-187500.02235174447
não,2092.8832403282213,-7991.396843361479,6443.762057276018,12166.099210512544,-187500.02235174447,-187500.02235174447,-187500.02235174447,-187500.02235174447
não,2084.4342809241152,-8036.815588094662,6275.632235483198,12165.02632677869,-187500.02235174447,-187500.02235174447,-187500.02235174447,-187500.02235174447
não,2377.398595499825,-7989.273427638224,6831.833044509059,12091.690253220828,-187500.02235174447,-187500.02235174447,-187500.02235174447,-187500.02235174447
não,2396.1964125867385,-7940.166645069915,7024.326267758163,12092.517267765674,-187500.02235174447,-187500.02235174447,-187500.02235174447,-187500.02235174447
não,2125.740304677523,-7980.332729856102,6530.0174391290475,12160.421867420897,-187500.02235174447,-187500.02235174447,-187500.02235174447,-187500.02235174447
não,2047.5986060617695,-8026.958468789872,6254.7780579063965,12171.26246348172,-187500.02235174447,-187500.02235174447,-187500.02235174447,-187500.02235174447
não,2300.1286149178286,-7998.191773675892,6700.449490600764,12106.196535372323,-187500.02235174447,-187500.02235174447,-187500.02235174447,-187500.02235174447
não,2394.6764939637774,-7949.688488207876,6999.515831412773,12087.711642707784,-187500.02235174447,-187500.02235174447,-187500.02235174447,-187500.02235174447
não,2171.00258719952,-7971.727308240808,6628.0968937989355,12134.940878741847,-187500.02235174447,-187500.02235174447,-187500.02235174447,-187500.02235174447
não,2016.6637917356245,-8030.422989180445,6221.161034245615,12157.762009830716,-187500.02235174447,-187500.02235174447,-187500.02235174447,-187500.02235174447
não,2266.153963345762,-8013.972105261339,6619.893803583837,12105.481279549753,-187500.02235174447,-187500.02235174447,-187500.02235174447,-187500.02235174447
não,2413.2284418616823,-7947.073334106605,7026.784959648247,12086.214075829277,-187500.02235174447,-187500.02235174447,-187500.02235174447,-187500.02235174447
não,2214.923765054198,-7954.851741177052,6736.391095684898,12138.87478576598,-187500.02235174447,-187500.02235174447,-187500.02235174447,-187500.02235174447
não,2011.5899457442697,-8014.575602361632,6247.446685725055,12178.54913217415,-187500.02235174447,-187500.02235174447,-187500.02235174447,-187500.02235174447
não,2202.272677692494,-8019.783558819719,6500.826060870417,12118.132366911455,-187500.02235174447,-187500.02235174447,-187500.02235174447,-187500.02235174447
não,2410.702694738233,-7951.834255675585,7001.438081435929,12075.686404190828,-187500.02235174447,-187500.02235174447,-187500.02235174447,-187500.02235174447
não,2269.730242458611,-7945.933395139385,6835.096399199534,12119.518175067686,-187500.02235174447,-187500.02235174447,-187500.02235174447,-187500.02235174447
não,2028.711381997035,-7998.281180653714,6310.679770789119,12170.927187314892,-187500.02235174447,-187500.02235174447,-187500.02235174447,-187500.02235174447
não,2155.356366080805,-8018.77773031923,6416.939963929649,12133.823291519082,-187500.02235174447,-187500.02235174447,-187500.02235174447,-187500.02235174447
não,2407.9310784257746,-7954.829389432596,6963.082487950622,12086.258779318188,-187500.02235174447,-187500.02235174447,-187500.02235174447,-187500.02235174447
não,2309.739865033611,-7932.388237999468,6904.833841900092,12120.63576229045,-187500.02235174447,-187500.02235174447,-187500.02235174447,-187500.02235174447
não,2048.224454906518,-7983.931360713406,6381.333635012345,12186.238132266777,-187500.02235174447,-187500.02235174447,-187500.02235174447,-187500.02235174447
não,2094.827842095833,-8019.91766928645,6326.616564585754,12165.987451790268,-187500.02235174447,-187500.02235174447,-187500.02235174447,-187500.02235174447
não,2383.344159524937,-7965.357061071046,6899.715292419826,12093.0537096326,-187500.02235174447,-187500.02235174447,-187500.02235174447,-187500.02235174447
não,2347.4472579297135,-7930.801264143141,6972.067889221656,12106.040073161135,-187500.02235174447,-187500.02235174447,-187500.02235174447,-187500.02235174447
não,2089.664589126657,-7970.1850378733925,6470.405336666744,12169.675489625393,-187500.02235174447,-187500.02235174447,-187500.02235174447,-187500.02235174447
não,2064.02713823642,-8015.670837839943,6266.803296423352,12177.297434484653,-187500.02235174447,-187500.02235174447,-187500.02235174447,-187500.02235174447
não,2354.376298710859,-7967.033441905194,6812.431730321852,12118.199422144822,-187500.02235174447,-187500.02235174447,-187500.02235174447,-187500.02235174447
não,2383.2100490582047,-7921.033551816172,7012.591601919127,12113.885535464948,-187500.02235174447,-187500.02235174447,-187500.02235174447,-187500.02235174447
não,2134.9492233931096,-7957.176322600404,6574.63152106184,12165.093382012055,-187500.02235174447,-187500.02235174447,-187500.02235174447,-187500.02235174447
não,2023.838701705778,-8013.435663394412,6234.974412318995,12179.1749810189,-187500.02235174447,-187500.02235174447,-187500.02235174447,-187500.02235174447
não,2301.1344434183175,-7981.740889756787,6707.892621504381,12120.971038457279,-187500.02235174447,-187500.02235174447,-187500.02235174447,-187500.02235174447
não,2408.3110580815146,-7929.23664203127,7036.530320230761,12110.35395984101,-187500.02235174447,-187500.02235174447,-187500.02235174447,-187500.02235174447
não,2189.219258930595,-7946.4698370063115,6682.813964225526,12162.74644884425,-187500.02235174447,-187500.02235174447,-187500.02235174447,-187500.02235174447
não,2037.8308937348002,-7995.911895741451,6276.995691894972,12193.167173047921,-187500.02235174447,-187500.02235174447,-187500.02235174447,-187500.02235174447
não,2248.3172712704268,-7985.741852014286,6601.654780108307,12142.942803256847,-187500.02235174447,-187500.02235174447,-187500.02235174447,-187500.02235174447
não,2418.14582564185,-7922.620525672499,7043.235843567353,12116.791262244138,-187500.02235174447,-187500.02235174447,-187500.02235174447,-187500.02235174447
não,2222.6798203801895,-7928.208461786326,6758.4075639733755,12155.571538874095,-187500.02235174447,-187500.02235174447,-187500.02235174447,-187500.02235174447
não,2012.1487393556524,-7990.815698005641,6251.514703215922,12184.2264752658,-187500.02235174447,-187500.02235174447,-187500.02235174447,-187500.02235174447
não,2195.0307124889746,-8001.499831855278,6483.078775772903,12136.840777020549,-187500.02235174447,-187500.02235174447,-187500.02235174447,-187500.02235174447
não,2417.207052374727,-7937.462083990823,7001.371026202563,12097.121727123467,-187500.02235174447,-187500.02235174447,-187500.02235174447,-187500.02235174447
não,2290.986751435608,-7924.743941395753,6858.1410477329555,12150.542396371651,-187500.02235174447,-187500.02235174447,-187500.02235174447,-187500.02235174447
não,2046.838646750289,-7982.9255322129175,6327.756503552974,12208.925152888913,-187500.02235174447,-187500.02235174447,-187500.02235174447,-187500.02235174447
não,2149.634319500246,-8007.087767969105,6389.000283360516,12156.197387718843,-187500.02235174447,-187500.02235174447,-187500.02235174447,-187500.02235174447
não,2417.9670116862076,-7946.4698370063115,6950.274938377731,12099.736881224739,-187500.02235174447,-187500.02235174447,-187500.02235174447,-187500.02235174447
não,2348.2966242190155,-7926.420322229901,6932.594708513583,12137.108997954012,-187500.02235174447,-187500.02235174447,-187500.02235174447,-187500.02235174447
não,2089.910458315666,-7973.247226863769,6409.496833026032,12184.382937476987,-187500.02235174447,-187500.02235174447,-187500.02235174447,-187500.02235174447
não,2118.028952840442,-8011.558116860166,6312.043227200893,12154.856283051526,-187500.02235174447,-187500.02235174447,-187500.02235174447,-187500.02235174447
não,2405.517090024601,-7958.226854589803,6881.073937544101,12087.845753174515,-187500.02235174447,-187500.02235174447,-187500.02235174447,-187500.02235174447
não,2383.6794356917662,-7920.4077029714235,6990.19515397491,12111.113919152489,-187500.02235174447,-187500.02235174447,-187500.02235174447,-187500.02235174447
não,2125.0026971104976,-7954.9858516437835,6508.693874918685,12186.975739833802,-187500.02235174447,-187500.02235174447,-187500.02235174447,-187500.02235174447
não,2068.139859216197,-8005.076110968127,6261.23771205398,12201.146745818467,-187500.02235174447,-187500.02235174447,-187500.02235174447,-187500.02235174447
não,2344.250958472605,-7969.648596006465,6780.647549706406,12129.710570539304,-187500.02235174447,-187500.02235174447,-187500.02235174447,-187500.02235174447
não,2390.7202351951883,-7920.161833782415,7013.888003097535,12115.606619788006,-187500.02235174447,-187500.02235174447,-187500.02235174447,-187500.02235174447
não,2157.680947504157,-7941.1277700814935,6601.855945808405,12179.130277529988,-187500.02235174447,-187500.02235174447,-187500.02235174447,-187500.02235174447
não,2040.0660681803308,-7999.219953920836,6242.082267055782,12208.075786599611,-187500.02235174447,-187500.02235174447,-187500.02235174447,-187500.02235174447
não,2312.2879639015155,-7975.750622242764,6689.608894539941,12141.534643356163,-187500.02235174447,-187500.02235174447,-187500.02235174447,-187500.02235174447
não,2430.171064158805,-7915.445615702345,7040.553634232716,12124.30144838112,-187500.02235174447,-187500.02235174447,-187500.02235174447,-187500.02235174447
não,2221.3834192017816,-7934.444598489356,6700.51654583413,12177.990338562768,-187500.02235174447,-187500.02235174447,-187500.02235174447,-187500.02235174447
não,2041.9212629701215,-8000.114023699049,6240.495293199456,12212.814356424136,-187500.02235174447,-187500.02235174447,-187500.02235174447,-187500.02235174447
não,2263.0694226109295,-7990.681587538909,6574.363300128377,12160.868902310003,-187500.02235174447,-187500.02235174447,-187500.02235174447,-187500.02235174447
não,2438.2176921627156,-7928.074351319594,7028.416636993485,12125.173166414877,-187500.02235174447,-187500.02235174447,-187500.02235174447,-187500.02235174447
não,2268.1656203467396,-7928.18611004187,6792.091642867523,12161.360640688019,-187500.02235174447,-187500.02235174447,-187500.02235174447,-187500.02235174447
não,2042.7035740260571,-7982.344386857079,6275.878104672206,12201.258504540743,-187500.02235174447,-187500.02235174447,-187500.02235174447,-187500.02235174447
não,2199.031674746475,-7999.197602176381,6454.267377170012,12146.250861436232,-187500.02235174447,-187500.02235174447,-187500.02235174447,-187500.02235174447
não,2446.8678172669192,-7934.601060700544,7011.541069929728,12099.20043935781,-187500.02235174447,-187500.02235174447,-187500.02235174447,-187500.02235174447
não,2317.4065133817808,-7916.384388969468,6885.186658523877,12142.093436967545,-187500.02235174447,-187500.02235174447,-187500.02235174447,-187500.02235174447
não,2052.538341586392,-7977.583465288099,6319.799282526885,12208.36635927753,-187500.02235174447,-187500.02235174447,-187500.02235174447,-187500.02235174447
não,2146.303909576405,-8007.154823202471,6358.378393456745,12179.59966416355,-187500.02235174447,-187500.02235174447,-187500.02235174447,-187500.02235174447
não,2414.010752917618,-7946.134560839482,6925.017467143234,12114.198459887322,-187500.02235174447,-187500.02235174447,-187500.02235174447,-187500.02235174447
não,2352.5211039210685,-7918.2395837592585,6930.471292790329,12136.460797364807,-187500.02235174447,-187500.02235174447,-187500.02235174447,-187500.02235174447
não,2104.7520166339896,-7964.306529081647,6427.914670457205,12192.474268969807,-187500.02235174447,-187500.02235174447,-187500.02235174447,-187500.02235174447
não,2108.0824265578303,-8007.2218784358365,6298.810994483351,12180.69489964186,-187500.02235174447,-187500.02235174447,-187500.02235174447,-187500.02235174447
não,2393.8047759300207,-7953.063601620627,6853.111905230511,12122.15568091341,-187500.02235174447,-187500.02235174447,-187500.02235174447,-187500.02235174447
não,2395.9281916532746,-7915.959705824817,6988.116441740566,12133.2644979077,-187500.02235174447,-187500.02235174447,-187500.02235174447,-187500.02235174447
não,2144.4710665310704,-7954.784685943686,6521.143796580291,12198.576295206107,-187500.02235174447,-187500.02235174447,-187500.02235174447,-187500.02235174447
não,2074.8230308083334,-8006.193698190892,6251.537054960377,12204.99124586478,-187500.02235174447,-187500.02235174447,-187500.02235174447,-187500.02235174447
não,2359.628958657856,-7968.709822739342,6760.262758763166,12124.614372803495,-187500.02235174447,-187500.02235174447,-187500.02235174447,-187500.02235174447
não,2425.745418756654,-7916.116168036005,7019.185366533443,12113.885535464948,-187500.02235174447,-187500.02235174447,-187500.02235174447,-187500.02235174447
não,2188.995741486042,-7942.446523004356,6616.205765748712,12170.502504170241,-187500.02235174447,-187500.02235174447,-187500.02235174447,-187500.02235174447
não,2049.8337805073,-8001.879811511018,6230.839339594762,12194.865905626524,-187500.02235174447,-187500.02235174447,-187500.02235174447,-187500.02235174447
não,2310.343362133904,-7988.289950882191,6652.9296818887815,12129.35294262802,-187500.02235174447,-187500.02235174447,-187500.02235174447,-187500.02235174447
não,2449.013584734629,-7929.840139131563,7034.518663229784,12112.25385811971,-187500.02235174447,-187500.02235174447,-187500.02235174447,-187500.02235174447
não,2249.144285815273,-7932.5223484662,6724.455264145764,12175.241073994765,-187500.02235174447,-187500.02235174447,-187500.02235174447,-187500.02235174447
não,2046.7268880280124,-7991.15097417247,6248.4972177144555,12214.133109347,-187500.02235174447,-187500.02235174447,-187500.02235174447,-187500.02235174447
não,2251.3571085163485,-7985.898314225473,6539.516930522554,12155.12450398499,-187500.02235174447,-187500.02235174447,-187500.02235174447,-187500.02235174447
não,2443.6715178098107,-7928.90136586444,7013.2845059972415,12113.505555809208,-187500.02235174447,-187500.02235174447,-187500.02235174447,-187500.02235174447
não,2289.0868531569067,-7930.577746698588,6811.627067521462,12146.988469003258,-187500.02235174447,-187500.02235174447,-187500.02235174447,-187500.02235174447
não,2059.7803067899117,-7988.468764837834,6293.983017681006,12196.65404518295,-187500.02235174447,-187500.02235174447,-187500.02235174447,-187500.02235174447
não,2208.240593462061,-8003.4667853673445,6436.587147305864,12160.421867420897,-187500.02235174447,-187500.02235174447,-187500.02235174447,-187500.02235174447
não,2452.679270825299,-7940.121941581005,6974.0124909892675,12098.529887024151,-187500.02235174447,-187500.02235174447,-187500.02235174447,-187500.02235174447
não,2344.6532898728,-7920.362999482513,6888.338254492075,12130.269364150688,-187500.02235174447,-187500.02235174447,-187500.02235174447,-187500.02235174447
não,2090.670417627146,-7972.599026274565,6362.602873158798,12201.616132452027,-187500.02235174447,-187500.02235174447,-187500.02235174447,-187500.02235174447
não,2153.3670608242824,-8011.111081971059,6342.553358382387,12170.100172770044,-187500.02235174447,-187500.02235174447,-187500.02235174447,-187500.02235174447
não,2430.3945816033583,-7950.671964963909,6912.411083270441,12107.135308639445,-187500.02235174447,-187500.02235174447,-187500.02235174447,-187500.02235174447
não,2380.751357168121,-7921.480586705278,6951.2360633893095,12130.537585084152,-187500.02235174447,-187500.02235174447,-187500.02235174447,-187500.02235174447
não,2122.3875430092266,-7966.362889571535,6443.695002042652,12190.060280568634,-187500.02235174447,-187500.02235174447,-187500.02235174447,-187500.02235174447
não,2111.9492783485985,-8006.998360991283,6277.174505850614,12184.159420032433,-187500.02235174447,-187500.02235174447,-187500.02235174447,-187500.02235174447
não,2402.566659756501,-7959.0315173901945,6830.424884608375,12114.712550009794,-187500.02235174447,-187500.02235174447,-187500.02235174447,-187500.02235174447
$SILENCE,2417.497625052646,-7916.339685480558,6995.33605519963,12120.367541356987,-187500.02235174447,-187500.02235174447,-187500.02235174447,-187500.02235174447
$SILENCE,2168.387433098249,-7949.2861568076805,6540.72392472314,12176.31395772862,-187500.02235174447,-187500.02235174447,-187500.02235174447,-187500.02235174447
$SILENCE,2083.763728590456,-8008.764148803252,6239.221243765503,12182.617149665017,-187500.02235174447,-187500.02235174447,-187500.02235174447,-187500.02235174447
$SILENCE,2369.7095954071997,-7978.76810774423,6734.267679961644,12119.652285534417,-187500.02235174447,-187500.02235174447,-187500.02235174447,-187500.02235174447
$SILENCE,2454.042727237073,-7925.99563908525,7028.148416060021,12110.912753452392,-187500.02235174447,-187500.02235174447,-187500.02235174447,-187500.02235174447
$SILENCE,2225.2726227370053,-7944.18995907187,6646.872359141393,12163.104076755533,-187500.02235174447,-187500.02235174447,-187500.02235174447,-187500.02235174447
$SILENCE,2069.7268330725233,-7995.777785274719,6231.286374483869,12195.13412655999,-187500.02235174447,-187500.02235174447,-187500.02235174447,-187500.02235174447
$SILENCE,2320.513405861069,-7980.422136833923,6622.017219307091,12144.26155617971,-187500.02235174447,-187500.02235174447,-187500.02235174447,-187500.02235174447
$SILENCE,2463.2516459526596,-7925.190976284859,7020.302953756208,12109.459890062797,-187500.02235174447,-187500.02235174447,-187500.02235174447,-187500.02235174447
$SILENCE,2268.3891377912923,-7936.2550897902365,6731.630174115918,12147.077875981078,-187500.02235174447,-187500.02235174447,-187500.02235174447,-187500.02235174447
$SILENCE,2073.0795947408196,-7990.77099451673,6251.022964837905,12191.289626513675,-187500.02235174447,-187500.02235174447,-187500.02235174447,-187500.02235174447
$SILENCE,2272.658320982256,-7992.335616628602,6514.170052310235,12146.228509691777,-187500.02235174447,-187500.02235174447,-187500.02235174447,-187500.02235174447
$SILENCE,2480.328378716514,-7933.170549055404,7008.903564084001,12106.01772141668,-187500.02235174447,-187500.02235174447,-187500.02235174447,-187500.02235174447
$SILENCE,2329.4764553876466,-7927.0461710746495,6827.094474684534,12142.428713134375,-187500.02235174447,-187500.02235174447,-187500.02235174447,-187500.02235174447
$SILENCE,2083.137879745708,-7984.534857813699,6298.453366572066,12194.84355388207,-187500.02235174447,-187500.02235174447,-187500.02235174447,-187500.02235174447
$SILENCE,2215.795483087955,-8009.613515092554,6406.054664379914,12157.426733663886,-187500.02235174447,-187500.02235174447,-187500.02235174447,-187500.02235174447
$SILENCE,2475.142774002883,-7948.101514351549,6961.316700138653,12109.705759251805,-187500.02235174447,-187500.02235174447,-187500.02235174447,-187500.02235174447
$SILENCE,2379.0302728450624,-7924.118092551004,6904.967952366824,12135.879652008969,-187500.02235174447,-187500.02235174447,-187500.02235174447,-187500.02235174447
$SILENCE,2115.056170827886,-7972.688433252387,6368.995472073016,12182.952425831847,-187500.02235174447,-187500.02235174447,-187500.02235174447,-187500.02235174447
$SILENCE,2161.704261506112,-8006.439567379901,6315.217174913547,12151.011783005213,-187500.02235174447,-187500.02235174447,-187500.02235174447,-187500.02235174447
$SILENCE,2454.5791691040004,-7949.777895185697,6894.529687706196,12093.232523588244,-187500.02235174447,-187500.02235174447,-187500.02235174447,-187500.02235174447
$SILENCE,2426.818302490509,-7916.607906414021,6969.720956053849,12123.742654769738,-187500.02235174447,-187500.02235174447,-187500.02235174447,-187500.02235174447
$SILENCE,2163.7159185070896,-7961.490209280278,6468.66190059923,12177.520951929208,-187500.02235174447,-187500.02235174447,-187500.02235174447,-187500.02235174447
$SILENCE,2131.7529239360006,-8014.01680875025,6264.232845810991,12185.187600277377,-187500.02235174447,-187500.02235174447,-187500.02235174447,-187500.02235174447
$SILENCE,2419.4422268202575,-7964.418287803923,6804.116881384478,12117.864145977992,-187500.02235174447,-187500.02235174447,-187500.02235174447,-187500.02235174447
$SILENCE,2455.428535393302,-7912.808109856619,7005.170822759966,12115.53956455464,-187500.02235174447,-187500.02235174447,-187500.02235174447,-187500.02235174447
$SILENCE,2215.2590412210275,-7945.754581183742,6565.668471535262,12166.345079701554,-187500.02235174447,-187500.02235174447,-187500.02235174447,-187500.02235174447
$SILENCE,2109.9152696031656,-8002.416253377945,6230.906394828128,12181.611321164528,-187500.02235174447,-187500.02235174447,-187500.02235174447,-187500.02235174447
$SILENCE,2387.8145084159983,-7976.130601898504,6707.445586615275,12120.59105880154,-187500.02235174447,-187500.02235174447,-187500.02235174447,-187500.02235174447
$SILENCE,2489.3808352209135,-7923.179319283881,7031.031791094755,12116.232468632756,-187500.02235174447,-187500.02235174447,-187500.02235174447,-187500.02235174447
$SILENCE,2266.5562947459575,-7933.818749644608,6667.726536718194,12165.138085500967,-187500.02235174447,-187500.02235174447,-187500.02235174447,-187500.02235174447
$SILENCE,2097.8229758528446,-7991.955636972862,6230.012325049916,12190.50731545774,-187500.02235174447,-187500.02235174447,-187500.02235174447,-187500.02235174447
$SILENCE,2341.1887694822276,-7987.3288258706125,6595.2845329385445,12134.49384385274,-187500.02235174447,-187500.02235174447,-187500.02235174447,-187500.02235174447
$SILENCE,2508.0221900966394,-7927.873185619496,7023.700418913415,12113.416148831386,-187500.02235174447,-187500.02235174447,-187500.02235174447,-187500.02235174447
$SILENCE,2325.3190309189595,-7933.327011266591,6761.022718074646,12152.464646394808,-187500.02235174447,-187500.02235174447,-187500.02235174447,-187500.02235174447
$SILENCE,2109.8482143697997,-7992.112099184049,6259.114296330727,12192.161344547432,-187500.02235174447,-187500.02235174447,-187500.02235174447,-187500.02235174447
$SILENCE,2287.1198996448397,-7996.381282375012,6477.2449704700675,12146.183806202866,-187500.02235174447,-187500.02235174447,-187500.02235174447,-187500.02235174447
$SILENCE,2508.40216975238,-7928.230813530781,6991.290389453219,12100.96622716978,-187500.02235174447,-187500.02235174447,-187500.02235174447,-187500.02235174447
$SILENCE,2379.7008251787215,-7921.927621594385,6849.312108673109,12139.143006699445,-187500.02235174447,-187500.02235174447,-187500.02235174447,-187500.02235174447
$SILENCE,2138.9725373950646,-7973.984834430795,6327.018895985949,12193.949484103858,-187500.02235174447,-187500.02235174447,-187500.02235174447,-187500.02235174447
$SILENCE,2243.399887490259,-8000.739872543797,6388.821469404873,12163.88638781147,-187500.02235174447,-187500.02235174447,-187500.02235174447,-187500.02235174447
$SILENCE,2518.840434413008,-7940.5242729812,6967.955168241879,12107.805860973103,-187500.02235174447,-187500.02235174447,-187500.02235174447,-187500.02235174447
$SILENCE,2436.1836834172827,-7917.166700025404,6944.776409241726,12133.77858803017,-187500.02235174447,-187500.02235174447,-187500.02235174447,-187500.02235174447
$SILENCE,2167.8733429757767,-7965.424116304412,6394.901143896716,12200.27502778471,-187500.02235174447,-187500.02235174447,-187500.02235174447,-187500.02235174447
$SILENCE,2211.794520830455,-7996.20246841937,6331.7351140660185,12189.166210790421,-187500.02235174447,-187500.02235174447,-187500.02235174447,-187500.02235174447
$SILENCE,2476.9979687926734,-7954.449409776857,6862.477286157285,12100.34037832503,-187500.02235174447,-187500.02235174447,-187500.02235174447,-187500.02235174447
$SILENCE,2473.0640617685394,-7917.166700025404,6993.994950532312,12103.827250460059,-187500.02235174447,-187500.02235174447,-187500.02235174447,-187500.02235174447
$SILENCE,2208.6429248622567,-7951.498979508756,6476.842639069872,12186.014614822223,-187500.02235174447,-187500.02235174447,-187500.02235174447,-187500.02235174447
$SILENCE,2175.4058808572154,-7994.637846307498,6272.637101726187,12181.320748486609,-187500.02235174447,-187500.02235174447,-187500.02235174447,-187500.02235174447
$SILENCE,2434.9543374722407,-7964.977081415306,6754.943043582803,12107.761157484194,-187500.02235174447,-187500.02235174447,-187500.02235174447,-187500.02235174447
$SILENCE,2491.168974777338,-7920.273592504692,6997.52652615625,12111.091567408033,-187500.02235174447,-187500.02235174447,-187500.02235174447,-187500.02235174447
$SILENCE,2261.3930417767815,-7942.8935578934625,6587.416718890277,12170.88248382598,-187500.02235174447,-187500.02235174447,-187500.02235174447,-187500.02235174447
$SILENCE,2143.7781624529557,-8002.080977211115,6224.379685447179,12188.428603223396,-187500.02235174447,-187500.02235174447,-187500.02235174447,-187500.02235174447
$SILENCE,2409.5180522821015,-7980.600950789565,6669.402917552343,12114.265515120687,-187500.02235174447,-187500.02235174447,-187500.02235174447,-187500.02235174447
$SILENCE,2525.2106815827706,-7919.692447148854,7026.852014881613,12096.808802701093,-187500.02235174447,-187500.02235174447,-187500.02235174447,-187500.02235174447
$SILENCE,2322.815635539965,-7931.874147876996,6700.1812696673005,12164.333422700576,-187500.02235174447,-187500.02235174447,-187500.02235174447,-187500.02235174447
$SILENCE,2139.9783658955535,-7991.91093348395,6237.23193850898,12204.477155742306,-187500.02235174447,-187500.02235174447,-187500.02235174447,-187500.02235174447
$SILENCE,2364.166362782283,-7985.428927591912,6572.597512316408,12136.2149281758,-187500.02235174447,-187500.02235174447,-187500.02235174447,-187500.02235174447
$SILENCE,2544.8355132145302,-7927.8061303861305,7028.036657337744,12090.930293909347,-187500.02235174447,-187500.02235174447,-187500.02235174447,-187500.02235174447
$SILENCE,2371.989473341641,-7928.700200164342,6792.873953923458,12137.198404931833,-187500.02235174447,-187500.02235174447,-187500.02235174447,-187500.02235174447
$SILENCE,2151.2659968454836,-7984.3336921136015,6284.10354663176,12196.139955060478,-187500.02235174447,-187500.02235174447,-187500.02235174447,-187500.02235174447
$SILENCE,2312.2656121570603,-7998.236477164803,6463.319833674412,12143.322782912586,-187500.02235174447,-187500.02235174447,-187500.02235174447,-187500.02235174447
$SILENCE,2546.131914392938,-7930.242470531759,6994.173764487954,12092.360805554486,-187500.02235174447,-187500.02235174447,-187500.02235174447,-187500.02235174447
$SILENCE,2429.366401358414,-7923.2240227727925,6875.754222363737,12129.44234960584,-187500.02235174447,-187500.02235174447,-187500.02235174447,-187500.02235174447
$SILENCE,2183.05017746093,-7979.9303984559065,6342.151026982192,12179.554960674639,-187500.02235174447,-187500.02235174447,-187500.02235174447,-187500.02235174447
$SILENCE,2268.277379069016,-8002.572715589133,6361.284120235935,12142.272250923188,-187500.02235174447,-187500.02235174447,-187500.02235174447,-187500.02235174447
$SILENCE,2534.8889869319187,-7945.598118972554,6929.46546428984,12081.833133916038,-187500.02235174447,-187500.02235174447,-187500.02235174447,-187500.02235174447
$SILENCE,2477.333244959503,-7918.5301564371775,6946.117513909044,12112.812651731092,-187500.02235174447,-187500.02235174447,-187500.02235174447,-187500.02235174447
$SILENCE,2226.1890442596728,-7961.445505791367,6436.385981605767,12183.019481065212,-187500.02235174447,-187500.02235174447,-187500.02235174447,-187500.02235174447
$SILENCE,2228.1559977717397,-8008.004189491772,6300.442671828589,12170.256634981231,-187500.02235174447,-187500.02235174447,-187500.02235174447,-187500.02235174447
$SILENCE,2510.235012797715,-7958.249206334259,6858.744544833249,12093.813668944082,-187500.02235174447,-187500.02235174447,-187500.02235174447,-187500.02235174447
$SILENCE,2516.918184389852,-7913.970400568295,7001.035750035733,12110.622180774473,-187500.02235174447,-187500.02235174447,-187500.02235174447,-187500.02235174447
$SILENCE,2266.4221842792253,-7952.482456264789,6539.963965411659,12178.392669962963,-187500.02235174447,-187500.02235174447,-187500.02235174447,-187500.02235174447
$SILENCE,2203.5243753819914,-8003.86911676754,6293.334817091802,12191.043757324667,-187500.02235174447,-187500.02235174447,-187500.02235174447,-187500.02235174447
$SILENCE,2463.430459908302,-7972.95665418585,6759.189875029311,12132.30337289612,-187500.02235174447,-187500.02235174447,-187500.02235174447,-187500.02235174447
$SILENCE,2543.136780635927,-7921.167662282904,7052.288300071753,12112.343265097532,-187500.02235174447,-187500.02235174447,-187500.02235174447,-187500.02235174447
$SILENCE,2293.534850303513,-7941.686563692876,6612.383617446854,12164.244015722754,-187500.02235174447,-187500.02235174447,-187500.02235174447,-187500.02235174447
$SILENCE,2180.837354759855,-7998.907029498462,6254.845113139762,12183.757088632237,-187500.02235174447,-187500.02235174447,-187500.02235174447,-187500.02235174447
$SILENCE,2422.4820640661796,-7982.344386857079,6642.714934672706,12129.375294372476,-187500.02235174447,-187500.02235174447,-187500.02235174447,-187500.02235174447
$SILENCE,2560.146458166416,-7928.610793186521,7021.152320045509,12105.883610949948,-187500.02235174447,-187500.02235174447,-187500.02235174447,-187500.02235174447
$SILENCE,2362.7134993926884,-7943.675868949398,6718.576755354018,12157.0691057526,-187500.02235174447,-187500.02235174447,-187500.02235174447,-187500.02235174447
$SILENCE,2168.14156390924,-8004.137337701004,6249.011307836928,12194.329463759597,-187500.02235174447,-187500.02235174447,-187500.02235174447,-187500.02235174447
$SILENCE,2376.2810082770598,-7994.861363752051,6548.479980049131,12142.115788712,-187500.02235174447,-187500.02235174447,-187500.02235174447,-187500.02235174447
$SILENCE,2575.435051373846,-7932.231775788281,7028.461340482395,12103.559029526596,-187500.02235174447,-187500.02235174447,-187500.02235174447,-187500.02235174447
$SILENCE,2418.14582564185,-7935.137502567471,6820.478358325763,12141.333477656064,-187500.02235174447,-187500.02235174447,-187500.02235174447,-187500.02235174447
$SILENCE,2181.373796626782,-7995.1295846855155,6305.002427697472,12195.178830048899,-187500.02235174447,-187500.02235174447,-187500.02235174447,-187500.02235174447
$SILENCE,2323.150911706795,-8006.372512146535,6452.926272502694,12159.036059264668,-187500.02235174447,-187500.02235174447,-187500.02235174447,-187500.02235174447
$SILENCE,2575.9267897518625,-7944.838159661074,6993.816136576669,12112.2091546308,-187500.02235174447,-187500.02235174447,-187500.02235174447,-187500.02235174447
$SILENCE,2470.7394803451875,-7932.5223484662,6905.772615167215,12136.840777020549,-187500.02235174447,-187500.02235174447,-187500.02235174447,-187500.02235174447
$SILENCE,2210.498119652047,-7980.712709511842,6379.791364644929,12188.36154799003,-187500.02235174447,-187500.02235174447,-187500.02235174447,-187500.02235174447
$SILENCE,2278.3803675628146,-8011.021674993239,6365.530951682443,12160.041887765157,-187500.02235174447,-187500.02235174447,-187500.02235174447,-187500.02235174447
$SILENCE,2557.4418970873235,-7956.081087122094,6931.521824779728,12095.981788156247,-187500.02235174447,-187500.02235174447,-187500.02235174447,-187500.02235174447
$SILENCE,2509.050370341584,-7926.129749551982,6972.447868877396,12117.975904700268,-187500.02235174447,-187500.02235174447,-187500.02235174447,-187500.02235174447
$SILENCE,2244.1374950572845,-7971.324976840613,6463.208074952135,12179.867885097014,-187500.02235174447,-187500.02235174447,-187500.02235174447,-187500.02235174447
$SILENCE,2231.44170420667,-8015.760244817763,6295.525288048421,12176.582178662084,-187500.02235174447,-187500.02235174447,-187500.02235174447,-187500.02235174447
$SILENCE,2527.7364287062205,-7970.944997184873,6849.40151565093,12109.705759251805,-187500.02235174447,-187500.02235174447,-187500.02235174447,-187500.02235174447
$SILENCE,2544.0308504141394,-7926.017990829706,7022.269907268275,12120.68046577936,-187500.02235174447,-187500.02235174447,-187500.02235174447,-187500.02235174447
$SILENCE,2289.958571190664,-7957.0422121336715,6569.356509370388,12181.521914186707,-187500.02235174447,-187500.02235174447,-187500.02235174447,-187500.02235174447
$SILENCE,2198.33877066836,-8012.183965704914,6265.305729544846,12193.211876536832,-187500.02235174447,-187500.02235174447,-187500.02235174447,-187500.02235174447
$SILENCE,2479.3449019604805,-7981.3385583565905,6756.731183139227,12120.92633496837,-187500.02235174447,-187500.02235174447,-187500.02235174447,-187500.02235174447
$SILENCE,2565.3767663689573,-7927.448502474846,7044.286375556752,12109.616352273984,-187500.02235174447,-187500.02235174447,-187500.02235174447,-187500.02235174447
$SILENCE,2345.4132491842806,-7949.9343573968845,6669.112344874424,12164.109905256022,-187500.02235174447,-187500.02235174447,-187500.02235174447,-187500.02235174447
$SILENCE,2204.5525556269354,-8002.751529544775,6291.233753113002,12184.986434577278,-187500.02235174447,-187500.02235174447,-187500.02235174447,-187500.02235174447
$SILENCE,2422.660878021822,-7990.01103520525,6647.609966708418,12129.64351530594,-187500.02235174447,-187500.02235174447,-187500.02235174447,-187500.02235174447
$SILENCE,2574.0939467065273,-7932.723514166298,7080.742070763358,12107.671750506372,-187500.02235174447,-187500.02235174447,-187500.02235174447,-187500.02235174447
$SILENCE,2341.501693904602,-7937.3726770130015,6773.249122291699,12175.486943183774,-187500.02235174447,-187500.02235174447,-187500.02235174447,-187500.02235174447
$SILENCE,2140.6936217181233,-7997.655331808965,6294.787680481396,12206.466460998829,-187500.02235174447,-187500.02235174447,-187500.02235174447,-187500.02235174447
$SILENCE,2349.6824323752444,-8000.695169054887,6530.106846106869,12144.596832346539,-187500.02235174447,-187500.02235174447,-187500.02235174447,-187500.02235174447
$SILENCE,2578.877220019963,-7942.781799171186,7009.082378039644,12094.618331744472,-187500.02235174447,-187500.02235174447,-187500.02235174447,-187500.02235174447
$SILENCE,2444.4538288657463,-7939.697258436354,6850.429695895875,12143.993335246247,-187500.02235174447,-187500.02235174447,-187500.02235174447,-187500.02235174447
$SILENCE,2198.115253223807,-7992.0226922062275,6331.489244877011,12201.0796905851,-187500.02235174447,-187500.02235174447,-187500.02235174447,-187500.02235174447
$SILENCE,2287.0975479003846,-8009.904087770473,6456.480199871087,12179.756126374738,-187500.02235174447,-187500.02235174447,-187500.02235174447,-187500.02235174447
$SILENCE,2502.9259923608297,-7946.693354450865,7012.099863541111,12131.990448473745,-187500.02235174447,-187500.02235174447,-187500.02235174447,-187500.02235174447
$SILENCE,2418.86108146442,-7929.147235053449,6946.743362753793,12147.614317848005,-187500.02235174447,-187500.02235174447,-187500.02235174447,-187500.02235174447
$SILENCE,2204.261982949017,-7980.936226956395,6406.613457991298,12186.305187500142,-187500.02235174447,-187500.02235174447,-187500.02235174447,-187500.02235174447
$SILENCE,2257.1015068413626,-8018.0848262411155,6370.448335462611,12181.432507208885,-187500.02235174447,-187500.02235174447,-187500.02235174447,-187500.02235174447
$SILENCE,2480.306026972059,-7959.09857262356,6953.225368645832,12144.105093968523,-187500.02235174447,-187500.02235174447,-187500.02235174447,-187500.02235174447
$SILENCE,2428.941718213763,-7922.732284394776,7001.14750875801,12139.970021244291,-187500.02235174447,-187500.02235174447,-187500.02235174447,-187500.02235174447
$SILENCE,2255.9392161296864,-7970.296796595669,6500.870764359327,12182.103059542545,-187500.02235174447,-187500.02235174447,-187500.02235174447,-187500.02235174447
$SILENCE,2225.6526023927454,-8020.834090809119,6315.4406923581,12203.203106308354,-187500.02235174447,-187500.02235174447,-187500.02235174447,-187500.02235174447
$SILENCE,2450.9581865022406,-7973.135468141493,6854.005975008724,12144.596832346539,-187500.02235174447,-187500.02235174447,-187500.02235174447,-187500.02235174447
$SILENCE,2527.6023182394883,-7928.7449036532535,7042.140608089043,12124.569669314584,-187500.02235174447,-187500.02235174447,-187500.02235174447,-187500.02235174447
$SILENCE,2342.351060193904,-7965.3123575821355,6611.3107337129995,12191.915475358424,-187500.02235174447,-187500.02235174447,-187500.02235174447,-187500.02235174447
$SILENCE,2196.349465411838,-8020.5435181312,6280.594322752277,12219.698693716371,-187500.02235174447,-187500.02235174447,-187500.02235174447,-187500.02235174447
$SILENCE,2462.6928523412766,-7991.329788128113,6747.701078379283,12144.887405024458,-187500.02235174447,-187500.02235174447,-187500.02235174447,-187500.02235174447
$SILENCE,2572.7528420392086,-7939.4290375028895,7072.11429740361,12137.399570631931,-187500.02235174447,-187500.02235174447,-187500.02235174447,-187500.02235174447
$SILENCE,2330.281118188038,-7959.143276112471,6719.2026041987665,12208.254600555254,-187500.02235174447,-187500.02235174447,-187500.02235174447,-187500.02235174447
$SILENCE,2165.280540618961,-8010.552288359677,6282.605979753253,12230.360475821553,-187500.02235174447,-187500.02235174447,-187500.02235174447,-187500.02235174447
$SILENCE,2423.689058266766,-8001.164555688448,6651.789742921561,12163.998146533746,-187500.02235174447,-187500.02235174447,-187500.02235174447,-187500.02235174447
$SILENCE,2565.712042535787,-7937.551490968644,7087.380538866585,12145.714419569305,-187500.02235174447,-187500.02235174447,-187500.02235174447,-187500.02235174447
$SILENCE,2355.784458611543,-7941.060714848128,6819.830157736559,12200.36443476253,-187500.02235174447,-187500.02235174447,-187500.02235174447,-187500.02235174447
$SILENCE,2145.834522942844,-8004.316151656646,6316.178299925125,12249.404162097475,-187500.02235174447,-187500.02235174447,-187500.02235174447,-187500.02235174447
$SILENCE,2332.583347866934,-8012.5639453606545,6547.96588992666,12209.551001733662,-187500.02235174447,-187500.02235174447,-187500.02235174447,-187500.02235174447
$SILENCE,2577.066728719083,-7947.09568585106,7086.5982278106485,12161.181826732378,-187500.02235174447,-187500.02235174447,-187500.02235174447,-187500.02235174447
$SILENCE,2437.725953784699,-7940.613679959021,6920.904746163457,12193.636559681483,-187500.02235174447,-187500.02235174447,-187500.02235174447,-187500.02235174447
$SILENCE,2227.2619279935275,-8003.623247578532,6382.808850146395,12232.170967122433,-187500.02235174447,-187500.02235174447,-187500.02235174447,-187500.02235174447
$SILENCE,2341.412286926781,-8022.532823387722,6457.508380116032,12200.230324295799,-187500.02235174447,-187500.02235174447,-187500.02235174447,-187500.02235174447
$SILENCE,2573.266932161681,-7967.435773305389,6979.198095702898,12151.525873127684,-187500.02235174447,-187500.02235174447,-187500.02235174447,-187500.02235174447
$SILENCE,2491.9065823443634,-7943.273537549203,6972.783145044225,12187.020443322712,-187500.02235174447,-187500.02235174447,-187500.02235174447,-187500.02235174447
$SILENCE,2228.044239049463,-7988.692282282386,6461.643452840263,12249.962955708857,-187500.02235174447,-187500.02235174447,-187500.02235174447,-187500.02235174447
$SILENCE,2258.8449429088764,-8026.2432129673025,6377.399727988211,12234.51790029024,-187500.02235174447,-187500.02235174447,-187500.02235174447,-187500.02235174447
$SILENCE,2520.6062222249775,-7973.716613497331,6941.870682462536,12174.45876293883,-187500.02235174447,-187500.02235174447,-187500.02235174447,-187500.02235174447
$SILENCE,2525.1436263494047,-7938.37850551349,7045.023983123778,12183.667681654417,-187500.02235174447,-187500.02235174447,-187500.02235174447,-187500.02235174447
$SILENCE,2299.301600372982,-7980.466840322833,6558.8958929653045,12244.196205639388,-187500.02235174447,-187500.02235174447,-187500.02235174447,-187500.02235174447
$SILENCE,2232.0675530514186,-8032.97108804835,6314.837195257806,12243.078618416623,-187500.02235174447,-187500.02235174447,-187500.02235174447,-187500.02235174447
$SILENCE,2518.527509990634,-7991.441546850389,6846.9875272497575,12172.111829771022,-187500.02235174447,-187500.02235174447,-187500.02235174447,-187500.02235174447
$SILENCE,2560.0570511885944,-7940.166645069915,7080.585608552171,12166.345079701554,-187500.02235174447,-187500.02235174447,-187500.02235174447,-187500.02235174447
$SILENCE,2333.7679903230655,-7970.3638518290345,6658.830542424982,12221.84446118408,-187500.02235174447,-187500.02235174447,-187500.02235174447,-187500.02235174447
$SILENCE,2211.9062795527316,-8023.91863154395,6298.00633168296,12249.739438264303,-187500.02235174447,-187500.02235174447,-187500.02235174447,-187500.02235174447
$SILENCE,2463.1845907192937,-7995.911895741451,6745.018869044647,12189.0768038126,-187500.02235174447,-187500.02235174447,-187500.02235174447,-187500.02235174447
$SILENCE,2580.5983043430215,-7943.139427082471,7103.362036152129,12174.302300727642,-187500.02235174447,-187500.02235174447,-187500.02235174447,-187500.02235174447
$SILENCE,2369.240208773638,-7959.992642401772,6761.022718074646,12224.638429240995,-187500.02235174447,-187500.02235174447,-187500.02235174447,-187500.02235174447
$SILENCE,2200.506889880525,-8021.102311742582,6301.20263114007,12247.124284163034,-187500.02235174447,-187500.02235174447,-187500.02235174447,-187500.02235174447
$SILENCE,2434.3284886274923,-8016.073169240138,6634.713010157706,12190.730832902293,-187500.02235174447,-187500.02235174447,-187500.02235174447,-187500.02235174447
$SILENCE,2588.868449791485,-7948.392087029468,7085.100660932143,12157.69495459735,-187500.02235174447,-187500.02235174447,-187500.02235174447,-187500.02235174447
$SILENCE,2410.6803429937772,-7947.945052140361,6848.30628017262,12204.968894120324,-187500.02235174447,-187500.02235174447,-187500.02235174447,-187500.02235174447
$SILENCE,2196.7517968120333,-8005.880773768517,6335.847835045795,12251.505226076273,-187500.02235174447,-187500.02235174447,-187500.02235174447,-187500.02235174447
$SILENCE,2368.6590634178,-8019.4929861417995,6524.72007569314,12200.677359184905,-187500.02235174447,-187500.02235174447,-187500.02235174447,-187500.02235174447
$SILENCE,2605.095816266038,-7955.052906877149,7058.412678052507,12157.873768552992,-187500.02235174447,-187500.02235174447,-187500.02235174447,-187500.02235174447
$SILENCE,2481.043634539084,-7944.435828260878,6939.188473127899,12199.492716728773,-187500.02235174447,-187500.02235174447,-187500.02235174447,-187500.02235174447
$SILENCE,2228.737143127578,-8000.6504655659755,6410.994399904537,12251.572281309638,-187500.02235174447,-187500.02235174447,-187500.02235174447,-187500.02235174447
$SILENCE,2306.6106208098677,-8029.573622891144,6438.040010695459,12216.636504725993,-187500.02235174447,-187500.02235174447,-187500.02235174447,-187500.02235174447
$SILENCE,2567.9248652368624,-7968.262787850236,7008.121253028065,12160.086591254067,-187500.02235174447,-187500.02235174447,-187500.02235174447,-187500.02235174447
$SILENCE,2511.7772831651314,-7942.982964871284,7011.384607718541,12181.11958278651,-187500.02235174447,-187500.02235174447,-187500.02235174447,-187500.02235174447
$SILENCE,2273.3288733159156,-7986.77003225923,6506.458700473154,12240.575223037627,-187500.02235174447,-187500.02235174447,-187500.02235174447,-187500.02235174447
$SILENCE,2276.0334343950076,-8025.259736211269,6383.367643757778,12222.51501351774,-187500.02235174447,-187500.02235174447,-187500.02235174447,-187500.02235174447
$SILENCE,2550.2669871171697,-7981.8079449901525,6907.940734379379,12161.673565110394,-187500.02235174447,-187500.02235174447,-187500.02235174447,-187500.02235174447
$SILENCE,2567.723699536765,-7934.109322322527,7080.11622191861,12166.792114590658,-187500.02235174447,-187500.02235174447,-187500.02235174447,-187500.02235174447
$SILENCE,2285.30940834396,-7973.336633841591,6562.047488933503,12228.773501965226,-187500.02235174447,-187500.02235174447,-187500.02235174447,-187500.02235174447
$SILENCE,2227.641907649268,-8028.523090901744,6299.0345119279045,12233.445016556385,-187500.02235174447,-187500.02235174447,-187500.02235174447,-187500.02235174447
$SILENCE,2520.3380012915136,-7990.793346261185,6822.378256604464,12169.899007069947,-187500.02235174447,-187500.02235174447,-187500.02235174447,-187500.02235174447
$SILENCE,2587.03560674615,-7936.947993868351,7091.627370313093,12176.895103084458,-187500.02235174447,-187500.02235174447,-187500.02235174447,-187500.02235174447
$SILENCE,2347.603720140901,-7966.1393721269815,6686.367891593921,12232.439188055896,-187500.02235174447,-187500.02235174447,-187500.02235174447,-187500.02235174447
$SILENCE,2209.827567318388,-8025.080922255626,6291.300808346368,12241.402237582475,-187500.02235174447,-187500.02235174447,-187500.02235174447,-187500.02235174447
$SILENCE,2465.129192486905,-8005.143166201493,6712.407673884353,12173.184713504877,-187500.02235174447,-187500.02235174447,-187500.02235174447,-187500.02235174447
$SILENCE,2588.220249202281,-7946.268671306214,7088.654588300537,12147.010820747713,-187500.02235174447,-187500.02235174447,-187500.02235174447,-187500.02235174447
$SILENCE,2384.7970229145317,-7955.991680144272,6774.813744403571,12196.542286460673,-187500.02235174447,-187500.02235174447,-187500.02235174447,-187500.02235174447
$SILENCE,2195.2989334224385,-8012.049855238182,6301.716721262542,12243.570356794638,-187500.02235174447,-187500.02235174447,-187500.02235174447,-187500.02235174447
$SILENCE,2415.3518575849366,-8010.842861037596,6601.073634752469,12196.74345216077,-187500.02235174447,-187500.02235174447,-187500.02235174447,-187500.02235174447
$SILENCE,2605.788720344153,-7951.521331253211,7071.846076470146,12147.144931214445,-187500.02235174447,-187500.02235174447,-187500.02235174447,-187500.02235174447
$SILENCE,2446.3760788889026,-7951.43192427539,6861.896140801447,12186.88633285598,-187500.02235174447,-187500.02235174447,-187500.02235174447,-187500.02235174447
$SILENCE,2217.270698222005,-8009.524108114733,6345.660250861675,12244.0397434282,-187500.02235174447,-187500.02235174447,-187500.02235174447,-187500.02235174447
$SILENCE,2364.5910459269344,-8027.025524023238,6492.242990999579,12202.51020223024,-187500.02235174447,-187500.02235174447,-187500.02235174447,-187500.02235174447
$SILENCE,2605.1852232438596,-7965.871151193518,7029.891852127535,12146.45202713633,-187500.02235174447,-187500.02235174447,-187500.02235174447,-187500.02235174447
$SILENCE,2494.521736445634,-7946.223967817304,6932.639412002494,12158.700783097838,-187500.02235174447,-187500.02235174447,-187500.02235174447,-187500.02235174447
$SILENCE,2247.9372916146867,-7996.716558541842,6403.908896912205,12212.076748857111,-187500.02235174447,-187500.02235174447,-187500.02235174447,-187500.02235174447
$SILENCE,2326.011934997074,-8028.567794390655,6401.8748881667725,12197.436356238886,-187500.02235174447,-187500.02235174447,-187500.02235174447,-187500.02235174447
$SILENCE,2601.4301301753676,-7969.425078561912,6975.845334034602,12141.154663700423,-187500.02235174447,-187500.02235174447,-187500.02235174447,-187500.02235174447
$SILENCE,2544.567292281067,-7945.285194550181,7010.088206540133,12157.605547619529,-187500.02235174447,-187500.02235174447,-187500.02235174447,-187500.02235174447
$SILENCE,2277.531001273513,-7991.10627068356,6500.602543425864,12216.256525070254,-187500.02235174447,-187500.02235174447,-187500.02235174447,-187500.02235174447
$SILENCE,2263.1364778442953,-8032.389942692512,6330.975154754538,12209.774519178214,-187500.02235174447,-187500.02235174447,-187500.02235174447,-187500.02235174447
$SILENCE,2550.5575597950888,-7982.679663023909,6882.057414300134,12148.59779460404,-187500.02235174447,-187500.02235174447,-187500.02235174447,-187500.02235174447
$SILENCE,2560.9958244557174,-7939.831368903086,7052.15418960502,12164.244015722754,-187500.02235174447,-187500.02235174447,-187500.02235174447,-187500.02235174447
$SILENCE,2313.114978446362,-7975.191828631381,6598.480832395653,12213.239039568787,-187500.02235174447,-187500.02235174447,-187500.02235174447,-187500.02235174447
$SILENCE,2226.770189615511,-8029.283050213225,6297.6263520272205,12223.230269340309,-187500.02235174447,-187500.02235174447,-187500.02235174447,-187500.02235174447
$SILENCE,2510.1903093088044,-7993.162631173448,6801.211154605288,12157.717306341805,-187500.02235174447,-187500.02235174447,-187500.02235174447,-187500.02235174447
$SILENCE,2600.871336563985,-7938.356153769035,7117.801263070258,12141.556995100618,-187500.02235174447,-187500.02235174447,-187500.02235174447,-187500.02235174447
$SILENCE,2347.0672782739734,-7966.988738416284,6680.779955480094,12197.324597516608,-187500.02235174447,-187500.02235174447,-187500.02235174447,-187500.02235174447
$SILENCE,2198.025846245986,-8027.87489031254,6261.550636476355,12219.430472782908,-187500.02235174447,-187500.02235174447,-187500.02235174447,-187500.02235174447
$SILENCE,2449.147695201361,-8008.428872636423,6664.641995983362,12156.867940052503,-187500.02235174447,-187500.02235174447,-187500.02235174447,-187500.02235174447
$SILENCE,2599.1502522409264,-7944.882863149985,7081.278512630286,12137.01959097619,-187500.02235174447,-187500.02235174447,-187500.02235174447,-187500.02235174447
$SILENCE,2406.7464359696432,-7954.00237488775,6795.578515002551,12191.55784744714,-187500.02235174447,-187500.02235174447,-187500.02235174447,-187500.02235174447
$SILENCE,2196.818852045399,-8011.893393026995,6304.935372464106,12230.606345010561,-187500.02235174447,-187500.02235174447,-187500.02235174447,-187500.02235174447
$SILENCE,2386.8086799155094,-8013.34625641659,6557.755953998084,12164.556940145128,-187500.02235174447,-187500.02235174447,-187500.02235174447,-187500.02235174447
$SILENCE,2593.9199440383845,-7952.951842898351,7051.237768082353,12116.724207010771,-187500.02235174447,-187500.02235174447,-187500.02235174447,-187500.02235174447
$SILENCE,2444.1185526989166,-7944.882863149985,6874.904856074436,12160.98066103228,-187500.02235174447,-187500.02235174447,-187500.02235174447,-187500.02235174447
$SILENCE,2208.464110906614,-8002.2374394223025,6351.784628842429,12218.268182071231,-187500.02235174447,-187500.02235174447,-187500.02235174447,-187500.02235174447
$SILENCE,2339.3559264368923,-8023.583355377121,6459.967072006116,12182.304225242642,-187500.02235174447,-187500.02235174447,-187500.02235174447,-187500.02235174447
$SILENCE,2589.807223058608,-7961.95959591384,7016.793729876725,12126.022532704179,-187500.02235174447,-187500.02235174447,-187500.02235174447,-187500.02235174447
$SILENCE,2495.371102734936,-7943.005316615739,6952.33129886762,12150.788265560659,-187500.02235174447,-187500.02235174447,-187500.02235174447,-187500.02235174447
$SILENCE,2243.1316665567956,-7993.117927684538,6422.818472721395,12210.981513378802,-187500.02235174447,-187500.02235174447,-187500.02235174447,-187500.02235174447
não,2294.8759549708316,-8025.237384466814,6370.515390695977,12193.41304223693,-187500.02235174447,-187500.02235174447,-187500.02235174447,-187500.02235174447
não,2573.3786908839575,-7975.929436198407,6940.954260939868,12128.54827982763,-187500.02235174447,-187500.02235174447,-187500.02235174447,-187500.02235174447
não,2539.985184667729,-7941.060714848128,7022.649886924016,12144.663887579905,-187500.02235174447,-187500.02235174447,-187500.02235174447,-187500.02235174447
não,2273.664149482745,-7980.556247300655,6518.506290734565,12196.497582971762,-187500.02235174447,-187500.02235174447,-187500.02235174447,-187500.02235174447
não,2238.9295385991977,-8029.394808935501,6318.34641913729,12195.178830048899,-187500.02235174447,-187500.02235174447,-187500.02235174447,-187500.02235174447
não,2539.292280589614,-7982.344386857079,6865.807696081126,12133.35390488552,-187500.02235174447,-187500.02235174447,-187500.02235174447,-187500.02235174447
não,2561.9793012117507,-7936.2550897902365,7044.286375556752,12124.949648970325,-187500.02235174447,-187500.02235174447,-187500.02235174447,-187500.02235174447
não,2314.210213924672,-7971.503790796255,6598.346721928921,12174.637576894473,-187500.02235174447,-187500.02235174447,-187500.02235174447,-187500.02235174447
não,2216.8013115884437,-8029.484215913322,6268.390270279679,12196.855210883048,-187500.02235174447,-187500.02235174447,-187500.02235174447,-187500.02235174447
não,2497.1145388024497,-7994.637846307498,6756.731183139227,12136.326686898075,-187500.02235174447,-187500.02235174447,-187500.02235174447,-187500.02235174447
não,2591.4389004038458,-7944.726400938797,7075.690576516459,12111.471547063775,-187500.02235174447,-187500.02235174447,-187500.02235174447,-187500.02235174447
não,2369.7766506405655,-7972.487267552289,6714.1511099518675,12159.058411009122,-187500.02235174447,-187500.02235174447,-187500.02235174447,-187500.02235174447
não,2204.239631204561,-8028.523090901744,6295.726453748519,12193.614207937027,-187500.02235174447,-187500.02235174447,-187500.02235174447,-187500.02235174447
não,2441.5033985976456,-8009.546459859188,6657.712955202217,12142.45106487883,-187500.02235174447,-187500.02235174447,-187500.02235174447,-187500.02235174447
não,2595.5069178947115,-7951.81190393113,7061.653680998526,12102.955532426302,-187500.02235174447,-187500.02235174447,-187500.02235174447,-187500.02235174447
não,2408.534575526068,-7956.19284584437,6788.023625376657,12140.484111366763,-187500.02235174447,-187500.02235174447,-187500.02235174447,-187500.02235174447
não,2208.1958899731508,-8007.713616813853,6295.793508981885,12190.999053835756,-187500.02235174447,-187500.02235174447,-187500.02235174447,-187500.02235174447
não,2376.1245460658724,-8032.456997925878,6513.879479632316,12134.091512452545,-187500.02235174447,-187500.02235174447,-187500.02235174447,-187500.02235174447
não,2592.042397504139,-7964.954729670851,7054.3670123060965,12097.814631201582,-187500.02235174447,-187500.02235174447,-187500.02235174447,-187500.02235174447
não,2462.514038385634,-7946.849816662052,6901.056397087145,12132.996276974234,-187500.02235174447,-187500.02235174447,-187500.02235174447,-187500.02235174447
não,2218.1424162557623,-8001.231610921814,6352.432829431633,12180.046699052657,-187500.02235174447,-187500.02235174447,-187500.02235174447,-187500.02235174447
não,2337.3889729248253,-8023.2480792102915,6441.415124108211,12154.968041773802,-187500.02235174447,-187500.02235174447,-187500.02235174447,-187500.02235174447
não,2605.006409288217,-7963.479514536801,7024.505081713806,12102.06146264809,-187500.02235174447,-187500.02235174447,-187500.02235174447,-187500.02235174447
não,2522.729637948232,-7941.932432881884,6956.555778569673,12123.988523958746,-187500.02235174447,-187500.02235174447,-187500.02235174447,-187500.02235174447
não,2231.7546286290444,-8014.419140150445,6408.021617891982,12148.374277159486,-187500.02235174447,-187500.02235174447,-187500.02235174447,-187500.02235174447
não,2270.2666843255383,-8057.088620315626,6336.026649001437,12138.517157854696,-187500.02235174447,-187500.02235174447,-187500.02235174447,-187500.02235174447
não,2573.0881182060384,-7989.228724149314,6902.755129665748,12090.3044450646,-187500.02235174447,-187500.02235174447,-187500.02235174447,-187500.02235174447
não,2565.4438216023236,-7934.243432789259,7013.664485652982,12097.501706779207,-187500.02235174447,-187500.02235174447,-187500.02235174447,-187500.02235174447
não,2306.2306411541276,-7972.487267552289,6549.530512038531,12154.811579562614,-187500.02235174447,-187500.02235174447,-187500.02235174447,-187500.02235174447
não,2223.462131436125,-8056.596881937609,6267.876180157206,12135.074989208579,-187500.02235174447,-187500.02235174447,-187500.02235174447,-187500.02235174447
não,2517.2758123011367,-8020.051779753182,6804.183936617844,12071.193703555311,-187500.02235174447,-187500.02235174447,-187500.02235174447,-187500.02235174447
não,2582.1405747104377,-7957.891578422974,7046.901529658024,12077.072212347057,-187500.02235174447,-187500.02235174447,-187500.02235174447,-187500.02235174447
não,2327.017763497563,-8001.768052788741,6622.799530363028,12133.197442674333,-187500.02235174447,-187500.02235174447,-187500.02235174447,-187500.02235174447
não,2194.2260496885838,-8053.467637713867,6253.414601494623,12152.285832439165,-187500.02235174447,-187500.02235174447,-187500.02235174447,-187500.02235174447
não,2481.714186872743,-8017.637791352009,6710.843051772482,12099.468660291275,-187500.02235174447,-187500.02235174447,-187500.02235174447,-187500.02235174447
não,2609.4097029459126,-7944.1229038385045,7064.7605734778135,12076.96045362478,-187500.02235174447,-187500.02235174447,-187500.02235174447,-187500.02235174447
não,2393.2683340630933,-7974.655386764453,6720.923688521825,12116.746558755227,-187500.02235174447,-187500.02235174447,-187500.02235174447,-187500.02235174447
não,2170.086165676852,-8071.751364678307,6231.018153550405,12105.146003382923,-187500.02235174447,-187500.02235174447,-187500.02235174447,-187500.02235174447
não,2411.686171494266,-8044.3257742316455,6575.994977473614,12076.401660013398,-187500.02235174447,-187500.02235174447,-187500.02235174447,-187500.02235174447
não,2618.417455961401,-7954.561168499133,7077.6128265396155,12074.010023356679,-187500.02235174447,-187500.02235174447,-187500.02235174447,-187500.02235174447
não,2420.2915931095595,-7968.352194828057,6822.959401960302,12089.857410175493,-187500.02235174447,-187500.02235174447,-187500.02235174447,-187500.02235174447
não,2190.873288020288,-8053.087658058126,6295.614695026243,12147.92724227038,-187500.02235174447,-187500.02235174447,-187500.02235174447,-187500.02235174447
não,2338.394801425314,-8063.794143652219,6420.516243042498,12087.91280840788,-187500.02235174447,-187500.02235174447,-187500.02235174447,-187500.02235174447
não,2556.1007924200053,-7989.809869505152,6955.885226236013,12033.128682747923,-187500.02235174447,-187500.02235174447,-187500.02235174447,-187500.02235174447
não,2457.1943232052713,-7968.396898316968,6883.398518967452,12102.217924859277,-187500.02235174447,-187500.02235174447,-187500.02235174447,-187500.02235174447
não,2214.5661371429132,-8018.040122752205,6366.983815072038,12166.501541912741,-187500.02235174447,-187500.02235174447,-187500.02235174447,-187500.02235174447
não,2302.922582974742,-8047.9020533444955,6384.440527491633,12143.009858490213,-187500.02235174447,-187500.02235174447,-187500.02235174447,-187500.02235174447
não,2531.8044461970862,-8022.733989087819,6917.172004839422,12043.544595664096,-187500.02235174447,-187500.02235174447,-187500.02235174447,-187500.02235174447
não,2476.9309135593076,-7986.658273536954,6938.3838103275075,12070.925482621848,-187500.02235174447,-187500.02235174447,-187500.02235174447,-187500.02235174447
não,2234.123913541307,-8016.073169240138,6445.572548576898,12156.085628996567,-187500.02235174447,-187500.02235174447,-187500.02235174447,-187500.02235174447
não,2237.990765332075,-8053.5346929472325,6294.273590358925,12136.952535742825,-187500.02235174447,-187500.02235174447,-187500.02235174447,-187500.02235174447
não,2519.823911169042,-8009.211183692359,6841.243128924743,12060.420162727853,-187500.02235174447,-187500.02235174447,-187500.02235174447,-187500.02235174447
não,2513.8559953994745,-7986.658273536954,6974.906560767479,12060.15194179439,-187500.02235174447,-187500.02235174447,-187500.02235174447,-187500.02235174447
não,2263.49410575558,-8020.521166386744,6523.446026259187,12126.178994915366,-187500.02235174447,-187500.02235174447,-187500.02235174447,-187500.02235174447
não,2195.187174700162,-8062.810666896185,6247.960775847528,12146.384971902964,-187500.02235174447,-187500.02235174447,-187500.02235174447,-187500.02235174447
não,2478.7414048601872,-8024.700942599887,6744.482427177719,12074.278244290143,-187500.02235174447,-187500.02235174447,-187500.02235174447,-187500.02235174447
não,2544.164960880871,-7967.8381047055855,7011.988104818834,12060.91190110587,-187500.02235174447,-187500.02235174447,-187500.02235174447,-187500.02235174447
não,2309.739865033611,-7992.737948028797,6620.45259719522,12113.483204064752,-187500.02235174447,-187500.02235174447,-187500.02235174447,-187500.02235174447
não,2174.8470872458324,-8055.322832503657,6237.321345486802,12146.139102713956,-187500.02235174447,-187500.02235174447,-187500.02235174447,-187500.02235174447
não,2432.629756048889,-8036.189739249914,6653.8684551559045,12087.689290963328,-187500.02235174447,-187500.02235174447,-187500.02235174447,-187500.02235174447
não,2547.6071295269885,-7988.647578793476,7014.469148453373,12055.681592903327,-187500.02235174447,-187500.02235174447,-187500.02235174447,-187500.02235174447
não,2351.8729033318646,-7994.526087585222,6711.938287250792,12109.035206918146,-187500.02235174447,-187500.02235174447,-187500.02235174447,-187500.02235174447
não,2160.0949359053297,-8048.505550444788,6245.859711868729,12130.247012406233,-187500.02235174447,-187500.02235174447,-187500.02235174447,-187500.02235174447
não,2385.7357961816547,-8037.083809028127,6555.67724176374,12101.480317292253,-187500.02235174447,-187500.02235174447,-187500.02235174447,-187500.02235174447
não,2574.7644990401864,-7979.617474033532,7025.175634047465,12062.878854617937,-187500.02235174447,-187500.02235174447,-187500.02235174447,-187500.02235174447
não,2398.431587032269,-7983.953712457862,6815.851547223515,12093.925427666358,-187500.02235174447,-187500.02235174447,-187500.02235174447,-187500.02235174447
não,2169.862648232299,-8042.716448630864,6291.121994390726,12149.938899271358,-187500.02235174447,-187500.02235174447,-187500.02235174447,-187500.02235174447
não,2321.139254705817,-8059.413201738978,6420.560946531409,12107.627047017462,-187500.02235174447,-187500.02235174447,-187500.02235174447,-187500.02235174447
não,2554.1785423968486,-7994.973122474328,6972.0455374772,12061.671860417351,-187500.02235174447,-187500.02235174447,-187500.02235174447,-187500.02235174447
não,2445.951395744252,-7974.565979786633,6897.03308308519,12096.652340489905,-187500.02235174447,-187500.02235174447,-187500.02235174447,-187500.02235174447
não,2195.5895061003575,-8028.724256601841,6363.519294681465,12147.234338192266,-187500.02235174447,-187500.02235174447,-187500.02235174447,-187500.02235174447
não,2262.4882772550914,-8061.134286062037,6344.475608405543,12125.329628626065,-187500.02235174447,-187500.02235174447,-187500.02235174447,-187500.02235174447
não,2543.874388202952,-8004.24909642328,6913.3722082820195,12067.550369209095,-187500.02235174447,-187500.02235174447,-187500.02235174447,-187500.02235174447
não,2491.2807334996146,-7974.498924553267,6953.538293068206,12090.460907275785,-187500.02235174447,-187500.02235174447,-187500.02235174447,-187500.02235174447
não,2234.7050588971447,-8016.833128551618,6453.216845180613,12151.078838238578,-187500.02235174447,-187500.02235174447,-187500.02235174447,-187500.02235174447
não,2219.215299989617,-8063.145943063015,6276.459250028044,12146.228509691777,-187500.02235174447,-187500.02235174447,-187500.02235174447,-187500.02235174447
não,2505.518794717645,-8016.520204129244,6818.153776902411,12076.714584435771,-187500.02235174447,-187500.02235174447,-187500.02235174447,-187500.02235174447
não,2516.940536134307,-7974.454221064356,6987.088261495622,12078.748593181204,-187500.02235174447,-187500.02235174447,-187500.02235174447,-187500.02235174447
não,2276.6145797508457,-8005.5231458572325,6545.127218380835,12146.295564925143,-187500.02235174447,-187500.02235174447,-187500.02235174447,-187500.02235174447
não,2185.710035051112,-8057.02156508226,6239.5788716767875,12147.323745170086,-187500.02235174447,-187500.02235174447,-187500.02235174447,-187500.02235174447
não,2466.358538431947,-8030.78061709173,6729.685572348306,12081.430802515843,-187500.02235174447,-187500.02235174447,-187500.02235174447,-187500.02235174447
não,2554.8937982194184,-7980.042157178183,7019.520642700272,12068.645604687406,-187500.02235174447,-187500.02235174447,-187500.02235174447,-187500.02235174447
não,2337.7466008361102,-7999.2423056652915,6642.044382339047,12115.673675021371,-187500.02235174447,-187500.02235174447,-187500.02235174447,-187500.02235174447
não,2181.6643693047013,-8057.446248226911,6231.398133206146,12141.825216034082,-187500.02235174447,-187500.02235174447,-187500.02235174447,-187500.02235174447
não,2431.825093248498,-8045.108085287582,6626.733437387162,12080.983767626736,-187500.02235174447,-187500.02235174447,-187500.02235174447,-187500.02235174447
não,2573.0434147171277,-7984.400747346967,7026.069703825678,12046.539729421107,-187500.02235174447,-187500.02235174447,-187500.02235174447,-187500.02235174447
não,2381.6454269463334,-7996.314227141646,6738.670973619339,12090.997349142714,-187500.02235174447,-187500.02235174447,-187500.02235174447,-187500.02235174447
não,2178.7139390366006,-8055.92632960395,6255.985052106983,12140.64057357795,-187500.02235174447,-187500.02235174447,-187500.02235174447,-187500.02235174447
não,2367.2956070060263,-8055.054611570194,6513.141872065291,12093.836020688537,-187500.02235174447,-187500.02235174447,-187500.02235174447,-187500.02235174447
não,2575.5691618405776,-7989.4969450827775,7006.891907083024,12049.244290500199,-187500.02235174447,-187500.02235174447,-187500.02235174447,-187500.02235174447
não,2433.0544391935396,-7989.0275584492165,6831.87774799797,12078.502723992196,-187500.02235174447,-187500.02235174447,-187500.02235174447,-187500.02235174447
não,2209.4252359181924,-8042.738800375319,6336.2501664459905,12129.73292228376,-187500.02235174447,-187500.02235174447,-187500.02235174447,-187500.02235174447
não,2317.607679081879,-8055.613405181576,6427.534690801464,12104.855430705004,-187500.02235174447,-187500.02235174447,-187500.02235174447,-187500.02235174447
não,2558.715946521276,-7999.845802765585,6957.919234981446,12048.171406766345,-187500.02235174447,-187500.02235174447,-187500.02235174447,-187500.02235174447
não,2456.635529593889,-7975.907084453951,6910.5558884806505,12070.992537855213,-187500.02235174447,-187500.02235174447,-187500.02235174447,-187500.02235174447
não,2194.0025322440306,-8027.986649034817,6366.581483671843,12127.900079238425,-187500.02235174447,-187500.02235174447,-187500.02235174447,-187500.02235174447
não,2253.0334893504964,-8060.597844195109,6336.674849590641,12116.97007619978,-187500.02235174447,-187500.02235174447,-187500.02235174447,-187500.02235174447
não,2517.901661145885,-8009.166480203448,6869.02634728269,12058.497912704697,-187500.02235174447,-187500.02235174447,-187500.02235174447,-187500.02235174447
não,2484.597561907478,-7974.498924553267,6950.18553139991,12071.417220999863,-187500.02235174447,-187500.02235174447,-187500.02235174447,-187500.02235174447
não,2225.4961401815585,-8015.044988995193,6458.044821982959,12131.275192651176,-187500.02235174447,-187500.02235174447,-187500.02235174447,-187500.02235174447
não,2204.4184451602036,-8055.971033092861,6262.802334165852,12128.704742038815,-187500.02235174447,-187500.02235174447,-187500.02235174447,-187500.02235174447
não,2499.327361503525,-8012.340427916101,6804.943895929325,12067.192741297811,-187500.02235174447,-187500.02235174447,-187500.02235174447,-187500.02235174447
não,2527.915242661863,-7968.240436105781,7000.119328513066,12065.471656974752,-187500.02235174447,-187500.02235174447,-187500.02235174447,-187500.02235174447
não,2277.2627803400496,-8000.806927777163,6566.853113991394,12120.747521012727,-187500.02235174447,-187500.02235174447,-187500.02235174447,-187500.02235174447
não,2178.0657384473966,-8059.100277316604,6235.37674371919,12135.343210142042,-187500.02235174447,-187500.02235174447,-187500.02235174447,-187500.02235174447
não,2458.3119104280368,-8028.388980435012,6704.808080769549,12077.787468169627,-187500.02235174447,-187500.02235174447,-187500.02235174447,-187500.02235174447
não,2558.917112221374,-7969.313319839635,7025.823834636669,12066.857465130981,-187500.02235174447,-187500.02235174447,-187500.02235174447,-187500.02235174447
não,2341.658156115789,-7988.893447982485,6669.60408325244,12123.317971625087,-187500.02235174447,-187500.02235174447,-187500.02235174447,-187500.02235174447
não,2169.4603168321037,-8044.459884698378,6236.293165241857,12152.285832439165,-187500.02235174447,-187500.02235174447,-187500.02235174447,-187500.02235174447
não,2408.981610415174,-8027.87489031254,6598.883163795849,12089.58918924203,-187500.02235174447,-187500.02235174447,-187500.02235174447,-187500.02235174447
não,2574.295112406625,-7964.842970948574,7027.790788148736,12062.700040662294,-187500.02235174447,-187500.02235174447,-187500.02235174447,-187500.02235174447
não,2396.531688753568,-7973.4707443083225,6768.309386767076,12117.461814577797,-187500.02235174447,-187500.02235174447,-187500.02235174447,-187500.02235174447
não,2179.0268634589747,-8033.239308981813,6270.357223791746,12159.706611598327,-187500.02235174447,-187500.02235174447,-187500.02235174447,-187500.02235174447
não,2347.849589329909,-8039.4977974293,6485.984502552093,12104.028416160158,-187500.02235174447,-187500.02235174447,-187500.02235174447,-187500.02235174447
não,2564.4379931018348,-7976.890561209984,6997.86180232308,12061.62715692844,-187500.02235174447,-187500.02235174447,-187500.02235174447,-187500.02235174447
não,2435.401372361347,-7967.346366327569,6855.995280265246,12103.827250460059,-187500.02235174447,-187500.02235174447,-187500.02235174447,-187500.02235174447
não,2192.7508345545334,-8021.772864076241,6331.042209987904,12162.388820932963,-187500.02235174447,-187500.02235174447,-187500.02235174447,-187500.02235174447
não,2297.8710887278426,-8043.87873934254,6392.554210728909,12121.798053002127,-187500.02235174447,-187500.02235174447,-187500.02235174447,-187500.02235174447
não,2560.0123476996837,-7982.523200812722,6952.308947123164,12058.363802237966,-187500.02235174447,-187500.02235174447,-187500.02235174447,-187500.02235174447
não,2481.6024281504665,-7960.640842990976,6927.140882866488,12090.147982853412,-187500.02235174447,-187500.02235174447,-187500.02235174447,-187500.02235174447
não,2234.593300174868,-8009.635866837009,6424.584260533365,12152.64346035045,-187500.02235174447,-187500.02235174447,-187500.02235174447,-187500.02235174447
não,2266.01985287903,-8049.35491673409,6344.252090960991,12142.49576836774,-187500.02235174447,-187500.02235174447,-187500.02235174447,-187500.02235174447
não,2539.672260245354,-7997.789442275696,6878.16821076491,12082.369575782965,-187500.02235174447,-187500.02235174447,-187500.02235174447,-187500.02235174447
não,2530.530396763134,-7959.925587168406,7009.708226884392,12086.683462462839,-187500.02235174447,-187500.02235174447,-187500.02235174447,-187500.02235174447
não,2254.106373084351,-7998.459994609356,6487.392662452778,12139.321820655086,-187500.02235174447,-187500.02235174447,-187500.02235174447,-187500.02235174447
não,2217.7177331111116,-8045.488064943322,6266.937406890083,12153.157550472923,-187500.02235174447,-187500.02235174447,-187500.02235174447,-187500.02235174447
não,2492.6441899113884,-8007.132471458015,6764.1072588094785,12087.085793863034,-187500.02235174447,-187500.02235174447,-187500.02235174447,-187500.02235174447
não,2550.5128563061785,-7961.669023235921,7009.618819906571,12081.296692049109,-187500.02235174447,-187500.02235174447,-187500.02235174447,-187500.02235174447
não,2312.958516235175,-7991.396843361479,6596.647989350318,12151.727038827783,-187500.02235174447,-187500.02235174447,-187500.02235174447,-187500.02235174447
não,2192.929648510176,-8044.102256787093,6236.427275708589,12177.588007162572,-187500.02235174447,-187500.02235174447,-187500.02235174447,-187500.02235174447
não,2459.228331950704,-8018.06247449666,6681.964597936225,12091.958474154291,-187500.02235174447,-187500.02235174447,-187500.02235174447,-187500.02235174447
não,2574.540981595633,-7958.76329645673,7036.127988830565,12065.851636630492,-187500.02235174447,-187500.02235174447,-187500.02235174447,-187500.02235174447
não,2365.172191282772,-7974.320110597624,6703.914010991337,12117.64062853344,-187500.02235174447,-187500.02235174447,-187500.02235174447,-187500.02235174447
não,2184.994779228542,-8038.089637528616,6252.4758282275,12167.753239602238,-187500.02235174447,-187500.02235174447,-187500.02235174447,-187500.02235174447
não,2409.42864530428,-8031.361762447568,6576.442012362721,12120.903983223914,-187500.02235174447,-187500.02235174447,-187500.02235174447,-187500.02235174447
não,2592.3106184376024,-7967.14520062747,7031.076494583666,12077.362785024976,-187500.02235174447,-187500.02235174447,-187500.02235174447,-187500.02235174447
não,2414.1672151288053,-7968.665119250431,6789.9905788887245,12106.01772141668,-187500.02235174447,-187500.02235174447,-187500.02235174447,-187500.02235174447
não,2183.4972123500365,-8031.831149081129,6268.457325513044,12142.987506745758,-187500.02235174447,-187500.02235174447,-187500.02235174447,-187500.02235174447
não,2353.9963190551184,-8037.821416595151,6462.626929596297,12112.29856160862,-187500.02235174447,-187500.02235174447,-187500.02235174447,-187500.02235174447
não,2589.1813742138597,-7965.24530234877,6997.213601733876,12078.458020503285,-187500.02235174447,-187500.02235174447,-187500.02235174447,-187500.02235174447
não,2467.811401821542,-7956.259901077736,6877.050623542145,12115.293695365632,-187500.02235174447,-187500.02235174447,-187500.02235174447,-187500.02235174447
não,2215.5272621544914,-8015.313209928658,6349.214178230069,12164.288719211665,-187500.02235174447,-187500.02235174447,-187500.02235174447,-187500.02235174447
não,2303.2578591415718,-8046.940928332917,6373.912855853183,12137.198404931833,-187500.02235174447,-187500.02235174447,-187500.02235174447,-187500.02235174447
não,2574.3174641510805,-7986.300645625669,6939.3225835946305,12082.079003105046,-187500.02235174447,-187500.02235174447,-187500.02235174447,-187500.02235174447
não,2512.626649454433,-7958.651537734454,6949.783199999714,12101.145041125423,-187500.02235174447,-187500.02235174447,-187500.02235174447,-187500.02235174447
não,2250.373631760315,-8003.578544089622,6431.89328097025,12155.392724918453,-187500.02235174447,-187500.02235174447,-187500.02235174447,-187500.02235174447
não,2252.854675394854,-8046.583300421632,6296.262895615447,12139.858262522015,-187500.02235174447,-187500.02235174447,-187500.02235174447,-187500.02235174447
não,2541.035716657128,-7998.683512053909,6857.470495399296,12071.797200655605,-187500.02235174447,-187500.02235174447,-187500.02235174447,-187500.02235174447
não,2542.9579666802847,-7958.629185989998,6996.230124977842,12086.102317107001,-187500.02235174447,-187500.02235174447,-187500.02235174447,-187500.02235174447
não,2296.5970392938902,-7994.302570140669,6528.743389695095,12149.268346937699,-187500.02235174447,-187500.02235174447,-187500.02235174447,-187500.02235174447
não,2226.032582048486,-8047.231501010836,6256.767363162919,12161.092419754556,-187500.02235174447,-187500.02235174447,-187500.02235174447,-187500.02235174447
não,2510.726751175732,-8013.390959905501,6766.185971043822,12090.595017742518,-187500.02235174447,-187500.02235174447,-187500.02235174447,-187500.02235174447
não,2573.8927810064297,-7962.518389525222,7029.578927705161,12084.58239848404,-187500.02235174447,-187500.02235174447,-187500.02235174447,-187500.02235174447
não,2344.206254983694,-7986.702977025864,6635.495321213642,12143.792169546148,-187500.02235174447,-187500.02235174447,-187500.02235174447,-187500.02235174447
não,2218.7235616116004,-8041.30828873018,6278.739127962485,12162.992318033257,-187500.02235174447,-187500.02235174447,-187500.02235174447,-187500.02235174447
não,2447.6948318117657,-8026.332619945124,6655.097801100946,12109.68340750735,-187500.02235174447,-187500.02235174447,-187500.02235174447,-187500.02235174447
não,2596.0210080171837,-7966.362889571535,7057.317442574196,12079.463849003774,-187500.02235174447,-187500.02235174447,-187500.02235174447,-187500.02235174447
não,2377.398595499825,-7981.003282189761,6712.720598306728,12123.519137325186,-187500.02235174447,-187500.02235174447,-187500.02235174447,-187500.02235174447
não,2190.3591978978156,-8042.604689908588,6237.723676886997,12167.574425646595,-187500.02235174447,-187500.02235174447,-187500.02235174447,-187500.02235174447
não,2405.785310958065,-8040.816550352163,6543.853168946883,12113.997294187224,-187500.02235174447,-187500.02235174447,-187500.02235174447,-187500.02235174447
não,2596.8033190731194,-7977.829334477107,7021.308782256697,12062.118895306456,-187500.02235174447,-187500.02235174447,-187500.02235174447,-187500.02235174447
não,2443.4256486208023,-7971.190866373881,6816.365637345986,12103.693139993327,-187500.02235174447,-187500.02235174447,-187500.02235174447,-187500.02235174447
não,2213.5826603868795,-8026.578489134132,6300.174450895125,12167.417963435408,-187500.02235174447,-187500.02235174447,-187500.02235174447,-187500.02235174447
não,2359.2266272576603,-8040.235404996325,6449.327641645389,12135.343210142042,-187500.02235174447,-187500.02235174447,-187500.02235174447,-187500.02235174447
não,2600.491356908245,-7978.164610643937,6989.904581296991,12073.272415789655,-187500.02235174447,-187500.02235174447,-187500.02235174447,-187500.02235174447
não,2490.788995121598,-7966.094668638071,6900.184679053388,12092.316102065577,-187500.02235174447,-187500.02235174447,-187500.02235174447,-187500.02235174447
não,2234.6827071526895,-8021.526994887233,6366.78264937194,12151.369410916497,-187500.02235174447,-187500.02235174447,-187500.02235174447,-187500.02235174447
não,2303.6154870528567,-8052.484160957833,6350.711745108574,12136.572556087083,-187500.02235174447,-187500.02235174447,-187500.02235174447,-187500.02235174447
não,2581.648836332421,-7994.213163162847,6925.710371221348,12075.373479768454,-187500.02235174447,-187500.02235174447,-187500.02235174447,-187500.02235174447
não,2528.943422906807,-7965.848799449062,6965.004737973779,12090.952645653802,-187500.02235174447,-187500.02235174447,-187500.02235174447,-187500.02235174447
não,2268.5232482580245,-8006.976009246828,6458.156580705236,12147.569614359096,-187500.02235174447,-187500.02235174447,-187500.02235174447,-187500.02235174447
não,2259.1578673312506,-8050.628966168042,6287.277494344413,12137.868957265491,-187500.02235174447,-187500.02235174447,-187500.02235174447,-187500.02235174447
não,2551.74220225122,-8008.0488929806825,6843.724172559282,12074.993500112712,-187500.02235174447,-187500.02235174447,-187500.02235174447,-187500.02235174447
não,2568.327196637058,-7967.212255860836,7012.859822852591,12075.440535001819,-187500.02235174447,-187500.02235174447,-187500.02235174447,-187500.02235174447
não,2320.2898884165156,-8000.136375443504,6557.7783057425395,12135.857300264513,-187500.02235174447,-187500.02235174447,-187500.02235174447,-187500.02235174447
não,2234.593300174868,-8050.517207445766,6251.022964837905,12154.07397199559,-187500.02235174447,-187500.02235174447,-187500.02235174447,-187500.02235174447
não,2513.4536639992793,-8014.262677939258,6744.1918544998,12094.327759066553,-187500.02235174447,-187500.02235174447,-187500.02235174447,-187500.02235174447
não,2589.6731125918764,-7963.85949419254,7036.44091325294,12081.207285071288,-187500.02235174447,-187500.02235174447,-187500.02235174447,-187500.02235174447
não,2357.8184673569763,-7993.1402794289925,6653.130847588879,12119.205250645311,-187500.02235174447,-187500.02235174447,-187500.02235174447,-187500.02235174447
não,2212.733294097578,-8044.59399516511,6242.909281600629,12157.896120297448,-187500.02235174447,-187500.02235174447,-187500.02235174447,-187500.02235174447
não,2461.10587848495,-8026.600840878587,6632.231966523167,12090.080927620045,-187500.02235174447,-187500.02235174447,-187500.02235174447,-187500.02235174447
não,2600.6925226083426,-7971.257921607247,7034.004573107311,12058.475560960242,-187500.02235174447,-187500.02235174447,-187500.02235174447,-187500.02235174447
não,2414.681305251277,-7977.650520521465,6752.216130759255,12107.96232318429,-187500.02235174447,-187500.02235174447,-187500.02235174447,-187500.02235174447
não,2216.7119046106227,-8037.441436939412,6268.569084235321,12149.044829493145,-187500.02235174447,-187500.02235174447,-187500.02235174447,-187500.02235174447
não,2412.960220928219,-8041.487102685822,6526.664677460752,12101.480317292253,-187500.02235174447,-187500.02235174447,-187500.02235174447,-187500.02235174447
não,2633.6613456799205,-7977.67287226592,7050.544864004239,12060.017831327657,-187500.02235174447,-187500.02235174447,-187500.02235174447,-187500.02235174447
não,2471.4323844233018,-7968.486305294789,6855.190617464855,12107.358826083997,-187500.02235174447,-187500.02235174447,-187500.02235174447,-187500.02235174447
não,2220.377590701293,-8030.713561858364,6303.348398607779,12159.840722065059,-187500.02235174447,-187500.02235174447,-187500.02235174447,-187500.02235174447
não,2346.1285050068504,-8052.417105724467,6410.368551059789,12120.322837868076,-187500.02235174447,-187500.02235174447,-187500.02235174447,-187500.02235174447
não,2600.4466534193343,-7991.15097417247,6970.212694431865,12065.29284301911,-187500.02235174447,-187500.02235174447,-187500.02235174447,-187500.02235174447
não,2511.754931420676,-7968.933340183895,6917.708446706349,12092.740785210228,-187500.02235174447,-187500.02235174447,-187500.02235174447,-187500.02235174447
não,2255.246312051572,-8019.224765208336,6385.021672847471,12142.205195689821,-187500.02235174447,-187500.02235174447,-187500.02235174447,-187500.02235174447
não,2300.642705040301,-8056.440419726422,6326.840082030307,12124.010875703201,-187500.02235174447,-187500.02235174447,-187500.02235174447,-187500.02235174447
não,2590.3436649255354,-8000.292837654691,6906.242001800776,12074.658223945884,-187500.02235174447,-187500.02235174447,-187500.02235174447,-187500.02235174447
não,2558.3136151210806,-7964.239473848281,6984.495459138806,12090.796183442615,-187500.02235174447,-187500.02235174447,-187500.02235174447,-187500.02235174447
$SILENCE,2299.726283517633,-8005.769015046241,6486.945627563671,12145.468550380296,-187500.02235174447,-187500.02235174447,-187500.02235174447,-187500.02235174447
$SILENCE,2264.3211203004266,-8054.898149359006,6277.95681690655,12134.426788619374,-187500.02235174447,-187500.02235174447,-187500.02235174447,-187500.02235174447
$SILENCE,2548.2776818606476,-8014.754416317274,6814.912773956392,12057.894415604404,-187500.02235174447,-187500.02235174447,-187500.02235174447,-187500.02235174447
$SILENCE,2579.0560339756053,-7972.95665418585,7014.446796708918,12067.013927342168,-187500.02235174447,-187500.02235174447,-187500.02235174447,-187500.02235174447
$SILENCE,2338.08187700294,-7996.649503308476,6574.989148973125,12137.35486714302,-187500.02235174447,-187500.02235174447,-187500.02235174447,-187500.02235174447
$SILENCE,2234.638003663779,-8047.723239388853,6237.164883275615,12142.942803256847,-187500.02235174447,-187500.02235174447,-187500.02235174447,-187500.02235174447
$SILENCE,2509.698570930788,-8020.297648942191,6711.245383172677,12064.756401152183,-187500.02235174447,-187500.02235174447,-187500.02235174447,-187500.02235174447
$SILENCE,2616.0481710491385,-7968.933340183895,7038.96666037639,12053.20054926879,-187500.02235174447,-187500.02235174447,-187500.02235174447,-187500.02235174447
$SILENCE,2401.0914446224506,-7992.9614654733505,6680.2211618687115,12111.583305786051,-187500.02235174447,-187500.02235174447,-187500.02235174447,-187500.02235174447
$SILENCE,2237.3202129984156,-8051.970070835361,6246.642022924665,12146.340268414053,-187500.02235174447,-187500.02235174447,-187500.02235174447,-187500.02235174447
$SILENCE,2472.3488059459696,-8040.727143374342,6607.510937155597,12089.410375286387,-187500.02235174447,-187500.02235174447,-187500.02235174447,-187500.02235174447
$SILENCE,2636.365906759013,-7980.533895556199,7041.3359452886525,12053.133494035423,-187500.02235174447,-187500.02235174447,-187500.02235174447,-187500.02235174447
$SILENCE,2463.855143052953,-7986.367700859035,6779.239389805722,12094.707738722294,-187500.02235174447,-187500.02235174447,-187500.02235174447,-187500.02235174447
$SILENCE,2252.9664341171306,-8046.2033207658915,6278.068575628827,12141.869919522993,-187500.02235174447,-187500.02235174447,-187500.02235174447,-187500.02235174447
$SILENCE,2427.8017792465425,-8051.232463268336,6501.451909715165,12100.206267858299,-187500.02235174447,-187500.02235174447,-187500.02235174447,-187500.02235174447
$SILENCE,2641.1044765835377,-7986.099479925571,7018.067779310678,12052.351182979488,-187500.02235174447,-187500.02235174447,-187500.02235174447,-187500.02235174447
$SILENCE,2500.243783026193,-7974.476572808811,6871.730908361782,12093.210171843788,-187500.02235174447,-187500.02235174447,-187500.02235174447,-187500.02235174447
$SILENCE,2245.188027046684,-8031.719390358853,6337.054829246382,12147.346096914542,-187500.02235174447,-187500.02235174447,-187500.02235174447,-187500.02235174447
$SILENCE,2338.9759467811523,-8055.613405181576,6392.420100262178,12114.220811631778,-187500.02235174447,-187500.02235174447,-187500.02235174447,-187500.02235174447
$SILENCE,2598.7702725851864,-7995.755433530264,6954.208845401865,12053.826398113537,-187500.02235174447,-187500.02235174447,-187500.02235174447,-187500.02235174447
$SILENCE,2526.1941583388043,-7967.212255860836,6932.482949791307,12073.183008811833,-187500.02235174447,-187500.02235174447,-187500.02235174447,-187500.02235174447
$SILENCE,2277.508649529058,-8011.021674993239,6415.0847691398585,12136.505500853718,-187500.02235174447,-187500.02235174447,-187500.02235174447,-187500.02235174447
$SILENCE,2308.756388277577,-8051.321870246157,6328.270593675446,12125.039055948146,-187500.02235174447,-187500.02235174447,-187500.02235174447,-187500.02235174447
$SILENCE,2594.1211097384826,-8007.378340647023,6899.469423230818,12061.090715061513,-187500.02235174447,-187500.02235174447,-187500.02235174447,-187500.02235174447
$SILENCE,2578.676054319865,-7971.280273351703,7002.443909936418,12069.897302376903,-187500.02235174447,-187500.02235174447,-187500.02235174447,-187500.02235174447
$SILENCE,2319.50757736058,-8010.664047081954,6514.952363366171,12133.912698496903,-187500.02235174447,-187500.02235174447,-187500.02235174447,-187500.02235174447
$SILENCE,2266.891570912787,-8062.251873284802,6274.67111047162,12149.536567871162,-187500.02235174447,-187500.02235174447,-187500.02235174447,-187500.02235174447
$SILENCE,2557.8218767430635,-8021.0799599981265,6807.469643052775,12085.387061284431,-187500.02235174447,-187500.02235174447,-187500.02235174447,-187500.02235174447
$SILENCE,2604.157042998915,-7969.939168684384,7039.413695265495,12074.747630923704,-187500.02235174447,-187500.02235174447,-187500.02235174447,-187500.02235174447
$SILENCE,2362.1323540368503,-7999.331712643113,6613.411797691799,12114.176108142867,-187500.02235174447,-187500.02235174447,-187500.02235174447,-187500.02235174447
$SILENCE,2235.9120530977316,-8056.619233682065,6242.6857641560755,12126.424864104374,-187500.02235174447,-187500.02235174447,-187500.02235174447,-187500.02235174447
$SILENCE,2499.237954525704,-8034.021620037749,6686.434946827287,12062.074191817546,-187500.02235174447,-187500.02235174447,-187500.02235174447,-187500.02235174447
$SILENCE,2614.483548937267,-7975.974139687317,7039.905433643513,12046.204453254279,-187500.02235174447,-187500.02235174447,-187500.02235174447,-187500.02235174447
$SILENCE,2406.9923051586516,-7987.351177615068,6705.5233365921185,12101.323855081066,-187500.02235174447,-187500.02235174447,-187500.02235174447,-187500.02235174447
$SILENCE,2226.703134382145,-8047.9020533444955,6252.09584857176,12139.657096821917,-187500.02235174447,-187500.02235174447,-187500.02235174447,-187500.02235174447
$SILENCE,2447.3819073893915,-8044.415181209467,6583.102832210402,12084.58239848404,-187500.02235174447,-187500.02235174447,-187500.02235174447,-187500.02235174447
$SILENCE,2625.94999384284,-7981.226799634314,7034.809235907703,12051.412409712364,-187500.02235174447,-187500.02235174447,-187500.02235174447,-187500.02235174447
$SILENCE,2459.3847941618915,-7987.775860759719,6797.254895836699,12090.192686342321,-187500.02235174447,-187500.02235174447,-187500.02235174447,-187500.02235174447
$SILENCE,2230.637041406279,-8047.92440508895,6284.058843142849,12140.372352644486,-187500.02235174447,-187500.02235174447,-187500.02235174447,-187500.02235174447
$SILENCE,2394.721197452688,-8058.742649405319,6472.551104134453,12110.39866332992,-187500.02235174447,-187500.02235174447,-187500.02235174447,-187500.02235174447
$SILENCE,2631.0908950675603,-7996.4259858639225,7005.1037675266,12064.242311029711,-187500.02235174447,-187500.02235174447,-187500.02235174447,-187500.02235174447
$SILENCE,2508.5586319635668,-7973.582503030599,6891.959237093835,12092.092584621023,-187500.02235174447,-187500.02235174447,-187500.02235174447,-187500.02235174447
$SILENCE,2259.046108608974,-8023.449244910389,6362.558169669887,12140.841739278048,-187500.02235174447,-187500.02235174447,-187500.02235174447,-187500.02235174447
$SILENCE,2341.144065993317,-8056.440419726422,6380.707786167596,12106.889439450437,-187500.02235174447,-187500.02235174447,-187500.02235174447,-187500.02235174447
$SILENCE,2609.096778523538,-8001.186907432903,6942.51888305174,12043.76811310865,-187500.02235174447,-187500.02235174447,-187500.02235174447,-187500.02235174447
$SILENCE,2549.3505655945023,-7972.487267552289,6950.319641866642,12067.595072698006,-187500.02235174447,-187500.02235174447,-187500.02235174447,-187500.02235174447
$SILENCE,2295.0100654375633,-8018.151881474481,6439.023487451493,12120.948686712825,-187500.02235174447,-187500.02235174447,-187500.02235174447,-187500.02235174447
$SILENCE,2301.31325737396,-8065.001137852805,6305.002427697472,12108.118785395478,-187500.02235174447,-187500.02235174447,-187500.02235174447,-187500.02235174447
$SILENCE,2593.785833571653,-8016.766073318252,6869.339271705065,12047.791427110604,-187500.02235174447,-187500.02235174447,-187500.02235174447,-187500.02235174447
$SILENCE,2592.3106184376024,-7976.018843176227,7008.277715239253,12057.492084204208,-187500.02235174447,-187500.02235174447,-187500.02235174447,-187500.02235174447
$SILENCE,2340.764086337577,-8013.413311649956,6537.2370525881115,12116.321875610576,-187500.02235174447,-187500.02235174447,-187500.02235174447,-187500.02235174447
$SILENCE,2267.986806391097,-8065.068193086171,6260.455400998045,12125.128462925966,-187500.02235174447,-187500.02235174447,-187500.02235174447,-187500.02235174447
$SILENCE,2552.8597894739855,-8031.227651980836,6772.0868315800235,12057.849712115492,-187500.02235174447,-187500.02235174447,-187500.02235174447,-187500.02235174447
$SILENCE,2619.75856062872,-7982.9255322129175,7038.944308631934,12052.686459146316,-187500.02235174447,-187500.02235174447,-187500.02235174447,-187500.02235174447
$SILENCE,2382.785365913554,-8004.003227234272,6637.484626470164,12112.164451141889,-187500.02235174447,-187500.02235174447,-187500.02235174447,-187500.02235174447
$SILENCE,2245.6797654247007,-8059.3461465056125,6243.199854278548,12147.390800403453,-187500.02235174447,-187500.02235174447,-187500.02235174447,-187500.02235174447
$SILENCE,2497.718035902743,-8041.4423991969115,6658.875245913893,12073.67474718985,-187500.02235174447,-187500.02235174447,-187500.02235174447,-187500.02235174447
$SILENCE,2622.5972321745435,-7981.919703712429,7040.598337721627,12037.889604316904,-187500.02235174447,-187500.02235174447,-187500.02235174447,-187500.02235174447
$SILENCE,2425.141921656361,-7991.776823017219,6730.870214804437,12091.82436368756,-187500.02235174447,-187500.02235174447,-187500.02235174447,-187500.02235174447
$SILENCE,2248.20551254815,-8051.970070835361,6259.628386453198,12124.413207103396,-187500.02235174447,-187500.02235174447,-187500.02235174447,-187500.02235174447
$SILENCE,2460.077698240006,-8051.478332457345,6556.8395324754165,12073.71945067876,-187500.02235174447,-187500.02235174447,-187500.02235174447,-187500.02235174447
$SILENCE,2652.772087189208,-7988.133488671004,7035.949174874923,12039.878909573426,-187500.02235174447,-187500.02235174447,-187500.02235174447,-187500.02235174447
$SILENCE,2495.035826568106,-7987.194715403881,6831.274250897676,12082.414279271876,-187500.02235174447,-187500.02235174447,-187500.02235174447,-187500.02235174447
$SILENCE,2263.471754011125,-8046.091562043615,6311.037398700404,12131.655172306917,-187500.02235174447,-187500.02235174447,-187500.02235174447,-187500.02235174447
$SILENCE,2406.2994010805373,-8062.87772212955,6453.03803122497,12094.841849189026,-187500.02235174447,-187500.02235174447,-187500.02235174447,-187500.02235174447
$SILENCE,2644.166665573915,-8000.516355099244,6993.704377854393,12045.220976498244,-187500.02235174447,-187500.02235174447,-187500.02235174447,-187500.02235174447
$SILENCE,2533.7266962202425,-7985.071299680627,6901.391673253975,12069.919654121359,-187500.02235174447,-187500.02235174447,-187500.02235174447,-187500.02235174447
$SILENCE,2280.8390594528987,-8035.742704360808,6372.0576610633925,12132.92922174087,-187500.02235174447,-187500.02235174447,-187500.02235174447,-187500.02235174447
$SILENCE,2344.005089283596,-8067.415126253978,6357.596082400809,12110.53277379665,-187500.02235174447,-187500.02235174447,-187500.02235174447,-187500.02235174447
$SILENCE,2624.452426964334,-8010.82050929314,6931.767693968737,12043.589299153007,-187500.02235174447,-187500.02235174447,-187500.02235174447,-187500.02235174447
$SILENCE,2574.228057173259,-7982.523200812722,6974.61598808956,12057.939119093315,-187500.02235174447,-187500.02235174447,-187500.02235174447,-187500.02235174447
$SILENCE,2322.1897866952168,-8023.404541421479,6474.115726246325,12115.696026765827,-187500.02235174447,-187500.02235174447,-187500.02235174447,-187500.02235174447
$SILENCE,2314.4560831136805,-8069.806762910696,6301.493203817989,12110.756291241205,-187500.02235174447,-187500.02235174447,-187500.02235174447,-187500.02235174447
$SILENCE,2606.191051744348,-8027.338448445613,6849.557977862118,12043.186967752812,-187500.02235174447,-187500.02235174447,-187500.02235174447,-187500.02235174447
$SILENCE,2621.837272863063,-7982.970235701828,7018.470110710873,12048.95371782228,-187500.02235174447,-187500.02235174447,-187500.02235174447,-187500.02235174447
$SILENCE,2379.142031567339,-8013.0333319942165,6569.1106401813795,12112.700893008816,-187500.02235174447,-187500.02235174447,-187500.02235174447,-187500.02235174447
$SILENCE,2285.957608933164,-8068.510361732288,6260.477752742499,12127.631858304961,-187500.02235174447,-187500.02235174447,-187500.02235174447,-187500.02235174447
$SILENCE,2559.0735744325607,-8039.810721851674,6747.85754059047,12062.185950539822,-187500.02235174447,-187500.02235174447,-187500.02235174447,-187500.02235174447
$SILENCE,2645.6195289635098,-7986.0324246922055,7049.315518059197,12052.351182979488,-187500.02235174447,-187500.02235174447,-187500.02235174447,-187500.02235174447
$SILENCE,2422.1244361548947,-8006.640733079998,6673.247417598655,12107.11295689499,-187500.02235174447,-187500.02235174447,-187500.02235174447,-187500.02235174447
$SILENCE,2261.1248208433176,-8063.749440163308,6249.972432848505,12120.322837868076,-187500.02235174447,-187500.02235174447,-187500.02235174447,-187500.02235174447
$SILENCE,2505.0494080840836,-8049.9584138343835,6636.814074136505,12050.518339934151,-187500.02235174447,-187500.02235174447,-187500.02235174447,-187500.02235174447
$SILENCE,2659.09763087006,-7986.837087492596,7049.047297125733,12030.625287368928,-187500.02235174447,-187500.02235174447,-187500.02235174447,-187500.02235174447
$SILENCE,2470.493611156179,-7993.497907340277,6768.175276300344,12083.978901383747,-187500.02235174447,-187500.02235174447,-187500.02235174447,-187500.02235174447
$SILENCE,2266.2210185791278,-8053.73585864733,6280.884895430195,12129.799977517127,-187500.02235174447,-187500.02235174447,-187500.02235174447,-187500.02235174447
$SILENCE,2461.508209885146,-8060.061402328182,6531.515006007553,12081.363747282476,-187500.02235174447,-187500.02235174447,-187500.02235174447,-187500.02235174447
$SILENCE,2668.5300670301995,-7998.4376428649,7027.38845674854,12040.23653748471,-187500.02235174447,-187500.02235174447,-187500.02235174447,-187500.02235174447
$SILENCE,2519.6898007023096,-7992.559134073154,6853.558940119618,12076.714584435771,-187500.02235174447,-187500.02235174447,-187500.02235174447,-187500.02235174447
$SILENCE,2287.410472322759,-8049.623137667554,6328.248241930991,12124.368503614487,-187500.02235174447,-187500.02235174447,-187500.02235174447,-187500.02235174447
$SILENCE,2409.6521627488332,-8067.660995442987,6431.245080381046,12096.317064323077,-187500.02235174447,-187500.02235174447,-187500.02235174447,-187500.02235174447
$SILENCE,2651.9003691554512,-8005.947829001883,6989.345787685608,12049.62427015594,-187500.02235174447,-187500.02235174447,-187500.02235174447,-187500.02235174447
$SILENCE,2557.6654145318766,-7982.791421746186,6934.785179470204,12069.67378493235,-187500.02235174447,-187500.02235174447,-187500.02235174447,-187500.02235174447
$SILENCE,2309.024609211041,-8029.841843824607,6402.612495733798,12120.971038457279,-187500.02235174447,-187500.02235174447,-187500.02235174447,-187500.02235174447
$SILENCE,2353.817505099476,-8068.756230921296,6344.185035727624,12106.621218516973,-187500.02235174447,-187500.02235174447,-187500.02235174447,-187500.02235174447
$SILENCE,2626.8664153655072,-8018.755378574775,6912.232269314799,12041.309421218566,-187500.02235174447,-187500.02235174447,-187500.02235174447,-187500.02235174447
$SILENCE,2598.904383051918,-7986.479459581311,6987.848220807103,12059.280223760632,-187500.02235174447,-187500.02235174447,-187500.02235174447,-187500.02235174447
$SILENCE,2352.5434556655237,-8029.215994979859,6498.47912770261,12123.250916391722,-187500.02235174447,-187500.02235174447,-187500.02235174447,-187500.02235174447
$SILENCE,2318.0994174598954,-8072.466620500877,6292.977189180517,12129.464701350296,-187500.02235174447,-187500.02235174447,-187500.02235174447,-187500.02235174447
$SILENCE,2593.94229578284,-8027.137282745515,6831.833044509059,12057.62619467094,-187500.02235174447,-187500.02235174447,-187500.02235174447,-187500.02235174447
$SILENCE,2625.0782758090827,-7983.238456635292,7035.792712663736,12056.642717914907,-187500.02235174447,-187500.02235174447,-187500.02235174447,-187500.02235174447
$SILENCE,2383.2324008026603,-8012.519241871744,6599.8666405518825,12111.53860229714,-187500.02235174447,-187500.02235174447,-187500.02235174447,-187500.02235174447
$SILENCE,2277.441594295692,-8068.957396621395,6259.069592841815,12126.335457126554,-187500.02235174447,-187500.02235174447,-187500.02235174447,-187500.02235174447
$SILENCE,2555.005556941695,-8044.571643420654,6727.562156625052,12056.888587103915,-187500.02235174447,-187500.02235174447,-187500.02235174447,-187500.02235174447
$SILENCE,2659.6340727369875,-7990.301607883169,7054.411715795007,12044.706886375772,-187500.02235174447,-187500.02235174447,-187500.02235174447,-187500.02235174447
$SILENCE,2444.1632561878273,-8005.947829001883,6695.107423675946,12100.943875425324,-187500.02235174447,-187500.02235174447,-187500.02235174447,-187500.02235174447
$SILENCE,2271.5630855039462,-8065.559931464188,6253.258139283435,12135.454968864318,-187500.02235174447,-187500.02235174447,-187500.02235174447,-187500.02235174447
$SILENCE,2503.194213294293,-8055.971033092861,6613.054169780514,12082.704851949795,-187500.02235174447,-187500.02235174447,-187500.02235174447,-187500.02235174447
$SILENCE,2667.5242385297106,-7991.352139872568,7053.092962872143,12054.184026024823,-187500.02235174447,-187500.02235174447,-187500.02235174447,-187500.02235174447
$SILENCE,2492.5100794446566,-7997.29770389768,6791.756366700693,12087.778697941148,-187500.02235174447,-187500.02235174447,-187500.02235174447,-187500.02235174447
$SILENCE,2276.949855917675,-8053.69115515842,6287.925694933617,12125.73196002626,-187500.02235174447,-187500.02235174447,-187500.02235174447,-187500.02235174447
$SILENCE,2453.1263057144056,-8065.492876230822,6506.548107450975,12078.413317014376,-187500.02235174447,-187500.02235174447,-187500.02235174447,-187500.02235174447
$SILENCE,2677.426061323412,-8002.080977211115,7025.175634047465,12039.409522939864,-187500.02235174447,-187500.02235174447,-187500.02235174447,-187500.02235174447
$SILENCE,2548.367088838469,-7989.765166016241,6880.492792188263,12073.540636723119,-187500.02235174447,-187500.02235174447,-187500.02235174447,-187500.02235174447
$SILENCE,2298.2063648946723,-8048.706716144886,6348.9906607855155,12126.178994915366,-187500.02235174447,-187500.02235174447,-187500.02235174447,-187500.02235174447
$SILENCE,2396.688150964755,-8073.695966445919,6409.385074303756,12101.994407414724,-187500.02235174447,-187500.02235174447,-187500.02235174447,-187500.02235174447
$SILENCE,2651.967424388817,-8014.73206457282,6969.095107209099,12043.611650897463,-187500.02235174447,-187500.02235174447,-187500.02235174447,-187500.02235174447
$SILENCE,2577.9831502417505,-7991.15097417247,6949.872606977536,12067.326851764543,-187500.02235174447,-187500.02235174447,-187500.02235174447,-187500.02235174447
$SILENCE,2327.1742257087503,-8036.726181116842,6434.597842049342,12131.409303117909,-187500.02235174447,-187500.02235174447,-187500.02235174447,-187500.02235174447
$SILENCE,2351.470571931669,-8074.031242612749,6334.238509445013,12114.06434942059,-187500.02235174447,-187500.02235174447,-187500.02235174447,-187500.02235174447
$SILENCE,2633.7284009132864,-8021.705808842875,6898.240077285776,12047.009116054669,-187500.02235174447,-187500.02235174447,-187500.02235174447,-187500.02235174447
$SILENCE,2617.7916071166524,-7987.395881103979,7009.574116417661,12057.514435948664,-187500.02235174447,-187500.02235174447,-187500.02235174447,-187500.02235174447
$SILENCE,2363.6522726598114,-8025.326791444635,6524.943593137693,12116.746558755227,-187500.02235174447,-187500.02235174447,-187500.02235174447,-187500.02235174447
$SILENCE,2311.5727080789457,-8074.813553668685,6276.950988406061,12123.765006514193,-187500.02235174447,-187500.02235174447,-187500.02235174447,-187500.02235174447
$SILENCE,2599.8655080634962,-8032.2334804813245,6809.056616909101,12055.212206269767,-187500.02235174447,-187500.02235174447,-187500.02235174447,-187500.02235174447
$SILENCE,2647.8547034090407,-7984.91483746944,7049.293166314741,12050.674802145339,-187500.02235174447,-187500.02235174447,-187500.02235174447,-187500.02235174447
$SILENCE,2411.6191162609002,-8014.575602361632,6626.554623431519,12102.262628348188,-187500.02235174447,-187500.02235174447,-187500.02235174447,-187500.02235174447
$SILENCE,2294.831251481921,-8071.237274555836,6257.549674218854,12131.386951373453,-187500.02235174447,-187500.02235174447,-187500.02235174447,-187500.02235174447
$SILENCE,2561.196990155815,-8049.3102132451795,6704.025769713613,12072.668918689362,-187500.02235174447,-187500.02235174447,-187500.02235174447,-187500.02235174447
$SILENCE,2674.833258966596,-7989.094613682582,7063.307710088219,12054.094619047,-187500.02235174447,-187500.02235174447,-187500.02235174447,-187500.02235174447
$SILENCE,2459.876532539908,-8002.5280121002215,6726.109293235457,12100.653302747405,-187500.02235174447,-187500.02235174447,-187500.02235174447,-187500.02235174447
$SILENCE,2280.7049489861665,-8064.509399474789,6264.054031855349,12127.609506560506,-187500.02235174447,-187500.02235174447,-187500.02235174447,-187500.02235174447
$SILENCE,2501.0260940821286,-8059.904940116995,6588.199029946212,12066.67865117534,-187500.02235174447,-187500.02235174447,-187500.02235174447,-187500.02235174447
$SILENCE,2680.2200293803253,-7997.431814364411,7046.834474424658,12032.033447269612,-187500.02235174447,-187500.02235174447,-187500.02235174447,-187500.02235174447
$SILENCE,2514.0795128440277,-7999.421119620934,6819.472529825274,12080.760250182182,-187500.02235174447,-187500.02235174447,-187500.02235174447,-187500.02235174447
$SILENCE,2288.1033764008735,-8058.899111616506,6307.81874749884,12127.006009460212,-187500.02235174447,-187500.02235174447,-187500.02235174447,-187500.02235174447
$SILENCE,2441.9057299978413,-8072.041937356226,6487.1020897748585,12086.884628162936,-187500.02235174447,-187500.02235174447,-187500.02235174447,-187500.02235174447
$SILENCE,2677.9625031903392,-8006.104291213071,7018.827738622158,12047.81377885506,-187500.02235174447,-187500.02235174447,-187500.02235174447,-187500.02235174447
$SILENCE,2562.9851297122395,-7989.876924738518,6906.554926223151,12077.318081536065,-187500.02235174447,-187500.02235174447,-187500.02235174447,-187500.02235174447
$SILENCE,2305.627144053834,-8047.343259733112,6372.795268630418,12113.930238953859,-187500.02235174447,-187500.02235174447,-187500.02235174447,-187500.02235174447
$SILENCE,2387.970970627185,-8079.775640937763,6394.163536329692,12083.755383939193,-187500.02235174447,-187500.02235174447,-187500.02235174447,-187500.02235174447
$SILENCE,2659.7234797148085,-8019.090654741604,6962.836618761614,12035.945002549292,-187500.02235174447,-187500.02235174447,-187500.02235174447,-187500.02235174447
$SILENCE,2601.206612730815,-7990.681587538909,6972.693738066404,12058.073229560046,-187500.02235174447,-187500.02235174447,-187500.02235174447,-187500.02235174447
$SILENCE,2348.2966242190155,-8039.073114284649,6460.078830728392,12117.39475934443,-187500.02235174447,-187500.02235174447,-187500.02235174447,-187500.02235174447
$SILENCE,2345.145028250817,-8081.630835727554,6317.1170731922475,12110.77864298566,-187500.02235174447,-187500.02235174447,-187500.02235174447,-187500.02235174447
$SILENCE,2626.642897920954,-8029.886547313517,6878.16821076491,12049.333697478021,-187500.02235174447,-187500.02235174447,-187500.02235174447,-187500.02235174447
$SILENCE,2629.2133485333143,-7987.1500119149705,7020.124139800566,12054.698116147294,-187500.02235174447,-187500.02235174447,-187500.02235174447,-187500.02235174447
$SILENCE,2381.734833924155,-8025.080922255626,6554.0232126740475,12104.58720977154,-187500.02235174447,-187500.02235174447,-187500.02235174447,-187500.02235174447
$SILENCE,2304.6436672978007,-8078.635701970542,6270.401927280656,12107.671750506372,-187500.02235174447,-187500.02235174447,-187500.02235174447,-187500.02235174447
$SILENCE,2588.533173624656,-8041.285936985724,6784.089718352523,12046.986764310213,-187500.02235174447,-187500.02235174447,-187500.02235174447,-187500.02235174447
$SILENCE,2656.4154215354233,-7986.613570048043,7059.060878641711,12045.153921264879,-187500.02235174447,-187500.02235174447,-187500.02235174447,-187500.02235174447
$SILENCE,2420.8950902098527,-8011.669875582443,6662.60798723793,12097.725224223761,-187500.02235174447,-187500.02235174447,-187500.02235174447,-187500.02235174447
$SILENCE,2279.632065252312,-8069.180914065947,6265.328081289302,12121.172204157378,-187500.02235174447,-187500.02235174447,-187500.02235174447,-187500.02235174447
$SILENCE,2541.7956759686085,-8056.775695893252,6674.543818777063,12059.190816782811,-187500.02235174447,-187500.02235174447,-187500.02235174447,-187500.02235174447
$SILENCE,2678.2083723793476,-7996.873020753029,7058.63619549706,12036.436740927309,-187500.02235174447,-187500.02235174447,-187500.02235174447,-187500.02235174447
$SILENCE,2483.6364368958994,-8004.91964875694,6759.905130851881,12082.526037994152,-187500.02235174447,-187500.02235174447,-187500.02235174447,-187500.02235174447
$SILENCE,2302.1402719188063,-8064.487047730333,6315.597154569287,12113.81848023158,-187500.02235174447,-187500.02235174447,-187500.02235174447,-187500.02235174447
$SILENCE,2487.883268342408,-8064.017661096771,6575.570294328963,12065.71752616376,-187500.02235174447,-187500.02235174447,-187500.02235174447,-187500.02235174447
$SILENCE,2691.395901607979,-8006.037235979705,7061.027832153778,12020.343484919487,-187500.02235174447,-187500.02235174447,-187500.02235174447,-187500.02235174447
$SILENCE,2522.2602513146703,-7999.287009154202,6849.2227016952875,12066.902168619892,-187500.02235174447,-187500.02235174447,-187500.02235174447,-187500.02235174447
$SILENCE,2297.245239883094,-8057.714469160375,6332.249204188491,12117.059483177602,-187500.02235174447,-187500.02235174447,-187500.02235174447,-187500.02235174447
$SILENCE,2431.6686310373107,-8069.471486743866,6473.646339612764,12086.415241529376,-187500.02235174447,-187500.02235174447,-187500.02235174447,-187500.02235174447
$SILENCE,2673.4027473214564,-8012.161613960459,7012.1669187744765,12039.923613062336,-187500.02235174447,-187500.02235174447,-187500.02235174447,-187500.02235174447
$SILENCE,2573.579856584055,-7991.285084639202,6945.379906342019,12066.946872108803,-187500.02235174447,-187500.02235174447,-187500.02235174447,-187500.02235174447
$SILENCE,2306.632972554323,-8050.003117323294,6378.494963466521,12112.92441045337,-187500.02235174447,-187500.02235174447,-187500.02235174447,-187500.02235174447
$SILENCE,2374.2917030205376,-8086.771736952274,6361.395878958211,12084.001253128203,-187500.02235174447,-187500.02235174447,-187500.02235174447,-187500.02235174447
$SILENCE,2653.979081389795,-8027.6513728679865,6937.623851016027,12027.697208845284,-187500.02235174447,-187500.02235174447,-187500.02235174447,-187500.02235174447
$SILENCE,2607.8227290895857,-7994.101404440571,6987.848220807103,12044.751589864683,-187500.02235174447,-187500.02235174447,-187500.02235174447,-187500.02235174447
$SILENCE,2348.0507550300067,-8038.179044506436,6483.034072283992,12100.206267858299,-187500.02235174447,-187500.02235174447,-187500.02235174447,-187500.02235174447
$SILENCE,2329.655269343289,-8081.764946194286,6304.398930597178,12098.194610857321,-187500.02235174447,-187500.02235174447,-187500.02235174447,-187500.02235174447
$SILENCE,2618.037476305661,-8034.334544460124,6860.845608812047,12035.296801960088,-187500.02235174447,-187500.02235174447,-187500.02235174447,-187500.02235174447
$SILENCE,2640.90331088344,-7993.229686406814,7042.542939489239,12040.683572373817,-187500.02235174447,-187500.02235174447,-187500.02235174447,-187500.02235174447
$SILENCE,2392.530726496068,-8027.6513728679865,6586.299131667511,12095.87002943397,-187500.02235174447,-187500.02235174447,-187500.02235174447,-187500.02235174447
$SILENCE,2300.1956701511945,-8084.447155528922,6270.536037747388,12107.78350922865,-187500.02235174447,-187500.02235174447,-187500.02235174447,-187500.02235174447
$SILENCE,2578.65370257541,-8052.797085380207,6758.966357584758,12046.651488143383,-187500.02235174447,-187500.02235174447,-187500.02235174447,-187500.02235174447
$SILENCE,2660.0811076260934,-7997.320055642135,7058.815009452702,12028.94890653478,-187500.02235174447,-187500.02235174447,-187500.02235174447,-187500.02235174447
$SILENCE,2436.362497372925,-8017.168404718448,6683.730385748195,12078.838000159027,-187500.02235174447,-187500.02235174447,-187500.02235174447,-187500.02235174447
$SILENCE,2276.3240070729266,-8076.221713569369,6262.779982421396,12108.185840628845,-187500.02235174447,-187500.02235174447,-187500.02235174447,-187500.02235174447
$SILENCE,2517.432274512324,-8063.369460507568,6646.090048085457,12046.271508487644,-187500.02235174447,-187500.02235174447,-187500.02235174447,-187500.02235174447
$SILENCE,2669.312378086135,-8004.316151656646,7063.419468810495,12020.90227853087,-187500.02235174447,-187500.02235174447,-187500.02235174447,-187500.02235174447
$SILENCE,2483.9270095738184,-8014.128567472526,6781.496915995707,12071.193703555311,-187500.02235174447,-187500.02235174447,-187500.02235174447,-187500.02235174447
$SILENCE,2279.922637930231,-8074.478277501855,6287.992750166983,12109.906924951903,-187500.02235174447,-187500.02235174447,-187500.02235174447,-187500.02235174447
$SILENCE,2469.040747766584,-8080.356786293601,6537.0582386324695,12057.268566759654,-187500.02235174447,-187500.02235174447,-187500.02235174447,-187500.02235174447
$SILENCE,2683.0810526706045,-8014.06151223916,7043.057029611711,12025.417330910843,-187500.02235174447,-187500.02235174447,-187500.02235174447,-187500.02235174447
$SILENCE,2544.0755539030497,-8008.764148803252,6878.190562509366,12077.563950725074,-187500.02235174447,-187500.02235174447,-187500.02235174447,-187500.02235174447
$SILENCE,2296.5746875494347,-8060.30727151719,6345.63789911722,12100.519192280673,-187500.02235174447,-187500.02235174447,-187500.02235174447,-187500.02235174447
$SILENCE,2413.1390348838613,-8084.067175873181,6443.873815998294,12074.881741390436,-187500.02235174447,-187500.02235174447,-187500.02235174447,-187500.02235174447
$SILENCE,2671.0558141536494,-8023.315134443657,7020.191195033932,12022.779825065116,-187500.02235174447,-187500.02235174447,-187500.02235174447,-187500.02235174447
$SILENCE,2574.429222873357,-7998.616456820543,6972.537275855217,12041.62234564094,-187500.02235174447,-187500.02235174447,-187500.02235174447,-187500.02235174447
$SILENCE,2315.327801147437,-8055.88162611504,6416.805853462917,12098.529887024151,-187500.02235174447,-187500.02235174447,-187500.02235174447,-187500.02235174447
$SILENCE,2363.5852174264455,-8084.849486929118,6369.375451728756,12078.68153794784,-187500.02235174447,-187500.02235174447,-187500.02235174447,-187500.02235174447
$SILENCE,2631.157950300926,-8035.385076449523,6914.355685038053,12029.798272824082,-187500.02235174447,-187500.02235174447,-187500.02235174447,-187500.02235174447
$SILENCE,2618.2386420057587,-7998.482346353811,7029.556575960705,12039.834206084515,-187500.02235174447,-187500.02235174447,-187500.02235174447,-187500.02235174447
$SILENCE,2339.400629925803,-8042.11295153057,6484.978674051604,12087.845753174515,-187500.02235174447,-187500.02235174447,-187500.02235174447,-187500.02235174447
$SILENCE,2317.7417895486105,-8090.12449862057,6286.785755966396,12095.713567222783,-187500.02235174447,-187500.02235174447,-187500.02235174447,-187500.02235174447
$SILENCE,2599.7537493412196,-8050.740724890319,6828.212061907299,12027.496043145185,-187500.02235174447,-187500.02235174447,-187500.02235174447,-187500.02235174447
não,2632.9907933462614,-8000.695169054887,7039.614860965594,12019.695284330284,-187500.02235174447,-187500.02235174447,-187500.02235174447,-187500.02235174447
não,2391.3460840399366,-8027.629021123532,6614.507033170108,12080.112049592979,-187500.02235174447,-187500.02235174447,-187500.02235174447,-187500.02235174447
não,2286.7399199890997,-8078.658053714998,6270.737203447486,12105.280113849654,-187500.02235174447,-187500.02235174447,-187500.02235174447,-187500.02235174447
não,2553.4409348298236,-8058.206207538392,6729.953793281769,12040.907089818369,-187500.02235174447,-187500.02235174447,-187500.02235174447,-187500.02235174447
não,2652.5262180001996,-8002.796233033685,7057.004518151823,12016.700150573273,-187500.02235174447,-187500.02235174447,-187500.02235174447,-187500.02235174447
não,2443.8950352543634,-8015.022637250739,6713.189984940289,12064.666994174362,-187500.02235174447,-187500.02235174447,-187500.02235174447,-187500.02235174447
não,2281.4872600421027,-8079.082736859648,6273.531171504399,12112.477375564264,-187500.02235174447,-187500.02235174447,-187500.02235174447,-187500.02235174447
não,2511.9337453763183,-8070.11968733307,6622.844233851938,12059.391982482908,-187500.02235174447,-187500.02235174447,-187500.02235174447,-187500.02235174447
não,2677.090785156582,-7998.705863798365,7070.683785758471,12030.401769924376,-187500.02235174447,-187500.02235174447,-187500.02235174447,-187500.02235174447
não,2478.6072943934555,-8018.4424541524,6792.270456823166,12058.38615398242,-187500.02235174447,-187500.02235174447,-187500.02235174447,-187500.02235174447
não,2271.607788992857,-8075.595864724621,6291.144346135181,12103.894305693426,-187500.02235174447,-187500.02235174447,-187500.02235174447,-187500.02235174447
não,2449.2594539236375,-8081.586132238643,6504.983485339104,12062.878854617937,-187500.02235174447,-187500.02235174447,-187500.02235174447,-187500.02235174447
não,2674.2968170996687,-8011.513413371255,7025.242689280831,12017.258944184656,-187500.02235174447,-187500.02235174447,-187500.02235174447,-187500.02235174447
não,2545.1260858924493,-7992.782651517708,6898.441242985874,12056.821531870548,-187500.02235174447,-187500.02235174447,-187500.02235174447,-187500.02235174447
não,2296.6417427828005,-8036.860291583574,6387.301550781912,12118.557050056106,-187500.02235174447,-187500.02235174447,-187500.02235174447,-187500.02235174447
não,2391.882525906864,-8084.603617740109,6423.980763433071,12082.526037994152,-187500.02235174447,-187500.02235174447,-187500.02235174447,-187500.02235174447
não,2632.90138636844,-8043.968146320361,6949.559682555161,12016.655447084362,-187500.02235174447,-187500.02235174447,-187500.02235174447,-187500.02235174447
não,2568.975397226262,-8003.086805711604,6956.354612869574,12057.38032548193,-187500.02235174447,-187500.02235174447,-187500.02235174447,-187500.02235174447
não,2314.1655104357615,-8052.59591968011,6457.173103949202,12116.746558755227,-187500.02235174447,-187500.02235174447,-187500.02235174447,-187500.02235174447
não,2331.599871110901,-8097.478222546366,6310.076273688826,12098.418128301875,-187500.02235174447,-187500.02235174447,-187500.02235174447,-187500.02235174447
não,2613.7906448591525,-8040.190701507414,6863.4831146577735,12029.910031546358,-187500.02235174447,-187500.02235174447,-187500.02235174447,-187500.02235174447
não,2589.203725958315,-8010.373474404035,6997.459470922884,12022.958639020759,-187500.02235174447,-187500.02235174447,-187500.02235174447,-187500.02235174447
não,2326.3248594194483,-8040.6824398854305,6506.458700473154,12105.68244524985,-187500.02235174447,-187500.02235174447,-187500.02235174447,-187500.02235174447
não,2296.4852805716137,-8081.139097349536,6310.746826022485,12112.58913428654,-187500.02235174447,-187500.02235174447,-187500.02235174447,-187500.02235174447
não,2546.0425074151167,-8058.519131960766,6762.810857631071,12045.556252665074,-187500.02235174447,-187500.02235174447,-187500.02235174447,-187500.02235174447
não,2615.288211737658,-7993.564962573643,7049.293166314741,12060.554273194584,-187500.02235174447,-187500.02235174447,-187500.02235174447,-187500.02235174447
não,2369.2849122625485,-8043.655221897987,6625.012353064103,12078.547427481108,-187500.02235174447,-187500.02235174447,-187500.02235174447,-187500.02235174447
não,2226.1890442596728,-8101.814460970696,6200.060987479805,12076.222846057755,-187500.02235174447,-187500.02235174447,-187500.02235174447,-187500.02235174447
não,2483.524678173623,-8083.910713661995,6636.545853203042,12014.375569149921,-187500.02235174447,-187500.02235174447,-187500.02235174447,-187500.02235174447
não,2608.9179645678955,-8032.479349670333,7016.793729876725,12004.51844984513,-187500.02235174447,-187500.02235174447,-187500.02235174447,-187500.02235174447
não,2411.686171494266,-8038.939003817917,6706.596220325973,12059.235520271723,-187500.02235174447,-187500.02235174447,-187500.02235174447,-187500.02235174447
não,2228.9159570832203,-8100.585115025654,6251.805275893841,12098.149907368412,-187500.02235174447,-187500.02235174447,-187500.02235174447,-187500.02235174447
não,2456.568474360523,-8084.424803784466,6574.050375706002,12043.455188686276,-187500.02235174447,-187500.02235174447,-187500.02235174447,-187500.02235174447
não,2625.7935316316525,-8022.868099554551,7033.490482984839,11993.499039828665,-187500.02235174447,-187500.02235174447,-187500.02235174447,-187500.02235174447
não,2449.0359364790843,-8035.809759594174,6816.119768156978,12038.403694439376,-187500.02235174447,-187500.02235174447,-187500.02235174447,-187500.02235174447
não,2226.8372448488767,-8104.273152860779,6279.163811107137,12077.67570944735,-187500.02235174447,-187500.02235174447,-187500.02235174447,-187500.02235174447
não,2375.878676876864,-8121.752217024829,6434.84371123835,12027.138415233901,-187500.02235174447,-187500.02235174447,-187500.02235174447,-187500.02235174447
não,2627.581671188077,-8043.588166664621,6990.977465030845,11990.638016538385,-187500.02235174447,-187500.02235174447,-187500.02235174447,-187500.02235174447
não,2510.97262036474,-8032.725218859341,6889.3664347370195,12018.555345363064,-187500.02235174447,-187500.02235174447,-187500.02235174447,-187500.02235174447
não,2256.989748119086,-8088.179896852958,6367.1849807721355,12080.62613971545,-187500.02235174447,-187500.02235174447,-187500.02235174447,-187500.02235174447
não,2333.9915077676187,-8119.897022235039,6360.479457435544,12054.094619047,-187500.02235174447,-187500.02235174447,-187500.02235174447,-187500.02235174447
não,2593.8305370605635,-8062.78831515173,6909.125376835511,11989.56513280453,-187500.02235174447,-187500.02235174447,-187500.02235174447,-187500.02235174447
não,2547.0036324266953,-8037.553195661688,6940.596633028583,12003.445566111275,-187500.02235174447,-187500.02235174447,-187500.02235174447,-187500.02235174447
não,2291.2549723690718,-8081.943760149928,6440.006964207526,12061.850674372992,-187500.02235174447,-187500.02235174447,-187500.02235174447,-187500.02235174447
não,2285.8458502108874,-8121.37223736909,6303.326046863323,12056.463903959264,-187500.02235174447,-187500.02235174447,-187500.02235174447,-187500.02235174447
não,2585.001598000717,-8056.462771470878,6873.854324085036,12005.032539967602,-187500.02235174447,-187500.02235174447,-187500.02235174447,-187500.02235174447
não,2586.879144534963,-8022.286954198713,7015.072645553666,12002.23857191069,-187500.02235174447,-187500.02235174447,-187500.02235174447,-187500.02235174447
não,2313.025571468541,-8081.541428749732,6526.999953627581,12046.047991043091,-187500.02235174447,-187500.02235174447,-187500.02235174447,-187500.02235174447
não,2234.5262449415022,-8137.979583499383,6238.438932709567,12058.632023171429,-187500.02235174447,-187500.02235174447,-187500.02235174447,-187500.02235174447
não,2530.1280653629383,-8094.08075738916,6758.675784906839,11996.717691030228,-187500.02235174447,-187500.02235174447,-187500.02235174447,-187500.02235174447
não,2615.131749526471,-8033.999268293294,7064.604111266627,11988.335786859489,-187500.02235174447,-187500.02235174447,-187500.02235174447,-187500.02235174447
não,2358.667833646278,-8061.335451762135,6626.599326920429,12047.679668388328,-187500.02235174447,-187500.02235174447,-187500.02235174447,-187500.02235174447
não,2237.8790066097986,-8114.957286710416,6283.142421620181,12071.86425588897,-187500.02235174447,-187500.02235174447,-187500.02235174447,-187500.02235174447
não,2483.2564572401593,-8090.79505095423,6682.121060147412,12026.110234988957,-187500.02235174447,-187500.02235174447,-187500.02235174447,-187500.02235174447
não,2616.3834472159683,-8045.331602732134,7031.836453895146,11976.399955320354,-187500.02235174447,-187500.02235174447,-187500.02235174447,-187500.02235174447
não,2403.3489708124366,-8055.16637029247,6698.460185344242,12029.95473503527,-187500.02235174447,-187500.02235174447,-187500.02235174447,-187500.02235174447
não,2223.9315180696867,-8113.303257620723,6244.0939240567595,12078.033337358635,-187500.02235174447,-187500.02235174447,-187500.02235174447,-187500.02235174447
não,2423.398485588847,-8123.674467047986,6526.038828616003,12014.688493572296,-187500.02235174447,-187500.02235174447,-187500.02235174447,-187500.02235174447
não,2629.325107255591,-8054.49581795881,7018.20188977741,11975.46118205323,-187500.02235174447,-187500.02235174447,-187500.02235174447,-187500.02235174447
não,2474.427518180313,-8053.042954569216,6835.319916644087,12014.867307527937,-187500.02235174447,-187500.02235174447,-187500.02235174447,-187500.02235174447
não,2240.829436877899,-8108.519984307288,6313.138462679203,12063.839979629514,-187500.02235174447,-187500.02235174447,-187500.02235174447,-187500.02235174447
não,2372.369452997381,-8122.646286803042,6428.428760579677,12018.04125524059,-187500.02235174447,-187500.02235174447,-187500.02235174447,-187500.02235174447
não,2633.259014279725,-8053.758210391786,6984.584866116627,11983.284292612589,-187500.02235174447,-187500.02235174447,-187500.02235174447,-187500.02235174447
não,2520.427408269335,-8059.59201569462,6903.60449595505,12002.909124244348,-187500.02235174447,-187500.02235174447,-187500.02235174447,-187500.02235174447
não,2274.1335361163065,-8108.430577329466,6398.052739864915,12056.66506965936,-187500.02235174447,-187500.02235174447,-187500.02235174447,-187500.02235174447
não,2343.8039235834985,-8128.815368272707,6372.303530252401,12044.081037531023,-187500.02235174447,-187500.02235174447,-187500.02235174447,-187500.02235174447
não,2606.5263279111778,-8074.478277501855,6912.478138503807,11985.251246124655,-187500.02235174447,-187500.02235174447,-187500.02235174447,-187500.02235174447
não,2548.478847560745,-8042.872910842051,6962.009604216767,11994.0801851845,-187500.02235174447,-187500.02235174447,-187500.02235174447,-187500.02235174447
não,2284.057710654463,-8084.491859017833,6459.073002227903,12048.104351532978,-187500.02235174447,-187500.02235174447,-187500.02235174447,-187500.02235174447
não,2266.2210185791278,-8132.928089252483,6285.109375132248,12062.34241275101,-187500.02235174447,-187500.02235174447,-187500.02235174447,-187500.02235174447
não,2562.0240047006614,-8082.636664228042,6843.813579537104,12003.982007978202,-187500.02235174447,-187500.02235174447,-187500.02235174447,-187500.02235174447
não,2587.460289890801,-8037.530843917232,7027.656677682005,12005.61368532344,-187500.02235174447,-187500.02235174447,-187500.02235174447,-187500.02235174447
não,2333.186844967228,-8068.711527432386,6579.1465734418125,12059.704906905283,-187500.02235174447,-187500.02235174447,-187500.02235174447,-187500.02235174447
não,2234.794465874966,-8125.216737415402,6258.264930041424,12066.835113386525,-187500.02235174447,-187500.02235174447,-187500.02235174447,-187500.02235174447
não,2504.267097028148,-8096.718263234886,6736.815778829548,11993.253170639655,-187500.02235174447,-187500.02235174447,-187500.02235174447,-187500.02235174447
não,2588.6449323469324,-8046.583300421632,7037.849073153624,11976.735231487184,-187500.02235174447,-187500.02235174447,-187500.02235174447,-187500.02235174447
não,2378.5161827225907,-8070.07498384416,6669.380565807887,12031.988743780703,-187500.02235174447,-187500.02235174447,-187500.02235174447,-187500.02235174447
não,2227.4854454380807,-8123.7415222813515,6251.335889260279,12062.76709589566,-187500.02235174447,-187500.02235174447,-187500.02235174447,-187500.02235174447
não,2476.6403408813885,-8112.096263420137,6636.702315414228,12010.396958636877,-187500.02235174447,-187500.02235174447,-187500.02235174447,-187500.02235174447
não,2632.3202410126023,-8054.585224936632,7054.63523323956,11981.250283867155,-187500.02235174447,-187500.02235174447,-187500.02235174447,-187500.02235174447
não,2433.3226601270035,-8062.743611662819,6770.432802490331,12006.910086501848,-187500.02235174447,-187500.02235174447,-187500.02235174447,-187500.02235174447
não,2240.829436877899,-8116.3430948666455,6307.863450987751,12034.201566481777,-187500.02235174447,-187500.02235174447,-187500.02235174447,-187500.02235174447
não,2408.691037737255,-8115.56078381071,6525.010648371059,11994.460164840242,-187500.02235174447,-187500.02235174447,-187500.02235174447,-187500.02235174447
não,2623.08897055256,-8061.156637806492,7029.377762005063,11948.3708677734,-187500.02235174447,-187500.02235174447,-187500.02235174447,-187500.02235174447
não,2472.7958408350755,-8054.987556336828,6863.416059424408,11986.681757769795,-187500.02235174447,-187500.02235174447,-187500.02235174447,-187500.02235174447
não,2216.667201121712,-8112.006856442315,6301.068520673338,12033.083979259012,-187500.02235174447,-187500.02235174447,-187500.02235174447,-187500.02235174447
não,2335.8690543018647,-8130.581156084676,6399.952638143616,11995.242475896177,-187500.02235174447,-187500.02235174447,-187500.02235174447,-187500.02235174447
não,2598.680865607365,-8072.913655389983,6972.38081364403,11948.929661384782,-187500.02235174447,-187500.02235174447,-187500.02235174447,-187500.02235174447
não,2520.06978035805,-8056.619233682065,6944.664650519449,11985.877094969404,-187500.02235174447,-187500.02235174447,-187500.02235174447,-187500.02235174447
não,2264.7458034450774,-8100.920391192483,6427.244118123546,12046.047991043091,-187500.02235174447,-187500.02235174447,-187500.02235174447,-187500.02235174447
não,2295.6359142823117,-8134.805635786729,6354.936224810627,12028.635982112406,-187500.02235174447,-187500.02235174447,-187500.02235174447,-187500.02235174447
não,2564.84032450203,-8074.83590541314,6914.668609460427,11960.932548157281,-187500.02235174447,-187500.02235174447,-187500.02235174447,-187500.02235174447
não,2531.938556663818,-8039.810721851674,6997.0794912671445,11970.32028082851,-187500.02235174447,-187500.02235174447,-187500.02235174447,-187500.02235174447
não,2277.8439256958873,-8086.88349567455,6513.253630787567,12029.530051890619,-187500.02235174447,-187500.02235174447,-187500.02235174447,-187500.02235174447
não,2232.1346082847845,-8133.0174962303045,6284.81880245433,12026.937249533803,-187500.02235174447,-187500.02235174447,-187500.02235174447,-187500.02235174447
não,2517.3205157900475,-8088.246952086324,6818.82432923607,11967.928644171792,-187500.02235174447,-187500.02235174447,-187500.02235174447,-187500.02235174447
não,2559.9676442107734,-8037.732009617331,7042.185311577954,11972.264882596122,-187500.02235174447,-187500.02235174447,-187500.02235174447,-187500.02235174447
não,2313.383199379826,-8060.351975006101,6610.170794745779,12026.154938477868,-187500.02235174447,-187500.02235174447,-187500.02235174447,-187500.02235174447
não,2198.986971257564,-8121.729865280375,6267.406793523645,12042.024677041136,-187500.02235174447,-187500.02235174447,-187500.02235174447,-187500.02235174447
não,2482.4070909508578,-8101.4121295705,6744.661241133362,11990.950940960758,-187500.02235174447,-187500.02235174447,-187500.02235174447,-187500.02235174447
não,2592.332970182058,-8039.92248057395,7086.330006877185,11982.926664701303,-187500.02235174447,-187500.02235174447,-187500.02235174447,-187500.02235174447
não,2362.557037181501,-8055.501646459299,6720.186080954801,12015.917839517337,-187500.02235174447,-187500.02235174447,-187500.02235174447,-187500.02235174447
não,2191.0968054648406,-8117.9300687229725,6269.619616224721,12046.852653843482,-187500.02235174447,-187500.02235174447,-187500.02235174447,-187500.02235174447
não,2421.498587310146,-8102.708530748908,6608.44971042272,11992.426156094809,-187500.02235174447,-187500.02235174447,-187500.02235174447,-187500.02235174447
não,2594.009351016206,-8037.2179194948585,7053.629404739071,11960.306699312532,-187500.02235174447,-187500.02235174447,-187500.02235174447,-187500.02235174447
não,2421.9232704547967,-8046.046858554704,6816.9914861907355,12011.291028415088,-187500.02235174447,-187500.02235174447,-187500.02235174447,-187500.02235174447
não,2194.7848432999663,-8101.546240037232,6313.339628379301,12057.402677226386,-187500.02235174447,-187500.02235174447,-187500.02235174447,-187500.02235174447
não,2366.6697581612775,-8109.279943618768,6516.226412800123,12016.320170917532,-187500.02235174447,-187500.02235174447,-187500.02235174447,-187500.02235174447
não,2597.1832987288594,-8049.913710345472,7036.575023719672,11981.406746078343,-187500.02235174447,-187500.02235174447,-187500.02235174447,-187500.02235174447
não,2473.175820490816,-8042.4482276974,6902.799833154659,12019.203545952267,-187500.02235174447,-187500.02235174447,-187500.02235174447,-187500.02235174447
não,2237.2531577650498,-8093.4102050555,6391.906010139705,12064.018793585157,-187500.02235174447,-187500.02235174447,-187500.02235174447,-187500.02235174447
não,2329.7893798100213,-8110.039902930249,6441.102199685836,12035.833243827015,-187500.02235174447,-187500.02235174447,-187500.02235174447,-187500.02235174447
não,2580.352435154013,-8053.378230736045,6980.1145172255665,11977.919873943314,-187500.02235174447,-187500.02235174447,-187500.02235174447,-187500.02235174447
não,2509.2068325527707,-8024.63388736652,6987.0435580067115,12003.445566111275,-187500.02235174447,-187500.02235174447,-187500.02235174447,-187500.02235174447
não,2226.9713553156084,-8078.658053714998,6422.013809921004,12060.934252850326,-187500.02235174447,-187500.02235174447,-187500.02235174447,-187500.02235174447
não,2243.981032846097,-8124.166205426002,6314.233698157514,12032.52518564763,-187500.02235174447,-187500.02235174447,-187500.02235174447,-187500.02235174447
não,2536.520664277156,-8067.459829742888,6890.238152770777,11967.682774982784,-187500.02235174447,-187500.02235174447,-187500.02235174447,-187500.02235174447
não,2540.1639986233713,-8025.036218766716,7023.275735768764,11990.79447874957,-187500.02235174447,-187500.02235174447,-187500.02235174447,-187500.02235174447
não,2293.3560363478705,-8062.698908173908,6547.697668993195,12056.888587103915,-187500.02235174447,-187500.02235174447,-187500.02235174447,-187500.02235174447
não,2232.380477473793,-8118.354751867623,6290.540849034888,12070.34433726601,-187500.02235174447,-187500.02235174447,-187500.02235174447,-187500.02235174447
não,2521.0309053696283,-8078.970978137372,6823.741713016238,12020.119967474935,-187500.02235174447,-187500.02235174447,-187500.02235174447,-187500.02235174447
não,2574.6080368289995,-8024.1868524774145,7071.577855536682,12005.52427834562,-187500.02235174447,-187500.02235174447,-187500.02235174447,-187500.02235174447
não,2331.4881123886244,-8054.048783069705,6645.866530640904,12034.939174048803,-187500.02235174447,-187500.02235174447,-187500.02235174447,-187500.02235174447
não,2204.1725759711953,-8114.286734376757,6267.227979568002,12048.104351532978,-187500.02235174447,-187500.02235174447,-187500.02235174447,-187500.02235174447
não,2471.1865152342934,-8089.118670120081,6712.452377373264,11989.65453978235,-187500.02235174447,-187500.02235174447,-187500.02235174447,-187500.02235174447
não,2596.13276673946,-8030.668858369453,7077.702233517437,11977.361080331932,-187500.02235174447,-187500.02235174447,-187500.02235174447,-187500.02235174447
não,2383.992360114141,-8045.2645474987685,6746.158808011867,12027.876022800925,-187500.02235174447,-187500.02235174447,-187500.02235174447,-187500.02235174447
não,2191.901468265232,-8109.07877791867,6278.090927373282,12069.96435761027,-187500.02235174447,-187500.02235174447,-187500.02235174447,-187500.02235174447
não,2409.6745144932884,-8105.346036594634,6592.714082326184,12020.164670963844,-187500.02235174447,-187500.02235174447,-187500.02235174447,-187500.02235174447
não,2597.7867958291527,-8034.200433993392,7063.799448466236,11987.75464150365,-187500.02235174447,-187500.02235174447,-187500.02235174447,-187500.02235174447
não,2433.568529316012,-8032.30053571469,6844.797056293137,12018.66710408534,-187500.02235174447,-187500.02235174447,-187500.02235174447,-187500.02235174447
não,2212.1297969972848,-8094.952475422916,6328.203538442081,12070.634909943929,-187500.02235174447,-187500.02235174447,-187500.02235174447,-187500.02235174447
não,2362.7805546260543,-8111.515118064299,6492.354749721855,12040.95179330728,-187500.02235174447,-187500.02235174447,-187500.02235174447,-187500.02235174447
não,2592.1541562264156,-8048.997288822805,7025.801482892214,11990.682720027295,-187500.02235174447,-187500.02235174447,-187500.02235174447,-187500.02235174447
não,2478.406128693358,-8028.567794390655,6925.553909010161,12021.148147719878,-187500.02235174447,-187500.02235174447,-187500.02235174447,-187500.02235174447
não,2228.379515216293,-8081.02733862726,6396.599876475319,12071.707793677782,-187500.02235174447,-187500.02235174447,-187500.02235174447,-187500.02235174447
não,2306.0965306873954,-8114.599658799131,6398.8797544097615,12042.024677041136,-187500.02235174447,-187500.02235174447,-187500.02235174447,-187500.02235174447
não,2576.2844176631475,-8055.099315059104,6970.525618854239,11988.000510692658,-187500.02235174447,-187500.02235174447,-187500.02235174447,-187500.02235174447
não,2513.4089605103686,-8027.606669379076,6991.312741197675,12006.641865568385,-187500.02235174447,-187500.02235174447,-187500.02235174447,-187500.02235174447
não,2260.051937109463,-8073.807725168196,6477.915522803727,12073.33947102302,-187500.02235174447,-187500.02235174447,-187500.02235174447,-187500.02235174447
não,2261.3930417767815,-8114.331437865668,6328.7399803090075,12079.128572836946,-187500.02235174447,-187500.02235174447,-187500.02235174447,-187500.02235174447
não,2553.686804018832,-8063.59297795212,6901.905763376447,12004.317284145032,-187500.02235174447,-187500.02235174447,-187500.02235174447,-187500.02235174447
não,2563.6333303014435,-8021.661105353965,7073.8577334711235,11999.444603853775,-187500.02235174447,-187500.02235174447,-187500.02235174447,-187500.02235174447
não,2287.9022107007754,-8063.995309352316,6555.744296997106,12068.355032009487,-187500.02235174447,-187500.02235174447,-187500.02235174447,-187500.02235174447
não,2220.601108145846,-8116.968943711394,6273.531171504399,12086.05761361809,-187500.02235174447,-187500.02235174447,-187500.02235174447,-187500.02235174447
não,2503.3730272499356,-8076.936969391939,6784.0673666080675,12023.204508209767,-187500.02235174447,-187500.02235174447,-187500.02235174447,-187500.02235174447
não,2576.2397141742367,-8025.505605400277,7066.526361289783,12010.575772592518,-187500.02235174447,-187500.02235174447,-187500.02235174447,-187500.02235174447
não,2350.3082812199928,-8047.92440508895,6676.9354554337815,12058.34145049351,-187500.02235174447,-187500.02235174447,-187500.02235174447,-187500.02235174447
não,2209.2240702180948,-8106.642437773042,6278.605017495754,12086.77286944066,-187500.02235174447,-187500.02235174447,-187500.02235174447,-187500.02235174447
não,2461.172933718316,-8091.465603287888,6684.490345059675,12018.600048851973,-187500.02235174447,-187500.02235174447,-187500.02235174447,-187500.02235174447
não,2601.9218685533847,-8028.634849624021,7079.266855629308,11998.237609653188,-187500.02235174447,-187500.02235174447,-187500.02235174447,-187500.02235174447
não,2404.891241179853,-8041.911785830473,6779.1946863168105,12050.116008533956,-187500.02235174447,-187500.02235174447,-187500.02235174447,-187500.02235174447
não,2204.8431283048544,-8104.049635416226,6298.587477038798,12093.523096266163,-187500.02235174447,-187500.02235174447,-187500.02235174447,-187500.02235174447
não,2399.9291539107744,-8101.255667359313,6573.3351198834325,12035.609726382461,-187500.02235174447,-187500.02235174447,-187500.02235174447,-187500.02235174447
não,2596.915077795396,-8037.3967334505005,7057.3621460631075,11994.907199729349,-187500.02235174447,-187500.02235174447,-187500.02235174447,-187500.02235174447
não,2447.3819073893915,-8034.82628283814,6867.59583563755,12036.816720583049,-187500.02235174447,-187500.02235174447,-187500.02235174447,-187500.02235174447
não,2214.8790615652874,-8089.789222453741,6347.4036869291895,12090.952645653802,-187500.02235174447,-187500.02235174447,-187500.02235174447,-187500.02235174447
não,2352.766973110077,-8106.776548239774,6471.746441334062,12056.508607448175,-187500.02235174447,-187500.02235174447,-187500.02235174447,-187500.02235174447
não,2599.910211552407,-8045.041030054216,7021.822872379169,12007.75945279115,-187500.02235174447,-187500.02235174447,-187500.02235174447,-187500.02235174447
não,2497.0921870579946,-8029.215994979859,6952.979499456823,12037.263755472155,-187500.02235174447,-187500.02235174447,-187500.02235174447,-187500.02235174447
não,2243.4222392347147,-8075.014719368783,6428.093484412848,12096.16060211189,-187500.02235174447,-187500.02235174447,-187500.02235174447,-187500.02235174447
não,2298.049902683485,-8110.978676197372,6389.201449060613,12072.668918689362,-187500.02235174447,-187500.02235174447,-187500.02235174447,-187500.02235174447
não,2576.262065918692,-8056.507474959788,6953.381830857019,12000.942170732282,-187500.02235174447,-187500.02235174447,-187500.02235174447,-187500.02235174447
não,2530.2845275741256,-8025.527957144733,7004.2991047262085,12009.70405455876,-187500.02235174447,-187500.02235174447,-187500.02235174447,-187500.02235174447
não,2275.049957638974,-8065.828152397651,6506.838680128894,12068.556197709584,-187500.02235174447,-187500.02235174447,-187500.02235174447,-187500.02235174447
não,2256.6544719522562,-8114.577307054676,6321.766236038952,12074.412354756876,-187500.02235174447,-187500.02235174447,-187500.02235174447,-187500.02235174447
não,2546.198969626304,-8068.957396621395,6871.4626874283185,12014.75554880566,-187500.02235174447,-187500.02235174447,-187500.02235174447,-187500.02235174447
não,2571.3670338829797,-8022.912803043462,7057.987994907856,12017.728330818216,-187500.02235174447,-187500.02235174447,-187500.02235174447,-187500.02235174447
não,2326.1013419748956,-8050.852483612595,6613.657666880807,12075.172314068355,-187500.02235174447,-187500.02235174447,-187500.02235174447,-187500.02235174447
não,2230.1229512838067,-8105.413091828,6294.608866525754,12090.974997398258,-187500.02235174447,-187500.02235174447,-187500.02235174447,-187500.02235174447
não,2504.267097028148,-8079.574475237665,6773.942026369814,12026.221993711233,-187500.02235174447,-187500.02235174447,-187500.02235174447,-187500.02235174447
não,2595.03753126115,-8027.830186823629,7076.428184083484,12005.27840915661,-187500.02235174447,-187500.02235174447,-187500.02235174447,-187500.02235174447
não,2376.9292088662637,-8045.800989365696,6707.736159293194,12054.832226614026,-187500.02235174447,-187500.02235174447,-187500.02235174447,-187500.02235174447
não,2210.9228027966983,-8105.323684850179,6283.321235575823,12087.510477007685,-187500.02235174447,-187500.02235174447,-187500.02235174447,-187500.02235174447
não,2450.8017242910537,-8098.059367902204,6657.690603457761,12034.71565660425,-187500.02235174447,-187500.02235174447,-187500.02235174447,-187500.02235174447
não,2608.8732610789853,-8031.339410703113,7079.088041673665,12002.551496333062,-187500.02235174447,-187500.02235174447,-187500.02235174447,-187500.02235174447
não,2421.9456221992523,-8035.206262493881,6810.800052976615,12043.544595664096,-187500.02235174447,-187500.02235174447,-187500.02235174447,-187500.02235174447
não,2211.995686530553,-8094.326626578168,6321.565070338854,12097.0546718901,-187500.02235174447,-187500.02235174447,-187500.02235174447,-187500.02235174447
não,2397.0904823649507,-8095.131289378559,6564.684994779229,12058.475560960242,-187500.02235174447,-187500.02235174447,-187500.02235174447,-187500.02235174447
não,2608.739150612253,-8035.3403729606125,7067.800410723736,12010.464013870242,-187500.02235174447,-187500.02235174447,-187500.02235174447,-187500.02235174447
não,2468.079622755006,-8030.914727558462,6899.067091830622,12033.66512461485,-187500.02235174447,-187500.02235174447,-187500.02235174447,-187500.02235174447
não,2227.9324803271866,-8087.017606141282,6370.761259884985,12084.91767465087,-187500.02235174447,-187500.02235174447,-187500.02235174447,-187500.02235174447
não,2341.278176460049,-8108.743501751841,6451.898092257749,12051.367706223453,-187500.02235174447,-187500.02235174447,-187500.02235174447,-187500.02235174447
não,2595.7974905726305,-8045.018678309761,7010.602296662605,12004.920781245326,-187500.02235174447,-187500.02235174447,-187500.02235174447,-187500.02235174447
não,2503.1495098053824,-8023.784521077218,6966.681118807926,12031.51935714714,-187500.02235174447,-187500.02235174447,-187500.02235174447,-187500.02235174447
não,2247.7361259145887,-8074.478277501855,6446.4219148662,12090.259741575688,-187500.02235174447,-187500.02235174447,-187500.02235174447,-187500.02235174447
não,2285.2200013661386,-8110.822213986185,6378.763184399985,12078.793296670116,-187500.02235174447,-187500.02235174447,-187500.02235174447,-187500.02235174447
não,2567.4107751143906,-8052.841788869118,6950.990194200301,12016.655447084362,-187500.02235174447,-187500.02235174447,-187500.02235174447,-187500.02235174447
não,2541.974489924251,-8017.660143096465,7037.044410353233,12019.717636074738,-187500.02235174447,-187500.02235174447,-187500.02235174447,-187500.02235174447
não,2288.572763034435,-8056.954509848894,6546.065991647958,12075.999328613201,-187500.02235174447,-187500.02235174447,-187500.02235174447,-187500.02235174447
não,2246.305614269449,-8108.765853496297,6319.7545790379745,12080.58143622654,-187500.02235174447,-187500.02235174447,-187500.02235174447,-187500.02235174447
não,2531.3574113079803,-8072.779544923252,6853.469533141796,12017.013074995646,-187500.02235174447,-187500.02235174447,-187500.02235174447,-187500.02235174447
não,2572.574028083566,-8025.550308889188,7070.169695635998,12009.838165025492,-187500.02235174447,-187500.02235174447,-187500.02235174447,-187500.02235174447
não,2336.9642897801746,-8051.768905135264,6641.440885238753,12066.946872108803,-187500.02235174447,-187500.02235174447,-187500.02235174447,-187500.02235174447
não,2219.572927900902,-8105.323684850179,6288.752709478464,12085.364709539976,-187500.02235174447,-187500.02235174447,-187500.02235174447,-187500.02235174447
não,2486.4527566972683,-8081.854353172106,6745.868235333948,12023.763301821149,-187500.02235174447,-187500.02235174447,-187500.02235174447,-187500.02235174447
não,2594.970476027784,-8029.193643235403,7086.374710366096,12002.395034121875,-187500.02235174447,-187500.02235174447,-187500.02235174447,-187500.02235174447
não,2391.144918339839,-8038.179044506436,6747.030526045624,12061.224825528245,-187500.02235174447,-187500.02235174447,-187500.02235174447,-187500.02235174447
não,2214.5884888873684,-8096.718263234886,6295.346474092779,12094.685386977839,-187500.02235174447,-187500.02235174447,-187500.02235174447,-187500.02235174447
não,2443.4032968763468,-8089.453946286911,6638.825731137483,12032.346371691987,-187500.02235174447,-187500.02235174447,-187500.02235174447,-187500.02235174447
não,2613.678886136876,-8032.5240531592435,7084.340701620663,11999.489307342687,-187500.02235174447,-187500.02235174447,-187500.02235174447,-187500.02235174447
não,2433.2779566380927,-8035.273317727247,6835.319916644087,12039.074246773034,-187500.02235174447,-187500.02235174447,-187500.02235174447,-187500.02235174447
não,2209.157014984729,-8089.610408498098,6326.661268074664,12080.2014565708,-187500.02235174447,-187500.02235174447,-187500.02235174447,-187500.02235174447
não,2374.7387379096435,-8102.105033648615,6524.0271716150255,12040.817682840549,-187500.02235174447,-187500.02235174447,-187500.02235174447,-187500.02235174447
não,2611.778987858175,-8042.515282930766,7055.909282673512,12003.602028322463,-187500.02235174447,-187500.02235174447,-187500.02235174447,-187500.02235174447
não,2485.849259596975,-8033.4628264263665,6926.1127026215445,12031.206432724766,-187500.02235174447,-187500.02235174447,-187500.02235174447,-187500.02235174447
não,2242.997556090064,-8080.960283393894,6399.483251510054,12083.129535094446,-187500.02235174447,-187500.02235174447,-187500.02235174447,-187500.02235174447
não,2338.79713282551,-8103.446138315933,6441.660993297219,12057.782656882127,-187500.02235174447,-187500.02235174447,-187500.02235174447,-187500.02235174447
não,2605.833423833063,-8046.426838210445,7005.394340204518,11988.93928395978,-187500.02235174447,-187500.02235174447,-187500.02235174447,-187500.02235174447
não,2536.3418503215134,-8024.343314688602,6998.062968023178,12005.27840915661,-187500.02235174447,-187500.02235174447,-187500.02235174447,-187500.02235174447
não,2278.1344983738063,-8072.421917011967,6481.111822260836,12065.851636630492,-187500.02235174447,-187500.02235174447,-187500.02235174447,-187500.02235174447
$SILENCE,2293.1325189033173,-8115.471376832888,6362.6699283921635,12057.246215015199,-187500.02235174447,-187500.02235174447,-187500.02235174447,-187500.02235174447
$SILENCE,2579.9054002649073,-8063.324757018657,6928.191414855888,11995.644807296374,-187500.02235174447,-187500.02235174447,-187500.02235174447,-187500.02235174447
$SILENCE,2576.8655630189855,-8025.907936800473,7055.238730339853,12013.347388904976,-187500.02235174447,-187500.02235174447,-187500.02235174447,-187500.02235174447
$SILENCE,2320.6922198167113,-8061.961300606883,6577.336082140932,12076.602825713495,-187500.02235174447,-187500.02235174447,-187500.02235174447,-187500.02235174447
$SILENCE,2259.269626053527,-8112.766815753796,6315.105416191271,12074.926444879347,-187500.02235174447,-187500.02235174447,-187500.02235174447,-187500.02235174447
$SILENCE,2548.143571393916,-8075.21588506888,6836.929242244869,11999.891638742882,-187500.02235174447,-187500.02235174447,-187500.02235174447,-187500.02235174447
$SILENCE,2606.682790122365,-8021.72816058733,7088.699291789448,11990.101574671457,-187500.02235174447,-187500.02235174447,-187500.02235174447,-187500.02235174447
$SILENCE,2378.7397001671434,-8049.1984545229025,6688.714824761728,12052.038258557113,-187500.02235174447,-187500.02235174447,-187500.02235174447,-187500.02235174447
$SILENCE,2261.214227821139,-8104.519022049788,6339.49116939201,12076.669880946862,-187500.02235174447,-187500.02235174447,-187500.02235174447,-187500.02235174447
$SILENCE,2498.008608580662,-8082.860181672595,6725.036409501602,12021.215202953244,-187500.02235174447,-187500.02235174447,-187500.02235174447,-187500.02235174447
$SILENCE,2637.5952527040545,-8026.042047267205,7119.298829948763,11990.123926415912,-187500.02235174447,-187500.02235174447,-187500.02235174447,-187500.02235174447
$SILENCE,2414.52484304009,-8037.486140428322,6769.538732712118,12041.734104363217,-187500.02235174447,-187500.02235174447,-187500.02235174447,-187500.02235174447
$SILENCE,2246.7079456696447,-8099.199306869425,6326.907137263673,12078.86035190348,-187500.02235174447,-187500.02235174447,-187500.02235174447,-187500.02235174447
$SILENCE,2445.2808434105928,-8095.824193456673,6613.3670942028875,12028.90420304587,-187500.02235174447,-187500.02235174447,-187500.02235174447,-187500.02235174447
$SILENCE,2625.011220575717,-8034.759227604774,7063.77709672178,11986.257074625144,-187500.02235174447,-187500.02235174447,-187500.02235174447,-187500.02235174447
$SILENCE,2468.8395820664864,-8037.709657872875,6858.878655299981,12023.942115776792,-187500.02235174447,-187500.02235174447,-187500.02235174447,-187500.02235174447
$SILENCE,2251.6700329387227,-8091.622065499076,6355.047983532904,12076.2004943133,-187500.02235174447,-187500.02235174447,-187500.02235174447,-187500.02235174447
$SILENCE,2409.987438915663,-8105.390740083545,6521.255555302568,12038.090770017001,-187500.02235174447,-187500.02235174447,-187500.02235174447,-187500.02235174447
$SILENCE,2644.5242934852,-8048.572605678154,7056.401021051529,11986.547647303063,-187500.02235174447,-187500.02235174447,-187500.02235174447,-187500.02235174447
$SILENCE,2532.8326264420302,-8030.244175224802,6958.23215940382,12020.790519808594,-187500.02235174447,-187500.02235174447,-187500.02235174447,-187500.02235174447
$SILENCE,2278.6709402407337,-8081.161449093992,6430.730990258574,12076.759287924682,-187500.02235174447,-187500.02235174447,-187500.02235174447,-187500.02235174447
$SILENCE,2347.5143131630794,-8112.096263420137,6427.065304167903,12048.976069566736,-187500.02235174447,-187500.02235174447,-187500.02235174447,-187500.02235174447
$SILENCE,2619.155063528426,-8052.662974913475,6991.312741197675,11987.553475803552,-187500.02235174447,-187500.02235174447,-187500.02235174447,-187500.02235174447
$SILENCE,2569.645949559921,-8022.912803043462,7027.231994537354,12008.608819080451,-187500.02235174447,-187500.02235174447,-187500.02235174447,-187500.02235174447
$SILENCE,2313.2937924020043,-8065.939911119928,6523.378971025822,12072.400697755898,-187500.02235174447,-187500.02235174447,-187500.02235174447,-187500.02235174447
$SILENCE,2304.4201498532475,-8112.31978086469,6357.238454489524,12061.850674372992,-187500.02235174447,-187500.02235174447,-187500.02235174447,-187500.02235174447
$SILENCE,2601.4301301753676,-8065.314062275179,6911.338199536586,11996.002435207658,-187500.02235174447,-187500.02235174447,-187500.02235174447,-187500.02235174447
$SILENCE,2617.478682694278,-8023.784521077218,7074.572989293693,12003.177345177812,-187500.02235174447,-187500.02235174447,-187500.02235174447,-187500.02235174447
$SILENCE,2363.495810448624,-8062.207169795892,6614.797605848027,12055.368668480955,-187500.02235174447,-187500.02235174447,-187500.02235174447,-187500.02235174447
$SILENCE,2279.9673414191416,-8118.287696634257,6319.016971470949,12070.545502966108,-187500.02235174447,-187500.02235174447,-187500.02235174447,-187500.02235174447
$SILENCE,2560.593493055522,-8079.395661282023,6818.1090734135005,12007.491231857686,-187500.02235174447,-187500.02235174447,-187500.02235174447,-187500.02235174447
$SILENCE,2637.2376247927696,-8021.795215820696,7106.446576886961,11998.528182331107,-187500.02235174447,-187500.02235174447,-187500.02235174447,-187500.02235174447
$SILENCE,2410.948563927241,-8045.421009709956,6719.85080478797,12050.451284700786,-187500.02235174447,-187500.02235174447,-187500.02235174447,-187500.02235174447
$SILENCE,2262.532980744002,-8103.133213893559,6313.138462679203,12080.067346104068,-187500.02235174447,-187500.02235174447,-187500.02235174447,-187500.02235174447
$SILENCE,2510.592640709,-8087.55404800821,6717.503871620163,12016.588391850995,-187500.02235174447,-187500.02235174447,-187500.02235174447,-187500.02235174447
$SILENCE,2672.1063461430485,-8026.310268200668,7148.691373907492,11981.607911778441,-187500.02235174447,-187500.02235174447,-187500.02235174447,-187500.02235174447
$SILENCE,2460.569436618023,-8037.173216005947,6816.3432856015315,12038.649563628383,-187500.02235174447,-187500.02235174447,-187500.02235174447,-187500.02235174447
$SILENCE,2274.826440194421,-8098.573458024676,6346.710782851074,12074.211189056778,-187500.02235174447,-187500.02235174447,-187500.02235174447,-187500.02235174447
$SILENCE,2458.4236691503133,-8102.037978415249,6600.1572132298015,12025.32792393302,-187500.02235174447,-187500.02235174447,-187500.02235174447,-187500.02235174447
$SILENCE,2666.9877966627832,-8041.643564897009,7094.913076748023,11985.98885369168,-187500.02235174447,-187500.02235174447,-187500.02235174447,-187500.02235174447
$SILENCE,2510.100902330983,-8031.317058958657,6906.264353545232,12031.675819358328,-187500.02235174447,-187500.02235174447,-187500.02235174447,-187500.02235174447
$SILENCE,2277.2627803400496,-8093.141984122037,6385.066376336382,12073.473581489752,-187500.02235174447,-187500.02235174447,-187500.02235174447,-187500.02235174447
$SILENCE,2399.035084132562,-8107.22358312888,6496.601581168364,12037.710790361261,-187500.02235174447,-187500.02235174447,-187500.02235174447,-187500.02235174447
$SILENCE,2641.4621044948226,-8047.969108577861,7028.975430604867,11982.300815856555,-187500.02235174447,-187500.02235174447,-187500.02235174447,-187500.02235174447
$SILENCE,2558.0230424431616,-8031.048838025194,6978.7063573248815,12007.826508024515,-187500.02235174447,-187500.02235174447,-187500.02235174447,-187500.02235174447
$SILENCE,2310.477472600636,-8081.809649683196,6457.687194071674,12065.918691863859,-187500.02235174447,-187500.02235174447,-187500.02235174447,-187500.02235174447
$SILENCE,2358.690185390733,-8112.766815753796,6415.12947262877,12049.959546322769,-187500.02235174447,-187500.02235174447,-187500.02235174447,-187500.02235174447
$SILENCE,2635.5612439586216,-8060.620195939565,6978.996930002801,11985.251246124655,-187500.02235174447,-187500.02235174447,-187500.02235174447,-187500.02235174447
$SILENCE,2601.22896447527,-8030.82532058064,7042.6323464670595,11995.1307171739,-187500.02235174447,-187500.02235174447,-187500.02235174447,-187500.02235174447
$SILENCE,2341.635804371334,-8072.801896667707,6541.327421823433,12054.094619047,-187500.02235174447,-187500.02235174447,-187500.02235174447,-187500.02235174447
$SILENCE,2316.467740114658,-8118.622972801087,6347.247224718002,12060.442514472308,-187500.02235174447,-187500.02235174447,-187500.02235174447,-187500.02235174447
$SILENCE,2606.772197100186,-8073.606559468099,6898.597705197061,11996.762394519139,-187500.02235174447,-187500.02235174447,-187500.02235174447,-187500.02235174447
$SILENCE,2635.449485236345,-8029.663029868964,7096.50005060435,11997.097670685967,-187500.02235174447,-187500.02235174447,-187500.02235174447,-187500.02235174447
$SILENCE,2389.2226683166828,-8058.5861871941315,6655.433077267776,12050.674802145339,-187500.02235174447,-187500.02235174447,-187500.02235174447,-187500.02235174447
$SILENCE,2287.857507211865,-8109.861088974606,6324.873128518239,12061.850674372992,-187500.02235174447,-187500.02235174447,-187500.02235174447,-187500.02235174447
$SILENCE,2562.2698738896697,-8083.038995628238,6799.981808660246,11996.024786952114,-187500.02235174447,-187500.02235174447,-187500.02235174447,-187500.02235174447
$SILENCE,2654.582578490088,-8029.104236257582,7115.5884403691825,11985.094783913468,-187500.02235174447,-187500.02235174447,-187500.02235174447,-187500.02235174447
$SILENCE,2440.8999014973524,-8049.0196405672605,6755.613595916462,12041.108255518468,-187500.02235174447,-187500.02235174447,-187500.02235174447,-187500.02235174447
$SILENCE,2275.251123339072,-8108.251763373824,6325.700143063086,12075.775811168649,-187500.02235174447,-187500.02235174447,-187500.02235174447,-187500.02235174447
$SILENCE,2510.5032337311786,-8096.539449279243,6689.407728839842,12017.080130229013,-187500.02235174447,-187500.02235174447,-187500.02235174447,-187500.02235174447
$SILENCE,2669.602950764054,-8035.698000871897,7113.532079879294,11988.782821748593,-187500.02235174447,-187500.02235174447,-187500.02235174447,-187500.02235174447
$SILENCE,2482.675311884321,-8042.78350386423,6845.065277226601,12028.881851301414,-187500.02235174447,-187500.02235174447,-187500.02235174447,-187500.02235174447
$SILENCE,2274.535867516502,-8099.959266180906,6349.705916608085,12068.846770387503,-187500.02235174447,-187500.02235174447,-187500.02235174447,-187500.02235174447
$SILENCE,2453.685099325788,-8103.17791738247,6581.247637420612,12021.036388997602,-187500.02235174447,-187500.02235174447,-187500.02235174447,-187500.02235174447
$SILENCE,2668.775936219208,-8041.420047452456,7088.811050511725,11972.778972718594,-187500.02235174447,-187500.02235174447,-187500.02235174447,-187500.02235174447
$SILENCE,2537.0571061440833,-8034.960393304872,6935.947470181879,12012.118042959935,-187500.02235174447,-187500.02235174447,-187500.02235174447,-187500.02235174447
$SILENCE,2313.0926267019067,-8090.325664320668,6433.659068782219,12067.684479675829,-187500.02235174447,-187500.02235174447,-187500.02235174447,-187500.02235174447
$SILENCE,2409.5404040265566,-8110.352827352623,6502.234220771101,12033.106331003468,-187500.02235174447,-187500.02235174447,-187500.02235174447,-187500.02235174447
$SILENCE,2657.935340158384,-8053.668803413964,7043.504064500817,11977.048155909557,-187500.02235174447,-187500.02235174447,-187500.02235174447,-187500.02235174447
$SILENCE,2582.9005340219182,-8027.338448445613,7026.114407314588,12007.312417902043,-187500.02235174447,-187500.02235174447,-187500.02235174447,-187500.02235174447
$SILENCE,2319.798150038499,-8079.418013026478,6475.166258235724,12064.28701451862,-187500.02235174447,-187500.02235174447,-187500.02235174447,-187500.02235174447
$SILENCE,2353.9069120772974,-8113.0573884317155,6403.975952145571,12044.48336893122,-187500.02235174447,-187500.02235174447,-187500.02235174447,-187500.02235174447
$SILENCE,2618.3280489835797,-8063.861198885585,6938.584976027606,11983.306644357044,-187500.02235174447,-187500.02235174447,-187500.02235174447,-187500.02235174447
$SILENCE,2607.8227290895857,-8027.606669379076,7053.91997741699,11992.22499039471,-187500.02235174447,-187500.02235174447,-187500.02235174447,-187500.02235174447
$SILENCE,2355.9409208227303,-8066.901036131506,6571.636387304829,12051.010078312169,-187500.02235174447,-187500.02235174447,-187500.02235174447,-187500.02235174447
$SILENCE,2313.4949581021024,-8118.690028034453,6339.200596714091,12054.519302191651,-187500.02235174447,-187500.02235174447,-187500.02235174447,-187500.02235174447
$SILENCE,2600.625467374977,-8076.825210669663,6874.88250432998,11998.148202675367,-187500.02235174447,-187500.02235174447,-187500.02235174447,-187500.02235174447
$SILENCE,2640.590386461066,-8027.003172278783,7104.524326863805,11997.768223019628,-187500.02235174447,-187500.02235174447,-187500.02235174447,-187500.02235174447
$SILENCE,2400.823223688987,-8051.3665737350675,6684.020958426114,12049.601918411485,-187500.02235174447,-187500.02235174447,-187500.02235174447,-187500.02235174447
$SILENCE,2281.2413908530943,-8109.346998852134,6326.2142331855575,12060.442514472308,-187500.02235174447,-187500.02235174447,-187500.02235174447,-187500.02235174447
$SILENCE,2552.010423184684,-8087.486992774844,6772.779735658138,11996.203600907756,-187500.02235174447,-187500.02235174447,-187500.02235174447,-187500.02235174447
$SILENCE,2663.970311161317,-8029.975954291339,7117.60009737016,11978.836295465982,-187500.02235174447,-187500.02235174447,-187500.02235174447,-187500.02235174447
$SILENCE,2453.1486574588607,-8045.756285876786,6775.976035115246,12032.592240880997,-187500.02235174447,-187500.02235174447,-187500.02235174447,-187500.02235174447
$SILENCE,2274.8711436833314,-8107.804728484718,6321.319201149846,12069.807895399083,-187500.02235174447,-187500.02235174447,-187500.02235174447,-187500.02235174447
$SILENCE,2499.7296929037207,-8098.50640279131,6657.601196479941,12019.315304674543,-187500.02235174447,-187500.02235174447,-187500.02235174447,-187500.02235174447
$SILENCE,2674.229761866303,-8034.535710160221,7108.927620521501,11980.378565833398,-187500.02235174447,-187500.02235174447,-187500.02235174447,-187500.02235174447
$SILENCE,2502.143681304894,-8035.742704360808,6873.183771751377,12023.38332216541,-187500.02235174447,-187500.02235174447,-187500.02235174447,-187500.02235174447
$SILENCE,2278.6932919851893,-8095.6230277565755,6366.179152271647,12069.405563998887,-187500.02235174447,-187500.02235174447,-187500.02235174447,-187500.02235174447
$SILENCE,2439.782314274587,-8110.2410686303465,6548.502331793587,12020.567002364041,-187500.02235174447,-187500.02235174447,-187500.02235174447,-187500.02235174447
$SILENCE,2670.228799608803,-8048.326736489146,7071.443745069951,11974.008318663637,-187500.02235174447,-187500.02235174447,-187500.02235174447,-187500.02235174447
$SILENCE,2554.938501708329,-8036.033277038727,6952.130133167521,12014.308513916554,-187500.02235174447,-187500.02235174447,-187500.02235174447,-187500.02235174447
$SILENCE,2318.9040802602867,-8087.486992774844,6431.51330131451,12064.48818021872,-187500.02235174447,-187500.02235174447,-187500.02235174447,-187500.02235174447
$SILENCE,2407.6852092367662,-8119.874670490583,6460.011775495026,12031.452301913776,-187500.02235174447,-187500.02235174447,-187500.02235174447,-187500.02235174447
$SILENCE,2673.6933199993755,-8059.5249604612545,7025.1979857919205,11977.919873943314,-187500.02235174447,-187500.02235174447,-187500.02235174447,-187500.02235174447
$SILENCE,2605.453444177323,-8028.612497879565,7028.416636993485,12003.691435300283,-187500.02235174447,-187500.02235174447,-187500.02235174447,-187500.02235174447
$SILENCE,2344.943862550719,-8074.187704823936,6512.381912753811,12060.15194179439,-187500.02235174447,-187500.02235174447,-187500.02235174447,-187500.02235174447
$SILENCE,2353.2810632325486,-8118.265344889802,6386.318074025879,12050.540691678607,-187500.02235174447,-187500.02235174447,-187500.02235174447,-187500.02235174447
$SILENCE,2630.5991566895436,-8065.694041930919,6948.687964521404,11990.816830494026,-187500.02235174447,-187500.02235174447,-187500.02235174447,-187500.02235174447
$SILENCE,2622.70899089682,-8023.784521077218,7078.864524229112,11999.824583509515,-187500.02235174447,-187500.02235174447,-187500.02235174447,-187500.02235174447
$SILENCE,2376.1916012992383,-8059.569663950166,6619.558527417008,12055.681592903327,-187500.02235174447,-187500.02235174447,-187500.02235174447,-187500.02235174447
$SILENCE,2317.7194378041554,-8107.894135462539,6382.875905379761,12061.090715061513,-187500.02235174447,-187500.02235174447,-187500.02235174447,-187500.02235174447
$SILENCE,2581.0229874876723,-8079.418013026478,6846.87576852748,11999.981045720702,-187500.02235174447,-187500.02235174447,-187500.02235174447,-187500.02235174447
$SILENCE,2661.221046593314,-8030.244175224802,7132.396952199573,11987.821696737015,-187500.02235174447,-187500.02235174447,-187500.02235174447,-187500.02235174447
$SILENCE,2406.567622014001,-8051.903015601995,6690.681778273795,12056.977994081735,-187500.02235174447,-187500.02235174447,-187500.02235174447,-187500.02235174447
$SILENCE,2279.430899552214,-8111.760987253308,6306.7235120205305,12074.658223945884,-187500.02235174447,-187500.02235174447,-187500.02235174447,-187500.02235174447
$SILENCE,2539.135818378427,-8091.979693410361,6737.28516546311,12002.529144588607,-187500.02235174447,-187500.02235174447,-187500.02235174447,-187500.02235174447
$SILENCE,2662.673909982909,-8032.859329326074,7118.31535319273,11974.678870997295,-187500.02235174447,-187500.02235174447,-187500.02235174447,-187500.02235174447
$SILENCE,2463.475163397213,-8042.135303275026,6808.475471553264,12033.821586826038,-187500.02235174447,-187500.02235174447,-187500.02235174447,-187500.02235174447
$SILENCE,2276.59222800639,-8101.859164459606,6336.764256568463,12073.317119278565,-187500.02235174447,-187500.02235174447,-187500.02235174447,-187500.02235174447
$SILENCE,2484.597561907478,-8098.931085935961,6634.422437479787,12019.47176688573,-187500.02235174447,-187500.02235174447,-187500.02235174447,-187500.02235174447
$SILENCE,2674.185058377392,-8038.313154973168,7106.2007076979535,11977.159914631835,-187500.02235174447,-187500.02235174447,-187500.02235174447,-187500.02235174447
$SILENCE,2512.358428520969,-8035.474483427344,6899.849402886558,12017.504813373664,-187500.02235174447,-187500.02235174447,-187500.02235174447,-187500.02235174447
$SILENCE,2284.147117632284,-8090.906809676506,6388.21797230458,12074.479409990241,-187500.02235174447,-187500.02235174447,-187500.02235174447,-187500.02235174447
$SILENCE,2432.495645582157,-8109.1234814075815,6533.549014752986,12032.167557736346,-187500.02235174447,-187500.02235174447,-187500.02235174447,-187500.02235174447
$SILENCE,2673.223933365814,-8047.455018455389,7072.673091014993,11981.27263561161,-187500.02235174447,-187500.02235174447,-187500.02235174447,-187500.02235174447
$SILENCE,2562.64985354541,-8030.624154880543,6983.310816682675,12015.1355284614,-187500.02235174447,-187500.02235174447,-187500.02235174447,-187500.02235174447
$SILENCE,2307.147062676795,-8081.139097349536,6452.792162035962,12066.321023264054,-187500.02235174447,-187500.02235174447,-187500.02235174447,-187500.02235174447
$SILENCE,2372.592970441934,-8115.270211132791,6442.4209526087,12042.024677041136,-187500.02235174447,-187500.02235174447,-187500.02235174447,-187500.02235174447
$SILENCE,2648.100572598049,-8053.5346929472325,7014.580907175649,11990.392147349376,-187500.02235174447,-187500.02235174447,-187500.02235174447,-187500.02235174447
$SILENCE,2599.8208045745855,-8021.012904764761,7051.841265182647,12006.194830679278,-187500.02235174447,-187500.02235174447,-187500.02235174447,-187500.02235174447
$SILENCE,2340.697031104211,-8068.040975098726,6539.807503200473,12052.57470042404,-187500.02235174447,-187500.02235174447,-187500.02235174447,-187500.02235174447
$SILENCE,2328.8059030539875,-8112.498594820332,6370.78361162944,12046.316211976555,-187500.02235174447,-187500.02235174447,-187500.02235174447,-187500.02235174447
$SILENCE,2615.9587640713175,-8064.151771563504,6925.75507471026,11986.078260669501,-187500.02235174447,-187500.02235174447,-187500.02235174447,-187500.02235174447
$SILENCE,2635.4941887252558,-8027.249041467791,7093.527268591794,11993.677853784306,-187500.02235174447,-187500.02235174447,-187500.02235174447,-187500.02235174447
$SILENCE,2392.508374751613,-8061.514265717777,6637.55168170353,12051.568871923551,-187500.02235174447,-187500.02235174447,-187500.02235174447,-187500.02235174447
$SILENCE,2307.3258766324375,-8112.833870987162,6336.674849590641,12066.701002919794,-187500.02235174447,-187500.02235174447,-187500.02235174447,-187500.02235174447
$SILENCE,2580.620656087477,-8078.859219415095,6832.436541609352,12004.004359722658,-187500.02235174447,-187500.02235174447,-187500.02235174447,-187500.02235174447
$SILENCE,2659.0529273811494,-8025.438550166911,7125.445559673973,11990.548609560563,-187500.02235174447,-187500.02235174447,-187500.02235174447,-187500.02235174447
$SILENCE,2426.728895512688,-8049.600785923099,6739.006249786169,12040.750627607184,-187500.02235174447,-187500.02235174447,-187500.02235174447,-187500.02235174447
$SILENCE,2270.8031261924657,-8108.31881860719,6325.118997707248,12072.333642522532,-187500.02235174447,-187500.02235174447,-187500.02235174447,-187500.02235174447
$SILENCE,2518.9521931352847,-8089.655111987008,6722.734179822705,12018.220069196233,-187500.02235174447,-187500.02235174447,-187500.02235174447,-187500.02235174447
$SILENCE,2670.5640757756323,-8031.339410703113,7130.184129498498,11987.464068825731,-187500.02235174447,-187500.02235174447,-187500.02235174447,-187500.02235174447
$SILENCE,2485.335169474503,-8043.811684109174,6841.399591135931,12025.886717544403,-187500.02235174447,-187500.02235174447,-187500.02235174447,-187500.02235174447
$SILENCE,2295.2782863710268,-8098.551106280221,6382.965312357583,12063.012965084668,-187500.02235174447,-187500.02235174447,-187500.02235174447,-187500.02235174447
$SILENCE,2467.0290907656063,-8099.445176058433,6616.026951793069,12019.404711652365,-187500.02235174447,-187500.02235174447,-187500.02235174447,-187500.02235174447
$SILENCE,2682.745776503775,-8040.749495118796,7109.151137966053,11973.002490163148,-187500.02235174447,-187500.02235174447,-187500.02235174447,-187500.02235174447
$SILENCE,2530.843321185508,-8035.16155900497,6923.408141542452,12016.051949984068,-187500.02235174447,-187500.02235174447,-187500.02235174447,-187500.02235174447
$SILENCE,2285.4882222996025,-8095.399510312022,6381.423041990166,12071.953662866792,-187500.02235174447,-187500.02235174447,-187500.02235174447,-187500.02235174447
$SILENCE,2415.4412645627576,-8113.638533787554,6498.859107358349,12040.303592718077,-187500.02235174447,-187500.02235174447,-187500.02235174447,-187500.02235174447
$SILENCE,2659.81288669263,-8054.384059236534,7048.2649860697975,11979.886827455382,-187500.02235174447,-187500.02235174447,-187500.02235174447,-187500.02235174447
$SILENCE,2565.421469857868,-8028.791311835207,6993.413805176474,11994.817792751526,-187500.02235174447,-187500.02235174447,-187500.02235174447,-187500.02235174447
$SILENCE,2316.892423259309,-8076.445231013922,6478.384909437288,12059.123761549445,-187500.02235174447,-187500.02235174447,-187500.02235174447,-187500.02235174447
$SILENCE,2367.8096971284986,-8112.945629709438,6429.501644313532,12049.445456200297,-187500.02235174447,-187500.02235174447,-187500.02235174447,-187500.02235174447
$SILENCE,2638.668136437909,-8060.9331203619395,6991.849183064603,11984.535990302085,-187500.02235174447,-187500.02235174447,-187500.02235174447,-187500.02235174447
$SILENCE,2604.9840575437615,-8027.785483334718,7062.458343798918,11991.554438061052,-187500.02235174447,-187500.02235174447,-187500.02235174447,-187500.02235174447
$SILENCE,2348.0284032855516,-8069.806762910696,6568.127163425346,12045.556252665074,-187500.02235174447,-187500.02235174447,-187500.02235174447,-187500.02235174447
$SILENCE,2317.7194378041554,-8119.3382286236565,6361.68645163613,12043.634002641917,-187500.02235174447,-187500.02235174447,-187500.02235174447,-187500.02235174447
$SILENCE,2610.0802552795717,-8075.573512980165,6904.476213988807,11983.485458312685,-187500.02235174447,-187500.02235174447,-187500.02235174447,-187500.02235174447
$SILENCE,2636.678831181387,-8029.260698468769,7101.55154485125,11989.833353737993,-187500.02235174447,-187500.02235174447,-187500.02235174447,-187500.02235174447
$SILENCE,2393.2236305741826,-8056.507474959788,6665.916045417314,12052.507645190673,-187500.02235174447,-187500.02235174447,-187500.02235174447,-187500.02235174447
$SILENCE,2291.0761584134293,-8113.213850642902,6332.383314655222,12059.682555160827,-187500.02235174447,-187500.02235174447,-187500.02235174447,-187500.02235174447
$SILENCE,2563.2533506457034,-8087.621103241576,6799.199497604311,11988.246379881666,-187500.02235174447,-187500.02235174447,-187500.02235174447,-187500.02235174447
$SILENCE,2660.7293082152974,-8030.333582202624,7122.539832894783,11971.683737240284,-187500.02235174447,-187500.02235174447,-187500.02235174447,-187500.02235174447
$SILENCE,2447.471314367213,-8050.785428379229,6767.929407111336,12031.251136213677,-187500.02235174447,-187500.02235174447,-187500.02235174447,-187500.02235174447
$SILENCE,2278.7156437296444,-8108.967019196394,6335.579614112332,12063.81762788506,-187500.02235174447,-187500.02235174447,-187500.02235174447,-187500.02235174447
$SILENCE,2512.917222132352,-8101.099205148126,6694.302760875555,12001.791537021583,-187500.02235174447,-187500.02235174447,-187500.02235174447,-187500.02235174447
$SILENCE,2674.6320932664985,-8039.229576495836,7120.081141004699,11970.432039550788,-187500.02235174447,-187500.02235174447,-187500.02235174447,-187500.02235174447
$SILENCE,2493.851184111975,-8042.180006763936,6855.481190142774,12017.99655175168,-187500.02235174447,-187500.02235174447,-187500.02235174447,-187500.02235174447
$SILENCE,2276.636931495301,-8101.74740573733,6355.5620736553765,12057.849712115492,-187500.02235174447,-187500.02235174447,-187500.02235174447,-187500.02235174447
$SILENCE,2454.065078981528,-8108.229411629369,6580.0853467089355,12012.498022615675,-187500.02235174447,-187500.02235174447,-187500.02235174447,-187500.02235174447
$SILENCE,2669.312378086135,-8045.0857335431265,7090.889762746068,11965.537007515075,-187500.02235174447,-187500.02235174447,-187500.02235174447,-187500.02235174447
$SILENCE,2533.5702340090556,-8039.006059051283,6943.100028407577,11999.42225210932,-187500.02235174447,-187500.02235174447,-187500.02235174447,-187500.02235174447
$SILENCE,2292.171393891739,-8093.566667266688,6420.493891298043,12059.235520271723,-187500.02235174447,-187500.02235174447,-187500.02235174447,-187500.02235174447
$SILENCE,2400.1526713553276,-8115.449025088433,6482.944665306171,12029.105368745968,-187500.02235174447,-187500.02235174447,-187500.02235174447,-187500.02235174447
$SILENCE,2667.948921674362,-8052.171236535459,7062.748916476837,11972.242530851667,-187500.02235174447,-187500.02235174447,-187500.02235174447,-187500.02235174447
$SILENCE,2583.1464032109266,-8025.639715867009,7040.754799932814,11998.237609653188,-187500.02235174447,-187500.02235174447,-187500.02235174447,-187500.02235174447
$SILENCE,2306.141234176306,-8080.021510126771,6479.681310615696,12063.77292439615,-187500.02235174447,-187500.02235174447,-187500.02235174447,-187500.02235174447
$SILENCE,2336.1596269797838,-8120.120539679592,6386.921571126172,12050.048953300591,-187500.02235174447,-187500.02235174447,-187500.02235174447,-187500.02235174447
$SILENCE,2626.2182147763033,-8068.242140798824,6960.556740827173,11981.585560033986,-187500.02235174447,-187500.02235174447,-187500.02235174447,-187500.02235174447
$SILENCE,2608.9850198012614,-8032.814625837163,7074.5059340603275,11988.827525237504,-187500.02235174447,-187500.02235174447,-187500.02235174447,-187500.02235174447
$SILENCE,2352.3199382209705,-8070.097335588615,6592.736434070639,12046.316211976555,-187500.02235174447,-187500.02235174447,-187500.02235174447,-187500.02235174447
$SILENCE,2306.632972554323,-8118.466510589899,6353.282195720934,12050.138360278412,-187500.02235174447,-187500.02235174447,-187500.02235174447,-187500.02235174447
$SILENCE,2590.9248102813735,-8076.9593211363945,6879.889295087969,11987.352310103453,-187500.02235174447,-187500.02235174447,-187500.02235174447,-187500.02235174447
$SILENCE,2636.9247003703954,-8024.0750937551375,7120.6399346160815,11987.441717081276,-187500.02235174447,-187500.02235174447,-187500.02235174447,-187500.02235174447
$SILENCE,2403.57248825699,-8055.278129014747,6704.964542980736,12043.81281659756,-187500.02235174447,-187500.02235174447,-187500.02235174447,-187500.02235174447
$SILENCE,2272.8371349378986,-8118.1088826786145,6326.504805863477,12057.983822582224,-187500.02235174447,-187500.02235174447,-187500.02235174447,-187500.02235174447
$SILENCE,2534.1513793648937,-8092.851411444118,6767.147096055401,11995.51069682964,-187500.02235174447,-187500.02235174447,-187500.02235174447,-187500.02235174447
$SILENCE,2652.637976722476,-8032.25583222578,7123.79153058428,11977.808115221038,-187500.02235174447,-187500.02235174447,-187500.02235174447,-187500.02235174447
$SILENCE,2443.559759087534,-8048.796123122707,6790.43761377783,12030.133548990912,-187500.02235174447,-187500.02235174447,-187500.02235174447,-187500.02235174447
$SILENCE,2263.8070301779544,-8109.928144207972,6337.1889397131135,12066.186912797322,-187500.02235174447,-187500.02235174447,-187500.02235174447,-187500.02235174447
$SILENCE,2487.30212298657,-8102.440309815444,6668.978234407692,12009.391130136388,-187500.02235174447,-187500.02235174447,-187500.02235174447,-187500.02235174447
$SILENCE,2670.0499856531605,-8033.842806082107,7130.519405665327,11980.84795246696,-187500.02235174447,-187500.02235174447,-187500.02235174447,-187500.02235174447
$SILENCE,2492.465375955746,-8039.676611384942,6890.864001615525,12020.075263986024,-187500.02235174447,-187500.02235174447,-187500.02235174447,-187500.02235174447
$SILENCE,2263.516457500036,-8102.216792370891,6375.566884942876,12064.152904051889,-187500.02235174447,-187500.02235174447,-187500.02235174447,-187500.02235174447
$SILENCE,2429.1875874027714,-8114.063216932204,6551.944500439704,12020.790519808594,-187500.02235174447,-187500.02235174447,-187500.02235174447,-187500.02235174447
$SILENCE,2654.739040701275,-8048.0808673001375,7079.065689929211,11970.856722695438,-187500.02235174447,-187500.02235174447,-187500.02235174447,-187500.02235174447
$SILENCE,2537.9064724333853,-8032.769922348252,6967.686947308415,12004.965484734235,-187500.02235174447,-187500.02235174447,-187500.02235174447,-187500.02235174447
$SILENCE,2289.8468124683873,-8086.905847419006,6441.459827597121,12063.459999973775,-187500.02235174447,-187500.02235174447,-187500.02235174447,-187500.02235174447
$SILENCE,2370.693072163233,-8115.22550764388,6461.576397606897,12036.816720583049,-187500.02235174447,-187500.02235174447,-187500.02235174447,-187500.02235174447
$SILENCE,2635.0248020916943,-8062.765963407274,7025.242689280831,11973.002490163148,-187500.02235174447,-187500.02235174447,-187500.02235174447,-187500.02235174447
$SILENCE,2576.0832519630494,-8030.1771199914365,7047.683840713959,11997.701167786261,-187500.02235174447,-187500.02235174447,-187500.02235174447,-187500.02235174447
$SILENCE,2328.7835513095324,-8071.036108855737,6540.701572978684,12063.1470755514,-187500.02235174447,-187500.02235174447,-187500.02235174447,-187500.02235174447
$SILENCE,2329.5882141099232,-8112.722112264885,6392.285989795446,12054.519302191651,-187500.02235174447,-187500.02235174447,-187500.02235174447,-187500.02235174447
$SILENCE,2606.168699999893,-8071.21492281138,6939.411990572452,11984.13365890189,-187500.02235174447,-187500.02235174447,-187500.02235174447,-187500.02235174447
$SILENCE,2599.977266785773,-8034.245137482302,7077.143439906054,11983.79838273506,-187500.02235174447,-187500.02235174447,-187500.02235174447,-187500.02235174447
não,2361.6406156588337,-8070.611425711087,6627.40398972082,12042.874043330437,-187500.02235174447,-187500.02235174447,-187500.02235174447,-187500.02235174447
não,2304.7330742756217,-8115.717246021896,6380.126640811759,12052.060610301569,-187500.02235174447,-187500.02235174447,-187500.02235174447,-187500.02235174447
não,2564.728565779754,-8077.719280447875,6836.996297478235,12000.226914909712,-187500.02235174447,-187500.02235174447,-187500.02235174447,-187500.02235174447
não,2642.959671373328,-8026.936117045417,7117.555393881249,11993.119060172923,-187500.02235174447,-187500.02235174447,-187500.02235174447,-187500.02235174447
não,2405.4500347912353,-8055.21107378138,6730.914918293348,12035.989706038203,-187500.02235174447,-187500.02235174447,-187500.02235174447,-187500.02235174447
não,2260.946006887675,-8117.684199533964,6336.428980401633,12062.118895306456,-187500.02235174447,-187500.02235174447,-187500.02235174447,-187500.02235174447
não,2521.232071069726,-8101.099205148126,6734.33473519501,12001.299798643566,-187500.02235174447,-187500.02235174447,-187500.02235174447,-187500.02235174447
não,2662.6292064939985,-8032.456997925878,7129.468873675928,11979.193923377266,-187500.02235174447,-187500.02235174447,-187500.02235174447,-187500.02235174447
não,2462.849314552464,-8042.850559097596,6821.975925204269,12030.982915280214,-187500.02235174447,-187500.02235174447,-187500.02235174447,-187500.02235174447
não,2261.795373176977,-8103.334379593656,6351.382297442234,12069.494970976708,-187500.02235174447,-187500.02235174447,-187500.02235174447,-187500.02235174447
não,2485.3798729634136,-8083.754251450808,6649.1745888202895,12033.32984844802,-187500.02235174447,-187500.02235174447,-187500.02235174447,-187500.02235174447
não,2668.038328652183,-8041.174178263448,7094.30957964773,11972.913083185325,-187500.02235174447,-187500.02235174447,-187500.02235174447,-187500.02235174447
não,2502.903640616374,-8050.1372277900255,6902.308094776642,12004.294932400577,-187500.02235174447,-187500.02235174447,-187500.02235174447,-187500.02235174447
não,2270.691367470189,-8109.682275018964,6392.7777281734625,12058.34145049351,-187500.02235174447,-187500.02235174447,-187500.02235174447,-187500.02235174447
não,2401.203203344727,-8130.156472940025,6512.091340075892,12010.41931038133,-187500.02235174447,-187500.02235174447,-187500.02235174447,-187500.02235174447
não,2649.3746220320013,-8054.696983658909,7065.766401978302,11973.762449474627,-187500.02235174447,-187500.02235174447,-187500.02235174447,-187500.02235174447
não,2551.0269464286503,-8034.736875860319,7007.182479760943,12021.729293075716,-187500.02235174447,-187500.02235174447,-187500.02235174447,-187500.02235174447
não,2311.1703766787505,-8079.619178726576,6469.8465430553615,12072.467752989263,-187500.02235174447,-187500.02235174447,-187500.02235174447,-187500.02235174447
não,2349.481266675147,-8129.754141539829,6421.320905842889,12023.182156465311,-187500.02235174447,-187500.02235174447,-187500.02235174447,-187500.02235174447
não,2632.1190753125043,-8057.625062182554,6990.642188864016,11977.428135565298,-187500.02235174447,-187500.02235174447,-187500.02235174447,-187500.02235174447
não,2573.6022083285106,-8042.917614330961,7028.595450949127,11984.871266468916,-187500.02235174447,-187500.02235174447,-187500.02235174447,-187500.02235174447
não,2306.7223795321443,-8105.681312761464,6526.463511760654,12031.407598424865,-187500.02235174447,-187500.02235174447,-187500.02235174447,-187500.02235174447
não,2317.987658737619,-8125.663772304509,6380.283103022945,12067.57272095355,-187500.02235174447,-187500.02235174447,-187500.02235174447,-187500.02235174447
não,2595.8421940615412,-8068.510361732288,6916.635562972494,11989.967464204725,-187500.02235174447,-187500.02235174447,-187500.02235174447,-187500.02235174447
não,2604.6040778880215,-8036.055628783182,7080.83147774118,11984.558342046541,-187500.02235174447,-187500.02235174447,-187500.02235174447,-187500.02235174447
não,2340.5629206374792,-8090.593885254131,6612.718893613684,12027.160766978355,-187500.02235174447,-187500.02235174447,-187500.02235174447,-187500.02235174447
não,2249.121934070818,-8140.997069000849,6298.207497383059,12045.936232320813,-187500.02235174447,-187500.02235174447,-187500.02235174447,-187500.02235174447
não,2525.7024199607877,-8108.944667451939,6772.936197869325,11985.877094969404,-187500.02235174447,-187500.02235174447,-187500.02235174447,-187500.02235174447
não,2617.679848394376,-8048.393791722512,7090.509783090328,11977.98692917668,-187500.02235174447,-187500.02235174447,-187500.02235174447,-187500.02235174447
não,2396.1293573533726,-8069.762059421785,6727.718618836238,12036.280278716122,-187500.02235174447,-187500.02235174447,-187500.02235174447,-187500.02235174447
não,2230.2347100060833,-8136.057333476226,6286.562238521843,12053.804046369081,-187500.02235174447,-187500.02235174447,-187500.02235174447,-187500.02235174447
não,2474.293407713581,-8118.421807100989,6668.218275096211,11991.710900272239,-187500.02235174447,-187500.02235174447,-187500.02235174447,-187500.02235174447
não,2628.1181130550044,-8055.389887737023,7085.525344076794,11965.380545303888,-187500.02235174447,-187500.02235174447,-187500.02235174447,-187500.02235174447
não,2434.9766892166963,-8065.135248319537,6804.876840695959,12009.167612691834,-187500.02235174447,-187500.02235174447,-187500.02235174447,-187500.02235174447
não,2233.341602485371,-8119.941725723949,6325.409570385167,12056.508607448175,-187500.02235174447,-187500.02235174447,-187500.02235174447,-187500.02235174447
não,2425.946584456752,-8121.6851617914635,6579.437146119732,12010.799290037072,-187500.02235174447,-187500.02235174447,-187500.02235174447,-187500.02235174447
não,2629.61567993351,-8063.727088418853,7068.806239224225,11962.854798180439,-187500.02235174447,-187500.02235174447,-187500.02235174447,-187500.02235174447
não,2487.9950270646846,-8062.83301864064,6905.482042489296,12005.054891712058,-187500.02235174447,-187500.02235174447,-187500.02235174447,-187500.02235174447
não,2251.021832349519,-8113.415016343,6383.747623413518,12049.512511433662,-187500.02235174447,-187500.02235174447,-187500.02235174447,-187500.02235174447
não,2363.3393482374368,-8131.60933632962,6477.222618725613,12013.906182516359,-187500.02235174447,-187500.02235174447,-187500.02235174447,-187500.02235174447
não,2627.6710781658985,-8072.399565267511,7031.210605050398,11968.08510638298,-187500.02235174447,-187500.02235174447,-187500.02235174447,-187500.02235174447
não,2532.296184575103,-8058.496780216311,6967.016394974756,11985.407708335842,-187500.02235174447,-187500.02235174447,-187500.02235174447,-187500.02235174447
não,2267.8079924354547,-8114.934934965961,6440.878682241283,12029.217127468244,-187500.02235174447,-187500.02235174447,-187500.02235174447,-187500.02235174447
não,2319.1275977048394,-8141.80173180124,6392.889486895739,12027.026656511624,-187500.02235174447,-187500.02235174447,-187500.02235174447,-187500.02235174447
não,2602.5700691425886,-8084.223638084369,6962.501342594785,11962.094838868958,-187500.02235174447,-187500.02235174447,-187500.02235174447,-187500.02235174447
não,2566.337891380536,-8057.334489504635,7043.615823223094,11965.112324370424,-187500.02235174447,-187500.02235174447,-187500.02235174447,-187500.02235174447
não,2309.8739755003426,-8097.008835912805,6572.999843716603,12032.301668203077,-187500.02235174447,-187500.02235174447,-187500.02235174447,-187500.02235174447
não,2280.3026175859713,-8134.89504276455,6367.766126127974,12041.57764215203,-187500.02235174447,-187500.02235174447,-187500.02235174447,-187500.02235174447
não,2545.7295829927425,-8107.22358312888,6845.042925482146,11956.909234155326,-187500.02235174447,-187500.02235174447,-187500.02235174447,-187500.02235174447
não,2571.3446821385246,-8075.104126346604,7036.977355119867,11937.597326945941,-187500.02235174447,-187500.02235174447,-187500.02235174447,-187500.02235174447
não,2339.8029613259987,-8095.175992867469,6624.006524563614,12004.697263800772,-187500.02235174447,-187500.02235174447,-187500.02235174447,-187500.02235174447
não,2240.315346755427,-8142.13700796807,6304.130709663715,12039.297764217588,-187500.02235174447,-187500.02235174447,-187500.02235174447,-187500.02235174447
não,2505.071759828539,-8122.780397269774,6759.949834340791,11966.341670315465,-187500.02235174447,-187500.02235174447,-187500.02235174447,-187500.02235174447
não,2613.1424442699486,-8062.184818051436,7094.443690114462,11953.332955042477,-187500.02235174447,-187500.02235174447,-187500.02235174447,-187500.02235174447
não,2400.33148531097,-8080.155620593503,6746.181159756322,12004.47374635622,-187500.02235174447,-187500.02235174447,-187500.02235174447,-187500.02235174447
não,2226.121989026307,-8142.002897501337,6302.253163129469,12035.18504323781,-187500.02235174447,-187500.02235174447,-187500.02235174447,-187500.02235174447
não,2461.4188029073243,-8126.244917660346,6659.232873825178,11983.79838273506,-187500.02235174447,-187500.02235174447,-187500.02235174447,-187500.02235174447
não,2624.720647897798,-8066.230483797847,7094.622504070104,11944.74988517164,-187500.02235174447,-187500.02235174447,-187500.02235174447,-187500.02235174447
não,2446.3090236555367,-8071.125515833559,6846.182864449366,11989.2298566377,-187500.02235174447,-187500.02235174447,-187500.02235174447,-187500.02235174447
não,2223.529186669491,-8135.833816031673,6342.0616200043705,12034.805063582071,-187500.02235174447,-187500.02235174447,-187500.02235174447,-187500.02235174447
não,2391.94958114023,-8148.887234793572,6536.298279320989,11986.145315902868,-187500.02235174447,-187500.02235174447,-187500.02235174447,-187500.02235174447
não,2619.0209530616944,-8080.31208280469,7059.4185065529955,11943.341725270955,-187500.02235174447,-187500.02235174447,-187500.02235174447,-187500.02235174447
não,2491.0125125661507,-8063.972957607861,6927.789083455692,11978.098687898957,-187500.02235174447,-187500.02235174447,-187500.02235174447,-187500.02235174447
não,2244.182198546195,-8125.172033926491,6395.526992741465,12030.33471469101,-187500.02235174447,-187500.02235174447,-187500.02235174447,-187500.02235174447
não,2339.467685159169,-8155.972737785904,6443.94087123166,12006.194830679278,-187500.02235174447,-187500.02235174447,-187500.02235174447,-187500.02235174447
não,2610.035551790661,-8090.705643976408,7020.3253055006635,11953.578824231485,-187500.02235174447,-187500.02235174447,-187500.02235174447,-187500.02235174447
não,2545.9531004372957,-8060.955472106394,7011.250497251809,11975.014147164125,-187500.02235174447,-187500.02235174447,-187500.02235174447,-187500.02235174447
não,2286.695216500189,-8104.541373794244,6492.242990999579,12028.85949955696,-187500.02235174447,-187500.02235174447,-187500.02235174447,-187500.02235174447
não,2283.5212687875355,-8161.292452966268,6356.880826578239,12005.859554512448,-187500.02235174447,-187500.02235174447,-187500.02235174447,-187500.02235174447
não,2568.997748970717,-8110.375179097078,6919.60834498505,11943.788760160061,-187500.02235174447,-187500.02235174447,-187500.02235174447,-187500.02235174447
não,2569.2436181597254,-8066.968091364872,7053.741163461347,11964.642937736862,-187500.02235174447,-187500.02235174447,-187500.02235174447,-187500.02235174447
não,2324.760237307577,-8105.055463916715,6588.534306113042,12020.008208752657,-187500.02235174447,-187500.02235174447,-187500.02235174447,-187500.02235174447
não,2271.5854372484014,-8151.949423783949,6360.859437091284,12022.66806634284,-187500.02235174447,-187500.02235174447,-187500.02235174447,-187500.02235174447
não,2533.145550864405,-8117.393626856045,6834.694067799338,11962.94420515826,-187500.02235174447,-187500.02235174447,-187500.02235174447,-187500.02235174447
não,2596.4009876729237,-8066.677518686953,7103.473794874406,11948.348516028944,-187500.02235174447,-187500.02235174447,-187500.02235174447,-187500.02235174447
não,2351.045888787018,-8092.538487021743,6664.709051216728,12016.834261040005,-187500.02235174447,-187500.02235174447,-187500.02235174447,-187500.02235174447
não,2248.9431201151756,-8150.340098183167,6325.767198296452,12033.106331003468,-187500.02235174447,-187500.02235174447,-187500.02235174447,-187500.02235174447
não,2484.2175822517374,-8128.793016528251,6717.772092553627,11973.60598726344,-187500.02235174447,-187500.02235174447,-187500.02235174447,-187500.02235174447
não,2623.357191486024,-8072.153696078503,7112.9509345234555,11946.783893917072,-187500.02235174447,-187500.02235174447,-187500.02235174447,-187500.02235174447
não,2404.533613268568,-8081.1838008384475,6773.137363569423,12005.591333578985,-187500.02235174447,-187500.02235174447,-187500.02235174447,-187500.02235174447
não,2230.0782477948965,-8143.61222310212,6326.3930471412,12038.403694439376,-187500.02235174447,-187500.02235174447,-187500.02235174447,-187500.02235174447
não,2425.700715267744,-8142.159359712525,6608.360303444899,11976.489362298174,-187500.02235174447,-187500.02235174447,-187500.02235174447,-187500.02235174447
não,2613.745941370242,-8083.59778923962,7064.11237288861,11938.044361835047,-187500.02235174447,-187500.02235174447,-187500.02235174447,-187500.02235174447
não,2464.0563087530504,-8078.635701970542,6877.251789242243,11990.056871182547,-187500.02235174447,-187500.02235174447,-187500.02235174447,-187500.02235174447
não,2233.0286780629967,-8134.179786941981,6359.16070451268,12031.541708891596,-187500.02235174447,-187500.02235174447,-187500.02235174447,-187500.02235174447
não,2384.2829327920595,-8149.490731893866,6518.953325623671,11983.932493201792,-187500.02235174447,-187500.02235174447,-187500.02235174447,-187500.02235174447
não,2619.356229228524,-8089.968036409383,7056.043393140244,11930.109492553413,-187500.02235174447,-187500.02235174447,-187500.02235174447,-187500.02235174447
não,2505.5411464621006,-8076.60169322511,6955.125266924533,11964.84410343696,-187500.02235174447,-187500.02235174447,-187500.02235174447,-187500.02235174447
não,2254.084021339896,-8129.061237461715,6425.835958222861,12015.493156372686,-187500.02235174447,-187500.02235174447,-187500.02235174447,-187500.02235174447
não,2322.3015454174933,-8160.1972174879575,6430.283955369468,11987.017033936625,-187500.02235174447,-187500.02235174447,-187500.02235174447,-187500.02235174447
não,2596.2221737172813,-8103.155565638014,6998.95703780139,11929.573050686486,-187500.02235174447,-187500.02235174447,-187500.02235174447,-187500.02235174447
não,2542.8685597024632,-8068.555065221199,7023.34279100213,11952.617699219907,-187500.02235174447,-187500.02235174447,-187500.02235174447,-187500.02235174447
não,2287.008140922563,-8114.376141354578,6517.679276189719,12013.012112738146,-187500.02235174447,-187500.02235174447,-187500.02235174447,-187500.02235174447
não,2287.209306622661,-8159.638423876575,6369.867190106773,12003.490269600186,-187500.02235174447,-187500.02235174447,-187500.02235174447,-187500.02235174447
não,2572.6634350613876,-8109.5928680411425,6917.41787402843,11930.444768720243,-187500.02235174447,-187500.02235174447,-187500.02235174447,-187500.02235174447
não,2572.551676339111,-8068.286844287735,7065.967567678401,11931.942335598747,-187500.02235174447,-187500.02235174447,-187500.02235174447,-187500.02235174447
não,2319.17230119375,-8102.306199348713,6607.2650679665885,11990.213333393733,-187500.02235174447,-187500.02235174447,-187500.02235174447,-187500.02235174447
não,2241.276471767005,-8153.245824962357,6322.034456972416,12002.730310288705,-187500.02235174447,-187500.02235174447,-187500.02235174447,-187500.02235174447
não,2515.2194518112483,-8118.041827445249,6820.2771926256655,11934.311620511011,-187500.02235174447,-187500.02235174447,-187500.02235174447,-187500.02235174447
não,2583.5710863555773,-8067.884512887539,7097.125899449098,11932.568184443497,-187500.02235174447,-187500.02235174447,-187500.02235174447,-187500.02235174447
não,2356.8349906009425,-8092.359673066101,6711.245383172677,11987.106440914446,-187500.02235174447,-187500.02235174447,-187500.02235174447,-187500.02235174447
não,2211.727465597089,-8147.99316501536,6307.930506221117,12014.129699960911,-187500.02235174447,-187500.02235174447,-187500.02235174447,-187500.02235174447
não,2461.7317273296985,-8128.010705472316,6719.336714665498,11961.066658624013,-187500.02235174447,-187500.02235174447,-187500.02235174447,-187500.02235174447
não,2613.030685547672,-8058.317966260668,7144.288080249797,11926.957896585214,-187500.02235174447,-187500.02235174447,-187500.02235174447,-187500.02235174447
não,2396.397578286836,-8070.4996669888105,6810.956515187802,11979.931530944292,-187500.02235174447,-187500.02235174447,-187500.02235174447,-187500.02235174447
não,2208.8440905623547,-8135.1856154424695,6341.279308948435,12020.365836663943,-187500.02235174447,-187500.02235174447,-187500.02235174447,-187500.02235174447
não,2390.0720346059843,-8133.553938097231,6594.368111415877,11976.489362298174,-187500.02235174447,-187500.02235174447,-187500.02235174447,-187500.02235174447
não,2598.5691068850883,-8070.0302803552495,7098.846983772157,11938.491396724154,-187500.02235174447,-187500.02235174447,-187500.02235174447,-187500.02235174447
não,2439.491741596668,-8062.095411073615,6904.029179099701,11975.885865197883,-187500.02235174447,-187500.02235174447,-187500.02235174447,-187500.02235174447
não,2212.755645842033,-8123.428597858978,6379.612550689287,12019.158842463356,-187500.02235174447,-187500.02235174447,-187500.02235174447,-187500.02235174447
não,2339.5123886480797,-8140.415923645011,6500.177860281213,11988.112269414934,-187500.02235174447,-187500.02235174447,-187500.02235174447,-187500.02235174447
não,2573.7363187952424,-8077.115783347582,7017.464282210384,11942.961745615214,-187500.02235174447,-187500.02235174447,-187500.02235174447,-187500.02235174447
não,2477.82498333752,-8056.149847048503,6967.597540330594,11966.073449382002,-187500.02235174447,-187500.02235174447,-187500.02235174447,-187500.02235174447
não,2227.06076229343,-8103.0214551712825,6453.239196925068,12025.774958822127,-187500.02235174447,-187500.02235174447,-187500.02235174447,-187500.02235174447
não,2283.2977513429823,-8139.2983364222455,6415.263583095501,12006.731272546205,-187500.02235174447,-187500.02235174447,-187500.02235174447,-187500.02235174447
não,2554.066783674572,-8089.319835820179,6975.152429956488,11940.324239769488,-187500.02235174447,-187500.02235174447,-187500.02235174447,-187500.02235174447
não,2514.750065177687,-8055.501646459299,7036.016230108289,11957.758600444628,-187500.02235174447,-187500.02235174447,-187500.02235174447,-187500.02235174447
não,2262.1977045771723,-8096.718263234886,6545.373087569844,12021.215202953244,-187500.02235174447,-187500.02235174447,-187500.02235174447,-187500.02235174447
não,2241.678803167201,-8142.427580645988,6355.986756800027,12021.32696167552,-187500.02235174447,-187500.02235174447,-187500.02235174447,-187500.02235174447
não,2529.971603151751,-8095.377158567568,6897.927152863402,11959.569091745507,-187500.02235174447,-187500.02235174447,-187500.02235174447,-187500.02235174447
não,2550.758725495187,-8047.097390544104,7085.525344076794,11955.098742854447,-187500.02235174447,-187500.02235174447,-187500.02235174447,-187500.02235174447
não,2307.147062676795,-8078.255722314802,6643.854873639927,12007.602990579962,-187500.02235174447,-187500.02235174447,-187500.02235174447,-187500.02235174447
não,2212.800349330944,-8136.079685220681,6321.877994761228,12026.423159411332,-187500.02235174447,-187500.02235174447,-187500.02235174447,-187500.02235174447
não,2482.6082566509554,-8105.323684850179,6799.713587726783,11964.374716803399,-187500.02235174447,-187500.02235174447,-187500.02235174447,-187500.02235174447
não,2566.5614088250886,-8052.3053470021905,7105.127823964099,11946.068638094503,-187500.02235174447,-187500.02235174447,-187500.02235174447,-187500.02235174447
não,2347.335499207437,-8074.321815290668,6738.290993963599,12003.84789751147,-187500.02235174447,-187500.02235174447,-187500.02235174447,-187500.02235174447
não,2188.1463751967403,-8131.27406016279,6318.905212748673,12040.549461907085,-187500.02235174447,-187500.02235174447,-187500.02235174447,-187500.02235174447
não,2431.7580380151317,-8112.99033319835,6691.151164907356,11978.165743132324,-187500.02235174447,-187500.02235174447,-187500.02235174447,-187500.02235174447
não,2590.7012928368204,-8050.204283023391,7108.614696099126,11943.699353182239,-187500.02235174447,-187500.02235174447,-187500.02235174447,-187500.02235174447
não,2407.394636558847,-8060.97782385085,6840.572576591084,11994.482516584698,-187500.02235174447,-187500.02235174447,-187500.02235174447,-187500.02235174447
não,2200.2610206915165,-8119.204118156925,6349.370640441256,12038.04606652809,-187500.02235174447,-187500.02235174447,-187500.02235174447,-187500.02235174447
não,2390.0273311170736,-8126.691952549452,6585.82974503395,11988.22402813721,-187500.02235174447,-187500.02235174447,-187500.02235174447,-187500.02235174447
não,2614.550604170633,-8065.314062275179,7111.945106022967,11935.988001345158,-187500.02235174447,-187500.02235174447,-187500.02235174447,-187500.02235174447
não,2461.597616862967,-8059.59201569462,6933.689943991893,11973.60598726344,-187500.02235174447,-187500.02235174447,-187500.02235174447,-187500.02235174447
não,2224.8479395923546,-8120.209946657414,6399.326789298867,12025.529089633119,-187500.02235174447,-187500.02235174447,-187500.02235174447,-187500.02235174447
não,2337.9030630472976,-8138.046638732749,6482.85525832835,11999.109327686945,-187500.02235174447,-187500.02235174447,-187500.02235174447,-187500.02235174447
não,2590.2989614366247,-8075.573512980165,7021.755817145803,11949.488454996164,-187500.02235174447,-187500.02235174447,-187500.02235174447,-187500.02235174447
não,2503.596544694489,-8048.3714399780565,7006.444872193918,11972.019013407114,-187500.02235174447,-187500.02235174447,-187500.02235174447,-187500.02235174447
não,2237.0296403204966,-8098.528754535766,6472.126420989803,12034.67095311534,-187500.02235174447,-187500.02235174447,-187500.02235174447,-187500.02235174447
não,2274.580571005413,-8131.408170629522,6415.710617984608,12025.126758232924,-187500.02235174447,-187500.02235174447,-187500.02235174447,-187500.02235174447
não,2540.029888156639,-8082.480202016855,6950.90078722248,11966.185208104278,-187500.02235174447,-187500.02235174447,-187500.02235174447,-187500.02235174447
não,2522.4390652703128,-8045.331602732134,7070.482620058373,11969.739135472671,-187500.02235174447,-187500.02235174447,-187500.02235174447,-187500.02235174447
não,2246.663242180734,-8086.279998574258,6543.361430568866,12030.155900735368,-187500.02235174447,-187500.02235174447,-187500.02235174447,-187500.02235174447
não,2215.8401865768656,-8138.694839321953,6327.600041341787,12035.162691493357,-187500.02235174447,-187500.02235174447,-187500.02235174447,-187500.02235174447
não,2509.698570930788,-8092.292617832735,6864.600701880539,11976.332900086987,-187500.02235174447,-187500.02235174447,-187500.02235174447,-187500.02235174447
não,2555.5419988086223,-8042.939966075417,7086.195896410453,11971.683737240284,-187500.02235174447,-187500.02235174447,-187500.02235174447,-187500.02235174447
não,2315.216042425161,-8074.724146690864,6659.389336036365,12019.38235990791,-187500.02235174447,-187500.02235174447,-187500.02235174447,-187500.02235174447
não,2200.7527590695336,-8134.403304386534,6307.997561454483,12039.81185434006,-187500.02235174447,-187500.02235174447,-187500.02235174447,-187500.02235174447
não,2465.732689587199,-8110.352827352623,6762.721450653249,11976.221141364711,-187500.02235174447,-187500.02235174447,-187500.02235174447,-187500.02235174447
não,2572.529324594656,-8049.399620223001,7104.144347208065,11963.570054003008,-187500.02235174447,-187500.02235174447,-187500.02235174447,-187500.02235174447
não,2358.019633057074,-8065.135248319537,6762.944968097802,12005.814851023539,-187500.02235174447,-187500.02235174447,-187500.02235174447,-187500.02235174447
não,2182.7149012941004,-8125.730827537875,6314.837195257806,12038.627211883928,-187500.02235174447,-187500.02235174447,-187500.02235174447,-187500.02235174447
não,2412.4908342946574,-8118.690028034453,6653.287309800066,11985.720632758217,-187500.02235174447,-187500.02235174447,-187500.02235174447,-187500.02235174447
não,2590.8577550480077,-8051.992422579816,7104.256105930342,11955.41166727682,-187500.02235174447,-187500.02235174447,-187500.02235174447,-187500.02235174447
não,2419.3081163535257,-8057.937986604928,6865.964158292313,12005.837202767992,-187500.02235174447,-187500.02235174447,-187500.02235174447,-187500.02235174447
não,2197.6458665902455,-8117.997123956338,6359.048945790404,12057.961470837769,-187500.02235174447,-187500.02235174447,-187500.02235174447,-187500.02235174447
não,2364.5463424380237,-8127.876595005584,6550.826913216939,12021.416368653343,-187500.02235174447,-187500.02235174447,-187500.02235174447,-187500.02235174447
não,2588.9802085137617,-8063.369460507568,7067.912169446012,11965.55935925953,-187500.02235174447,-187500.02235174447,-187500.02235174447,-187500.02235174447
não,2459.563608117534,-8052.037126068727,6938.026182416223,11990.861533982938,-187500.02235174447,-187500.02235174447,-187500.02235174447,-187500.02235174447
não,2211.414541174715,-8106.754196495319,6412.693132483141,12039.610688639963,-187500.02235174447,-187500.02235174447,-187500.02235174447,-187500.02235174447
não,2305.2248126536388,-8133.822159030696,6454.870874270306,12021.975162264725,-187500.02235174447,-187500.02235174447,-187500.02235174447,-187500.02235174447
não,2571.590551327533,-8070.0302803552495,7017.173709532465,11973.31541458552,-187500.02235174447,-187500.02235174447,-187500.02235174447,-187500.02235174447
não,2504.1553383058713,-8042.805855608685,7012.81511936368,11993.700205528761,-187500.02235174447,-187500.02235174447,-187500.02235174447,-187500.02235174447
não,2253.078192839407,-8091.309141076701,6512.5830784539085,12045.779770109626,-187500.02235174447,-187500.02235174447,-187500.02235174447,-187500.02235174447
não,2268.8808761693094,-8131.341115396156,6408.60276324782,12025.32792393302,-187500.02235174447,-187500.02235174447,-187500.02235174447,-187500.02235174447
não,2539.8287224565415,-8088.671635230975,6930.739513723793,11966.252263337645,-187500.02235174447,-187500.02235174447,-187500.02235174447,-187500.02235174447
não,2550.64696677291,-8046.516245188266,7087.40289061104,11979.059812910535,-187500.02235174447,-187500.02235174447,-187500.02235174447,-187500.02235174447
não,2283.9683036766414,-8083.195457839425,6580.867657764871,12038.738970606206,-187500.02235174447,-187500.02235174447,-187500.02235174447,-187500.02235174447
não,2245.925634613709,-8125.216737415402,6353.461009676577,12045.533900920618,-187500.02235174447,-187500.02235174447,-187500.02235174447,-187500.02235174447
não,2511.665524442855,-8095.667731245486,6833.844701510036,11989.94511246027,-187500.02235174447,-187500.02235174447,-187500.02235174447,-187500.02235174447
não,2587.236772446248,-8045.465713198867,7120.416417171528,11981.853780967449,-187500.02235174447,-187500.02235174447,-187500.02235174447,-187500.02235174447
não,2333.9915077676187,-8071.349033278112,6679.550609535052,12038.403694439376,-187500.02235174447,-187500.02235174447,-187500.02235174447,-187500.02235174447
não,2209.827567318388,-8129.351810139634,6313.1831661681135,12059.034354571624,-187500.02235174447,-187500.02235174447,-187500.02235174447,-187500.02235174447
não,2455.8085150490424,-8109.995199441338,6720.163729210345,11990.235685138188,-187500.02235174447,-187500.02235174447,-187500.02235174447,-187500.02235174447
não,2591.3718451704794,-8049.176102778448,7102.4456146294615,11965.045269137057,-187500.02235174447,-187500.02235174447,-187500.02235174447,-187500.02235174447
não,2388.6415229608447,-8064.64350994152,6783.352110785498,12013.816775538538,-187500.02235174447,-187500.02235174447,-187500.02235174447,-187500.02235174447
não,2203.05498874843,-8123.652115303531,6324.202576184581,12059.05670631608,-187500.02235174447,-187500.02235174447,-187500.02235174447,-187500.02235174447
não,2416.1341686408723,-8118.242993145346,6632.9695740901925,12009.212316180745,-187500.02235174447,-187500.02235174447,-187500.02235174447,-187500.02235174447
não,2597.6973888513317,-8053.646451669509,7096.768271537813,11973.203655863244,-187500.02235174447,-187500.02235174447,-187500.02235174447,-187500.02235174447
não,2430.9310234702857,-8051.634794668531,6876.715347375316,12006.775976035116,-187500.02235174447,-187500.02235174447,-187500.02235174447,-187500.02235174447
não,2209.3358289403714,-8109.704626763419,6369.30839649539,12053.021735313147,-187500.02235174447,-187500.02235174447,-187500.02235174447,-187500.02235174447
não,2365.663929660789,-8122.266307147302,6528.408113528266,12014.576734850018,-187500.02235174447,-187500.02235174447,-187500.02235174447,-187500.02235174447
não,2602.860641820507,-8063.59297795212,7060.670204242493,11959.256167323134,-187500.02235174447,-187500.02235174447,-187500.02235174447,-187500.02235174447
não,2490.0513875545726,-8054.205245280892,6965.47412460734,11996.270656141121,-187500.02235174447,-187500.02235174447,-187500.02235174447,-187500.02235174447
não,2241.7458584005667,-8102.619123771086,6440.632813052275,12067.617424442462,-187500.02235174447,-187500.02235174447,-187500.02235174447,-187500.02235174447
não,2312.98086797963,-8131.1399496960585,6434.709600771618,12045.958584065269,-187500.02235174447,-187500.02235174447,-187500.02235174447,-187500.02235174447
não,2587.1250137239713,-8077.8980944035175,7003.628552392549,11971.773144218105,-187500.02235174447,-187500.02235174447,-187500.02235174447,-187500.02235174447
não,2534.5984142539996,-8045.845692854607,7032.372895762074,11985.094783913468,-187500.02235174447,-187500.02235174447,-187500.02235174447,-187500.02235174447
não,2274.0888326273957,-8086.659978229997,6523.200157070179,12043.075209030534,-187500.02235174447,-187500.02235174447,-187500.02235174447,-187500.02235174447
não,2262.7117946996445,-8131.519929351799,6360.278291735446,12039.208357239766,-187500.02235174447,-187500.02235174447,-187500.02235174447,-187500.02235174447
não,2555.4078883418906,-8087.1740683524695,6916.3673420390305,11977.070507654013,-187500.02235174447,-187500.02235174447,-187500.02235174447,-187500.02235174447
não,2568.5060105927005,-8045.130437032037,7080.853829485635,11982.792554234571,-187500.02235174447,-187500.02235174447,-187500.02235174447,-187500.02235174447
não,2319.664039571767,-8077.763983936786,6621.860757095905,12042.762284608161,-187500.02235174447,-187500.02235174447,-187500.02235174447,-187500.02235174447
não,2235.465018208625,-8132.70457180793,6319.6428203156975,12046.115046276456,-187500.02235174447,-187500.02235174447,-187500.02235174447,-187500.02235174447
não,2520.6285739694326,-8099.176955124969,6822.914698471392,11980.020937922114,-187500.02235174447,-187500.02235174447,-187500.02235174447,-187500.02235174447
não,2617.523386183189,-8042.336468975123,7142.544644182282,11971.169647117811,-187500.02235174447,-187500.02235174447,-187500.02235174447,-187500.02235174447
não,2366.401537227814,-8065.716393675375,6717.526223364619,12043.76811310865,-187500.02235174447,-187500.02235174447,-187500.02235174447,-187500.02235174447
não,2231.575814673402,-8122.579231569676,6337.300698435391,12063.459999973775,-187500.02235174447,-187500.02235174447,-187500.02235174447,-187500.02235174447
não,2460.3459191734696,-8110.978676197372,6705.255115658655,11989.118097915423,-187500.02235174447,-187500.02235174447,-187500.02235174447,-187500.02235174447
não,2624.5641856866105,-8050.651317912498,7127.323106208219,11955.277556810088,-187500.02235174447,-187500.02235174447,-187500.02235174447,-187500.02235174447
não,2421.6550495213332,-8061.648376184509,6809.213079120288,12011.268676670632,-187500.02235174447,-187500.02235174447,-187500.02235174447,-187500.02235174447
não,2221.830454090888,-8124.345019381645,6318.189956926103,12054.027563813635,-187500.02235174447,-187500.02235174447,-187500.02235174447,-187500.02235174447
não,2417.8105494750203,-8126.51313859381,6587.72964331265,12009.324074903021,-187500.02235174447,-187500.02235174447,-187500.02235174447,-187500.02235174447
não,2618.3056972391246,-8065.001137852805,7079.713890518415,11967.414554049321,-187500.02235174447,-187500.02235174447,-187500.02235174447,-187500.02235174447
não,2474.0922420134834,-8054.115838303071,6902.866888388025,12007.871211513426,-187500.02235174447,-187500.02235174447,-187500.02235174447,-187500.02235174447
não,2241.052954322452,-8109.682275018964,6386.6757019371635,12057.872063859948,-187500.02235174447,-187500.02235174447,-187500.02235174447,-187500.02235174447
não,2368.748470395621,-8128.860071761617,6503.3071045049555,12014.286162172099,-187500.02235174447,-187500.02235174447,-187500.02235174447,-187500.02235174447
não,2624.6982961533427,-8067.169257064969,7056.155151862521,11966.386373804376,-187500.02235174447,-187500.02235174447,-187500.02235174447,-187500.02235174447
não,2526.954117650285,-8049.153751033992,6992.4973836538065,11997.969388719725,-187500.02235174447,-187500.02235174447,-187500.02235174447,-187500.02235174447
não,2266.7127569571444,-8100.071024903182,6465.75617382004,12052.686459146316,-187500.02235174447,-187500.02235174447,-187500.02235174447,-187500.02235174447
não,2316.825368025943,-8135.94557475395,6416.7835017184625,12030.535880391108,-187500.02235174447,-187500.02235174447,-187500.02235174447,-187500.02235174447
$SILENCE,2600.424301674879,-8080.625007227065,6984.651921349993,11976.019975664614,-187500.02235174447,-187500.02235174447,-187500.02235174447,-187500.02235174447
$SILENCE,2559.0512226881056,-8045.219844009858,7047.6167854805935,11988.201676392757,-187500.02235174447,-187500.02235174447,-187500.02235174447,-187500.02235174447
$SILENCE,2295.077120670929,-8086.3470538076235,6548.345869582399,12046.38326720992,-187500.02235174447,-187500.02235174447,-187500.02235174447,-187500.02235174447
$SILENCE,2269.4620215251475,-8135.744409053852,6349.97413754155,12042.80698809707,-187500.02235174447,-187500.02235174447,-187500.02235174447,-187500.02235174447
$SILENCE,2564.5497518241114,-8094.483088789355,6897.74833890776,11977.361080331932,-187500.02235174447,-187500.02235174447,-187500.02235174447,-187500.02235174447
$SILENCE,2596.4456911618345,-8044.862216098573,7097.371768638107,11987.374661847909,-187500.02235174447,-187500.02235174447,-187500.02235174447,-187500.02235174447
$SILENCE,2348.855417830398,-8074.210056568391,6655.634242967873,12044.259851486666,-187500.02235174447,-187500.02235174447,-187500.02235174447,-187500.02235174447
$SILENCE,2245.702117169156,-8129.284754906268,6324.716666307052,12059.459037716275,-187500.02235174447,-187500.02235174447,-187500.02235174447,-187500.02235174447
$SILENCE,2522.483768759223,-8100.071024903182,6802.418148805875,11996.963560219236,-187500.02235174447,-187500.02235174447,-187500.02235174447,-187500.02235174447
$SILENCE,2621.077313551583,-8047.4326667109335,7121.019914271822,11982.99371993467,-187500.02235174447,-187500.02235174447,-187500.02235174447,-187500.02235174447
$SILENCE,2402.0302178895736,-8066.431649497945,6756.932348839325,12030.245307713189,-187500.02235174447,-187500.02235174447,-187500.02235174447,-187500.02235174447
$SILENCE,2237.3649164873264,-8125.574365326687,6328.315297164357,12058.38615398242,-187500.02235174447,-187500.02235174447,-187500.02235174447,-187500.02235174447
$SILENCE,2470.8288873230085,-8116.5219088222875,6691.307627118544,11998.863458497937,-187500.02235174447,-187500.02235174447,-187500.02235174447,-187500.02235174447
$SILENCE,2628.878072366485,-8057.088620315626,7113.7108938349365,11962.474818524697,-187500.02235174447,-187500.02235174447,-187500.02235174447,-187500.02235174447
$SILENCE,2449.3265091570033,-8062.318928518168,6851.167303462899,12012.453319126764,-187500.02235174447,-187500.02235174447,-187500.02235174447,-187500.02235174447
$SILENCE,2232.4922361960694,-8120.947554224438,6352.052849775893,12057.559139437573,-187500.02235174447,-187500.02235174447,-187500.02235174447,-187500.02235174447
$SILENCE,2414.971877929196,-8126.17786242698,6581.091175209424,12020.410540152854,-187500.02235174447,-187500.02235174447,-187500.02235174447,-187500.02235174447
$SILENCE,2657.6000639915546,-8056.373364493056,7128.932431809,11973.270711096611,-187500.02235174447,-187500.02235174447,-187500.02235174447,-187500.02235174447
$SILENCE,2509.1621290638604,-8046.829169610641,6962.590749572605,12008.497060358175,-187500.02235174447,-187500.02235174447,-187500.02235174447,-187500.02235174447
$SILENCE,2252.854675394854,-8108.944667451939,6402.277219566968,12061.805970884083,-187500.02235174447,-187500.02235174447,-187500.02235174447,-187500.02235174447
$SILENCE,2363.7193278931773,-8132.3692956411005,6475.456830913643,12031.80992982506,-187500.02235174447,-187500.02235174447,-187500.02235174447,-187500.02235174447
$SILENCE,2624.8547583645295,-8071.371385022568,7038.765494676291,11980.13269664439,-187500.02235174447,-187500.02235174447,-187500.02235174447,-187500.02235174447
$SILENCE,2545.260196359181,-8048.326736489146,7016.927840343456,12003.646731811374,-187500.02235174447,-187500.02235174447,-187500.02235174447,-187500.02235174447
$SILENCE,2287.7904519784993,-8097.254705101813,6496.623932912819,12056.441552214808,-187500.02235174447,-187500.02235174447,-187500.02235174447,-187500.02235174447
$SILENCE,2314.5007866025912,-8134.827987531185,6405.406463790711,12037.062589772057,-187500.02235174447,-187500.02235174447,-187500.02235174447,-187500.02235174447
$SILENCE,2598.4573481628117,-8083.374271795067,6967.463429863862,11968.12980987189,-187500.02235174447,-187500.02235174447,-187500.02235174447,-187500.02235174447
$SILENCE,2579.458365375801,-8046.717410888364,7065.788753722758,11979.931530944292,-187500.02235174447,-187500.02235174447,-187500.02235174447,-187500.02235174447
$SILENCE,2329.409400154281,-8089.811574198196,6587.483774123642,12044.371610208942,-187500.02235174447,-187500.02235174447,-187500.02235174447,-187500.02235174447
$SILENCE,2284.303579843471,-8134.89504276455,6354.8021143438955,12053.044087057602,-187500.02235174447,-187500.02235174447,-187500.02235174447,-187500.02235174447
$SILENCE,2574.876257762463,-8094.348978322623,6886.192487024366,11992.47085958372,-187500.02235174447,-187500.02235174447,-187500.02235174447,-187500.02235174447
$SILENCE,2624.6312409199763,-8044.839864354118,7115.700199091459,11988.961635704236,-187500.02235174447,-187500.02235174447,-187500.02235174447,-187500.02235174447
$SILENCE,2385.4452235037356,-8072.310158289691,6696.694397532273,12040.638868884906,-187500.02235174447,-187500.02235174447,-187500.02235174447,-187500.02235174447
$SILENCE,2258.8449429088764,-8129.396513628544,6332.115093721759,12057.112104548467,-187500.02235174447,-187500.02235174447,-187500.02235174447,-187500.02235174447
$SILENCE,2523.2437280707036,-8110.777510497273,6775.350186270498,11984.84891472446,-187500.02235174447,-187500.02235174447,-187500.02235174447,-187500.02235174447
$SILENCE,2636.321203270102,-8053.7135069028745,7123.389199184085,11963.570054003008,-187500.02235174447,-187500.02235174447,-187500.02235174447,-187500.02235174447
$SILENCE,2427.0865234239727,-8067.6833471874415,6787.129555598445,12016.700150573273,-187500.02235174447,-187500.02235174447,-187500.02235174447,-187500.02235174447
$SILENCE,2247.3561462588486,-8126.468435104899,6333.165625711158,12055.078095803035,-187500.02235174447,-187500.02235174447,-187500.02235174447,-187500.02235174447
$SILENCE,2478.115556015439,-8121.863975747106,6664.887865172371,12007.826508024515,-187500.02235174447,-187500.02235174447,-187500.02235174447,-187500.02235174447
$SILENCE,2661.221046593314,-8056.932158104439,7123.4562544174505,11979.551551288552,-187500.02235174447,-187500.02235174447,-187500.02235174447,-187500.02235174447
$SILENCE,2483.748195618176,-8061.536617462232,6885.544286435162,12015.940191261792,-187500.02235174447,-187500.02235174447,-187500.02235174447,-187500.02235174447
$SILENCE,2259.1578673312506,-8121.6851617914635,6377.131507054747,12052.932328335326,-187500.02235174447,-187500.02235174447,-187500.02235174447,-187500.02235174447
$SILENCE,2422.817340233009,-8125.708475793419,6563.790925001017,12010.285199914599,-187500.02235174447,-187500.02235174447,-187500.02235174447,-187500.02235174447
$SILENCE,2659.0082238922387,-8059.636719183532,7094.175469180998,11964.46412378122,-187500.02235174447,-187500.02235174447,-187500.02235174447,-187500.02235174447
$SILENCE,2536.520664277156,-8051.567739435165,6974.325415411641,11999.668121298328,-187500.02235174447,-187500.02235174447,-187500.02235174447,-187500.02235174447
$SILENCE,2286.672864755734,-8109.212888385402,6446.041935210459,12059.302575505088,-187500.02235174447,-187500.02235174447,-187500.02235174447,-187500.02235174447
$SILENCE,2369.240208773638,-8136.683182320975,6466.694947087163,12034.425083926331,-187500.02235174447,-187500.02235174447,-187500.02235174447,-187500.02235174447
$SILENCE,2644.7925144186634,-8078.680405459453,7033.892814385035,11969.090934883468,-187500.02235174447,-187500.02235174447,-187500.02235174447,-187500.02235174447
$SILENCE,2582.6993683218207,-8051.143056290514,7039.994840621333,11987.173496147812,-187500.02235174447,-187500.02235174447,-187500.02235174447,-187500.02235174447
$SILENCE,2322.145083206306,-8096.897077190528,6528.966907139648,12048.394924210897,-187500.02235174447,-187500.02235174447,-187500.02235174447,-187500.02235174447
$SILENCE,2325.386086152326,-8143.56751961321,6393.135356084747,12039.163653750857,-187500.02235174447,-187500.02235174447,-187500.02235174447,-187500.02235174447
$SILENCE,2615.4670256933005,-8093.052577144215,6952.755982012271,11969.31445232802,-187500.02235174447,-187500.02235174447,-187500.02235174447,-187500.02235174447
$SILENCE,2616.89753733844,-8050.40544872349,7095.315408148219,11982.65844376784,-187500.02235174447,-187500.02235174447,-187500.02235174447,-187500.02235174447
$SILENCE,2365.9545023387077,-8085.385928796045,6629.147425788335,12040.102427017979,-187500.02235174447,-187500.02235174447,-187500.02235174447,-187500.02235174447
$SILENCE,2294.697141015189,-8138.605432344131,6354.288024221423,12047.456150943775,-187500.02235174447,-187500.02235174447,-187500.02235174447,-187500.02235174447
$SILENCE,2580.754766554209,-8104.720187749886,6863.349004191042,11974.477705297197,-187500.02235174447,-187500.02235174447,-187500.02235174447,-187500.02235174447
$SILENCE,2649.5310842431886,-8054.942852847917,7127.770141097324,11968.666251738818,-187500.02235174447,-187500.02235174447,-187500.02235174447,-187500.02235174447
$SILENCE,2415.3518575849366,-8079.3062543042015,6727.718618836238,12022.198679709278,-187500.02235174447,-187500.02235174447,-187500.02235174447,-187500.02235174447
$SILENCE,2270.981940148108,-8134.693877064452,6335.199634456591,12049.244290500199,-187500.02235174447,-187500.02235174447,-187500.02235174447,-187500.02235174447
$SILENCE,2527.557614750578,-8119.382932112567,6755.05480230508,11985.586522291485,-187500.02235174447,-187500.02235174447,-187500.02235174447,-187500.02235174447
$SILENCE,2660.550494259655,-8060.2849197727355,7134.006277800355,11963.570054003008,-187500.02235174447,-187500.02235174447,-187500.02235174447,-187500.02235174447
$SILENCE,2460.1224017289164,-8067.459829742888,6822.802939749115,12016.789557551094,-187500.02235174447,-187500.02235174447,-187500.02235174447,-187500.02235174447
$SILENCE,2264.9469691451754,-8126.0884554491595,6351.6281666312425,12061.269529017154,-187500.02235174447,-187500.02235174447,-187500.02235174447,-187500.02235174447
$SILENCE,2475.790974592087,-8125.46260660441,6647.095876585946,12014.196755194278,-187500.02235174447,-187500.02235174447,-187500.02235174447,-187500.02235174447
$SILENCE,2666.2501890957583,-8065.001137852805,7122.785702083791,11964.575882503495,-187500.02235174447,-187500.02235174447,-187500.02235174447,-187500.02235174447
$SILENCE,2505.6529051843772,-8065.604634953098,6917.775501939715,11998.595237564474,-187500.02235174447,-187500.02235174447,-187500.02235174447,-187500.02235174447
$SILENCE,2276.0110826505525,-8122.266307147302,6398.03038812046,12044.595127653496,-187500.02235174447,-187500.02235174447,-187500.02235174447,-187500.02235174447
$SILENCE,2422.9067472108304,-8137.84547303265,6537.572328754942,12009.167612691834,-187500.02235174447,-187500.02235174447,-187500.02235174447,-187500.02235174447
$SILENCE,2669.602950764054,-8072.667786200976,7082.887838231068,11964.41942029231,-187500.02235174447,-187500.02235174447,-187500.02235174447,-187500.02235174447
$SILENCE,2561.8898942339297,-8059.077925572148,7001.52748841375,11992.783784006095,-187500.02235174447,-187500.02235174447,-187500.02235174447,-187500.02235174447
$SILENCE,2307.236469654616,-8113.213850642902,6474.942740791171,12048.774903866639,-187500.02235174447,-187500.02235174447,-187500.02235174447,-187500.02235174447
$SILENCE,2371.8106593859984,-8143.3440021686565,6454.423839381199,12023.159804720855,-187500.02235174447,-187500.02235174447,-187500.02235174447,-187500.02235174447
$SILENCE,2645.3513080300463,-8085.363577051589,7023.4321979799515,11960.1725888458,-187500.02235174447,-187500.02235174447,-187500.02235174447,-187500.02235174447
$SILENCE,2600.714874352798,-8056.820399382163,7062.145419376543,11980.333862344487,-187500.02235174447,-187500.02235174447,-187500.02235174447,-187500.02235174447
$SILENCE,2349.0118800415853,-8098.819327213684,6557.890064464816,12042.0917322745,-187500.02235174447,-187500.02235174447,-187500.02235174447,-187500.02235174447
$SILENCE,2332.27042344456,-8144.618051602609,6382.339463512834,12042.315249719055,-187500.02235174447,-187500.02235174447,-187500.02235174447,-187500.02235174447
$SILENCE,2617.456330949823,-8101.36742608159,6934.718124236838,11974.03067040809,-187500.02235174447,-187500.02235174447,-187500.02235174447,-187500.02235174447
$SILENCE,2631.001488089739,-8058.07209707166,7110.402835655551,11971.571978518008,-187500.02235174447,-187500.02235174447,-187500.02235174447,-187500.02235174447
$SILENCE,2384.394691514336,-8086.391757296534,6658.159990091323,12033.016924025647,-187500.02235174447,-187500.02235174447,-187500.02235174447,-187500.02235174447
$SILENCE,2292.2608008695606,-8136.236147431869,6348.20834972958,12047.277336988132,-187500.02235174447,-187500.02235174447,-187500.02235174447,-187500.02235174447
$SILENCE,2569.4447838598235,-8104.451966816422,6839.790265535148,11986.36883334742,-187500.02235174447,-187500.02235174447,-187500.02235174447,-187500.02235174447
$SILENCE,2650.358098788035,-8050.651317912498,7136.800245857268,11976.42230706481,-187500.02235174447,-187500.02235174447,-187500.02235174447,-187500.02235174447
$SILENCE,2429.0311251915846,-8070.4549634999,6756.150037783389,12041.532938663118,-187500.02235174447,-187500.02235174447,-187500.02235174447,-187500.02235174447
$SILENCE,2274.692329727689,-8126.468435104899,6335.646669345698,12072.91478787837,-187500.02235174447,-187500.02235174447,-187500.02235174447,-187500.02235174447
$SILENCE,2514.2136233107594,-8115.56078381071,6721.2366129442,12002.216220166234,-187500.02235174447,-187500.02235174447,-187500.02235174447,-187500.02235174447
$SILENCE,2657.890636669473,-8054.585224936632,7128.284231219796,11967.36985056041,-187500.02235174447,-187500.02235174447,-187500.02235174447,-187500.02235174447
$SILENCE,2474.874553069419,-8063.391812252023,6846.406381893919,12021.684589586806,-187500.02235174447,-187500.02235174447,-187500.02235174447,-187500.02235174447
$SILENCE,2266.4221842792253,-8120.925202479983,6355.696184122108,12068.064459331568,-187500.02235174447,-187500.02235174447,-187500.02235174447,-187500.02235174447
$SILENCE,2449.2818056680926,-8124.6802955484745,6602.772367331072,12021.103444230968,-187500.02235174447,-187500.02235174447,-187500.02235174447,-187500.02235174447
$SILENCE,2656.929511657895,-8060.709602917386,7104.189050696976,11978.389260576876,-187500.02235174447,-187500.02235174447,-187500.02235174447,-187500.02235174447
$SILENCE,2516.225280311737,-8054.562873192177,6936.282746348709,12012.81094703805,-187500.02235174447,-187500.02235174447,-187500.02235174447,-187500.02235174447
$SILENCE,2281.2860943420046,-8111.760987253308,6412.447263294132,12061.805970884083,-187500.02235174447,-187500.02235174447,-187500.02235174447,-187500.02235174447
$SILENCE,2399.1915463437495,-8134.179786941981,6505.408168483755,12028.881851301414,-187500.02235174447,-187500.02235174447,-187500.02235174447,-187500.02235174447
$SILENCE,2653.66615696742,-8074.791201924229,7056.378669307073,11971.773144218105,-187500.02235174447,-187500.02235174447,-187500.02235174447,-187500.02235174447
$SILENCE,2563.722737279265,-8052.841788869118,7014.871479853568,12004.56315333404,-187500.02235174447,-187500.02235174447,-187500.02235174447,-187500.02235174447
$SILENCE,2305.6718475427447,-8100.763928981296,6494.768738123029,12068.220921542756,-187500.02235174447,-187500.02235174447,-187500.02235174447,-187500.02235174447
$SILENCE,2345.949691051208,-8136.571423598698,6429.345182102345,12052.820569613048,-187500.02235174447,-187500.02235174447,-187500.02235174447,-187500.02235174447
$SILENCE,2627.0228775766946,-8084.223638084369,6994.777261588248,11988.22402813721,-187500.02235174447,-187500.02235174447,-187500.02235174447,-187500.02235174447
$SILENCE,2598.3679411849907,-8050.852483612595,7073.164829393009,11990.459202582742,-187500.02235174447,-187500.02235174447,-187500.02235174447,-187500.02235174447
$SILENCE,2343.4239439277585,-8090.415071298489,6582.074651965458,12045.265679987155,-187500.02235174447,-187500.02235174447,-187500.02235174447,-187500.02235174447
$SILENCE,2305.828309753932,-8137.979583499383,6369.30839649539,12052.015906812658,-187500.02235174447,-187500.02235174447,-187500.02235174447,-187500.02235174447
$SILENCE,2592.5788393710664,-8096.897077190528,6906.934905878891,11987.933455459292,-187500.02235174447,-187500.02235174447,-187500.02235174447,-187500.02235174447
$SILENCE,2622.843101363552,-8051.321870246157,7110.469890888917,11984.93832170228,-187500.02235174447,-187500.02235174447,-187500.02235174447,-187500.02235174447
$SILENCE,2381.6454269463334,-8080.155620593503,6675.527295533097,12043.075209030534,-187500.02235174447,-187500.02235174447,-187500.02235174447,-187500.02235174447
$SILENCE,2274.6476262387787,-8137.84547303265,6333.076218733338,12063.43764822932,-187500.02235174447,-187500.02235174447,-187500.02235174447,-187500.02235174447
$SILENCE,2548.45649581629,-8114.040865187749,6798.417186548375,11998.036443953091,-187500.02235174447,-187500.02235174447,-187500.02235174447,-187500.02235174447
$SILENCE,2646.737116186275,-8052.238291768825,7126.876071319112,11982.636092023384,-187500.02235174447,-187500.02235174447,-187500.02235174447,-187500.02235174447
$SILENCE,2422.459712321724,-8068.242140798824,6773.427936247342,12031.38524668041,-187500.02235174447,-187500.02235174447,-187500.02235174447,-187500.02235174447
$SILENCE,2252.0276608500076,-8128.904775250528,6336.518387379455,12061.604805183984,-187500.02235174447,-187500.02235174447,-187500.02235174447,-187500.02235174447
$SILENCE,2492.6218381669332,-8122.467472847399,6691.307627118544,12006.66421731284,-187500.02235174447,-187500.02235174447,-187500.02235174447,-187500.02235174447
$SILENCE,2663.456221038845,-8057.915634860473,7126.764312596836,11977.495190798663,-187500.02235174447,-187500.02235174447,-187500.02235174447,-187500.02235174447
$SILENCE,2483.7034921292657,-8057.267434271269,6871.507390917229,12025.752607077671,-187500.02235174447,-187500.02235174447,-187500.02235174447,-187500.02235174447
$SILENCE,2263.896437155776,-8119.449987345933,6369.7107278955855,12069.204398298789,-187500.02235174447,-187500.02235174447,-187500.02235174447,-187500.02235174447
$SILENCE,2434.7084682832324,-8130.648211318042,6579.526553097553,12021.729293075716,-187500.02235174447,-187500.02235174447,-187500.02235174447,-187500.02235174447
$SILENCE,2659.544665759166,-8069.002100110305,7095.561277337227,11977.718708243217,-187500.02235174447,-187500.02235174447,-187500.02235174447,-187500.02235174447
$SILENCE,2526.4400275278126,-8056.485123215333,6958.18745591491,12015.314342417043,-187500.02235174447,-187500.02235174447,-187500.02235174447,-187500.02235174447
$SILENCE,2285.8682019553426,-8111.6492285310305,6432.474426326087,12068.757363409683,-187500.02235174447,-187500.02235174447,-187500.02235174447,-187500.02235174447
$SILENCE,2385.3558165259146,-8138.985411999872,6480.865953071828,12035.788540338104,-187500.02235174447,-187500.02235174447,-187500.02235174447,-187500.02235174447
$SILENCE,2641.4174010059123,-8075.17118157997,7041.782980177758,11977.763411732127,-187500.02235174447,-187500.02235174447,-187500.02235174447,-187500.02235174447
$SILENCE,2562.4039843564015,-8052.819437124663,7024.169805546976,12001.389205621386,-187500.02235174447,-187500.02235174447,-187500.02235174447,-187500.02235174447
$SILENCE,2307.3929318658033,-8101.903867948517,6505.877555117316,12060.978956339235,-187500.02235174447,-187500.02235174447,-187500.02235174447,-187500.02235174447
$SILENCE,2325.9001762747976,-8143.321650424201,6395.616399719286,12042.896395074893,-187500.02235174447,-187500.02235174447,-187500.02235174447,-187500.02235174447
$SILENCE,2619.75856062872,-8091.93498992145,6972.514924110762,11971.37081281791,-187500.02235174447,-187500.02235174447,-187500.02235174447,-187500.02235174447
$SILENCE,2619.132711783971,-8048.885530100529,7111.632181600593,11982.747850745662,-187500.02235174447,-187500.02235174447,-187500.02235174447,-187500.02235174447
$SILENCE,2340.8087898264876,-8089.543353264732,6593.742262571128,12053.021735313147,-187500.02235174447,-187500.02235174447,-187500.02235174447,-187500.02235174447
$SILENCE,2298.8769172283314,-8138.851301533139,6378.941998355627,12056.530959192629,-187500.02235174447,-187500.02235174447,-187500.02235174447,-187500.02235174447
$SILENCE,2568.908341992896,-8104.586077283154,6862.790210579659,11997.701167786261,-187500.02235174447,-187500.02235174447,-187500.02235174447,-187500.02235174447
$SILENCE,2645.2395493077697,-8051.813608624174,7136.420266201529,11988.55930430404,-187500.02235174447,-187500.02235174447,-187500.02235174447,-187500.02235174447
$SILENCE,2384.886429892353,-8080.669710715975,6687.731348005695,12039.901261317882,-187500.02235174447,-187500.02235174447,-187500.02235174447,-187500.02235174447
$SILENCE,2280.503783286069,-8135.94557475395,6346.710782851074,12057.112104548467,-187500.02235174447,-187500.02235174447,-187500.02235174447,-187500.02235174447
$SILENCE,2518.7286756907315,-8118.421807100989,6740.660278875862,12003.937304489293,-187500.02235174447,-187500.02235174447,-187500.02235174447,-187500.02235174447
$SILENCE,2650.8945406549624,-8057.401544738001,7116.8848415475895,11982.904312956849,-187500.02235174447,-187500.02235174447,-187500.02235174447,-187500.02235174447
$SILENCE,2436.138979928372,-8071.1478675780145,6780.804011917593,12027.630153611917,-187500.02235174447,-187500.02235174447,-187500.02235174447,-187500.02235174447
$SILENCE,2254.9333876291976,-8130.13412119557,6330.6175268432535,12060.688383661316,-187500.02235174447,-187500.02235174447,-187500.02235174447,-187500.02235174447
$SILENCE,2471.231218723204,-8124.121501937092,6648.816960909005,12007.066548713035,-187500.02235174447,-187500.02235174447,-187500.02235174447,-187500.02235174447
$SILENCE,2654.8060959346412,-8058.4073732384895,7110.6040013556485,11980.691490255773,-187500.02235174447,-187500.02235174447,-187500.02235174447,-187500.02235174447
$SILENCE,2491.3477887329805,-8061.491913973322,6892.450975471852,12024.322095432532,-187500.02235174447,-187500.02235174447,-187500.02235174447,-187500.02235174447
$SILENCE,2258.35320453086,-8120.366408868601,6380.6854344231415,12072.91478787837,-187500.02235174447,-187500.02235174447,-187500.02235174447,-187500.02235174447
$SILENCE,2409.3839418153693,-8134.090379964159,6543.406134057776,12026.37845592242,-187500.02235174447,-187500.02235174447,-187500.02235174447,-187500.02235174447
$SILENCE,2647.452372008845,-8065.425820997456,7074.438878826962,11980.289158855578,-187500.02235174447,-187500.02235174447,-187500.02235174447,-187500.02235174447
$SILENCE,2528.943422906807,-8054.160541791981,6965.831752518625,12008.98879873619,-187500.02235174447,-187500.02235174447,-187500.02235174447,-187500.02235174447
$SILENCE,2276.0110826505525,-8111.023379686282,6436.721257772596,12052.462941701764,-187500.02235174447,-187500.02235174447,-187500.02235174447,-187500.02235174447
$SILENCE,2357.214970256683,-8141.019420745304,6447.047763710948,12032.212261225255,-187500.02235174447,-187500.02235174447,-187500.02235174447,-187500.02235174447
$SILENCE,2630.3085840116246,-8080.781469438251,7017.978372332856,11979.618606521917,-187500.02235174447,-187500.02235174447,-187500.02235174447,-187500.02235174447
$SILENCE,2565.5108768356895,-8048.393791722512,7044.44283776794,12005.52427834562,-187500.02235174447,-187500.02235174447,-187500.02235174447,-187500.02235174447
$SILENCE,2305.7165510316554,-8095.421862056478,6533.683125219718,12059.034354571624,-187500.02235174447,-187500.02235174447,-187500.02235174447,-187500.02235174447
$SILENCE,2313.405551124281,-8137.4207898879995,6384.015844346982,12053.222901013245,-187500.02235174447,-187500.02235174447,-187500.02235174447,-187500.02235174447
$SILENCE,2600.3795981859685,-8091.152678865515,6935.008696914756,11991.263865383133,-187500.02235174447,-187500.02235174447,-187500.02235174447,-187500.02235174447
$SILENCE,2601.0277987751724,-8050.830131868141,7080.3173876187075,11997.723519530717,-187500.02235174447,-187500.02235174447,-187500.02235174447,-187500.02235174447
$SILENCE,2345.525007906557,-8082.927236905961,6615.088178525946,12049.847787600493,-187500.02235174447,-187500.02235174447,-187500.02235174447,-187500.02235174447
$SILENCE,2267.338605801893,-8129.821196773196,6334.3949716562,12055.48042720323,-187500.02235174447,-187500.02235174447,-187500.02235174447,-187500.02235174447
$SILENCE,2558.6712430323655,-8100.9650946813945,6858.386916921963,12002.797365522072,-187500.02235174447,-187500.02235174447,-187500.02235174447,-187500.02235174447
$SILENCE,2641.28329053918,-8051.1877597794255,7142.566995926738,11999.802231765061,-187500.02235174447,-187500.02235174447,-187500.02235174447,-187500.02235174447
$SILENCE,2403.7289504681767,-8073.383042023545,6731.250194460177,12043.43283694182,-187500.02235174447,-187500.02235174447,-187500.02235174447,-187500.02235174447
$SILENCE,2274.178239605217,-8129.3741618840895,6363.094611536814,12056.95564233728,-187500.02235174447,-187500.02235174447,-187500.02235174447,-187500.02235174447
$SILENCE,2506.0552365845724,-8110.397530841534,6729.2385374591995,12004.429042867308,-187500.02235174447,-187500.02235174447,-187500.02235174447,-187500.02235174447
$SILENCE,2663.009186149739,-8052.484160957833,7153.117019309643,11975.997623920159,-187500.02235174447,-187500.02235174447,-187500.02235174447,-187500.02235174447
$SILENCE,2455.696756326766,-8066.163428564481,6814.4657390672855,12030.200604224277,-187500.02235174447,-187500.02235174447,-187500.02235174447,-187500.02235174447
$SILENCE,2277.1957251066838,-8126.17786242698,6353.8633410767725,12074.658223945884,-187500.02235174447,-187500.02235174447,-187500.02235174447,-187500.02235174447
$SILENCE,2454.1768377038047,-8121.260478646813,6607.130957499857,12016.700150573273,-187500.02235174447,-187500.02235174447,-187500.02235174447,-187500.02235174447
$SILENCE,2662.785668705186,-8059.323794761157,7119.634106115593,11974.812981464027,-187500.02235174447,-187500.02235174447,-187500.02235174447,-187500.02235174447
$SILENCE,2488.911448587352,-8052.64062316902,6921.530595008207,12015.873136028426,-187500.02235174447,-187500.02235174447,-187500.02235174447,-187500.02235174447
$SILENCE,2255.2016085626615,-8115.449025088433,6375.924512854161,12068.176218053844,-187500.02235174447,-187500.02235174447,-187500.02235174447,-187500.02235174447
$SILENCE,2412.5802412724784,-8135.297374164746,6512.67248543173,12034.536842648607,-187500.02235174447,-187500.02235174447,-187500.02235174447,-187500.02235174447
$SILENCE,2646.200674319348,-8074.679443201953,7040.128951088065,11966.431077293288,-187500.02235174447,-187500.02235174447,-187500.02235174447,-187500.02235174447
$SILENCE,2542.622690513455,-8055.21107378138,6978.035804991223,11994.840144495982,-187500.02235174447,-187500.02235174447,-187500.02235174447,-187500.02235174447
$SILENCE,2291.4114345802586,-8101.300370848224,6468.170162221213,12054.653412658385,-187500.02235174447,-187500.02235174447,-187500.02235174447,-187500.02235174447
$SILENCE,2347.3578509518925,-8136.794941043251,6442.711525286619,12032.212261225255,-187500.02235174447,-187500.02235174447,-187500.02235174447,-187500.02235174447
$SILENCE,2626.844063621052,-8083.195457839425,7004.500270426306,11971.996661662659,-187500.02235174447,-187500.02235174447,-187500.02235174447,-187500.02235174447
$SILENCE,2592.2212114597814,-8054.249948769802,7061.9666054209,11990.570961305018,-187500.02235174447,-187500.02235174447,-187500.02235174447,-187500.02235174447
$SILENCE,2337.9477665362083,-8092.091452132637,6552.480942306632,12053.468770202253,-187500.02235174447,-187500.02235174447,-187500.02235174447,-187500.02235174447
$SILENCE,2309.6504580557894,-8137.80076954374,6374.73987039803,12055.994517325702,-187500.02235174447,-187500.02235174447,-187500.02235174447,-187500.02235174447
$SILENCE,2586.7897375571415,-8093.052577144215,6902.352798265553,11981.607911778441,-187500.02235174447,-187500.02235174447,-187500.02235174447,-187500.02235174447
$SILENCE,2612.1589675139153,-8057.1780272934475,7083.670149287003,11975.260016353133,-187500.02235174447,-187500.02235174447,-187500.02235174447,-187500.02235174447
$SILENCE,2363.853438359909,-8090.660940487497,6663.546760505053,12028.725389090228,-187500.02235174447,-187500.02235174447,-187500.02235174447,-187500.02235174447
$SILENCE,2283.476565298625,-8144.103961480137,6360.725326624552,12036.95083104978,-187500.02235174447,-187500.02235174447,-187500.02235174447,-187500.02235174447
$SILENCE,2572.909304250396,-8112.677408775975,6808.810747720093,11965.447600537253,-187500.02235174447,-187500.02235174447,-187500.02235174447,-187500.02235174447
$SILENCE,2666.4066513069456,-8058.161504049481,7110.671056589014,11962.251301080145,-187500.02235174447,-187500.02235174447,-187500.02235174447,-187500.02235174447
$SILENCE,2445.593767832967,-8084.715376462385,6742.806046343571,12008.765281291639,-187500.02235174447,-187500.02235174447,-187500.02235174447,-187500.02235174447
$SILENCE,2270.5125535145467,-8144.796865558251,6317.988791226005,12034.246269970688,-187500.02235174447,-187500.02235174447,-187500.02235174447,-187500.02235174447
$SILENCE,2511.68787618731,-8129.396513628544,6699.287199889088,11979.350385588454,-187500.02235174447,-187500.02235174447,-187500.02235174447,-187500.02235174447
$SILENCE,2670.899351942462,-8065.0458413417155,7131.234661487897,11945.80041716104,-187500.02235174447,-187500.02235174447,-187500.02235174447,-187500.02235174447
$SILENCE,2475.6792158698104,-8069.516190232777,6873.809620596126,11983.440754823776,-187500.02235174447,-187500.02235174447,-187500.02235174447,-187500.02235174447
$SILENCE,2281.084928641907,-8131.27406016279,6408.133376614258,12019.896450030381,-187500.02235174447,-187500.02235174447,-187500.02235174447,-187500.02235174447
$SILENCE,2448.2983289120593,-8135.61029858712,6596.647989350318,11978.121039643413,-187500.02235174447,-187500.02235174447,-187500.02235174447,-187500.02235174447
$SILENCE,2674.252113610758,-8073.874780401562,7113.21915545692,11934.959821100214,-187500.02235174447,-187500.02235174447,-187500.02235174447,-187500.02235174447
$SILENCE,2518.7733791796422,-8063.145943063015,6945.536368553206,11964.262958081123,-187500.02235174447,-187500.02235174447,-187500.02235174447,-187500.02235174447
$SILENCE,2280.526135030524,-8124.166205426002,6416.582336018364,12009.972275492226,-187500.02235174447,-187500.02235174447,-187500.02235174447,-187500.02235174447
$SILENCE,2396.2634678201043,-8144.550996369243,6512.091340075892,11977.204618120744,-187500.02235174447,-187500.02235174447,-187500.02235174447,-187500.02235174447
$SILENCE,2638.1987498043477,-8089.006911397805,7033.065799840188,11924.722722139684,-187500.02235174447,-187500.02235174447,-187500.02235174447,-187500.02235174447
$SILENCE,2560.8617139889857,-8065.3364140196345,7009.082378039644,11943.878167137882,-187500.02235174447,-187500.02235174447,-187500.02235174447,-187500.02235174447
$SILENCE,2316.043056970007,-8115.829004744173,6498.412072469244,11998.2823131421,-187500.02235174447,-187500.02235174447,-187500.02235174447,-187500.02235174447
$SILENCE,2362.6464441593225,-8156.419772675011,6430.708638514118,11985.2288943802,-187500.02235174447,-187500.02235174447,-187500.02235174447,-187500.02235174447
$SILENCE,2639.5622062161215,-8101.926219692972,6978.795764302703,11915.245582490634,-187500.02235174447,-187500.02235174447,-187500.02235174447,-187500.02235174447
$SILENCE,2606.123996510982,-8064.3976407525115,7068.49331480185,11925.437977962254,-187500.02235174447,-187500.02235174447,-187500.02235174447,-187500.02235174447
$SILENCE,2357.1479150233167,-8105.882478461562,6593.921076526771,11977.003452420648,-187500.02235174447,-187500.02235174447,-187500.02235174447,-187500.02235174447
não,2314.724304047144,-8154.452819162944,6371.5882744298315,11975.349423330954,-187500.02235174447,-187500.02235174447,-187500.02235174447,-187500.02235174447
não,2599.530231896667,-8113.213850642902,6914.914478649435,11913.368035956388,-187500.02235174447,-187500.02235174447,-187500.02235174447,-187500.02235174447
não,2651.7662586887195,-8068.845637899118,7118.36005668164,11911.177564999767,-187500.02235174447,-187500.02235174447,-187500.02235174447,-187500.02235174447
não,2401.1361481113613,-8097.187649868447,6680.779955480094,11966.676946482296,-187500.02235174447,-187500.02235174447,-187500.02235174447,-187500.02235174447
não,2288.662170012256,-8152.977604028893,6339.692335092108,11995.644807296374,-187500.02235174447,-187500.02235174447,-187500.02235174447,-187500.02235174447
não,2561.532266322645,-8124.32266763719,6784.670863708361,11926.309695996011,-187500.02235174447,-187500.02235174447,-187500.02235174447,-187500.02235174447
não,2665.8478576955627,-8069.002100110305,7136.330859223707,11909.16590799879,-187500.02235174447,-187500.02235174447,-187500.02235174447,-187500.02235174447
não,2458.893055783875,-8086.615274741087,6813.0575791666015,11962.161894102323,-187500.02235174447,-187500.02235174447,-187500.02235174447,-187500.02235174447
não,2276.3463588173818,-8144.32747892469,6366.693242394119,11989.855705482449,-187500.02235174447,-187500.02235174447,-187500.02235174447,-187500.02235174447
não,2505.0270563396284,-8137.443141632455,6690.838240484982,11933.775178644084,-187500.02235174447,-187500.02235174447,-187500.02235174447,-187500.02235174447
não,2684.355102104557,-8073.2042280679025,7133.112208022143,11911.26697197759,-187500.02235174447,-187500.02235174447,-187500.02235174447,-187500.02235174447
não,2505.563498206556,-8073.472449001366,6887.041853313667,11953.779989931583,-187500.02235174447,-187500.02235174447,-187500.02235174447,-187500.02235174447
não,2290.919696202242,-8134.045676475249,6384.842858891829,12001.500964343664,-187500.02235174447,-187500.02235174447,-187500.02235174447,-187500.02235174447
não,2454.2885964260813,-8141.555862612232,6581.426451376254,11961.156065601834,-187500.02235174447,-187500.02235174447,-187500.02235174447,-187500.02235174447
não,2687.4843463283,-8077.607521725598,7104.434919885984,11915.111472023902,-187500.02235174447,-187500.02235174447,-187500.02235174447,-187500.02235174447
não,2568.4613071037897,-8069.583245466143,6979.555723614183,11945.219271805201,-187500.02235174447,-187500.02235174447,-187500.02235174447,-187500.02235174447
não,2320.245184927605,-8122.601583314131,6443.270318898001,12001.098632943467,-187500.02235174447,-187500.02235174447,-187500.02235174447,-187500.02235174447
não,2415.0612849070176,-8145.333307425179,6483.726976362107,11982.144353645368,-187500.02235174447,-187500.02235174447,-187500.02235174447,-187500.02235174447
não,2676.6884537563865,-8084.916542162484,7049.807256437213,11928.567222185997,-187500.02235174447,-187500.02235174447,-187500.02235174447,-187500.02235174447
não,2601.9889237867505,-8059.010870338782,7047.236805824853,11945.576899716485,-187500.02235174447,-187500.02235174447,-187500.02235174447,-187500.02235174447
não,2336.27138570206,-8104.720187749886,6531.470302518643,12004.071414956024,-187500.02235174447,-187500.02235174447,-187500.02235174447,-187500.02235174447
não,2353.9963190551184,-8146.249728947846,6407.462824280599,11998.394071864375,-187500.02235174447,-187500.02235174447,-187500.02235174447,-187500.02235174447
não,2657.4659535248225,-8096.025359156771,6977.745232313304,11943.609946204419,-187500.02235174447,-187500.02235174447,-187500.02235174447,-187500.02235174447
não,2659.1199826145153,-8056.172198792959,7111.632181600593,11957.535083000075,-187500.02235174447,-187500.02235174447,-187500.02235174447,-187500.02235174447
não,2409.76392147111,-8092.65024574402,6630.957917089215,12014.532031361108,-187500.02235174447,-187500.02235174447,-187500.02235174447,-187500.02235174447
não,2344.3850689393366,-8142.315821923712,6362.267596991968,12024.210336710255,-187500.02235174447,-187500.02235174447,-187500.02235174447,-187500.02235174447
não,2630.8226741340964,-8102.775585982274,6876.558885164129,11962.452466780242,-187500.02235174447,-187500.02235174447,-187500.02235174447,-187500.02235174447
não,2696.0450644546827,-8049.041992311716,7133.335725466696,11960.1725888458,-187500.02235174447,-187500.02235174447,-187500.02235174447,-187500.02235174447
não,2465.2185994647266,-8073.986539123838,6726.8916042913925,12014.979066250215,-187500.02235174447,-187500.02235174447,-187500.02235174447,-187500.02235174447
não,2336.114923490873,-8132.637516574564,6348.275404962946,12042.918746819347,-187500.02235174447,-187500.02235174447,-187500.02235174447,-187500.02235174447
não,2593.5399643826445,-8111.135138408558,6779.373500272453,11988.648711281861,-187500.02235174447,-187500.02235174447,-187500.02235174447,-187500.02235174447
não,2721.34723917809,-8051.701849901897,7150.3454029971845,11970.052059895046,-187500.02235174447,-187500.02235174447,-187500.02235174447,-187500.02235174447
não,2525.7918269386087,-8065.895207631017,6836.102227700023,12021.863403542447,-187500.02235174447,-187500.02235174447,-187500.02235174447,-187500.02235174447
não,2340.697031104211,-8124.121501937092,6360.390050457722,12061.068363317057,-187500.02235174447,-187500.02235174447,-187500.02235174447,-187500.02235174447
não,2555.564350553078,-8122.221603658391,6660.216350581211,12011.223973181723,-187500.02235174447,-187500.02235174447,-187500.02235174447,-187500.02235174447
não,2755.232483772336,-8053.937024347428,7141.427056959517,11983.016071679125,-187500.02235174447,-187500.02235174447,-187500.02235174447,-187500.02235174447
não,2588.913153280396,-8050.517207445766,6930.091313134589,12026.892546044892,-187500.02235174447,-187500.02235174447,-187500.02235174447,-187500.02235174447
não,2360.523028436068,-8111.60452504212,6411.284972582456,12071.193703555311,-187500.02235174447,-187500.02235174447,-187500.02235174447,-187500.02235174447
não,2507.0163615961505,-8128.860071761617,6562.986262200626,12030.75939783566,-187500.02235174447,-187500.02235174447,-187500.02235174447,-187500.02235174447
não,2741.7767336102406,-8066.029318097749,7104.83725128618,11980.378565833398,-187500.02235174447,-187500.02235174447,-187500.02235174447,-187500.02235174447
não,2639.1598748159263,-8047.20914926638,7009.19413676192,12007.781804535605,-187500.02235174447,-187500.02235174447,-187500.02235174447,-187500.02235174447
não,2388.239191560649,-8101.36742608159,6477.289673958979,12064.756401152183,-187500.02235174447,-187500.02235174447,-187500.02235174447,-187500.02235174447
não,2458.490724383679,-8132.3692956411005,6472.707566345641,12041.443531685298,-187500.02235174447,-187500.02235174447,-187500.02235174447,-187500.02235174447
não,2735.093562018104,-8076.758155436297,7041.3359452886525,11978.970405932714,-187500.02235174447,-187500.02235174447,-187500.02235174447,-187500.02235174447
não,2690.546535318677,-8048.706716144886,7082.3737481085955,11996.494173585676,-187500.02235174447,-187500.02235174447,-187500.02235174447,-187500.02235174447
não,2433.9261572272967,-8094.863068445095,6581.046471720514,12051.926499834837,-187500.02235174447,-187500.02235174447,-187500.02235174447,-187500.02235174447
não,2425.9242327122965,-8138.605432344131,6414.525975528476,12045.936232320813,-187500.02235174447,-187500.02235174447,-187500.02235174447,-187500.02235174447
não,2716.0722274866375,-8088.045786386227,6961.763735027759,11981.13852514488,-187500.02235174447,-187500.02235174447,-187500.02235174447,-187500.02235174447
não,2724.744704335297,-8042.939966075417,7145.27155700583,11987.531124059096,-187500.02235174447,-187500.02235174447,-187500.02235174447,-187500.02235174447
não,2487.547992175578,-8079.574475237665,6701.522374334619,12047.43379919932,-187500.02235174447,-187500.02235174447,-187500.02235174447,-187500.02235174447
não,2392.821299173987,-8143.411057402022,6363.563998170376,12046.2938602321,-187500.02235174447,-187500.02235174447,-187500.02235174447,-187500.02235174447
não,2676.397881078468,-8106.374216839578,6872.937902562368,11984.983025191192,-187500.02235174447,-187500.02235174447,-187500.02235174447,-187500.02235174447
não,2764.776678654752,-8053.959376091883,7165.745754926891,11976.221141364711,-187500.02235174447,-187500.02235174447,-187500.02235174447,-187500.02235174447
não,2544.7908097256195,-8067.884512887539,6764.621348931951,12025.99847626668,-187500.02235174447,-187500.02235174447,-187500.02235174447,-187500.02235174447
não,2374.179944298261,-8145.623880103098,6335.4455036456,12038.738970606206,-187500.02235174447,-187500.02235174447,-187500.02235174447,-187500.02235174447
não,2620.809092618119,-8129.128292695081,6742.314307965554,11983.776030990604,-187500.02235174447,-187500.02235174447,-187500.02235174447,-187500.02235174447
não,2767.4365362449334,-8062.9894808518275,7179.335615555718,11961.826617935494,-187500.02235174447,-187500.02235174447,-187500.02235174447,-187500.02235174447
não,2580.643007831932,-8074.411222268489,6882.973835822801,12011.04515922608,-187500.02235174447,-187500.02235174447,-187500.02235174447,-187500.02235174447
não,2381.5560199685124,-8131.162301440514,6397.1810218311575,12050.406581211875,-187500.02235174447,-187500.02235174447,-187500.02235174447,-187500.02235174447
não,2580.1512694539156,-8139.812426544718,6653.466123755708,11996.985911963691,-187500.02235174447,-187500.02235174447,-187500.02235174447,-187500.02235174447
não,2770.901056635506,-8085.765908451785,7118.382408426096,11946.180396816779,-187500.02235174447,-187500.02235174447,-187500.02235174447,-187500.02235174447
não,2618.864490850507,-8075.93114089145,6937.847368460581,11982.904312956849,-187500.02235174447,-187500.02235174447,-187500.02235174447,-187500.02235174447
não,2393.536554996557,-8103.423786571478,6437.414161850711,12047.76907536615,-187500.02235174447,-187500.02235174447,-187500.02235174447,-187500.02235174447
não,2528.272870573148,-8127.809539772218,6580.979416487148,12015.247287183678,-187500.02235174447,-187500.02235174447,-187500.02235174447,-187500.02235174447
não,2755.8136291281735,-8088.4034142975115,7117.577745625705,11947.990888117658,-187500.02235174447,-187500.02235174447,-187500.02235174447,-187500.02235174447
não,2658.4270785364006,-8077.78633568124,7036.4632649973955,11974.924740186303,-187500.02235174447,-187500.02235174447,-187500.02235174447,-187500.02235174447
não,2400.0856161219617,-8144.238071946868,6509.722055163629,12014.576734850018,-187500.02235174447,-187500.02235174447,-187500.02235174447,-187500.02235174447
não,2460.569436618023,-8161.2477494773575,6477.177915236702,12001.858592254948,-187500.02235174447,-187500.02235174447,-187500.02235174447,-187500.02235174447
não,2741.195588254403,-8098.953437680417,7024.683895669448,11947.901481139837,-187500.02235174447,-187500.02235174447,-187500.02235174447,-187500.02235174447
não,2701.5659453351436,-8068.018623354272,7061.944253676445,11953.735286442672,-187500.02235174447,-187500.02235174447,-187500.02235174447,-187500.02235174447
não,2420.8056832320312,-8132.726923552385,6567.367204113866,11989.006339193147,-187500.02235174447,-187500.02235174447,-187500.02235174447,-187500.02235174447
não,2413.630773261878,-8162.477095422399,6402.903068411716,12008.675874313818,-187500.02235174447,-187500.02235174447,-187500.02235174447,-187500.02235174447
não,2716.474558886833,-8106.441272072944,6937.400333571474,11949.868434651904,-187500.02235174447,-187500.02235174447,-187500.02235174447,-187500.02235174447
não,2735.8535213295845,-8075.618216469075,7129.4465219314725,11932.992867588147,-187500.02235174447,-187500.02235174447,-187500.02235174447,-187500.02235174447
não,2462.849314552464,-8140.080647478181,6698.884868488893,11958.898539411848,-187500.02235174447,-187500.02235174447,-187500.02235174447,-187500.02235174447
não,2377.9573891112077,-8178.033909563293,6381.735966412541,12003.110289944445,-187500.02235174447,-187500.02235174447,-187500.02235174447,-187500.02235174447
não,2650.2239883213033,-8147.9261097819945,6811.470605310275,11945.196920060745,-187500.02235174447,-187500.02235174447,-187500.02235174447,-187500.02235174447
não,2719.1120647325597,-8111.4704145753885,7120.908155549545,11904.628503874363,-187500.02235174447,-187500.02235174447,-187500.02235174447,-187500.02235174447
não,2518.527509990634,-8111.6492285310305,6775.014910103669,11975.148257630857,-187500.02235174447,-187500.02235174447,-187500.02235174447,-187500.02235174447
não,2340.428810170747,-8173.47415369441,6343.067448504859,12000.696301543272,-187500.02235174447,-187500.02235174447,-187500.02235174447,-187500.02235174447
não,2578.1172607084827,-8157.537359897776,6708.13849069339,11954.986984132169,-187500.02235174447,-187500.02235174447,-187500.02235174447,-187500.02235174447
não,2724.0741520016377,-8111.515118064299,7119.388236926585,11914.55267841252,-187500.02235174447,-187500.02235174447,-187500.02235174447,-187500.02235174447
não,2545.1484376369044,-8122.713342036408,6864.555998391628,11957.624489977896,-187500.02235174447,-187500.02235174447,-187500.02235174447,-187500.02235174447
não,2340.4511619152026,-8170.322557726212,6383.0323675909485,12015.940191261792,-187500.02235174447,-187500.02235174447,-187500.02235174447,-187500.02235174447
não,2517.3205157900475,-8176.648101407064,6603.129995242357,11970.767315717616,-187500.02235174447,-187500.02235174447,-187500.02235174447,-187500.02235174447
não,2732.5678148946545,-8110.5316413082655,7108.704103076948,11929.863623364405,-187500.02235174447,-187500.02235174447,-187500.02235174447,-187500.02235174447
não,2593.4952608937338,-8095.466565545388,6959.796781515692,11962.608928991429,-187500.02235174447,-187500.02235174447,-187500.02235174447,-187500.02235174447
não,2348.497789919113,-8161.270101221812,6431.021562936493,12008.720577802727,-187500.02235174447,-187500.02235174447,-187500.02235174447,-187500.02235174447
não,2454.1991894482603,-8188.494525968376,6499.104976547358,11979.462144310732,-187500.02235174447,-187500.02235174447,-187500.02235174447,-187500.02235174447
não,2714.7311228193194,-8123.94268798145,7061.787791465258,11935.3174490115,-187500.02235174447,-187500.02235174447,-187500.02235174447,-187500.02235174447
não,2629.883900866974,-8101.210963870402,7039.816026665691,11965.492304026164,-187500.02235174447,-187500.02235174447,-187500.02235174447,-187500.02235174447
não,2377.242133288638,-8149.133103982581,6524.362447781855,12021.103444230968,-187500.02235174447,-187500.02235174447,-187500.02235174447,-187500.02235174447
não,2403.6842469792664,-8186.639331178586,6422.997286677038,11996.315359630033,-187500.02235174447,-187500.02235174447,-187500.02235174447,-187500.02235174447
não,2691.775881263719,-8133.263365419312,6983.154354471488,11935.540966456052,-187500.02235174447,-187500.02235174447,-187500.02235174447,-187500.02235174447
não,2671.4134420649343,-8098.685216746952,7085.950027221445,11951.522463741598,-187500.02235174447,-187500.02235174447,-187500.02235174447,-187500.02235174447
não,2415.910651196319,-8138.247804432846,6607.153309244312,12014.576734850018,-187500.02235174447,-187500.02235174447,-187500.02235174447,-187500.02235174447
não,2364.434583715747,-8187.868677123628,6368.526085439455,12015.537859861597,-187500.02235174447,-187500.02235174447,-187500.02235174447,-187500.02235174447
não,2652.101534855549,-8145.08743823617,6895.26729527322,11950.471931752198,-187500.02235174447,-187500.02235174447,-187500.02235174447,-187500.02235174447
não,2692.6028958085653,-8094.952475422916,7121.310486949741,11939.273707780088,-187500.02235174447,-187500.02235174447,-187500.02235174447,-187500.02235174447
não,2456.0990877269614,-8125.060275204215,6706.484461603697,11993.61079855094,-187500.02235174447,-187500.02235174447,-187500.02235174447,-187500.02235174447
não,2328.470626887158,-8184.806488133251,6349.080067763337,12026.557269878063,-187500.02235174447,-187500.02235174447,-187500.02235174447,-187500.02235174447
não,2588.7343393247534,-8155.078668007693,6792.628084734451,11960.619623734907,-187500.02235174447,-187500.02235174447,-187500.02235174447,-187500.02235174447
não,2701.6777040574198,-8095.6230277565755,7143.483417449405,11942.827635148482,-187500.02235174447,-187500.02235174447,-187500.02235174447,-187500.02235174447
não,2487.0339020531064,-8112.140966909047,6808.609582019995,11990.056871182547,-187500.02235174447,-187500.02235174447,-187500.02235174447,-187500.02235174447
não,2301.760292263066,-8175.6869763954855,6353.729230610041,12018.577697107517,-187500.02235174447,-187500.02235174447,-187500.02235174447,-187500.02235174447
não,2519.622745468944,-8175.843438606673,6678.813001968027,11963.391240047365,-187500.02235174447,-187500.02235174447,-187500.02235174447,-187500.02235174447
não,2698.3696458780346,-8109.838737230151,7131.055847532255,11938.491396724154,-187500.02235174447,-187500.02235174447,-187500.02235174447,-187500.02235174447
não,2526.395324038902,-8107.625914529075,6897.211897040832,11986.681757769795,-187500.02235174447,-187500.02235174447,-187500.02235174447,-187500.02235174447
não,2300.9109259737643,-8166.075726279703,6389.715539183086,12032.078150758523,-187500.02235174447,-187500.02235174447,-187500.02235174447,-187500.02235174447
não,2455.562645860034,-8178.57035143022,6566.786058758028,11985.161839146835,-187500.02235174447,-187500.02235174447,-187500.02235174447,-187500.02235174447
não,2679.616532280032,-8116.298391377734,7092.432033113484,11934.132806555368,-187500.02235174447,-187500.02235174447,-187500.02235174447,-187500.02235174447
não,2548.009460927184,-8100.674522003475,6972.157296199477,11965.201731348245,-187500.02235174447,-187500.02235174447,-187500.02235174447,-187500.02235174447
não,2297.9381439612084,-8154.452819162944,6446.667784055207,12025.99847626668,-187500.02235174447,-187500.02235174447,-187500.02235174447,-187500.02235174447
não,2379.9466943677303,-8182.3254444987115,6462.291653429467,11993.61079855094,-187500.02235174447,-187500.02235174447,-187500.02235174447,-187500.02235174447
não,2645.552473730144,-8123.316839136701,7022.806349135202,11932.07644606548,-187500.02235174447,-187500.02235174447,-187500.02235174447,-187500.02235174447
não,2578.6089990864994,-8101.076853403671,7033.937517873946,11953.243548064656,-187500.02235174447,-187500.02235174447,-187500.02235174447,-187500.02235174447
não,2320.848682027898,-8141.555862612232,6530.0174391290475,12015.359045905954,-187500.02235174447,-187500.02235174447,-187500.02235174447,-187500.02235174447
não,2329.7446763211105,-8183.890066610583,6398.365664287289,12004.250228911666,-187500.02235174447,-187500.02235174447,-187500.02235174447,-187500.02235174447
não,2610.348476213035,-8131.005839229327,6951.437229089407,11941.97826885918,-187500.02235174447,-187500.02235174447,-187500.02235174447,-187500.02235174447
não,2600.424301674879,-8090.862106187596,7088.609884811626,11957.132751599878,-187500.02235174447,-187500.02235174447,-187500.02235174447,-187500.02235174447
não,2346.553188151501,-8132.65986831902,6624.677076897273,12013.012112738146,-187500.02235174447,-187500.02235174447,-187500.02235174447,-187500.02235174447
não,2273.865315182843,-8184.538267199787,6348.767143340962,12023.651543098873,-187500.02235174447,-187500.02235174447,-187500.02235174447,-187500.02235174447
não,2552.6362720294323,-8140.147702711547,6853.581291864073,11961.066658624013,-187500.02235174447,-187500.02235174447,-187500.02235174447,-187500.02235174447
não,2614.885880337463,-8088.448117786422,7117.309524692241,11944.12403632689,-187500.02235174447,-187500.02235174447,-187500.02235174447,-187500.02235174447
não,2377.6891681777442,-8112.051559931227,6713.525261107119,11989.27456012661,-187500.02235174447,-187500.02235174447,-187500.02235174447,-187500.02235174447
não,2232.4698844516142,-8170.411964704033,6322.034456972416,12018.37653140742,-187500.02235174447,-187500.02235174447,-187500.02235174447,-187500.02235174447
não,2483.5023264291676,-8147.479074892888,6735.362915439954,11963.03361213608,-187500.02235174447,-187500.02235174447,-187500.02235174447,-187500.02235174447
não,2612.673057636387,-8083.977768895361,7115.543736880271,11942.894690381849,-187500.02235174447,-187500.02235174447,-187500.02235174447,-187500.02235174447
não,2413.921345939797,-8100.3168940921905,6814.532794300651,11994.638978795885,-187500.02235174447,-187500.02235174447,-187500.02235174447,-187500.02235174447
não,2216.0637040214187,-8166.2992437242565,6344.609718872276,12034.447435670787,-187500.02235174447,-187500.02235174447,-187500.02235174447,-187500.02235174447
não,2417.296459352548,-8158.096153509159,6632.902518856826,11980.557379789041,-187500.02235174447,-187500.02235174447,-187500.02235174447,-187500.02235174447
não,2600.7372260972534,-8087.330530563657,7102.69148381847,11941.039495592058,-187500.02235174447,-187500.02235174447,-187500.02235174447,-187500.02235174447
não,2443.24683466516,-8083.374271795067,6903.872716888513,11988.313435115033,-187500.02235174447,-187500.02235174447,-187500.02235174447,-187500.02235174447
não,2212.085093508374,-8145.556824869732,6385.356949014301,12031.295839702589,-187500.02235174447,-187500.02235174447,-187500.02235174447,-187500.02235174447
não,2351.8729033318646,-8163.326461711701,6523.714247192651,11995.533048574096,-187500.02235174447,-187500.02235174447,-187500.02235174447,-187500.02235174447
não,2600.1560807414153,-8095.377158567568,7068.605073524127,11951.209539319223,-187500.02235174447,-187500.02235174447,-187500.02235174447,-187500.02235174447
não,2493.761777134154,-8077.294597303224,6988.1611452294765,11981.049118167057,-187500.02235174447,-187500.02235174447,-187500.02235174447,-187500.02235174447
não,2240.5612159444354,-8141.265289934313,6465.197380208658,12033.151034492379,-187500.02235174447,-187500.02235174447,-187500.02235174447,-187500.02235174447
não,2297.3569986053703,-8178.615054919131,6433.703772271129,12006.641865568385,-187500.02235174447,-187500.02235174447,-187500.02235174447,-187500.02235174447
não,2561.9793012117507,-8111.60452504212,6990.262209208276,11947.096818339447,-187500.02235174447,-187500.02235174447,-187500.02235174447,-187500.02235174447
não,2526.3729722944468,-8077.2498938143135,7045.001631379322,11979.685661755284,-187500.02235174447,-187500.02235174447,-187500.02235174447,-187500.02235174447
não,2270.5125535145467,-8113.772644254285,6550.044602161003,12033.2404414702,-187500.02235174447,-187500.02235174447,-187500.02235174447,-187500.02235174447
não,2245.210378791139,-8160.688955865974,6370.113059295781,12025.059702999557,-187500.02235174447,-187500.02235174447,-187500.02235174447,-187500.02235174447
não,2532.45264678629,-8120.209946657414,6919.563641496139,11966.811056949027,-187500.02235174447,-187500.02235174447,-187500.02235174447,-187500.02235174447
não,2549.395269083413,-8080.803821182707,7089.950989478945,11969.873245939405,-187500.02235174447,-187500.02235174447,-187500.02235174447,-187500.02235174447
não,2307.437635354714,-8115.806652999718,6643.296080028544,12028.881851301414,-187500.02235174447,-187500.02235174447,-187500.02235174447,-187500.02235174447
não,2221.472826179603,-8166.4110024465335,6330.706933821075,12029.708865846262,-187500.02235174447,-187500.02235174447,-187500.02235174447,-187500.02235174447
não,2500.1543760483714,-8127.2060426719245,6816.857375724003,11958.898539411848,-187500.02235174447,-187500.02235174447,-187500.02235174447,-187500.02235174447
não,2582.386443899446,-8077.294597303224,7122.785702083791,11961.51369351312,-187500.02235174447,-187500.02235174447,-187500.02235174447,-187500.02235174447
não,2350.375336453359,-8097.2100016129025,6742.157845754367,12012.296856915576,-187500.02235174447,-187500.02235174447,-187500.02235174447,-187500.02235174447
não,2189.7557007975224,-8152.575272628698,6319.598116826787,12041.62234564094,-187500.02235174447,-187500.02235174447,-187500.02235174447,-187500.02235174447
não,2434.5743578165007,-8138.806598044229,6703.243458657677,11988.827525237504,-187500.02235174447,-187500.02235174447,-187500.02235174447,-187500.02235174447
não,2589.203725958315,-8077.719280447875,7121.332838694196,11965.022917392602,-187500.02235174447,-187500.02235174447,-187500.02235174447,-187500.02235174447
não,2394.765900941599,-8092.940818421939,6833.777646276671,11999.265789898132,-187500.02235174447,-187500.02235174447,-187500.02235174447,-187500.02235174447
não,2190.67212232019,-8149.043697004759,6347.962480540572,12045.153921264879,-187500.02235174447,-187500.02235174447,-187500.02235174447,-187500.02235174447
não,2381.04192984604,-8148.551958626743,6598.100852739913,12007.200659179767,-187500.02235174447,-187500.02235174447,-187500.02235174447,-187500.02235174447
não,2589.069615491583,-8087.486992774844,7094.019006969811,11958.98794638967,-187500.02235174447,-187500.02235174447,-187500.02235174447,-187500.02235174447
não,2440.72108754171,-8078.658053714998,6917.574336239617,11988.671063026317,-187500.02235174447,-187500.02235174447,-187500.02235174447,-187500.02235174447
não,2203.7478928265446,-8135.297374164746,6398.097443353826,12044.818645098048,-187500.02235174447,-187500.02235174447,-187500.02235174447,-187500.02235174447
não,2325.274327430049,-8155.413944174522,6492.757081122051,12012.453319126764,-187500.02235174447,-187500.02235174447,-187500.02235174447,-187500.02235174447
não,2587.03560674615,-8096.114766134592,7044.8004656792245,11961.2231208352,-187500.02235174447,-187500.02235174447,-187500.02235174447,-187500.02235174447
não,2501.6742946713325,-8076.936969391939,6999.024093034755,11987.665234525828,-187500.02235174447,-187500.02235174447,-187500.02235174447,-187500.02235174447
não,2237.7448961430664,-8124.613240315109,6476.753232092051,12044.930403820324,-187500.02235174447,-187500.02235174447,-187500.02235174447,-187500.02235174447
não,2271.5854372484014,-8161.895950066561,6406.03231263546,12018.264772685145,-187500.02235174447,-187500.02235174447,-187500.02235174447,-187500.02235174447
não,2550.8704842174634,-8111.448062830933,6966.94933974139,11961.960728402226,-187500.02235174447,-187500.02235174447,-187500.02235174447,-187500.02235174447
não,2525.7694751941535,-8075.104126346604,7052.15418960502,11985.340653102476,-187500.02235174447,-187500.02235174447,-187500.02235174447,-187500.02235174447
não,2264.92461740072,-8116.074873933181,6566.294320380011,12043.209319497266,-187500.02235174447,-187500.02235174447,-187500.02235174447,-187500.02235174447
não,2228.2677564940163,-8163.214702989424,6350.935262553127,12034.536842648607,-187500.02235174447,-187500.02235174447,-187500.02235174447,-187500.02235174447
não,2521.5449954921005,-8123.98739147036,6891.623960927005,11959.122056856402,-187500.02235174447,-187500.02235174447,-187500.02235174447,-187500.02235174447
não,2561.6440250449214,-8074.4335740129445,7097.997617482855,11955.344612043455,-187500.02235174447,-187500.02235174447,-187500.02235174447,-187500.02235174447
não,2314.1655104357615,-8104.921353449983,6661.199827337245,12020.477595386219,-187500.02235174447,-187500.02235174447,-187500.02235174447,-187500.02235174447
não,2200.953924769631,-8158.364374442623,6318.748750537486,12043.186967752812,-187500.02235174447,-187500.02235174447,-187500.02235174447,-187500.02235174447
não,2469.4654309112348,-8128.860071761617,6779.418203761364,11987.50877231464,-187500.02235174447,-187500.02235174447,-187500.02235174447,-187500.02235174447
não,2572.7751937836642,-8076.132306591548,7107.765329809825,11966.36402205992,-187500.02235174447,-187500.02235174447,-187500.02235174447,-187500.02235174447
não,2361.238284258638,-8092.091452132637,6761.760325641671,12016.52133661763,-187500.02235174447,-187500.02235174447,-187500.02235174447,-187500.02235174447
não,2191.4991368650362,-8153.044659262259,6324.224927929035,12054.094619047,-187500.02235174447,-187500.02235174447,-187500.02235174447,-187500.02235174447
não,2422.2808983660816,-8141.868787034606,6670.609911752929,11998.438775353286,-187500.02235174447,-187500.02235174447,-187500.02235174447,-187500.02235174447
não,2587.7955660576304,-8078.970978137372,7108.324123421207,11965.51465577062,-187500.02235174447,-187500.02235174447,-187500.02235174447,-187500.02235174447
não,2410.8368052049645,-8086.659978229997,6859.280986700176,12000.003397465158,-187500.02235174447,-187500.02235174447,-187500.02235174447,-187500.02235174447
não,2197.2658869345055,-8150.541263883265,6350.108248008281,12044.304554975577,-187500.02235174447,-187500.02235174447,-187500.02235174447,-187500.02235174447
não,2373.7105576646995,-8157.47030466441,6563.388593600821,12008.586467335996,-187500.02235174447,-187500.02235174447,-187500.02235174447,-187500.02235174447
não,2592.3776736709683,-8091.912638176995,7080.943236463456,11969.716783728218,-187500.02235174447,-187500.02235174447,-187500.02235174447,-187500.02235174447
não,2458.9601110172407,-8081.3626147940895,6942.071848162634,11992.51556307263,-187500.02235174447,-187500.02235174447,-187500.02235174447,-187500.02235174447
não,2213.023866775497,-8134.157435197525,6412.581373760864,12035.386208937909,-187500.02235174447,-187500.02235174447,-187500.02235174447,-187500.02235174447
não,2313.1596819352726,-8163.102944267148,6460.369403406311,12007.37947313541,-187500.02235174447,-187500.02235174447,-187500.02235174447,-187500.02235174447
não,2594.9481242833285,-8100.361597581101,7043.615823223094,11955.545777743553,-187500.02235174447,-187500.02235174447,-187500.02235174447,-187500.02235174447
não,2519.533338491123,-8068.800934410207,7040.44187551044,11985.586522291485,-187500.02235174447,-187500.02235174447,-187500.02235174447,-187500.02235174447
não,2247.870236381321,-8119.874670490583,6493.002950311059,12051.278299245632,-187500.02235174447,-187500.02235174447,-187500.02235174447,-187500.02235174447
não,2274.7370332165997,-8159.414906432022,6416.090597640347,12043.879871830926,-187500.02235174447,-187500.02235174447,-187500.02235174447,-187500.02235174447
não,2548.6353097719325,-8110.822213986185,6945.871644720036,11989.341615359977,-187500.02235174447,-187500.02235174447,-187500.02235174447,-187500.02235174447
não,2551.9657196957733,-8064.956434363894,7091.649722057548,11985.050080424558,-187500.02235174447,-187500.02235174447,-187500.02235174447,-187500.02235174447
não,2274.379405305315,-8107.60356278462,6575.637349562329,12035.766188593649,-187500.02235174447,-187500.02235174447,-187500.02235174447,-187500.02235174447
não,2228.7818466164886,-8166.52276116881,6337.524215879944,12031.787578080604,-187500.02235174447,-187500.02235174447,-187500.02235174447,-187500.02235174447
não,2498.2097742807596,-8130.067065962204,6822.355904860009,11973.807152963538,-187500.02235174447,-187500.02235174447,-187500.02235174447,-187500.02235174447
não,2562.6051500564995,-8075.595864724621,7080.965588207911,11970.56615001752,-187500.02235174447,-187500.02235174447,-187500.02235174447,-187500.02235174447
$SILENCE,2328.470626887158,-8102.596772026632,6676.622531011407,12026.892546044892,-187500.02235174447,-187500.02235174447,-187500.02235174447,-187500.02235174447
$SILENCE,2197.355293912327,-8159.638423876575,6306.499994575977,12053.066438802058,-187500.02235174447,-187500.02235174447,-187500.02235174447,-187500.02235174447
$SILENCE,2457.171971460816,-8129.172996183992,6741.956680054269,12002.059757955047,-187500.02235174447,-187500.02235174447,-187500.02235174447,-187500.02235174447
$SILENCE,2577.737281052742,-8065.895207631017,7109.285248432786,11989.788650249082,-187500.02235174447,-187500.02235174447,-187500.02235174447,-187500.02235174447
$SILENCE,2379.2537902896156,-8084.670672973475,6794.77385220216,12043.298726475088,-187500.02235174447,-187500.02235174447,-187500.02235174447,-187500.02235174447
$SILENCE,2201.5350701254692,-8148.127275482092,6338.306526935879,12066.43278198633,-187500.02235174447,-187500.02235174447,-187500.02235174447,-187500.02235174447
$SILENCE,2417.139997141361,-8140.751199811841,6645.017164351602,12003.892601000382,-187500.02235174447,-187500.02235174447,-187500.02235174447,-187500.02235174447
$SILENCE,2594.9034207944183,-8081.3626147940895,7097.416472127017,11971.639033751373,-187500.02235174447,-187500.02235174447,-187500.02235174447,-187500.02235174447
$SILENCE,2434.484950838679,-8082.882533417051,6878.682300887383,12018.242420940689,-187500.02235174447,-187500.02235174447,-187500.02235174447,-187500.02235174447
$SILENCE,2211.9062795527316,-8133.263365419312,6367.073222049859,12058.453209215786,-187500.02235174447,-187500.02235174447,-187500.02235174447,-187500.02235174447
$SILENCE,2361.7523743811103,-8151.837665061673,6530.643287973797,12021.528127375619,-187500.02235174447,-187500.02235174447,-187500.02235174447,-187500.02235174447
$SILENCE,2602.0783307645715,-8085.497687518322,7070.862599714113,11970.99083316217,-187500.02235174447,-187500.02235174447,-187500.02235174447,-187500.02235174447
$SILENCE,2491.794823622087,-8074.925312390961,6967.955168241879,12002.976179477713,-187500.02235174447,-187500.02235174447,-187500.02235174447,-187500.02235174447
$SILENCE,2240.1588845442398,-8130.983487484871,6437.257699639524,12064.510531963175,-187500.02235174447,-187500.02235174447,-187500.02235174447,-187500.02235174447
$SILENCE,2315.1042837028845,-8150.071877249704,6443.069153197904,12045.533900920618,-187500.02235174447,-187500.02235174447,-187500.02235174447,-187500.02235174447
$SILENCE,2586.588571857044,-8089.208077097903,7008.858860595091,11980.42326932231,-187500.02235174447,-187500.02235174447,-187500.02235174447,-187500.02235174447
$SILENCE,2529.7480857071982,-8065.8058006531965,7030.450645738918,11995.42128985182,-187500.02235174447,-187500.02235174447,-187500.02235174447,-187500.02235174447
$SILENCE,2271.9430651596863,-8113.884402976561,6521.300258791478,12050.116008533956,-187500.02235174447,-187500.02235174447,-187500.02235174447,-187500.02235174447
$SILENCE,2269.4620215251475,-8157.47030466441,6372.459992463589,12045.355086964975,-187500.02235174447,-187500.02235174447,-187500.02235174447,-187500.02235174447
$SILENCE,2558.7382982657314,-8105.435443572455,6931.141845123988,11986.972330447714,-187500.02235174447,-187500.02235174447,-187500.02235174447,-187500.02235174447
$SILENCE,2564.5050483352006,-8068.488009987833,7081.837306241669,11994.974254962714,-187500.02235174447,-187500.02235174447,-187500.02235174447,-187500.02235174447
$SILENCE,2313.2267371686385,-8108.721150007385,6617.368056460387,12055.726296392239,-187500.02235174447,-187500.02235174447,-187500.02235174447,-187500.02235174447
$SILENCE,2233.207492018639,-8155.011612774327,6328.114131464259,12065.53871220812,-187500.02235174447,-187500.02235174447,-187500.02235174447,-187500.02235174447
$SILENCE,2518.7957309240974,-8113.504423320821,6834.738771288249,11999.712824787239,-187500.02235174447,-187500.02235174447,-187500.02235174447,-187500.02235174447
$SILENCE,2610.907269824418,-8058.4520767274,7146.322088995229,11997.164725919334,-187500.02235174447,-187500.02235174447,-187500.02235174447,-187500.02235174447
$SILENCE,2356.723231878666,-8086.212943340892,6714.396979140875,12045.086866031512,-187500.02235174447,-187500.02235174447,-187500.02235174447,-187500.02235174447
$SILENCE,2214.67789586519,-8146.85322604814,6311.4397301006,12065.270491274654,-187500.02235174447,-187500.02235174447,-187500.02235174447,-187500.02235174447
$SILENCE,2471.1865152342934,-8130.335286895667,6716.2074704417555,12001.679778299305,-187500.02235174447,-187500.02235174447,-187500.02235174447,-187500.02235174447
$SILENCE,2609.1414820124487,-8073.427745512456,7111.967457767422,11972.019013407114,-187500.02235174447,-187500.02235174447,-187500.02235174447,-187500.02235174447
$SILENCE,2417.229404119182,-8081.809649683196,6820.053675181112,12018.085958729502,-187500.02235174447,-187500.02235174447,-187500.02235174447,-187500.02235174447
$SILENCE,2223.216262247117,-8141.935842267972,6341.815750815363,12071.90895937788,-187500.02235174447,-187500.02235174447,-187500.02235174447,-187500.02235174447
$SILENCE,2423.9572792002296,-8141.488807378866,6609.2096697342,12020.052912241568,-187500.02235174447,-187500.02235174447,-187500.02235174447,-187500.02235174447
$SILENCE,2630.196825289348,-8076.0205478692715,7092.834364513679,11969.381507561387,-187500.02235174447,-187500.02235174447,-187500.02235174447,-187500.02235174447
$SILENCE,2493.761777134154,-8069.2703210437685,6911.338199536586,12015.1355284614,-187500.02235174447,-187500.02235174447,-187500.02235174447,-187500.02235174447
$SILENCE,2264.634044722801,-8131.095246207148,6392.889486895739,12066.321023264054,-187500.02235174447,-187500.02235174447,-187500.02235174447,-187500.02235174447
$SILENCE,2397.470462020691,-8152.195292972958,6519.422712257232,12024.746778577182,-187500.02235174447,-187500.02235174447,-187500.02235174447,-187500.02235174447
$SILENCE,2647.6535377089426,-8089.36453930909,7067.085154901166,11970.052059895046,-187500.02235174447,-187500.02235174447,-187500.02235174447,-187500.02235174447
$SILENCE,2546.3330800930357,-8073.427745512456,6994.5537441436945,11992.359100861442,-187500.02235174447,-187500.02235174447,-187500.02235174447,-187500.02235174447
$SILENCE,2292.0149316805523,-8116.723074522385,6468.818362810417,12057.00034582619,-187500.02235174447,-187500.02235174447,-187500.02235174447,-187500.02235174447
$SILENCE,2339.043002014518,-8144.2827754357795,6428.22759487958,12046.875005587937,-187500.02235174447,-187500.02235174447,-187500.02235174447,-187500.02235174447
$SILENCE,2605.22992673277,-8089.878629431561,6997.794747089714,11988.112269414934,-187500.02235174447,-187500.02235174447,-187500.02235174447,-187500.02235174447
$SILENCE,2562.7616122676864,-8058.988518594328,7059.507913530817,12008.161784191345,-187500.02235174447,-187500.02235174447,-187500.02235174447,-187500.02235174447
$SILENCE,2310.633934811823,-8100.987446425849,6562.271006378056,12067.371555253454,-187500.02235174447,-187500.02235174447,-187500.02235174447,-187500.02235174447
$SILENCE,2286.8069752224656,-8150.943595283461,6367.408498216689,12068.042107587113,-187500.02235174447,-187500.02235174447,-187500.02235174447,-187500.02235174447
$SILENCE,2571.255275160703,-8108.028245929271,6911.584068725595,11987.75464150365,-187500.02235174447,-187500.02235174447,-187500.02235174447,-187500.02235174447
$SILENCE,2599.932563296862,-8056.552178448699,7097.148251193554,11981.831429222993,-187500.02235174447,-187500.02235174447,-187500.02235174447,-187500.02235174447
$SILENCE,2359.919531335775,-8088.693986975431,6649.420458009298,12037.66608687235,-187500.02235174447,-187500.02235174447,-187500.02235174447,-187500.02235174447
$SILENCE,2263.270588311027,-8143.299298679745,6329.276422175935,12058.363802237966,-187500.02235174447,-187500.02235174447,-187500.02235174447,-187500.02235174447
$SILENCE,2541.4380480573236,-8115.493728577344,6815.784491990148,11994.482516584698,-187500.02235174447,-187500.02235174447,-187500.02235174447,-187500.02235174447
$SILENCE,2637.014107348217,-8063.2800535297465,7122.048094516766,11975.684699497784,-187500.02235174447,-187500.02235174447,-187500.02235174447,-187500.02235174447
$SILENCE,2423.9125757113193,-8082.167277594481,6752.931386581825,12029.552403635074,-187500.02235174447,-187500.02235174447,-187500.02235174447,-187500.02235174447
$SILENCE,2261.191876076684,-8139.968888755905,6329.209366942569,12062.364764495465,-187500.02235174447,-187500.02235174447,-187500.02235174447,-187500.02235174447
$SILENCE,2500.243783026193,-8123.518004836799,6709.054912216057,12004.071414956024,-187500.02235174447,-187500.02235174447,-187500.02235174447,-187500.02235174447
$SILENCE,2670.0723373976157,-8067.057498342693,7156.9168158670445,11968.979176161192,-187500.02235174447,-187500.02235174447,-187500.02235174447,-187500.02235174447
$SILENCE,2466.5373523875896,-8074.4559257574,6854.184788964366,12021.081092486513,-187500.02235174447,-187500.02235174447,-187500.02235174447,-187500.02235174447
$SILENCE,2268.769117447033,-8130.2011764289355,6373.376413986256,12059.079058060535,-187500.02235174447,-187500.02235174447,-187500.02235174447,-187500.02235174447
$SILENCE,2436.2954421395593,-8135.61029858712,6589.249561935611,12011.514545859642,-187500.02235174447,-187500.02235174447,-187500.02235174447,-187500.02235174447
$SILENCE,2651.0510028661497,-8077.160486836492,7075.310596860719,11976.80228672055,-187500.02235174447,-187500.02235174447,-187500.02235174447,-187500.02235174447
$SILENCE,2521.746161192198,-8064.97878610835,6933.377019569519,12019.538822119097,-187500.02235174447,-187500.02235174447,-187500.02235174447,-187500.02235174447
$SILENCE,2275.1617163612505,-8122.825100758684,6411.240269093546,12061.403639483886,-187500.02235174447,-187500.02235174447,-187500.02235174447,-187500.02235174447
$SILENCE,2387.658046204811,-8145.333307425179,6490.611313654342,12020.388188408398,-187500.02235174447,-187500.02235174447,-187500.02235174447,-187500.02235174447
$SILENCE,2651.5427412441663,-8080.98263513835,7048.77907619227,11965.157027859334,-187500.02235174447,-187500.02235174447,-187500.02235174447,-187500.02235174447
$SILENCE,2569.645949559921,-8063.212998296381,7016.5702124321715,11996.762394519139,-187500.02235174447,-187500.02235174447,-187500.02235174447,-187500.02235174447
$SILENCE,2317.339458148415,-8110.062254674704,6497.138023035291,12056.083924303524,-187500.02235174447,-187500.02235174447,-187500.02235174447,-187500.02235174447
$SILENCE,2350.6882608757332,-8147.188502214969,6414.525975528476,12040.772979351637,-187500.02235174447,-187500.02235174447,-187500.02235174447,-187500.02235174447
$SILENCE,2628.0510578216386,-8096.65120800152,6979.309854425175,11978.948054188259,-187500.02235174447,-187500.02235174447,-187500.02235174447,-187500.02235174447
$SILENCE,2610.259069235214,-8059.5249604612545,7076.741108505858,11992.828487495004,-187500.02235174447,-187500.02235174447,-187500.02235174447,-187500.02235174447
$SILENCE,2355.270368489071,-8097.232353357358,6590.143631713824,12046.763246865661,-187500.02235174447,-187500.02235174447,-187500.02235174447,-187500.02235174447
$SILENCE,2308.801091766488,-8147.61318535962,6361.373527213756,12048.394924210897,-187500.02235174447,-187500.02235174447,-187500.02235174447,-187500.02235174447
$SILENCE,2596.2445254617364,-8109.905792463517,6894.4179289839185,11986.011205436136,-187500.02235174447,-187500.02235174447,-187500.02235174447,-187500.02235174447
$SILENCE,2639.606909705032,-8061.581320951143,7116.638972358582,11984.93832170228,-187500.02235174447,-187500.02235174447,-187500.02235174447,-187500.02235174447
$SILENCE,2401.0914446224506,-8090.638588743042,6691.397034096365,12043.835168342015,-187500.02235174447,-187500.02235174447,-187500.02235174447,-187500.02235174447
$SILENCE,2285.041187410496,-8144.685106835975,6333.478550133533,12052.418238212853,-187500.02235174447,-187500.02235174447,-187500.02235174447,-187500.02235174447
$SILENCE,2554.8714464749632,-8121.327533880179,6787.375424787453,11978.791591977071,-187500.02235174447,-187500.02235174447,-187500.02235174447,-187500.02235174447
$SILENCE,2666.093726884571,-8066.029318097749,7132.195786499476,11965.067620881513,-187500.02235174447,-187500.02235174447,-187500.02235174447,-187500.02235174447
$SILENCE,2455.5402941155785,-8075.707623446897,6790.594075989017,12023.09274948749,-187500.02235174447,-187500.02235174447,-187500.02235174447,-187500.02235174447
$SILENCE,2275.83226869491,-8133.330420652679,6345.213215972569,12065.561063952573,-187500.02235174447,-187500.02235174447,-187500.02235174447,-187500.02235174447
$SILENCE,2501.137852804405,-8129.038885717259,6681.60697002494,12008.407653380353,-187500.02235174447,-187500.02235174447,-187500.02235174447,-187500.02235174447
$SILENCE,2674.76620373323,-8071.1478675780145,7118.918850293023,11963.79357144756,-187500.02235174447,-187500.02235174447,-187500.02235174447,-187500.02235174447
$SILENCE,2499.3497132479806,-8073.36069027909,6878.481135187285,11998.572885820018,-187500.02235174447,-187500.02235174447,-187500.02235174447,-187500.02235174447
$SILENCE,2279.9449896746864,-8128.368333383601,6376.59506518782,12050.741857378705,-187500.02235174447,-187500.02235174447,-187500.02235174447,-187500.02235174447
$SILENCE,2444.00679397664,-8135.699705564941,6572.284587894033,12014.263810427645,-187500.02235174447,-187500.02235174447,-187500.02235174447,-187500.02235174447
$SILENCE,2675.5261630447108,-8076.624044969564,7095.091890703666,11972.689565740773,-187500.02235174447,-187500.02235174447,-187500.02235174447,-187500.02235174447
$SILENCE,2554.8490947305077,-8068.800934410207,6970.212694431865,12008.072377213524,-187500.02235174447,-187500.02235174447,-187500.02235174447,-187500.02235174447
$SILENCE,2317.182995937228,-8120.925202479983,6466.270263942512,12055.368668480955,-187500.02235174447,-187500.02235174447,-187500.02235174447,-187500.02235174447
$SILENCE,2391.435491017758,-8148.797827815752,6493.829964855906,12023.450377398774,-187500.02235174447,-187500.02235174447,-187500.02235174447,-187500.02235174447
$SILENCE,2639.2492817937473,-8089.789222453741,7012.770415874769,11967.973347660703,-187500.02235174447,-187500.02235174447,-187500.02235174447,-187500.02235174447
$SILENCE,2588.8013945581192,-8058.675594171953,7034.093980085133,11991.241513638677,-187500.02235174447,-187500.02235174447,-187500.02235174447,-187500.02235174447
$SILENCE,2335.6455368573115,-8102.417958070989,6526.172939082735,12049.065476544558,-187500.02235174447,-187500.02235174447,-187500.02235174447,-187500.02235174447
$SILENCE,2341.4793421601466,-8148.574310371198,6394.699978196619,12031.139377491401,-187500.02235174447,-187500.02235174447,-187500.02235174447,-187500.02235174447
$SILENCE,2630.800322389641,-8101.03214991476,6955.527598324728,11968.018051149613,-187500.02235174447,-187500.02235174447,-187500.02235174447,-187500.02235174447
$SILENCE,2630.4650462228115,-8057.222730782358,7090.219210412409,11981.876132711905,-187500.02235174447,-187500.02235174447,-187500.02235174447,-187500.02235174447
$SILENCE,2377.0633193329954,-8096.137117879048,6622.508957685109,12038.403694439376,-187500.02235174447,-187500.02235174447,-187500.02235174447,-187500.02235174447
$SILENCE,2312.8020540239877,-8147.322612681701,6359.093649279314,12051.591223668007,-187500.02235174447,-187500.02235174447,-187500.02235174447,-187500.02235174447
$SILENCE,2604.358208699013,-8112.99033319835,6872.2897019731645,11992.090879927979,-187500.02235174447,-187500.02235174447,-187500.02235174447,-187500.02235174447
$SILENCE,2668.261846096736,-8063.056536085193,7127.367809697129,11981.205580378244,-187500.02235174447,-187500.02235174447,-187500.02235174447,-187500.02235174447
$SILENCE,2435.3566688724363,-8085.78826019624,6723.985877512202,12032.726351347728,-187500.02235174447,-187500.02235174447,-187500.02235174447,-187500.02235174447
$SILENCE,2303.436673097214,-8145.4003626585445,6338.083009491326,12053.647584157896,-187500.02235174447,-187500.02235174447,-187500.02235174447,-187500.02235174447
$SILENCE,2561.800487256108,-8128.4353886169665,6762.922616353348,11989.118097915423,-187500.02235174447,-187500.02235174447,-187500.02235174447,-187500.02235174447
$SILENCE,2690.3677213630344,-8067.169257064969,7140.845911603679,11968.42038254981,-187500.02235174447,-187500.02235174447,-187500.02235174447,-187500.02235174447
$SILENCE,2481.8930008283855,-8078.8368676706405,6822.266497882188,12018.220069196233,-187500.02235174447,-187500.02235174447,-187500.02235174447,-187500.02235174447
$SILENCE,2292.2831526140158,-8139.633612589075,6352.879864320739,12060.062534816569,-187500.02235174447,-187500.02235174447,-187500.02235174447,-187500.02235174447
$SILENCE,2511.1514343203826,-8138.873653277595,6654.740173189661,12011.223973181723,-187500.02235174447,-187500.02235174447,-187500.02235174447,-187500.02235174447
$SILENCE,2698.1237766890263,-8075.037071113238,7124.5738416402155,11975.662347753329,-187500.02235174447,-187500.02235174447,-187500.02235174447,-187500.02235174447
$SILENCE,2535.3360218210246,-8070.633777455542,6912.589897226084,12010.352255147965,-187500.02235174447,-187500.02235174447,-187500.02235174447,-187500.02235174447
$SILENCE,2300.352132362382,-8129.418865373,6395.348178785823,12048.66314514436,-187500.02235174447,-187500.02235174447,-187500.02235174447,-187500.02235174447
$SILENCE,2442.620985820411,-8144.595699858153,6544.188445113712,12018.488290129697,-187500.02235174447,-187500.02235174447,-187500.02235174447,-187500.02235174447
$SILENCE,2682.1646311479367,-8077.2498938143135,7086.665283044015,11970.834370950983,-187500.02235174447,-187500.02235174447,-187500.02235174447,-187500.02235174447
$SILENCE,2577.111432207994,-8062.207169795892,6998.465299423373,11993.65550203985,-187500.02235174447,-187500.02235174447,-187500.02235174447,-187500.02235174447
$SILENCE,2325.855472785887,-8115.739597766352,6471.098240744858,12043.835168342015,-187500.02235174447,-187500.02235174447,-187500.02235174447,-187500.02235174447
$SILENCE,2393.7377206966544,-8148.820179560206,6461.509342373532,12025.931421033314,-187500.02235174447,-187500.02235174447,-187500.02235174447,-187500.02235174447
$SILENCE,2668.3065495856467,-8092.136155621548,7029.020134093778,11965.022917392602,-187500.02235174447,-187500.02235174447,-187500.02235174447,-187500.02235174447
$SILENCE,2614.282383237169,-8061.849541884607,7060.714907731403,11984.312472857533,-187500.02235174447,-187500.02235174447,-187500.02235174447,-187500.02235174447
$SILENCE,2356.9020458343084,-8104.071987160682,6551.944500439704,12043.701057875283,-187500.02235174447,-187500.02235174447,-187500.02235174447,-187500.02235174447
$SILENCE,2351.202350998205,-8149.960118527427,6385.625169947764,12040.795331096093,-187500.02235174447,-187500.02235174447,-187500.02235174447,-187500.02235174447
$SILENCE,2639.1822265603814,-8099.713396991897,6945.044630175189,11981.831429222993,-187500.02235174447,-187500.02235174447,-187500.02235174447,-187500.02235174447
$SILENCE,2645.0383836076717,-8055.814570881674,7114.314390935229,11985.363004846931,-187500.02235174447,-187500.02235174447,-187500.02235174447,-187500.02235174447
$SILENCE,2398.4092352878138,-8093.7454812223295,6652.482646999675,12036.034409527114,-187500.02235174447,-187500.02235174447,-187500.02235174447,-187500.02235174447
$SILENCE,2319.574632593946,-8150.049525505248,6350.532931152932,12047.3443922215,-187500.02235174447,-187500.02235174447,-187500.02235174447,-187500.02235174447
$SILENCE,2597.295057451136,-8119.360580368112,6844.417076637397,11979.439792566276,-187500.02235174447,-187500.02235174447,-187500.02235174447,-187500.02235174447
$SILENCE,2673.894485699473,-8062.184818051436,7135.012106300844,11969.247397094656,-187500.02235174447,-187500.02235174447,-187500.02235174447,-187500.02235174447
$SILENCE,2452.455753380746,-8084.871838673573,6762.296767508598,12027.80896756756,-187500.02235174447,-187500.02235174447,-187500.02235174447,-187500.02235174447
$SILENCE,2305.247164398094,-8148.931938282483,6353.595120143309,12057.559139437573,-187500.02235174447,-187500.02235174447,-187500.02235174447,-187500.02235174447
$SILENCE,2546.8918737044187,-8131.363467140612,6739.900319564381,11993.029653195103,-187500.02235174447,-187500.02235174447,-187500.02235174447,-187500.02235174447
$SILENCE,2691.4853085858,-8067.839809398629,7144.332783738707,11965.425248792799,-187500.02235174447,-187500.02235174447,-187500.02235174447,-187500.02235174447
$SILENCE,2500.0873208150056,-8075.417050768978,6854.184788964366,12014.017941238635,-187500.02235174447,-187500.02235174447,-187500.02235174447,-187500.02235174447
$SILENCE,2295.9488387046863,-8134.7162288089075,6367.028518560948,12054.832226614026,-187500.02235174447,-187500.02235174447,-187500.02235174447,-187500.02235174447
$SILENCE,2490.0960910434833,-8139.812426544718,6625.4593879532085,12004.205525422756,-187500.02235174447,-187500.02235174447,-187500.02235174447,-187500.02235174447
$SILENCE,2703.778768036219,-8076.288768802735,7126.160815496542,11963.860626680926,-187500.02235174447,-187500.02235174447,-187500.02235174447,-187500.02235174447
$SILENCE,2550.8704842174634,-8063.9282541189505,6946.832769731614,12000.56219107654,-187500.02235174447,-187500.02235174447,-187500.02235174447,-187500.02235174447
$SILENCE,2322.3238971619485,-8121.595754813642,6429.680458269175,12057.313270248565,-187500.02235174447,-187500.02235174447,-187500.02235174447,-187500.02235174447
$SILENCE,2442.330413142492,-8143.56751961321,6533.370200797343,12017.95184826277,-187500.02235174447,-187500.02235174447,-187500.02235174447,-187500.02235174447
$SILENCE,2688.3113608731464,-8082.055518872205,7081.949064963945,11960.999603390646,-187500.02235174447,-187500.02235174447,-187500.02235174447,-187500.02235174447
$SILENCE,2599.7090458523094,-8062.9894808518275,7026.472035225873,11986.234722880688,-187500.02235174447,-187500.02235174447,-187500.02235174447,-187500.02235174447
$SILENCE,2340.5405688930236,-8108.587039540654,6503.038883571492,12041.66704912985,-187500.02235174447,-187500.02235174447,-187500.02235174447,-187500.02235174447
$SILENCE,2380.8407641459426,-8143.925147524495,6446.578377077387,12026.825490811527,-187500.02235174447,-187500.02235174447,-187500.02235174447,-187500.02235174447
$SILENCE,2661.2657500822247,-8091.175030609969,7013.195099019421,11966.453429037741,-187500.02235174447,-187500.02235174447,-187500.02235174447,-187500.02235174447
$SILENCE,2625.7711798871974,-8062.83301864064,7076.562294550216,11969.672080239307,-187500.02235174447,-187500.02235174447,-187500.02235174447,-187500.02235174447
$SILENCE,2384.4617467477024,-8108.743501751841,6592.714082326184,12035.47561591573,-187500.02235174447,-187500.02235174447,-187500.02235174447,-187500.02235174447
$SILENCE,2346.7990573405095,-8149.915415038517,6391.637789206242,12038.023714783636,-187500.02235174447,-187500.02235174447,-187500.02235174447,-187500.02235174447
$SILENCE,2631.4708747233003,-8105.658961017009,6929.1078363785555,11969.94030117277,-187500.02235174447,-187500.02235174447,-187500.02235174447,-187500.02235174447
$SILENCE,2670.1840961198923,-8059.122629061059,7125.26674571833,11967.03457439358,-187500.02235174447,-187500.02235174447,-187500.02235174447,-187500.02235174447
$SILENCE,2431.3110031260258,-8088.895152675528,6684.8032694820495,12018.220069196233,-187500.02235174447,-187500.02235174447,-187500.02235174447,-187500.02235174447
$SILENCE,2320.178129694239,-8144.662755091519,6346.084934006326,12038.04606652809,-187500.02235174447,-187500.02235174447,-187500.02235174447,-187500.02235174447
$SILENCE,2584.2192869447813,-8121.439292602456,6810.509480298696,11970.610853506429,-187500.02235174447,-187500.02235174447,-187500.02235174447,-187500.02235174447
$SILENCE,2695.1509946764704,-8068.063326843182,7152.55822569826,11958.250338822645,-187500.02235174447,-187500.02235174447,-187500.02235174447,-187500.02235174447
$SILENCE,2482.4741461842236,-8080.356786293601,6801.769948216671,12003.37851087791,-187500.02235174447,-187500.02235174447,-187500.02235174447,-187500.02235174447
$SILENCE,2316.7583127925773,-8136.794941043251,6356.657309133686,12033.978049037225,-187500.02235174447,-187500.02235174447,-187500.02235174447,-187500.02235174447
$SILENCE,2548.232978371737,-8130.625859573586,6710.641886072384,11973.427173307799,-187500.02235174447,-187500.02235174447,-187500.02235174447,-187500.02235174447
$SILENCE,2712.1830239514143,-8071.192571066925,7142.5893476711935,11943.095856081945,-187500.02235174447,-187500.02235174447,-187500.02235174447,-187500.02235174447
$SILENCE,2535.045449143106,-8075.2605885577905,6887.421832969408,11991.487382827687,-187500.02235174447,-187500.02235174447,-187500.02235174447,-187500.02235174447
$SILENCE,2318.1217692043506,-8134.157435197525,6391.749547928518,12032.078150758523,-187500.02235174447,-187500.02235174447,-187500.02235174447,-187500.02235174447
$SILENCE,2494.074701556528,-8144.1710167135025,6610.617829634885,11988.671063026317,-187500.02235174447,-187500.02235174447,-187500.02235174447,-187500.02235174447
$SILENCE,2715.289916430702,-8080.446193271422,7123.813882328735,11940.704219425228,-187500.02235174447,-187500.02235174447,-187500.02235174447,-187500.02235174447
$SILENCE,2583.593438100033,-8068.666823943476,6975.8900375235135,11974.455353552743,-187500.02235174447,-187500.02235174447,-187500.02235174447,-187500.02235174447
$SILENCE,2344.6532898728,-8127.22839441638,6446.7795427774845,12031.608764124961,-187500.02235174447,-187500.02235174447,-187500.02235174447,-187500.02235174447
$SILENCE,2452.2098841917377,-8151.725906339397,6507.442177229188,12000.85276375446,-187500.02235174447,-187500.02235174447,-187500.02235174447,-187500.02235174447
$SILENCE,2716.6310210980205,-8089.3421875646345,7077.165791650509,11946.761542172617,-187500.02235174447,-187500.02235174447,-187500.02235174447,-187500.02235174447
$SILENCE,2649.9334156433843,-8066.096373331115,7064.872332200091,11970.2755773396,-187500.02235174447,-187500.02235174447,-187500.02235174447,-187500.02235174447
$SILENCE,2391.0331596175624,-8114.689065776953,6540.321593322944,12017.95184826277,-187500.02235174447,-187500.02235174447,-187500.02235174447,-187500.02235174447
$SILENCE,2409.3168865820035,-8151.3906301725665,6435.8048362499285,12004.831374267504,-187500.02235174447,-187500.02235174447,-187500.02235174447,-187500.02235174447
$SILENCE,2693.385206864501,-8096.740614979341,7001.751005858303,11941.307716525522,-187500.02235174447,-187500.02235174447,-187500.02235174447,-187500.02235174447
$SILENCE,2687.10436667256,-8065.425820997456,7116.8848415475895,11960.664327223818,-187500.02235174447,-187500.02235174447,-187500.02235174447,-187500.02235174447
$SILENCE,2430.975726959196,-8105.211926127902,6632.6790014122735,12015.269638928134,-187500.02235174447,-187500.02235174447,-187500.02235174447,-187500.02235174447
$SILENCE,2373.956426853708,-8154.18459822948,6387.569771715376,12015.314342417043,-187500.02235174447,-187500.02235174447,-187500.02235174447,-187500.02235174447
$SILENCE,2662.6962617273643,-8116.3654466111,6913.0816356041005,11942.559414215018,-187500.02235174447,-187500.02235174447,-187500.02235174447,-187500.02235174447
$SILENCE,2718.575622865632,-8062.318928518168,7151.731211153414,11939.877204880382,-187500.02235174447,-187500.02235174447,-187500.02235174447,-187500.02235174447
$SILENCE,2481.5353729171006,-8090.1692021094805,6734.491197406197,11996.158897418845,-187500.02235174447,-187500.02235174447,-187500.02235174447,-187500.02235174447
$SILENCE,2355.9409208227303,-8152.597624373153,6365.732117382541,12020.946982019781,-187500.02235174447,-187500.02235174447,-187500.02235174447,-187500.02235174447
$SILENCE,2622.4407699633566,-8127.0272287162825,6807.1567186304,11961.066658624013,-187500.02235174447,-187500.02235174447,-187500.02235174447,-187500.02235174447
$SILENCE,2745.8894545900175,-8067.951568120906,7172.2948160522965,11942.872338637393,-187500.02235174447,-187500.02235174447,-187500.02235174447,-187500.02235174447
$SILENCE,2534.754876465187,-8086.212943340892,6840.282003913165,11988.22402813721,-187500.02235174447,-187500.02235174447,-187500.02235174447,-187500.02235174447
$SILENCE,2345.4579526731914,-8149.758952827329,6373.130544797247,12027.674857100828,-187500.02235174447,-187500.02235174447,-187500.02235174447,-187500.02235174447
$SILENCE,2570.3835571269465,-8143.142836468558,6700.0695109450235,11977.13756288738,-187500.02235174447,-187500.02235174447,-187500.02235174447,-187500.02235174447
$SILENCE,2757.6688239179643,-8078.099260103615,7164.3152432817515,11940.346591513944,-187500.02235174447,-187500.02235174447,-187500.02235174447,-187500.02235174447
$SILENCE,2588.108490480005,-8080.021510126771,6936.6180225155385,11978.65748151034,-187500.02235174447,-187500.02235174447,-187500.02235174447,-187500.02235174447
$SILENCE,2356.566769667479,-8140.035943989271,6422.349086087834,12028.278354201122,-187500.02235174447,-187500.02235174447,-187500.02235174447,-187500.02235174447
$SILENCE,2517.454626256779,-8148.797827815752,6597.027969006058,11989.65453978235,-187500.02235174447,-187500.02235174447,-187500.02235174447,-187500.02235174447
$SILENCE,2752.1479430375034,-8085.542391007232,7125.154986996054,11931.160024542813,-187500.02235174447,-187500.02235174447,-187500.02235174447,-187500.02235174447
$SILENCE,2643.2725957957027,-8078.099260103615,7020.034732822744,11965.022917392602,-187500.02235174447,-187500.02235174447,-187500.02235174447,-187500.02235174447
$SILENCE,2387.2557148046153,-8128.927126994983,6490.588961909886,12017.817737796038,-187500.02235174447,-187500.02235174447,-187500.02235174447,-187500.02235174447
$SILENCE,2465.48682039819,-8160.152513999047,6506.972790595626,11997.298836386066,-187500.02235174447,-187500.02235174447,-187500.02235174447,-187500.02235174447
$SILENCE,2742.1790650104363,-8101.814460970696,7079.780945751781,11950.762504430117,-187500.02235174447,-187500.02235174447,-187500.02235174447,-187500.02235174447
$SILENCE,2680.1753258914146,-8073.047765856715,7097.1035477046435,11975.125905886402,-187500.02235174447,-187500.02235174447,-187500.02235174447,-187500.02235174447
$SILENCE,2410.9709156716963,-8115.538432066254,6576.218494918167,12017.728330818216,-187500.02235174447,-187500.02235174447,-187500.02235174447,-187500.02235174447
$SILENCE,2412.7367034836657,-8161.203045988446,6434.262565882513,12007.200659179767,-187500.02235174447,-187500.02235174447,-187500.02235174447,-187500.02235174447
$SILENCE,2698.1684801779365,-8108.341170351645,6989.14462198551,11945.353382271933,-187500.02235174447,-187500.02235174447,-187500.02235174447,-187500.02235174447
$SILENCE,2706.483329115311,-8064.084716330138,7131.771103354825,11944.347553771444,-187500.02235174447,-187500.02235174447,-187500.02235174447,-187500.02235174447
$SILENCE,2460.792954062576,-8103.89317320504,6670.051118141547,12003.445566111275,-187500.02235174447,-187500.02235174447,-187500.02235174447,-187500.02235174447
$SILENCE,2380.4831362346576,-8157.47030466441,6386.005149603504,12014.800252294572,-187500.02235174447,-187500.02235174447,-187500.02235174447,-187500.02235174447
$SILENCE,2656.1248488575043,-8128.3236298946895,6894.932019106391,11950.471931752198,-187500.02235174447,-187500.02235174447,-187500.02235174447,-187500.02235174447
$SILENCE,2725.7728845802408,-8077.8980944035175,7169.970234628944,11949.041420107058,-187500.02235174447,-187500.02235174447,-187500.02235174447,-187500.02235174447
$SILENCE,2492.979466078218,-8100.451004558922,6769.471677478752,12004.697263800772,-187500.02235174447,-187500.02235174447,-187500.02235174447,-187500.02235174447
$SILENCE,2334.662060101278,-8155.27983370779,6366.805001116396,12031.51935714714,-187500.02235174447,-187500.02235174447,-187500.02235174447,-187500.02235174447
$SILENCE,2591.1483277259267,-8124.724999037386,6777.853581649492,11978.098687898957,-187500.02235174447,-187500.02235174447,-187500.02235174447,-187500.02235174447
$SILENCE,2738.938062064417,-8064.174123307958,7167.51154273886,11944.392257260353,-187500.02235174447,-187500.02235174447,-187500.02235174447,-187500.02235174447
$SILENCE,2557.7771732541532,-8080.31208280469,6866.858228070525,11982.077298412001,-187500.02235174447,-187500.02235174447,-187500.02235174447,-187500.02235174447
não,2350.9341300647416,-8151.435333661478,6389.872001394272,12026.177290222322,-187500.02235174447,-187500.02235174447,-187500.02235174447,-187500.02235174447
não,2554.4467633303125,-8152.955252284438,6663.926740160792,11970.99083316217,-187500.02235174447,-187500.02235174447,-187500.02235174447,-187500.02235174447
não,2763.5026292207995,-8084.335396806646,7145.204501772464,11932.054094321025,-187500.02235174447,-187500.02235174447,-187500.02235174447,-187500.02235174447
não,2616.830482105074,-8074.411222268489,6961.294348394197,11970.610853506429,-187500.02235174447,-187500.02235174447,-187500.02235174447,-187500.02235174447
não,2368.9719878401743,-8139.499502122343,6453.574473091898,12034.067456015046,-187500.02235174447,-187500.02235174447,-187500.02235174447,-187500.02235174447
não,2500.847280126486,-8155.011612774327,6577.224323418656,12005.032539967602,-187500.02235174447,-187500.02235174447,-187500.02235174447,-187500.02235174447
não,2750.315099992168,-8091.979693410361,7111.0733879892105,11943.922870626793,-187500.02235174447,-187500.02235174447,-187500.02235174447,-187500.02235174447
não,2647.0276888641943,-8081.586132238643,7023.789825891236,11948.862606151415,-187500.02235174447,-187500.02235174447,-187500.02235174447,-187500.02235174447
não,2384.729967681166,-8120.992257713349,6502.681255660207,12007.111252201945,-187500.02235174447,-187500.02235174447,-187500.02235174447,-187500.02235174447
não,2451.5169801136235,-8160.107810510137,6482.09529901687,12002.842069010982,-187500.02235174447,-187500.02235174447,-187500.02235174447,-187500.02235174447
não,2737.9545853083832,-8100.9650946813945,7051.416582037996,11949.779027674083,-187500.02235174447,-187500.02235174447,-187500.02235174447,-187500.02235174447
não,2691.2617911412467,-8067.102201831603,7098.668169816515,11954.852873665437,-187500.02235174447,-187500.02235174447,-187500.02235174447,-187500.02235174447
não,2437.8377125069755,-8122.51217633631,6600.537192885541,12036.123816504934,-187500.02235174447,-187500.02235174447,-187500.02235174447,-187500.02235174447
não,2416.3576860854255,-8167.461534435933,6419.465711053099,12050.585395167518,-187500.02235174447,-187500.02235174447,-187500.02235174447,-187500.02235174447
não,2698.4143493669453,-8121.841624002651,6971.576150843639,11969.783838961583,-187500.02235174447,-187500.02235174447,-187500.02235174447,-187500.02235174447
não,2718.486215887811,-8087.2858270747465,7147.8196558737345,11920.654704648818,-187500.02235174447,-187500.02235174447,-187500.02235174447,-187500.02235174447
não,2476.9532653037627,-8115.136100666059,6698.169612666323,12007.267714413132,-187500.02235174447,-187500.02235174447,-187500.02235174447,-187500.02235174447
não,2373.464688475691,-8157.693822108963,6370.604797673798,12052.48529344622,-187500.02235174447,-187500.02235174447,-187500.02235174447,-187500.02235174447
não,2656.7954011911634,-8087.956379408405,6859.035117511167,11975.282368097589,-187500.02235174447,-187500.02235174447,-187500.02235174447,-187500.02235174447
não,2765.715451921875,-8046.896224844007,7188.835106949224,11945.062809594014,-187500.02235174447,-187500.02235174447,-187500.02235174447,-187500.02235174447
não,2536.45360904379,-8110.643400030542,6812.63289602195,11995.533048574096,-187500.02235174447,-187500.02235174447,-187500.02235174447,-187500.02235174447
não,2364.881618604853,-8195.736491171896,6370.716556396074,12021.885755286903,-187500.02235174447,-187500.02235174447,-187500.02235174447,-187500.02235174447
não,2609.744979112742,-8141.4664556344105,6755.613595916462,11979.573903033008,-187500.02235174447,-187500.02235174447,-187500.02235174447,-187500.02235174447
não,2783.6639027194865,-8070.6784809444525,7186.532877270327,12005.323112645521,-187500.02235174447,-187500.02235174447,-187500.02235174447,-187500.02235174447
não,2598.1891272293483,-8094.6842544894525,6913.774539682215,12082.973072883258,-187500.02235174447,-187500.02235174447,-187500.02235174447,-187500.02235174447
não,2365.239246516138,-8159.95134829895,6404.244173079035,12045.042162542602,-187500.02235174447,-187500.02235174447,-187500.02235174447,-187500.02235174447
não,2544.3437748365136,-8152.1505894840475,6648.012298108613,11974.768277975116,-187500.02235174447,-187500.02235174447,-187500.02235174447,-187500.02235174447
não,2753.7125651493748,-8089.968036409383,7153.6311094321145,11943.185263059768,-187500.02235174447,-187500.02235174447,-187500.02235174447,-187500.02235174447
não,2612.8965750809402,-8095.198344611925,6975.443002634407,11992.828487495004,-187500.02235174447,-187500.02235174447,-187500.02235174447,-187500.02235174447
não,2399.3480085549368,-8147.389667915067,6455.072039970403,12049.62427015594,-187500.02235174447,-187500.02235174447,-187500.02235174447,-187500.02235174447
não,2510.97262036474,-8163.393516945067,6541.685049734718,12026.311400689054,-187500.02235174447,-187500.02235174447,-187500.02235174447,-187500.02235174447
não,2760.6639576749753,-8086.3470538076235,7098.824632027702,11981.294987356066,-187500.02235174447,-187500.02235174447,-187500.02235174447,-187500.02235174447
não,2674.4309275664004,-8074.947664135417,7060.670204242493,12009.033502225102,-187500.02235174447,-187500.02235174447,-187500.02235174447,-187500.02235174447
não,2420.4480553207463,-8139.745371311352,6542.422657301743,12073.33947102302,-187500.02235174447,-187500.02235174447,-187500.02235174447,-187500.02235174447
não,2452.5675121030226,-8183.666549166031,6460.391755150767,12045.690363131805,-187500.02235174447,-187500.02235174447,-187500.02235174447,-187500.02235174447
não,2751.4550389593887,-8102.619123771086,7040.866558655091,11991.80030725006,-187500.02235174447,-187500.02235174447,-187500.02235174447,-187500.02235174447
não,2719.15676822147,-8064.30823377469,7111.833347300691,11997.120022430423,-187500.02235174447,-187500.02235174447,-187500.02235174447,-187500.02235174447
não,2452.00871849164,-8112.3644843536,6607.510937155597,12060.509569705675,-187500.02235174447,-187500.02235174447,-187500.02235174447,-187500.02235174447
não,2414.234270362171,-8155.883330808084,6392.107175839803,12072.132476822433,-187500.02235174447,-187500.02235174447,-187500.02235174447,-187500.02235174447
não,2724.4541316573777,-8102.216792370891,6948.978537199323,12004.294932400577,-187500.02235174447,-187500.02235174447,-187500.02235174447,-187500.02235174447
não,2737.127570763537,-8088.872800931073,7139.996545314378,11987.620531036919,-187500.02235174447,-187500.02235174447,-187500.02235174447,-187500.02235174447
não,2493.694721900788,-8107.7153215068965,6722.153034466867,12065.851636630492,-187500.02235174447,-187500.02235174447,-187500.02235174447,-187500.02235174447
não,2398.8115666880094,-8159.481961665388,6402.612495733798,12093.098413121512,-187500.02235174447,-187500.02235174447,-187500.02235174447,-187500.02235174447
não,2661.9810059047945,-8138.739542810863,6831.87774799797,12013.481499371708,-187500.02235174447,-187500.02235174447,-187500.02235174447,-187500.02235174447
não,2784.6473794755198,-8072.019585611772,7175.111135853665,12006.23953416819,-187500.02235174447,-187500.02235174447,-187500.02235174447,-187500.02235174447
não,2553.306824363092,-8107.312990106701,6806.06148315209,12039.409522939864,-187500.02235174447,-187500.02235174447,-187500.02235174447,-187500.02235174447
não,2383.299456036026,-8159.3702029431115,6373.711690153085,12074.255892545689,-187500.02235174447,-187500.02235174447,-187500.02235174447,-187500.02235174447
não,2599.977266785773,-8159.526665154299,6701.589429567985,12011.671008070829,-187500.02235174447,-187500.02235174447,-187500.02235174447,-187500.02235174447
não,2787.128423110059,-8085.385928796045,7173.121830597142,12009.569944092029,-187500.02235174447,-187500.02235174447,-187500.02235174447,-187500.02235174447
não,2605.766368599697,-8098.640513258042,6917.663743217438,12047.500854432685,-187500.02235174447,-187500.02235174447,-187500.02235174447,-187500.02235174447
não,2390.943752639741,-8158.587891887176,6402.567792244887,12094.216000344277,-187500.02235174447,-187500.02235174447,-187500.02235174447,-187500.02235174447
não,2569.7353565377425,-8154.430467418489,6614.64114363684,12054.876930102937,-187500.02235174447,-187500.02235174447,-187500.02235174447,-187500.02235174447
não,2795.957362169905,-8101.322722592679,7160.403688002073,11992.783784006095,-187500.02235174447,-187500.02235174447,-187500.02235174447,-187500.02235174447
não,2653.1073633560377,-8092.69494923293,7015.385569976041,12020.90227853087,-187500.02235174447,-187500.02235174447,-187500.02235174447,-187500.02235174447
não,2404.511261524113,-8145.534473125276,6475.389775680277,12070.880779132936,-187500.02235174447,-187500.02235174447,-187500.02235174447,-187500.02235174447
não,2505.362332506458,-8162.208874488935,6523.423674514732,12051.52416843464,-187500.02235174447,-187500.02235174447,-187500.02235174447,-187500.02235174447
não,2761.423916986456,-8112.096263420137,7058.077401885677,12000.741005032183,-187500.02235174447,-187500.02235174447,-187500.02235174447,-187500.02235174447
não,2707.042122726694,-8080.759117693797,7075.668224772004,12023.025694254124,-187500.02235174447,-187500.02235174447,-187500.02235174447,-187500.02235174447
não,2449.7064888127434,-8131.586984585165,6543.9872794136145,12083.040128116623,-187500.02235174447,-187500.02235174447,-187500.02235174447,-187500.02235174447
não,2482.295332228581,-8158.923168054005,6485.336301962889,12075.015851857168,-187500.02235174447,-187500.02235174447,-187500.02235174447,-187500.02235174447
não,2719.9614310218612,-8137.979583499383,6964.870627507046,11981.004414678147,-187500.02235174447,-187500.02235174447,-187500.02235174447,-187500.02235174447
não,2719.15676822147,-8105.971885439383,7070.952006691934,11985.005376935647,-187500.02235174447,-187500.02235174447,-187500.02235174447,-187500.02235174447
não,2479.434308938302,-8127.787188027763,6631.136731044857,12064.935215107826,-187500.02235174447,-187500.02235174447,-187500.02235174447,-187500.02235174447
não,2425.43249433428,-8159.437258176477,6390.274332794468,12076.736936180227,-187500.02235174447,-187500.02235174447,-187500.02235174447,-187500.02235174447
não,2721.4366461559116,-8109.74933025233,6915.406217027452,12014.196755194278,-187500.02235174447,-187500.02235174447,-187500.02235174447,-187500.02235174447
não,2756.0147948282715,-8088.4034142975115,7138.0742952912215,11984.267769368622,-187500.02235174447,-187500.02235174447,-187500.02235174447,-187500.02235174447
não,2506.524623218134,-8135.297374164746,6716.229822186211,12034.46978741524,-187500.02235174447,-187500.02235174447,-187500.02235174447,-187500.02235174447
não,2395.2352875751603,-8170.747240870863,6373.510524452988,12084.850619417504,-187500.02235174447,-187500.02235174447,-187500.02235174447,-187500.02235174447
não,2640.1433515719596,-8162.499447166854,6780.379328772942,12004.51844984513,-187500.02235174447,-187500.02235174447,-187500.02235174447,-187500.02235174447
não,2754.1372482940255,-8099.959266180906,7131.592289399182,11971.102591884446,-187500.02235174447,-187500.02235174447,-187500.02235174447,-187500.02235174447
não,2579.6371793314433,-8094.773661467274,6836.9515939893245,12040.504758418174,-187500.02235174447,-187500.02235174447,-187500.02235174447,-187500.02235174447
não,2375.655159432311,-8177.184543273991,6361.261768491479,12066.075154075046,-187500.02235174447,-187500.02235174447,-187500.02235174447,-187500.02235174447
não,2589.3154846805915,-8159.794886087762,6666.296025073055,12011.559249348551,-187500.02235174447,-187500.02235174447,-187500.02235174447,-187500.02235174447
não,2802.484071550855,-8091.778527710263,7154.011089087855,11991.50973457214,-187500.02235174447,-187500.02235174447,-187500.02235174447,-187500.02235174447
não,2619.132711783971,-8115.717246021896,6919.518938007229,12012.52037436013,-187500.02235174447,-187500.02235174447,-187500.02235174447,-187500.02235174447
não,2378.426775744769,-8177.09513629617,6399.282085809957,12048.886662588915,-187500.02235174447,-187500.02235174447,-187500.02235174447,-187500.02235174447
não,2555.4525918308013,-8171.931883326994,6587.461422379187,12031.765226336149,-187500.02235174447,-187500.02235174447,-187500.02235174447,-187500.02235174447
não,2782.926295152461,-8115.940763466449,7107.251239687353,11970.633205250884,-187500.02235174447,-187500.02235174447,-187500.02235174447,-187500.02235174447
não,2661.422212293412,-8101.166260381492,7008.4118257059845,12001.679778299305,-187500.02235174447,-187500.02235174447,-187500.02235174447,-187500.02235174447
não,2406.366456313903,-8149.602490616142,6475.769755336018,12066.67865117534,-187500.02235174447,-187500.02235174447,-187500.02235174447,-187500.02235174447
não,2469.8230588225197,-8180.582008431198,6467.566665120919,12025.774958822127,-187500.02235174447,-187500.02235174447,-187500.02235174447,-187500.02235174447
não,2755.1430767945144,-8126.781359527274,7033.065799840188,11968.59919650545,-187500.02235174447,-187500.02235174447,-187500.02235174447,-187500.02235174447
não,2704.1140442030483,-8104.943705194439,7068.783887479769,12003.199696922267,-187500.02235174447,-187500.02235174447,-187500.02235174447,-187500.02235174447
não,2446.1302096998943,-8148.864883049117,6577.537247841031,12054.407543469375,-187500.02235174447,-187500.02235174447,-187500.02235174447,-187500.02235174447
não,2444.8338085214864,-8180.984339831393,6431.267432125501,12054.38519172492,-187500.02235174447,-187500.02235174447,-187500.02235174447,-187500.02235174447
não,2712.227727440325,-8139.141874211058,6942.027144673722,11991.174458405312,-187500.02235174447,-187500.02235174447,-187500.02235174447,-187500.02235174447
não,2738.9827655533277,-8095.265399845291,7132.799283599768,11987.531124059096,-187500.02235174447,-187500.02235174447,-187500.02235174447,-187500.02235174447
não,2471.4100326788466,-8129.240051417358,6642.469065483698,12051.971203323747,-187500.02235174447,-187500.02235174447,-187500.02235174447,-187500.02235174447
não,2409.0933691374507,-8181.789002631785,6385.5581147143985,12068.645604687406,-187500.02235174447,-187500.02235174447,-187500.02235174447,-187500.02235174447
não,2666.697223984864,-8148.127275482092,6842.427771380874,12008.832336525003,-187500.02235174447,-187500.02235174447,-187500.02235174447,-187500.02235174447
não,2759.836943130129,-8094.12546087807,7160.828371146724,11988.425193837309,-187500.02235174447,-187500.02235174447,-187500.02235174447,-187500.02235174447
não,2503.4177307388463,-8122.489824591855,6735.675839862328,12043.186967752812,-187500.02235174447,-187500.02235174447,-187500.02235174447,-187500.02235174447
não,2362.6464441593225,-8183.577142188209,6327.756503552974,12069.405563998887,-187500.02235174447,-187500.02235174447,-187500.02235174447,-187500.02235174447
não,2622.2172525188034,-8162.767668100318,6732.256022960666,12002.082109699502,-187500.02235174447,-187500.02235174447,-187500.02235174447,-187500.02235174447
não,2760.6192541860646,-8100.249838858824,7138.789551113791,11988.335786859489,-187500.02235174447,-187500.02235174447,-187500.02235174447,-187500.02235174447
não,2563.141591923427,-8105.323684850179,6850.4520476403295,12037.889604316904,-187500.02235174447,-187500.02235174447,-187500.02235174447,-187500.02235174447
não,2359.56190342449,-8167.349775713656,6368.436678461633,12081.520209493663,-187500.02235174447,-187500.02235174447,-187500.02235174447,-187500.02235174447
não,2558.850056988008,-8175.508162439843,6635.249452024634,12027.496043145185,-187500.02235174447,-187500.02235174447,-187500.02235174447,-187500.02235174447
não,2755.6571669169866,-8115.091397177148,7114.5379083797825,11970.65555699534,-187500.02235174447,-187500.02235174447,-187500.02235174447,-187500.02235174447
não,2603.2853249651585,-8108.207059884913,6922.3576095530525,12002.730310288705,-187500.02235174447,-187500.02235174447,-187500.02235174447,-187500.02235174447
não,2371.631845430356,-8165.002842545849,6404.087710867848,12056.061572559069,-187500.02235174447,-187500.02235174447,-187500.02235174447,-187500.02235174447
não,2500.4002452373797,-8182.683072409996,6521.412017513754,12022.2880866871,-187500.02235174447,-187500.02235174447,-187500.02235174447,-187500.02235174447
não,2733.6854021174195,-8118.2206414008915,7065.967567678401,11968.84506569446,-187500.02235174447,-187500.02235174447,-187500.02235174447,-187500.02235174447
não,2630.7556189007305,-8102.864992960095,7002.287447725231,11993.946074717769,-187500.02235174447,-187500.02235174447,-187500.02235174447,-187500.02235174447
não,2360.6571389028,-8152.217644717413,6477.04380476997,12049.691325389305,-187500.02235174447,-187500.02235174447,-187500.02235174447,-187500.02235174447
não,2401.3820173003696,-8182.101927054158,6425.344219844845,12038.336639206009,-187500.02235174447,-187500.02235174447,-187500.02235174447,-187500.02235174447
não,2671.1228693870153,-8126.960173482916,6989.14462198551,11970.834370950983,-187500.02235174447,-187500.02235174447,-187500.02235174447,-187500.02235174447
não,2626.039400820661,-8099.802803969718,7060.133762375565,11983.686624012784,-187500.02235174447,-187500.02235174447,-187500.02235174447,-187500.02235174447
não,2363.540513937535,-8143.008726001826,6565.042622690514,12036.95083104978,-187500.02235174447,-187500.02235174447,-187500.02235174447,-187500.02235174447
não,2325.7437140636107,-8183.733604399396,6362.7816871144405,12025.32792393302,-187500.02235174447,-187500.02235174447,-187500.02235174447,-187500.02235174447
não,2605.8557755775187,-8135.342077653656,6903.760958166237,11961.334879557477,-187500.02235174447,-187500.02235174447,-187500.02235174447,-187500.02235174447
não,2626.5087874542223,-8095.265399845291,7093.951951736445,11954.584652731974,-187500.02235174447,-187500.02235174447,-187500.02235174447,-187500.02235174447
não,2392.5530782405235,-8134.671525319997,6663.1444291048565,12002.126813188412,-187500.02235174447,-187500.02235174447,-187500.02235174447,-187500.02235174447
não,2304.509556831069,-8174.077650794703,6372.124716296758,12028.94890653478,-187500.02235174447,-187500.02235174447,-187500.02235174447,-187500.02235174447
não,2543.494408547212,-8149.021345260304,6794.796203946616,11972.1754756183,-187500.02235174447,-187500.02235174447,-187500.02235174447,-187500.02235174447
não,2648.4358487648788,-8098.12642313557,7134.408609200551,11944.012277604614,-187500.02235174447,-187500.02235174447,-187500.02235174447,-187500.02235174447
não,2399.392712043847,-8119.204118156925,6738.738028852705,11990.481554327198,-187500.02235174447,-187500.02235174447,-187500.02235174447,-187500.02235174447
não,2246.5291317140022,-8174.591740917175,6337.054829246382,12016.856612784459,-187500.02235174447,-187500.02235174447,-187500.02235174447,-187500.02235174447
não,2464.816268064531,-8159.191388987469,6677.360138578432,11965.067620881513,-187500.02235174447,-187500.02235174447,-187500.02235174447,-187500.02235174447
não,2631.0908950675603,-8099.847507458629,7120.729341593903,11928.991905330648,-187500.02235174447,-187500.02235174447,-187500.02235174447,-187500.02235174447
não,2424.381962344881,-8103.915524949494,6832.68241079836,11979.819772222016,-187500.02235174447,-187500.02235174447,-187500.02235174447,-187500.02235174447
não,2209.402884173737,-8169.450839692455,6325.610736085265,12023.852708798971,-187500.02235174447,-187500.02235174447,-187500.02235174447,-187500.02235174447
não,2395.6152672309004,-8167.7074036249405,6566.1155064243685,11977.383432076387,-187500.02235174447,-187500.02235174447,-187500.02235174447,-187500.02235174447
não,2619.2668222507027,-8104.563725538698,7085.279474887786,11940.927736869782,-187500.02235174447,-187500.02235174447,-187500.02235174447,-187500.02235174447
não,2481.7365386171987,-8100.272190603279,6936.394505070985,11975.729402986695,-187500.02235174447,-187500.02235174447,-187500.02235174447,-187500.02235174447
não,2227.9771838160973,-8149.602490616142,6403.88654516775,12028.725389090228,-187500.02235174447,-187500.02235174447,-187500.02235174447,-187500.02235174447
não,2332.6727548447557,-8164.913435568027,6474.965092535626,12003.400862622364,-187500.02235174447,-187500.02235174447,-187500.02235174447,-187500.02235174447
não,2597.675037106876,-8102.306199348713,7041.15713133301,11949.019068362602,-187500.02235174447,-187500.02235174447,-187500.02235174447,-187500.02235174447
não,2512.8725186434413,-8082.882533417051,7013.508023441795,11963.234777836178,-187500.02235174447,-187500.02235174447,-187500.02235174447,-187500.02235174447
não,2253.7487451730663,-8132.436350874466,6493.472336944621,12023.651543098873,-187500.02235174447,-187500.02235174447,-187500.02235174447,-187500.02235174447
não,2277.441594295692,-8175.485810695388,6392.7777281734625,12003.445566111275,-187500.02235174447,-187500.02235174447,-187500.02235174447,-187500.02235174447
não,2565.399118113413,-8119.293525134746,6954.5217698242395,11948.102646839936,-187500.02235174447,-187500.02235174447,-187500.02235174447,-187500.02235174447
não,2544.0979056475053,-8076.065251358182,7060.983128664867,11968.621548249906,-187500.02235174447,-187500.02235174447,-187500.02235174447,-187500.02235174447
não,2290.0032746795746,-8115.180804154969,6587.0143874900805,12027.697208845284,-187500.02235174447,-187500.02235174447,-187500.02235174447,-187500.02235174447
não,2245.322137513416,-8162.074764022203,6352.20931198708,12031.42995016932,-187500.02235174447,-187500.02235174447,-187500.02235174447,-187500.02235174447
não,2532.7655712086644,-8125.37319962659,6873.139068262466,11955.076391109991,-187500.02235174447,-187500.02235174447,-187500.02235174447,-187500.02235174447
não,2580.486545620745,-8081.496725260821,7102.020931484811,11950.40487651883,-187500.02235174447,-187500.02235174447,-187500.02235174447,-187500.02235174447
não,2334.9973362681076,-8109.905792463517,6680.914065946826,12016.588391850995,-187500.02235174447,-187500.02235174447,-187500.02235174447,-187500.02235174447
não,2213.672067364701,-8165.539284412776,6319.531061593421,12045.757418365172,-187500.02235174447,-187500.02235174447,-187500.02235174447,-187500.02235174447
não,2486.139832274894,-8135.409132887022,6765.537770454618,11981.965539689725,-187500.02235174447,-187500.02235174447,-187500.02235174447,-187500.02235174447
não,2603.9558772988175,-8077.182838580948,7122.718646850425,11953.355306786932,-187500.02235174447,-187500.02235174447,-187500.02235174447,-187500.02235174447
não,2390.0049793726184,-8092.963170166394,6790.951703900302,11992.962597961736,-187500.02235174447,-187500.02235174447,-187500.02235174447,-187500.02235174447
não,2207.8159103174103,-8151.61414761712,6342.687468849119,12034.626249626428,-187500.02235174447,-187500.02235174447,-187500.02235174447,-187500.02235174447
não,2427.108875168428,-8147.2779091927905,6667.681833229284,11984.491286813174,-187500.02235174447,-187500.02235174447,-187500.02235174447,-187500.02235174447
não,2616.830482105074,-8079.976806637861,7142.142312782087,11955.523425999098,-187500.02235174447,-187500.02235174447,-187500.02235174447,-187500.02235174447
não,2428.3829246023806,-8082.390795039034,6878.83876309857,11996.807098008048,-187500.02235174447,-187500.02235174447,-187500.02235174447,-187500.02235174447
não,2207.123006239296,-8145.065086491715,6372.616454674775,12035.833243827015,-187500.02235174447,-187500.02235174447,-187500.02235174447,-187500.02235174447
não,2361.506505192102,-8153.491694151366,6548.345869582399,12004.987836478691,-187500.02235174447,-187500.02235174447,-187500.02235174447,-187500.02235174447
não,2602.2794964646696,-8096.114766134592,7076.025852683289,11964.285309825578,-187500.02235174447,-187500.02235174447,-187500.02235174447,-187500.02235174447
não,2479.791936849587,-8074.590036224132,6965.451772862884,11991.308568872044,-187500.02235174447,-187500.02235174447,-187500.02235174447,-187500.02235174447
não,2216.443683677159,-8130.089417706659,6405.540574257443,12041.197662496288,-187500.02235174447,-187500.02235174447,-187500.02235174447,-187500.02235174447
não,2306.431806854225,-8164.287586723279,6439.694039785152,12010.173441192323,-187500.02235174447,-187500.02235174447,-187500.02235174447,-187500.02235174447
não,2580.9559322543064,-8106.374216839578,7010.1105582845885,11952.774161431094,-187500.02235174447,-187500.02235174447,-187500.02235174447,-187500.02235174447
não,2523.0202106261504,-8074.545332735221,7023.633363680049,11973.516580285619,-187500.02235174447,-187500.02235174447,-187500.02235174447,-187500.02235174447
não,2260.901303398765,-8118.801786756729,6510.90669761976,12025.372627421932,-187500.02235174447,-187500.02235174447,-187500.02235174447,-187500.02235174447
não,2259.761364431544,-8167.4168309470215,6369.218989517569,12009.301723158565,-187500.02235174447,-187500.02235174447,-187500.02235174447,-187500.02235174447
não,2553.262120874181,-8116.924240222484,6932.080618391111,11951.522463741598,-187500.02235174447,-187500.02235174447,-187500.02235174447,-187500.02235174447
não,2562.6051500564995,-8067.660995442987,7077.92575096199,11970.767315717616,-187500.02235174447,-187500.02235174447,-187500.02235174447,-187500.02235174447
não,2306.9011934877867,-8103.692007504941,6610.103739512413,12041.599993896485,-187500.02235174447,-187500.02235174447,-187500.02235174447,-187500.02235174447
não,2231.084076295385,-8163.5946826451645,6331.422189643645,12038.604860139474,-187500.02235174447,-187500.02235174447,-187500.02235174447,-187500.02235174447
não,2515.0853413445166,-8128.256574661324,6841.556053347118,11965.089972625969,-187500.02235174447,-187500.02235174447,-187500.02235174447,-187500.02235174447
não,2583.392272399935,-8074.366518779579,7107.519460620816,11955.970460888204,-187500.02235174447,-187500.02235174447,-187500.02235174447,-187500.02235174447
não,2352.208179498694,-8099.98161792536,6707.847918015471,12010.016978981135,-187500.02235174447,-187500.02235174447,-187500.02235174447,-187500.02235174447
não,2211.772169086,-8156.933862797483,6316.021837713938,12032.480482158719,-187500.02235174447,-187500.02235174447,-187500.02235174447,-187500.02235174447
não,2476.3721199479246,-8137.2419759323575,6738.223938730233,11977.830466965494,-187500.02235174447,-187500.02235174447,-187500.02235174447,-187500.02235174447
não,2613.8353483480632,-8075.662919957987,7122.249260216864,11967.74983021615,-187500.02235174447,-187500.02235174447,-187500.02235174447,-187500.02235174447
não,2404.4442062907465,-8088.559876508699,6804.58626801804,12023.673894843329,-187500.02235174447,-187500.02235174447,-187500.02235174447,-187500.02235174447
não,2209.671105107201,-8147.501426637344,6337.501864135488,12062.185950539822,-187500.02235174447,-187500.02235174447,-187500.02235174447,-187500.02235174447
não,2416.4023895743358,-8141.04177248976,6626.509919942609,11997.500002086164,-187500.02235174447,-187500.02235174447,-187500.02235174447,-187500.02235174447
não,2609.074426779083,-8077.942797892428,7099.338722150174,11947.543853228552,-187500.02235174447,-187500.02235174447,-187500.02235174447,-187500.02235174447
não,2456.7472883161654,-8076.3111205471905,6901.79400465417,11992.716728772728,-187500.02235174447,-187500.02235174447,-187500.02235174447,-187500.02235174447
não,2221.9645645576197,-8135.252670675835,6386.139260070237,12050.451284700786,-187500.02235174447,-187500.02235174447,-187500.02235174447,-187500.02235174447
não,2356.343252222926,-8155.905682552539,6516.00289535557,12011.603952837462,-187500.02235174447,-187500.02235174447,-187500.02235174447,-187500.02235174447
não,2619.0433048061495,-8088.045786386227,7084.899495232045,11961.781914446583,-187500.02235174447,-187500.02235174447,-187500.02235174447,-187500.02235174447
não,2512.8725186434413,-8063.525922718754,7001.728654113848,11992.806135750548,-187500.02235174447,-187500.02235174447,-187500.02235174447,-187500.02235174447
não,2250.3065765269494,-8121.193423413447,6450.512284101521,12041.57764215203,-187500.02235174447,-187500.02235174447,-187500.02235174447,-187500.02235174447
não,2316.0654087144626,-8152.262348206324,6442.46565609761,12019.516470374641,-187500.02235174447,-187500.02235174447,-187500.02235174447,-187500.02235174447
não,2589.5390021251446,-8098.059367902204,6987.401185917996,11960.820789435005,-187500.02235174447,-187500.02235174447,-187500.02235174447,-187500.02235174447
não,2558.8947604769182,-8058.2956145162125,7064.917035689001,11982.010243178636,-187500.02235174447,-187500.02235174447,-187500.02235174447,-187500.02235174447
não,2282.537792031502,-8111.381007597567,6522.998991370081,12046.38326720992,-187500.02235174447,-187500.02235174447,-187500.02235174447,-187500.02235174447
não,2264.7010999561667,-8159.683127365485,6346.77783808444,12029.753569335171,-187500.02235174447,-187500.02235174447,-187500.02235174447,-187500.02235174447
não,2560.258216888692,-8112.476243075877,6904.856193644548,11967.07927788249,-187500.02235174447,-187500.02235174447,-187500.02235174447,-187500.02235174447
não,2582.2076299438036,-8067.415126253978,7086.218248154909,11979.171571632813,-187500.02235174447,-187500.02235174447,-187500.02235174447,-187500.02235174447
não,2340.8311415709427,-8099.892210947539,6640.41270499381,12053.848749857993,-187500.02235174447,-187500.02235174447,-187500.02235174447,-187500.02235174447
não,2243.5787014459015,-8150.541263883265,6325.163701196158,12048.931366077824,-187500.02235174447,-187500.02235174447,-187500.02235174447,-187500.02235174447
não,2513.520719232645,-8113.951458209927,6810.308314598598,11963.79357144756,-187500.02235174447,-187500.02235174447,-187500.02235174447,-187500.02235174447
não,2603.3747319429795,-8064.2188267968695,7114.73907407988,11954.674059709796,-187500.02235174447,-187500.02235174447,-187500.02235174447,-187500.02235174447
não,2382.114813579895,-8085.050652629216,6737.463979418752,12014.509679616653,-187500.02235174447,-187500.02235174447,-187500.02235174447,-187500.02235174447
não,2225.339677970371,-8144.618051602609,6318.748750537486,12043.410485197364,-187500.02235174447,-187500.02235174447,-187500.02235174447,-187500.02235174447
não,2477.6461693818774,-8130.268231662301,6711.088920961491,11987.821696737015,-187500.02235174447,-187500.02235174447,-187500.02235174447,-187500.02235174447
não,2632.2084822903257,-8075.88643740254,7124.864414318135,11968.08510638298,-187500.02235174447,-187500.02235174447,-187500.02235174447,-187500.02235174447
não,2438.6423753073664,-8076.467582758378,6837.376277133975,12010.598124336973,-187500.02235174447,-187500.02235174447,-187500.02235174447,-187500.02235174447
não,2231.575814673402,-8132.995144485849,6349.124771252248,12050.518339934151,-187500.02235174447,-187500.02235174447,-187500.02235174447,-187500.02235174447
não,2422.750284999643,-8137.465493376911,6597.318541683977,12012.006284237657,-187500.02235174447,-187500.02235174447,-187500.02235174447,-187500.02235174447
não,2634.5777672025883,-8076.266417058279,7101.350379151151,11970.163818617322,-187500.02235174447,-187500.02235174447,-187500.02235174447,-187500.02235174447
não,2485.6704456413327,-8067.415126253978,6933.131150380511,11995.488345085187,-187500.02235174447,-187500.02235174447,-187500.02235174447,-187500.02235174447
não,2240.6059194333457,-8123.026266458782,6407.2169550915905,12043.76811310865,-187500.02235174447,-187500.02235174447,-187500.02235174447,-187500.02235174447
não,2364.3898802268363,-8149.200159215947,6495.729863134607,12011.46984237073,-187500.02235174447,-187500.02235174447,-187500.02235174447,-187500.02235174447
não,2627.0228775766946,-8088.895152675528,7049.159055848009,11954.741114943161,-187500.02235174447,-187500.02235174447,-187500.02235174447,-187500.02235174447
não,2545.1260858924493,-8063.861198885585,7006.020189049267,11990.906237471849,-187500.02235174447,-187500.02235174447,-187500.02235174447,-187500.02235174447
não,2294.5853822929125,-8111.068083175192,6487.906752575249,12052.842921357504,-187500.02235174447,-187500.02235174447,-187500.02235174447,-187500.02235174447
não,2344.8097520839874,-8147.143798726059,6421.991458176549,12034.581546137519,-187500.02235174447,-187500.02235174447,-187500.02235174447,-187500.02235174447
não,2629.481569466778,-8094.483088789355,6992.542087142717,11968.979176161192,-187500.02235174447,-187500.02235174447,-187500.02235174447,-187500.02235174447
não,2593.9199440383845,-8065.1576000639925,7069.119163646599,11983.37369959041,-187500.02235174447,-187500.02235174447,-187500.02235174447,-187500.02235174447
não,2340.98760378213,-8104.787242983251,6585.382710144843,12031.273487958133,-187500.02235174447,-187500.02235174447,-187500.02235174447,-187500.02235174447
não,2313.5843650799234,-8149.490731893866,6389.044986849426,12024.85853729946,-187500.02235174447,-187500.02235174447,-187500.02235174447,-187500.02235174447
não,2587.169717212882,-8116.0525221887265,6884.292588745665,11970.610853506429,-187500.02235174447,-187500.02235174447,-187500.02235174447,-187500.02235174447
não,2652.5262180001996,-8070.052632099704,7138.923661580523,11974.924740186303,-187500.02235174447,-187500.02235174447,-187500.02235174447,-187500.02235174447
não,2379.432604245258,-8099.0875481471485,6656.707126701728,12027.764264078649,-187500.02235174447,-187500.02235174447,-187500.02235174447,-187500.02235174447
não,2270.959588403653,-8150.720077838908,6316.021837713938,12042.71758111925,-187500.02235174447,-187500.02235174447,-187500.02235174447,-187500.02235174447
